  0.00942195367193456  0.01604356415729714  0.02556052117706884  0.03552972466031600
  0.04522958570853637  0.05528521115056961  0.06554430144673093  0.07596160811875247
  0.08633255608417059  0.09699855528759468  0.10784843618119855  0.11897715796634027
  0.13054400684178871  0.14244722789026029  0.15461155946142704  0.16645027250531116
  0.17672157257335944  0.18633457462932851  0.19573044366613973  0.20508373441943042
  0.21471421570721555  0.22475568726396380  0.23592264665212137  0.24856842189761841
  0.26072404052155618  0.27249746974315742  0.28367585981446175  0.29432680321269722
  0.30390037272377690  0.31355533968866561  0.32376557411740325  0.33451587002075395
  0.34511029227575707  0.35547451610582481  0.36633306220409217  0.37711001467499083
  0.38743909714615393  0.39741618969582782  0.40653952558939577  0.41555540552209569
  0.42460077388137141  0.43422375214544984  0.44402864935486747  0.45350264426325271
  0.46344403289266739  0.47430913076773545  0.48531029177045459  0.49659891606073575
  0.50788439109590611  0.51894510750000089  0.53012086378351908  0.54115774190441757
  0.55162563191256253  0.56193356774736569  0.57234551561114300  0.58300772054562655
  0.59373489812604408  0.60487272124069635  0.61684173024861322  0.62841812573861977
  0.63919205446159411  0.64984189435007689  0.66028141491820980  0.67032809934399662
  0.68020832300440859  0.69081745141409545  0.70212188031054668  0.71312301876594542
  0.72385627571440836  0.73483581845212853  0.74605182861872577  0.75712143228554507
  0.76774202462700436  0.77773664098173423  0.78741891980217760  0.79704123870600352
  0.80679678516789177  0.81675836434374671  0.82681223314523711  0.83710198412319747
  0.84718767724930977  0.85740822781028703  0.86782642962366463  0.87848208008049677
  0.88894430671288349  0.89998562044686314  0.91141082850334354  0.92237655164834076
  0.93302434572369808  0.94334107087771635  0.95320643487690415  0.96308200351395024
  0.97284254661585134  0.98272075067076881  0.99115158509581225  1.00000000000000000
  0.00938189740348157  0.01575273827030219  0.02431224467481616  0.03454685674872281
  0.04526424472708275  0.05634798647114378  0.06765014595227553  0.07931288310622882
  0.09039500192221078  0.10087098378235992  0.11114374411123017  0.12120179914104226
  0.13132785140362124  0.14132044089185572  0.15137749730468347  0.16193875465394714
  0.17274592228043786  0.18425908066147165  0.19583258991436833  0.20765373861276049
  0.21909318461597826  0.23012723385730019  0.23940387008395780  0.24909232699485354
  0.25893600692210572  0.26860268880276728  0.27792441499498916  0.28727606008712953
  0.29779997570003386  0.30960232453560904  0.32114350415868176  0.33237827710279871
  0.34376628946429832  0.35465991493499405  0.36466719268162651  0.37468654577091387
  0.38457252212098592  0.39427441020515991  0.40390376696104580  0.41378098435487648
  0.42444228144595458  0.43558394765687125  0.44621054318152381  0.45664434514915209
  0.46672864316723339  0.47690359912050645  0.48713883145432929  0.49703396361185898
  0.50709880072766078  0.51696261420780165  0.52702663919279524  0.53735780743474015
  0.54813914493858484  0.55927063178989134  0.57067297067722766  0.58167918783134753
  0.59134834068898690  0.60044646798577206  0.60951149392252191  0.61869410690760984
  0.62793873317431481  0.63691092073669420  0.64601045857573458  0.65602362192119623
  0.66649816175748533  0.67704876558341531  0.68743339267164061  0.69738546039580218
  0.70764673750740248  0.71849331360936519  0.72947004039261709  0.74049800396904630
  0.75175232475871034  0.76310302306073952  0.77409980833528713  0.78497547913619037
  0.79644309858330031  0.80846750422653624  0.82026237670996061  0.83149744652394086
  0.84231759024870045  0.85278861499823244  0.86270505805514364  0.87235466727428779
  0.88239407929293256  0.89292342638207034  0.90337674764723408  0.91395936818794221
  0.92422770545642685  0.93456567937991308  0.94500029358325999  0.95555850436255185
  0.96631863058690703  0.97674057927032232  0.98825953005993139  1.00000000000000000
  0.05617918375267310  0.05881440195047956  0.06141388455293110  0.06401982205172940
  0.06701323528093009  0.07046365690945716  0.07434098183585418  0.07814110071067371
  0.08198997294315367  0.08599521801508990  0.09008184740848509  0.09421836847084068
  0.09844930894874013  0.10277287893996091  0.10719594569394710  0.11159660457434936
  0.11608115963404088  0.12073033100443981  0.12536473746856466  0.13012877603340092
  0.13540262434792083  0.14124202373528918  0.14645839203884425  0.14841652443961792
  0.14952729440195786  0.15075173273195031  0.15199093325495228  0.15378386954961631
  0.15622805900425518  0.15855121207849257  0.16089682634892732  0.16328401314593771
  0.16566438822067228  0.16805467612787289  0.17045387092618833  0.17286402387187985
  0.17528234548860791  0.17769707350092212  0.18013107131573244  0.18258750143160921
  0.18508440965053150  0.18762160364335068  0.19019519683561814  0.19278952299892227
  0.19540109582046244  0.19803522560852654  0.20069676067767034  0.20339528068395260
  0.20611240714097104  0.20889620071466844  0.21169546888386273  0.21450891000611225
  0.21734152253682312  0.22020457885386802  0.22311865807874143  0.22609955363000295
  0.22907793250411901  0.23207765231691285  0.23514746824774410  0.23826031732403397
  0.24141632032449803  0.24463771042926738  0.24791156539199533  0.25124956107460605
  0.25464602046750395  0.25807572501582071  0.26156724710363138  0.26515212889811512
  0.26885341504471483  0.27261994817629215  0.27647543810432718  0.28040481939046619
  0.28443170401742374  0.28857692025719572  0.29279998361253767  0.29712856465609244
  0.30161127217826272  0.30627504021901786  0.31115056475091274  0.31625879160587206
  0.32162077860725413  0.32724106548860671  0.33322511297249024  0.33963537515228259
  0.34655968876903931  0.35413025203853576  0.36246232690213082  0.37169089564116731
  0.38212127235736343  0.39436367165650832  0.40909140247981840  0.42738575376908239
  0.45353627539276115  0.49539744410569730  0.58548169053057597  1.00000000000000000
 -0.00300290888550889  0.01145264260797404  0.02415214305232714  0.03678980992692650
  0.04963964551004995  0.06267779016936435  0.07579219982899500  0.08869775200667680
  0.10083913418985413  0.11252447733976767  0.12398586318223334  0.13534154091757364
  0.14674891167953635  0.15816933133238267  0.16980889046004874  0.18158762686037982
  0.19303747875116190  0.20425410785838549  0.21580396733247298  0.22767223092969074
  0.23916695944759364  0.25016063696626811  0.26080691709819998  0.27137616050790986
  0.28195314322608156  0.29279858441568773  0.30409737558852906  0.31531889500992671
  0.32599050677027042  0.33637984719336705  0.34690901116119893  0.35770447249850873
  0.36913527327150075  0.37988535482651942  0.38996515476748744  0.39983099155334206
  0.40972357118569269  0.41939984332073710  0.42878094115682558  0.43791298134402318
  0.44678410861384976  0.45575644625618533  0.46509991316187255  0.47446010845525716
  0.48420873569121908  0.49419487119603001  0.50388790429974073  0.51331793095386313
  0.52281952188791403  0.53279039864072897  0.54286193990267517  0.55277042073596061
  0.56245021949930896  0.57279335650891050  0.58305169398629730  0.59251657961402149
  0.60242040056031920  0.61207276657581577  0.62151465716358878  0.63067337750636931
  0.63991966199504657  0.64921795110245406  0.65825632415203683  0.66710151690524588
  0.67565225454848221  0.68413882565353756  0.69281831686402628  0.70187935823587566
  0.71108351670296843  0.72031440421942150  0.72922928364088735  0.73819388604351666
  0.74741013918422927  0.75669793323796308  0.76587679616378612  0.77546238227501463
  0.78582144655390285  0.79640221151443358  0.80685089020335499  0.81722244859218596
  0.82775576682170993  0.83837720005229144  0.84920189010816716  0.86036029187609020
  0.87194522951293507  0.88344782437764091  0.89512314372801471  0.90768801836978019
  0.92028826270445618  0.93193526783681346  0.94279752578865550  0.95363029627985285
  0.96492001019457352  0.97646952610729076  0.98825736745553583  1.00000000000000000
 -0.00238445612112017  0.00927912594019092  0.01879293956168971  0.02915478619278609
  0.03966034016083474  0.05015500381598852  0.06066176837143656  0.07072819501127590
  0.08103952659821646  0.09181416291379675  0.10274884803667424  0.11530293465509543
  0.12733718293388047  0.13935900640242957  0.15072359605687533  0.16197827540925505
  0.17211526052308224  0.18211991781929993  0.19203111777584753  0.20197759463027287
  0.21128634503382709  0.21968580455138093  0.22839309417138093  0.23749306711491441
  0.24642850828823343  0.25559048405464246  0.26520234259570696  0.27590864551147132
  0.28795576591012578  0.29935404746906463  0.31062080680588866  0.32235763215618146
  0.33362568031415685  0.34434313250998694  0.35425204293939316  0.36368409519269745
  0.37313829408851579  0.38288643681918427  0.39249379927786981  0.40222858352959090
  0.41224961475334426  0.42285867864167859  0.43400653366901887  0.44466716517926086
  0.45440945261274063  0.46377651493911781  0.47283116249109058  0.48214273204920305
  0.49181939137581898  0.50197119797111900  0.51281568156293822  0.52420960246621251
  0.53575070955647419  0.54642703201400211  0.55636270244322195  0.56630612690856463
  0.57641079566827325  0.58676730468765703  0.59703887828856772  0.60750816475362679
  0.61815696693793276  0.62834104963653092  0.63841130619435993  0.64869961183014579
  0.65939897987532925  0.66998918130452079  0.68027567955653079  0.69064675289433519
  0.70148202486457845  0.71290840796906030  0.72482635159912445  0.73640879896048284
  0.74738972928864988  0.75776734219589004  0.76777722784217850  0.77778188003935356
  0.78819812499271480  0.79963426641308266  0.81168150576568732  0.82354238970257587
  0.83532562793275178  0.84715679907896191  0.85900400273412914  0.87104234173741257
  0.88302620941844190  0.89460313928992830  0.90557124123079347  0.91619630222469006
  0.92705134701471137  0.93819951637082444  0.94910619544230856  0.96011393847019444
  0.97047743793430874  0.98054440296769363  0.99012365433620830  1.00000000000000000
 -0.00322368107776788  0.01195227963933358  0.02379828018022109  0.03433891331678812
  0.04470854581688784  0.05510285663576665  0.06582094817710940  0.07691198984167084
  0.08819309628751262  0.09998397746184376  0.11105473155986623  0.12146136580162471
  0.13127492714254166  0.14095843047665466  0.15061669008493109  0.15995492427684602
  0.16936857259684035  0.17909170672584590  0.18874284854719733  0.19816930500613245
  0.20796651612000608  0.21830526444597695  0.22883723944972820  0.23896313265711500
  0.24867485595432728  0.25899406718350915  0.27000243378831390  0.28108370498307039
  0.29247623490594166  0.30273063102735520  0.31299434005689492  0.32275322033913972
  0.33247491702653714  0.34225403327014858  0.35176070241527813  0.36172712308457899
  0.37178711813798782  0.38298613852388835  0.39462042539815867  0.40598347321168499
  0.41679906337771849  0.42732675647901636  0.43790579188522766  0.44866521010986044
  0.45939234424477815  0.46973715814695066  0.47948261558089028  0.48863673378650740
  0.49766693894101149  0.50705004965682776  0.51658946440307851  0.52615028780606188
  0.53601632129258525  0.54674743370414591  0.55849744684373304  0.56988858322460223
  0.58097514620411195  0.59202158305516472  0.60343136656209839  0.61372260186295802
  0.62391833367268312  0.63394220579253413  0.64398827702862704  0.65397598259971967
  0.66390910893708577  0.67446418805044328  0.68545941685218670  0.69673783138181011
  0.70776685699968800  0.71773369448081414  0.72719405134722792  0.73652585901243428
  0.74596366370753608  0.75539121632531347  0.76440315599213571  0.77346762119799739
  0.78321175740068316  0.79356425387450302  0.80461103159869274  0.81552322742712013
  0.82599078564749984  0.83699125144590103  0.84826490886499961  0.85893430835841666
  0.86931503619007500  0.88028563291156114  0.89186796797814816  0.90341174528166401
  0.91502705353788172  0.92664976274003430  0.93819137124216601  0.95014986019903191
  0.96208055318141983  0.97359840118899721  0.98618848421868444  1.00000000000000000
 -0.00218031178689202  0.00884185437607890  0.01807145240953154  0.02844284410299004
  0.03883735073630157  0.04949873152606381  0.06006417879919031  0.07071856957549888
  0.08159277837597803  0.09289723778914899  0.10408561682831075  0.11608247897685033
  0.12784004972527002  0.13853447589352155  0.14855050233835024  0.15789412166966632
  0.16752703424198512  0.17761659578744574  0.18799462622450031  0.19846867245907912
  0.20904373510114443  0.22034116882224652  0.23270107095803419  0.24578902024632729
  0.25834226785454523  0.27030861128110595  0.28209209329413665  0.29325131033735674
  0.30345167705184584  0.31376332910718963  0.32424888166001203  0.33495928768991795
  0.34610844420571352  0.35800325131283522  0.37075115693323879  0.38357440815381971
  0.39578988701965312  0.40693284420581238  0.41735155612023772  0.42772306371230079
  0.43804501656150535  0.44810942785476504  0.45820565819363168  0.46863172430765110
  0.47893889544934537  0.48849316372736762  0.49776971452853186  0.50707200295159560
  0.51660673892326792  0.52654440181323525  0.53630977190840234  0.54652490276088239
  0.55651376339593883  0.56797304555984163  0.57996555207416423  0.59111385568075170
  0.60154529785661892  0.61204788844061353  0.62237799749969813  0.63252245058808154
  0.64285112383863396  0.65367392345647435  0.66414855712673804  0.67383244690599053
  0.68335117375012422  0.69353293655301629  0.70388458500385964  0.71489331524501487
  0.72552095313590359  0.73568923736406988  0.74583593461247377  0.75607048914052832
  0.76624332085072244  0.77621241875085145  0.78626982478056640  0.79656459051055517
  0.80749200908392982  0.81763751791536798  0.82750425351937873  0.83682783074835332
  0.84612115330390814  0.85528066886980258  0.86479500340170390  0.87424545410583809
  0.88445645228469083  0.89527705945743941  0.90585562855887991  0.91665980730767982
  0.92707747891993209  0.93715972461710906  0.94669962240113048  0.95670603977575330
  0.96748679295113826  0.97867854659650855  0.98911199890683565  1.00000000000000000
 -0.00198984206202889  0.00787183407921045  0.01687119357686147  0.02575642492430563
  0.03475446166206744  0.04381684422988751  0.05322799644640303  0.06282264399654364
  0.07308400551497359  0.08354991388265141  0.09336210404461681  0.10282422298628480
  0.11221020424175709  0.12172860084239472  0.13138633132356742  0.14107953601214995
  0.15158219374626947  0.16287506426434800  0.17422256932444444  0.18540702190732766
  0.19670730297855990  0.20836062595930041  0.22067752222980044  0.23297626826444340
  0.24483420245146983  0.25650563398503784  0.26797289984333900  0.27904168184643796
  0.28984801776231545  0.30077644940186143  0.31190106020607294  0.32220051443078329
  0.33235263365209083  0.34276635304058245  0.35352015993934527  0.36411737403352512
  0.37440292549002246  0.38493165624495201  0.39563990465842030  0.40613289599737074
  0.41665348203153457  0.42739347621731189  0.43825922301180265  0.44913143945838657
  0.45962622178848966  0.47015677410282741  0.48053008139744569  0.49074002851761805
  0.50095814459705135  0.51066340320549541  0.52009444394285842  0.52972717211924003
  0.53970243861896727  0.55026203010613917  0.56133361616549426  0.57284918359735526
  0.58419053994375125  0.59535477537114612  0.60662653685908741  0.61805678876539427
  0.62966384605217929  0.64148997657075346  0.65366292812758997  0.66590973657908736
  0.67780678304413400  0.68882001385105529  0.69908677172940170  0.70906136465990544
  0.71841278735018654  0.72780215612084920  0.73722208745165463  0.74641858920129434
  0.75543434623886985  0.76445340344591595  0.77414108193754416  0.78468338882093513
  0.79535048414724285  0.80602707953967778  0.81706130159347545  0.82849021471743789
  0.83947591338350203  0.85040685916168290  0.86154841197303267  0.87337604499916588
  0.88475056288377540  0.89575971226028228  0.90658110246480739  0.91719863318886374
  0.92708512151687261  0.93717588557150266  0.94736025690719128  0.95701857737361151
  0.96642336626209868  0.97614241037424820  0.98750128266814241  1.00000000000000000
   2.2095299361666710E-008  -1.0000000000000000     
 F F F F F F F F F F F F F F F F F F F F F F F F F F F F F F F F F F F F F F F F F F F F F F F F F F F F F F F F F F F F F F F F F F F F F F F F F F F F F F F F F F F F F F F F F F F F F F F F F F F F F F F F F F F F F F F F F F F F F F F F F F F F F F F F
  <DiscreteSampler_grid>
  grouped_processes
  1 # 1 for a reference and 2 for a running grid.
  10 # Attribute 'min_bin_probing_points' of the grid.
  1 # Attribute 'grid_mode' of the grid. 1=='default',2=='initialization'
  0.0000000000000000 # Attribute 'small_contrib_threshold' of the grid.
  0.5000000000000000 # Attribute 'damping_power' of the grid.
 # binID   n_entries weight   weight_sqr   abs_weight
    10   10   4.027165050691656E+004   5.756086546641083E+009   4.027165050691656E+004
    16   10   4.027165050691657E+004   5.756086546641087E+009   4.027165050691657E+004
  </DiscreteSampler_grid>
