  0.00914513606302110  0.01664639472110970  0.02637821932617648  0.03692168285119059
  0.04684506553123415  0.05632772783170215  0.06585593223610124  0.07574721967022445
  0.08604709816444857  0.09635622110800698  0.10643679003902773  0.11675252989219577
  0.12730356349513555  0.13798302836004825  0.14871389821087660  0.15936323138215375
  0.17011198430827990  0.18063566011684540  0.19066158597004182  0.20035048195754085
  0.20998123184707218  0.21971053261527587  0.22959585745064576  0.23986834843389723
  0.25051284284392450  0.26148171399097381  0.27233406489232737  0.28277879916232301
  0.29311796469553952  0.30344219839066316  0.31389806811580823  0.32456960043083094
  0.33521463160762893  0.34558946993740214  0.35587091627855200  0.36634940738484051
  0.37665699500413224  0.38652230485611727  0.39650320251417043  0.40724872589763833
  0.41799135577356289  0.42839974482596466  0.43869366341408594  0.44892458973366439
  0.45914403468601717  0.46936116583898507  0.47976515346880266  0.49029706606155216
  0.50094767847272315  0.51157088382649707  0.52210475433913028  0.53248384688560524
  0.54325197932578451  0.55419804017905550  0.56508354325991095  0.57555781307030784
  0.58634483373525526  0.59694683804443127  0.60724244360472257  0.61714847899586345
  0.62705159540505739  0.63716853119851302  0.64737552254375197  0.65785728876012572
  0.66836399945906189  0.67889929020642026  0.68944071603226409  0.69986641917846848
  0.71014856154895112  0.72022134385422976  0.73056627358635950  0.74130953581926906
  0.75185277239026493  0.76230365411280454  0.77303076927942027  0.78445614898029659
  0.79583697796974517  0.80705456044957158  0.81767405538929028  0.82826394771641898
  0.83828212845923566  0.84832519155914066  0.85855267051574724  0.86910770439827101
  0.87961715354119319  0.88995631187193325  0.90037314084297726  0.91096975504942812
  0.92137503486351935  0.93144807655409312  0.94140596645441466  0.95129516635784461
  0.96132116147142810  0.97167493897391677  0.98250597634095449  1.00000000000000000
  0.00885187818762352  0.01721545016876838  0.02847433489719538  0.04041145730754452
  0.05200945289224664  0.06348829210843507  0.07512929141579494  0.08620220250621499
  0.09661730830178160  0.10710460332416642  0.11798512474769256  0.12828498736591470
  0.13793432845418344  0.14742382719940608  0.15749929807611404  0.16768513245797845
  0.17705057878457103  0.18633488902584189  0.19574600445635651  0.20540556717114461
  0.21497380261396518  0.22430875515358917  0.23391536158754331  0.24383565098859478
  0.25345585586832348  0.26309480967177418  0.27273572433661014  0.28252688141749677
  0.29246417856105311  0.30231553110427339  0.31186158148992366  0.32185278438526504
  0.33229156147712136  0.34297210187842664  0.35384803491146077  0.36481821368613360
  0.37619722634024394  0.38797564717711175  0.39954240856703604  0.41092960188622291
  0.42246474453791089  0.43397108202020096  0.44536536298302531  0.45647137267864768
  0.46732017374992479  0.47802028421024628  0.48874970704263621  0.49968332336364130
  0.51065538901119989  0.52134702945307010  0.53126907916438704  0.54107945087079856
  0.55075248741191896  0.56062215935360282  0.57042155066731481  0.58051566304491709
  0.59153066312432034  0.60305894977672281  0.61394005225726500  0.62427946311139237
  0.63457619007363808  0.64522573102222514  0.65618807780167909  0.66745650378483612
  0.67841995274398459  0.68990829423719990  0.70145886565723081  0.71252443294407386
  0.72308879855250197  0.73383593295261229  0.74499680297992377  0.75613707444683531
  0.76685817597072747  0.77743718836205711  0.78796764135800057  0.79851391096139934
  0.80884136368737680  0.81953020103636420  0.83034992675259389  0.84105583521441729
  0.85176987723823183  0.86222025734257124  0.87243197777579751  0.88244209401357154
  0.89248018930845208  0.90298726154526499  0.91339237240803295  0.92353914458572761
  0.93337309577779926  0.94338385744407072  0.95356458586607162  0.96353639234715416
  0.97336928944861201  0.98347181316004351  0.99097237670114213  1.00000000000000000
  0.05764317259784554  0.05910514558587046  0.06102452108845659  0.06320134968866815
  0.06544697885811650  0.06779728202952708  0.07041160432604066  0.07325421314997820
  0.07606058153181544  0.07887252760964925  0.08173966644651205  0.08468532667619094
  0.08770024754635659  0.09075460215644574  0.09382491113263342  0.09691037685505814
  0.10011274426569451  0.10338509411613279  0.10671468683023330  0.11010653399014822
  0.11357393289077346  0.11708157729641225  0.12065741564387353  0.12430664606827493
  0.12797447127414957  0.13161233640470033  0.13561049735874556  0.13980798701285113
  0.14396042093985451  0.14808786916039884  0.14889932436637704  0.15041969905974423
  0.15198241450249361  0.15405486910113150  0.15655429132221180  0.15906397634908581
  0.16157100892382778  0.16407746101405693  0.16659285423682907  0.16911792405582343
  0.17165946664123549  0.17422521238603556  0.17680703878496923  0.17940920312101885
  0.18203911628895950  0.18469454289620824  0.18736833367636127  0.19007003941482650
  0.19280826766830519  0.19557978405514337  0.19836318257372354  0.20116270986678458
  0.20398326595332592  0.20685200137942730  0.20977609773469827  0.21273389500831918
  0.21573173665590387  0.21878548055817576  0.22187794868734825  0.22498549081070884
  0.22813177384333136  0.23136120519502090  0.23467756357234051  0.23800813134345486
  0.24136436209524251  0.24479073352895209  0.24827513879056690  0.25182184400339719
  0.25544228452851175  0.25913203573709315  0.26289862555612936  0.26674832054472575
  0.27068261860828430  0.27468478982309674  0.27877189771002064  0.28298799542353043
  0.28734102714110882  0.29183416971146631  0.29650087182717894  0.30144409983752279
  0.30657946535227165  0.31200758298091508  0.31776862222004931  0.32385981045975154
  0.33033274643863825  0.33729614657983525  0.34486910996643566  0.35325719033361891
  0.36289657147520749  0.37416143637910898  0.38763327240532686  0.40491337801789590
  0.42828486402888893  0.47376985410210759  0.59394676064497676  1.00000000000000000
 -0.00291518669023010  0.01204221609807386  0.02436852547507820  0.03686816583558077
  0.04914223938508258  0.06108983323898867  0.07289374812635403  0.08498618992763918
  0.09713667022904746  0.10902835960417787  0.12029682926871745  0.13203501591330188
  0.14403906794181698  0.15518529673651971  0.16633213144344183  0.17742425136435513
  0.18851657932136953  0.19996680183754628  0.21086792657989850  0.22125792338513503
  0.23154681891555295  0.24151685797833997  0.25137111379248267  0.26116085414046825
  0.27118256015342235  0.28127799728201713  0.29150329247383788  0.30177876763694111
  0.31176944384853073  0.32151572364676689  0.33103760175233149  0.34120336659671013
  0.35128355185422411  0.36039886671020904  0.36968547830039511  0.37929531894253721
  0.38870352399703623  0.39805583455237248  0.40725898557535101  0.41703177999392627
  0.42619951624866653  0.43504054291381156  0.44453484172895613  0.45420739092748830
  0.46429494085001399  0.47400166973799013  0.48417598625354957  0.49409789421823747
  0.50414809561803897  0.51434631117045038  0.52422607049959380  0.53405209689518207
  0.54344723522056049  0.55255267797006880  0.56161593514273700  0.57088324352516284
  0.58036399569363617  0.59006536763308737  0.59949030447420948  0.60908665055187727
  0.61903576755189826  0.62894832251532029  0.63886238416273611  0.64824461089479879
  0.65735381195955445  0.66670748084046783  0.67665829107212261  0.68688273262833177
  0.69638331239534568  0.70565666726875487  0.71525245810905014  0.72510446695898656
  0.73498767896986406  0.74454801642583168  0.75458578632602014  0.76494498942194544
  0.77563405037894517  0.78631595676231603  0.79752715674769881  0.80862874539219776
  0.81990579210404724  0.83118556143614808  0.84252506786899539  0.85394324744484418
  0.86566213612744025  0.87684155328728841  0.88785713556153911  0.89922688545543661
  0.91132763647487514  0.92286412445465305  0.93445146457750305  0.94697652501408769
  0.96045726561665101  0.97349361009370095  0.98664399859709329  1.00000000000000000
 -0.00272283207056471  0.01051495534056137  0.02147741781884309  0.03206210823848776
  0.04237929756903960  0.05293559245445115  0.06333014023568510  0.07385276614867249
  0.08455783338110448  0.09531045237947237  0.10605378911102428  0.11645417941102187
  0.12704430032321520  0.13742332970245233  0.14757919824980328  0.15734888645388470
  0.16702437851767313  0.17691266313527368  0.18694164989400888  0.19715290027653026
  0.20795675739010239  0.21906229021117357  0.23083274448597565  0.24183110142480599
  0.25278685595996420  0.26409112444111538  0.27483637003821804  0.28519544058837248
  0.29540903280927328  0.30570551669632595  0.31594345859067496  0.32596505586409924
  0.33608309268898934  0.34644896577297213  0.35694256608079694  0.36737083201389770
  0.37786339230161953  0.38827152213032062  0.39864076347446725  0.40902832967358105
  0.41954984077787927  0.43034900691003564  0.44141460741887434  0.45284861739978877
  0.46384750380695872  0.47453350848201015  0.48539398203384598  0.49624926483694831
  0.50676558468835142  0.51723936746601040  0.52768790325589099  0.53808935961561566
  0.54848694458677827  0.55845442016171132  0.56827888429674900  0.57795277887184104
  0.58780173988873241  0.59853910255626175  0.60934217069734287  0.62030834132769430
  0.63097255789028006  0.64169981548030020  0.65216889938221767  0.66243773553881957
  0.67324462364106474  0.68431481094682789  0.69488882482414305  0.70513226590851685
  0.71551336341188299  0.72601243569675233  0.73651363131147196  0.74687614154617354
  0.75720333602645629  0.76782158317610694  0.77811397816490468  0.78857288702138406
  0.79888116531702191  0.80937070048322524  0.81997068117079375  0.83073348123015733
  0.84117924263209654  0.85177420454212305  0.86204898941032670  0.87229381141916285
  0.88233763808057375  0.89226286127758936  0.90211687797751561  0.91213766082969971
  0.92258816699623936  0.93358976180825493  0.94456142072373450  0.95541732759123954
  0.96630322929567025  0.97760307075259445  0.98874086091967583  1.00000000000000000
 -0.00265531934789852  0.01086665953165493  0.02194993446898730  0.03399314023042430
  0.04585435264032162  0.05934792573725592  0.07317264520417613  0.08642056562984203
  0.09858188533574934  0.11023738076390129  0.12206473189659475  0.13317390238971930
  0.14404327610350462  0.15527044078583044  0.16615505295737940  0.17638955574871287
  0.18657352948069331  0.19711573016679745  0.20740434929794244  0.21743484857301490
  0.22721398994671374  0.23684715799455905  0.24611606270831660  0.25578992788672622
  0.26603542947011394  0.27632111719766012  0.28646281310392446  0.29696269242019008
  0.30793378933650833  0.31855694776197452  0.32853857908785766  0.33849504155651949
  0.34861343577385101  0.35859866088946618  0.36826605496737830  0.37828431801212759
  0.38872933999911891  0.39909638210826764  0.40904981652099870  0.41906333005860458
  0.42907311686924060  0.43902126407553344  0.44877035641382701  0.45837554993396162
  0.46799788950855464  0.47788541611018975  0.48813943919101344  0.49845186790180812
  0.50859297221688382  0.51842472589218791  0.52816386826738915  0.53792817163263251
  0.54754964972084086  0.55726170482112591  0.56684025706178010  0.57595988672030840
  0.58479148908962064  0.59353356994837669  0.60241813972489966  0.61169575416432820
  0.62111527304824998  0.63097622942052123  0.64124724871289829  0.65193960486820390
  0.66303353545508503  0.67379636875823545  0.68402995108818165  0.69400512114018398
  0.70392101052368716  0.71371450544842741  0.72311168032558626  0.73243009723589991
  0.74179240569876115  0.75155109893581273  0.76153204174236400  0.77211162422357849
  0.78313512367004035  0.79376439863562032  0.80403546092154587  0.81439633235036368
  0.82505209427885151  0.83597699123393032  0.84704306419993358  0.85868001136367422
  0.87077410038363523  0.88289336221751336  0.89482366765323240  0.90646912181748218
  0.91822925110654041  0.93017341142892085  0.94179868113140053  0.95308649906158549
  0.96472003377807325  0.97664591107143450  0.98820211528831614  1.00000000000000000
 -0.00201288624589544  0.00883468990162640  0.01789581882481558  0.02722846738401949
  0.03686214437096411  0.04654156979929568  0.05642556320072932  0.06681031449457633
  0.07810512035061903  0.08930802971969319  0.09983970215214530  0.11033601114828029
  0.12114337088601666  0.13218759047839015  0.14317746068060794  0.15434181745537123
  0.16563313470092028  0.17684195391366697  0.18758767748993943  0.19753706661149217
  0.20734374331741040  0.21717833671225067  0.22674248731961977  0.23637856719859290
  0.24645657354359882  0.25758126480837773  0.26924040737861443  0.28010417736997484
  0.29046686978060871  0.30097752333034300  0.31150636683311267  0.32176042933191618
  0.33179934255861249  0.34185480357242098  0.35182174675243022  0.36175379050871159
  0.37203101914367342  0.38300612816630702  0.39465244519355563  0.40632817917379932
  0.41758358065140200  0.42844829830315623  0.43942618682088197  0.45099042913784859
  0.46193872646879314  0.47222963673871421  0.48242683829330091  0.49249800381346137
  0.50272129037035906  0.51290061289408195  0.52288936797991981  0.53291828291234056
  0.54309542945337608  0.55383535502384729  0.56459329530437607  0.57504656558583933
  0.58538839675124810  0.59585799091779468  0.60621368440145074  0.61657680774500312
  0.62700975427940886  0.63748116976159586  0.64771406261002695  0.65780863989819349
  0.66819470885486631  0.67865726110116464  0.68899685789406950  0.69934522129165988
  0.70974671989461502  0.72033004822486890  0.73078033525936492  0.74091159350557445
  0.75082514737187300  0.76091057621592673  0.77112999590820186  0.78140127492535061
  0.79172699922719436  0.80230319586255616  0.81292035016403530  0.82331900972781702
  0.83367931241633497  0.84418960445996905  0.85456721165543459  0.86472728020718648
  0.87507631929497731  0.88610835440613289  0.89738159577442067  0.90862935164076997
  0.91967667507311135  0.93081271136571186  0.94218691297195745  0.95366662358230636
  0.96534643356614025  0.97684526882192380  0.98853206449286712  1.00000000000000000
 -0.00217974554445798  0.00873507780453315  0.01860288726502339  0.02834764968136911
  0.03799052389982414  0.04819263658513675  0.05877707938397458  0.06890516898887354
  0.07869841952137753  0.08866563137842032  0.09950297308408181  0.11021253512259363
  0.12107190940316682  0.13228829095688435  0.14386208020632690  0.15558590248341089
  0.16712398609950402  0.17801592575804376  0.18928066476304156  0.20045312986101474
  0.21126788742481498  0.22151620854031820  0.23126901949138895  0.24079883926810913
  0.25074821334368302  0.26074179223012711  0.27059809022234677  0.28033237291878205
  0.29018573639132533  0.30054239767052326  0.31114134891033524  0.32131329669569203
  0.33099931740748251  0.34069502421166337  0.35042607294065009  0.36037636690968361
  0.37034885307357879  0.38031686225800715  0.39044267404966282  0.40074592445929302
  0.41136694929548773  0.42257129250537667  0.43408047525254950  0.44528404152215845
  0.45591849140093466  0.46641259468164581  0.47668918323017123  0.48686194624799262
  0.49739028234171845  0.50863149794751283  0.52022874871375790  0.53152100660550183
  0.54267205758344483  0.55345509199696807  0.56415030453663084  0.57475838555249081
  0.58552104840631147  0.59594067011832397  0.60675971232443471  0.61751337887785362
  0.62797065695674892  0.63841220003860166  0.64913085261521897  0.66018171060344233
  0.67106184215049702  0.68155539307374524  0.69218360591159867  0.70246994697019549
  0.71325154151639902  0.72430142071855530  0.73522556957301699  0.74631553042238497
  0.75714353167761594  0.76790143001209588  0.77806946004481770  0.78812941057519348
  0.79842380408719438  0.80904879806590335  0.82002144444411595  0.83031194343795756
  0.84064662939490520  0.85119872668640562  0.86142392415129954  0.87188945338189339
  0.88170730366189054  0.89237762716096425  0.90222922529363181  0.91210892840298519
  0.92240096493297530  0.93294367469960526  0.94359537218468703  0.95443547462203804
  0.96552840248881056  0.97746474249069282  0.98863762766712904  1.00000000000000000
   1.1025066118251652E-008  -1.0000000000000000     
 F F F F F F F F F F F F F F F F F F F F F F F F F F F F F F F F F F F F F F F F F F F F F F F F F F F F F F F F F F F F F F F F F F F F F F F F F F F F F F F F F F F F F F F F F F F F F F F F F F F F F F F F F F F F F F F F F F F F F F F F F F F F F F F F
  <DiscreteSampler_grid>
  grouped_processes
  1 # 1 for a reference and 2 for a running grid.
  10 # Attribute 'min_bin_probing_points' of the grid.
  1 # Attribute 'grid_mode' of the grid. 1=='default',2=='initialization'
  0.0000000000000000 # Attribute 'small_contrib_threshold' of the grid.
  0.5000000000000000 # Attribute 'damping_power' of the grid.
 # binID   n_entries weight   weight_sqr   abs_weight
    10   10   8.382668349892312E+003   2.004425068515877E+008   8.382668349892312E+003
    16   10   8.382668349892310E+003   2.004425068515875E+008   8.382668349892310E+003
  </DiscreteSampler_grid>
