  0.00028667832563697  0.00034818225733158  0.00038036285648408  0.00041949229632007
  0.00046981948118502  0.00061523783446495  0.00096803264744039  0.00142279864000304
  0.00179089630334701  0.00216051367504941  0.00249786258771321  0.00284635992238678
  0.00325516939043755  0.00382955350110515  0.00451612073215707  0.00527559885883803
  0.00610186559174147  0.00703432910965095  0.00807209344600063  0.00923455820115249
  0.01060408445574062  0.01223229940715715  0.01412400202377735  0.01622901761105953
  0.01856829889045214  0.02114032167214594  0.02394174249148826  0.02708144539331232
  0.03081873698758817  0.03525122381025329  0.04036539208892194  0.04563614461118447
  0.05050670083861541  0.05465205439402973  0.05786392854202925  0.06016756205593803
  0.06175893085016990  0.06288103308563422  0.06371456043406591  0.06435692861216531
  0.06486031665774684  0.06526574979667654  0.06560459585975004  0.06589662658372000
  0.06615206408777767  0.06637652562709585  0.06657569359966670  0.06675600983172060
  0.06692238853864589  0.06707769065247268  0.06722391631689682  0.06736218406235070
  0.06749433069199770  0.06762352815287132  0.06775114021522066  0.06787730555850334
  0.06800314089615447  0.06812998307575918  0.06825780201866971  0.06838762580211132
  0.06852345509689546  0.06866617877413923  0.06881674257720746  0.06897738373503146
  0.06915043976629627  0.06933771457915644  0.06954617240107157  0.06978327092378801
  0.07004923436835511  0.07035188759220658  0.07070331623193071  0.07112135734306309
  0.07163429584761337  0.07228045710177194  0.07312142899208163  0.07423388326342356
  0.07574171674174147  0.07790735875685167  0.08109780815307513  0.08571533099226085
  0.09255404684181867  0.10238124890813115  0.11578727008550758  0.13314932862676571
  0.15667545215970133  0.18865626882381395  0.23108567954555145  0.27986893547685787
  0.34074706397453031  0.41707372785084151  0.51802779085859718  0.61882569816253385
  0.71094573403839556  0.81320006400736033  0.90379062196324211  1.00000000000000000
  0.00001133359353397  0.00003563781738565  0.00007648318583009  0.00012673363649831
  0.00018264011143226  0.00027198502453851  0.00037737922316392  0.00050175816816664
  0.00065484518556962  0.00091969733180135  0.00122334932635694  0.00157169489700700
  0.00200097019414243  0.00257521691301574  0.00340856690364000  0.00434838688852122
  0.00563605645217539  0.00738136677942984  0.00970706407620540  0.01346166540930039
  0.01939104513159719  0.02848407506235335  0.04010477013029984  0.05385574269540796
  0.06916704756727363  0.08602076385173343  0.10360009155622241  0.12155484396996921
  0.13955559924100663  0.15761273488157060  0.17575523394315351  0.19384683312696740
  0.21182848445203953  0.22990184250423881  0.24828665880772080  0.26662115043590201
  0.28493186140668203  0.30308105586421391  0.32096593382521454  0.33894116332139279
  0.35715802421042908  0.37540559719910588  0.39356742904137854  0.41168569869656135
  0.42984070938612989  0.44783986958309036  0.46573212880572595  0.48372220592257426
  0.50180649208917905  0.51979140242323729  0.53759624823504903  0.55517576778922961
  0.57279473878435372  0.59070600037897214  0.60876314763923034  0.62672375277174830
  0.64448422219282531  0.66218347197998950  0.67987418573390590  0.69760559342400752
  0.71530366158955305  0.73292581003219470  0.75049237932642843  0.76796741945815994
  0.78535140305169449  0.80267495834074254  0.81993000792606896  0.83699365302731132
  0.85375488686240542  0.87017226532318281  0.88643430448863725  0.90233808783063751
  0.91766700059587814  0.93226642874658550  0.94583375538895686  0.95774608702526343
  0.96781688250483100  0.97608794398130827  0.98260484830087247  0.98739462839450431
  0.99080498456224808  0.99326922031321829  0.99512972341074035  0.99645221783824656
  0.99744486454314418  0.99817112055399237  0.99871614786269303  0.99912198709062727
  0.99939558387752458  0.99954386563752928  0.99963162802465677  0.99970383219174175
  0.99977306901638197  0.99984198430755522  0.99992511694559882  1.00000000000000000
  0.00025745368466310  0.00063883239708096  0.00087806402126765  0.00106984803074706
  0.00125127972206436  0.00144539739092966  0.00166819939935410  0.00191773391457037
  0.00219471942720850  0.00250685738489994  0.00285251857205085  0.00322642000090249
  0.00362903449796175  0.00406587801110218  0.00452349134996813  0.00499479700337992
  0.00549718831137625  0.00602651553228083  0.00656311026525214  0.00710804774343900
  0.00767051099981835  0.00824687771001268  0.00882839663988097  0.00942209843989558
  0.01003771317545178  0.01066593002399487  0.01131184562562757  0.01198786713014475
  0.01271629456292332  0.01347231787614983  0.01426120918597391  0.01506473925285278
  0.01590587264652726  0.01676378475280180  0.01767707292229503  0.01865138752368772
  0.01967837112858492  0.02076117768589999  0.02189775285318887  0.02306107839278084
  0.02426665129086283  0.02552815097609606  0.02686788525019096  0.02825412026500742
  0.02966866937174828  0.03120746148527109  0.03285661631708123  0.03460348978238278
  0.03640288008988204  0.03825363695300053  0.04018079596241529  0.04197169608911534
  0.04377008760574476  0.04565055230764146  0.04771165742144458  0.05002650690071437
  0.05246826919741780  0.05510250855591119  0.05787989172450402  0.06075317609737409
  0.06368399811599484  0.06671076719289655  0.06997075093491413  0.07351407622165754
  0.07729855214564677  0.08117379053137450  0.08521013631009425  0.08958351791617772
  0.09416457538643982  0.09924145912749154  0.10399381669831012  0.10915457127142766
  0.11459307736897592  0.12062782361717503  0.12719217142443565  0.13404696314354969
  0.14166999508972708  0.15018840585564769  0.15949293123355815  0.16961529572264009
  0.18044763957889726  0.19203900191990855  0.20426205143667381  0.21733944299746627
  0.23134561636259884  0.24673856845989309  0.26342935032720366  0.28143329633671738
  0.30060876434757905  0.32125170536434894  0.34397888111487152  0.37036469148015710
  0.40183048248340147  0.44189396719923280  0.52503079765437155  1.00000000000000000
 -0.00193414188797944  0.00782538761097241  0.01776913821872234  0.02793446052330993
  0.03721171511218054  0.04638334381462412  0.05563116600541403  0.06517248710066020
  0.07488482515758904  0.08458589476194406  0.09429367294100124  0.10382333023647602
  0.11309683684621390  0.12222820810782697  0.13150746191542600  0.14081702651464412
  0.14997076282864322  0.15925767728441712  0.16879833793937479  0.17833308393150182
  0.18793161826204097  0.19738882756508286  0.20691083306687519  0.21679948335387375
  0.22694402198400274  0.23722955720816996  0.24728235004273055  0.25728230918728384
  0.26731258304779398  0.27740187281533174  0.28745717160848061  0.29751357236855885
  0.30790667802417149  0.31850122539105874  0.32918107094285998  0.33987590635182185
  0.35069541371430718  0.36155311422602759  0.37247089035499359  0.38365443260399795
  0.39501115056715663  0.40609709775427322  0.41695602349219885  0.42766821603122374
  0.43805171573565338  0.44801685714320388  0.45759661343353364  0.46776924152268867
  0.47832421347833903  0.48952450214530591  0.50101348941916546  0.51238589586567207
  0.52361047802688254  0.53501670907001775  0.54646691899347966  0.55781859358635610
  0.56902187285009032  0.58018649469850547  0.59135466951304294  0.60217964422090864
  0.61309811707348549  0.62451363262757265  0.63638190832864294  0.64810392046007270
  0.65949034763894920  0.67080010501253906  0.68221789570019054  0.69381212609607024
  0.70526667732676807  0.71665456327349175  0.72803936368104349  0.73942846829455811
  0.75081837841280374  0.76192451195140065  0.77275676484868761  0.78356302221418339
  0.79446900462702674  0.80572073515633680  0.81723406080920447  0.82897970191235870
  0.83998325811948871  0.85042737109800837  0.86078163859227608  0.87108857352050606
  0.88151342490367290  0.89174663916674091  0.90241310702677324  0.91357319682990190
  0.92412263314692056  0.93543407685379631  0.94583178639644350  0.95662223331164442
  0.96675507334558564  0.97747430868945795  0.98854986725554828  1.00000000000000000
 -0.00212463765683072  0.00871648532620233  0.01886962115252173  0.02926731386183985
  0.03984570576319937  0.05072086319277258  0.06142248854660413  0.07198735792875056
  0.08150046105740472  0.09139047639993275  0.10154875613902115  0.11222423936753854
  0.12309969876340980  0.13397209877850333  0.14439361163729611  0.15495560240519138
  0.16515213482671717  0.17611271024070729  0.18615321470491156  0.19605799390626361
  0.20591238407045662  0.21647049803428317  0.22713822494374680  0.23774317684706250
  0.24800534673867677  0.25815427998151746  0.26826902807664260  0.27855606602772481
  0.28921346275156495  0.29991548969103921  0.31053590496741124  0.32135401069974534
  0.33258376391754402  0.34376940208999240  0.35387077956883617  0.36386716976558053
  0.37386580316042889  0.38451482206627879  0.39523757071058629  0.40580969656758187
  0.41641252197828765  0.42699837942199009  0.43713312551439260  0.44719297803165431
  0.45691201573697060  0.46707297500665307  0.47766139680892394  0.48845287514761720
  0.49939054955934725  0.50988415060484304  0.52042492434088061  0.53111929805522251
  0.54241605283789052  0.55379295324010203  0.56525719493488846  0.57619042890557515
  0.58635060784717086  0.59620951862145255  0.60627695706388751  0.61645419105469101
  0.62638932671435332  0.63614622182351521  0.64655848000949234  0.65722863466639236
  0.66796925820716468  0.67900889916472540  0.69016016858069973  0.70096927843363599
  0.71162726882656013  0.72221242642180783  0.73313144050724055  0.74385915020678928
  0.75450340161827734  0.76520496428865870  0.77602434709297019  0.78731121642364155
  0.79827814137762165  0.80927294888190615  0.82017404276359873  0.83110796815303378
  0.84194408581221947  0.85261660830825914  0.86335064226544234  0.87347929512042011
  0.88365795618243936  0.89412504031673867  0.90535172350601512  0.91694263399657361
  0.92777224198490160  0.93768321810506838  0.94769916929450881  0.95770782862778137
  0.96920122633047201  0.97966443369660761  0.98991402374130355  1.00000000000000000
 -0.00217596255117472  0.00884108004082231  0.01830155358207580  0.02865336180440712
  0.03827944441424817  0.04801435444466168  0.05762443579456199  0.06692412956184772
  0.07547285119187175  0.08497420503193341  0.09466505356824421  0.10483941095053441
  0.11462999428209324  0.12407667133886072  0.13321550144100527  0.14253804402170916
  0.15172250258159833  0.16094110142657830  0.16985580630732491  0.17888299299429067
  0.18818246822415005  0.19780568806433652  0.20772502042307228  0.21752044870085002
  0.22735243155553805  0.23733750924571084  0.24758687145287486  0.25787013488536553
  0.26780262561886237  0.27760677398569239  0.28732801880574549  0.29754223066525887
  0.30810106773450890  0.31881841175114134  0.32946776518403892  0.34006299336361617
  0.35083173536944090  0.36186817862090537  0.37295573822197658  0.38388959786247945
  0.39462916017789268  0.40538994927612509  0.41617914751499041  0.42695952742590970
  0.43761500307991552  0.44833542731194193  0.45927004497170221  0.47030874507034431
  0.48132614021824788  0.49210492629509262  0.50270640098618125  0.51352195313615967
  0.52452095112850494  0.53564780280787927  0.54603004104404562  0.55563827604731919
  0.56522529229064777  0.57560724839075728  0.58684145602664539  0.59828702581402771
  0.60977342813242363  0.62120214849583388  0.63248500969796273  0.64365614879312949
  0.65506736974600832  0.66645169148335182  0.67705922743056235  0.68709098464989171
  0.69728307647171905  0.70799219392687207  0.71949519306454124  0.73131134571323020
  0.74303584312900928  0.75442245773374461  0.76566200974612364  0.77703019236421089
  0.78852967367505788  0.79988351295218130  0.81078571403492095  0.82175941118367668
  0.83259210572185471  0.84364840594696588  0.85442734974932144  0.86546852147118192
  0.87655020957314178  0.88807385704674680  0.90005529702868292  0.91175206743865456
  0.92387152809278084  0.93540391208882478  0.94633094267595053  0.95752759731203019
  0.96822059980397901  0.97902901515868501  0.98976101909140912  1.00000000000000000
 -0.00234965808588242  0.00835316814973829  0.01847836044198100  0.02934545390940648
  0.04044685022685837  0.05175690090130593  0.06274079326935737  0.07369189797140450
  0.08456943126827168  0.09548120010115560  0.10708626426313822  0.11835875479661337
  0.12950048368263403  0.14054418853056388  0.15150088840754186  0.16280943307379686
  0.17415366206443361  0.18565844163055550  0.19686087249955092  0.20791483148053513
  0.21834266298010604  0.22857856548393393  0.23898204802529954  0.24958147669905464
  0.26003430583483433  0.27042452130458328  0.28091856419997191  0.29199961693261195
  0.30295330832579270  0.31371180424202050  0.32403532936883206  0.33461419993289776
  0.34542872146683024  0.35624099207660831  0.36646103472050517  0.37644872312920324
  0.38683887730035976  0.39611500737989824  0.40589556932762794  0.41525357580222449
  0.42574374491574435  0.43653703944208427  0.44761591524706951  0.45781507531942389
  0.46720394530971376  0.47641445647125813  0.48600423756887329  0.49667041347745677
  0.50760060438709442  0.51854821665545880  0.52958714561281495  0.54061988910484904
  0.55141165077468035  0.56204222697246331  0.57267555809602366  0.58338418056006658
  0.59398638147782767  0.60459375390756265  0.61504472820307310  0.62537854565482132
  0.63551689706263248  0.64557603904011385  0.65571759083508785  0.66541128079857370
  0.67492359324033158  0.68450063093985647  0.69470208034139858  0.70448318683319078
  0.71439738377579409  0.72444033648184447  0.73512505534633410  0.74598114811800953
  0.75682347101822223  0.76767530023546893  0.77858383118500019  0.78948000596629797
  0.80034949339954664  0.81115790842257085  0.82213101323148985  0.83291036831486476
  0.84349948504402050  0.85418393031294670  0.86477489941329466  0.87489951986079484
  0.88468598375724072  0.89494027936521237  0.90561584441964760  0.91564252792925849
  0.92527593940177899  0.93447721916549897  0.94483394038019708  0.95642047195645219
  0.96749818655166897  0.97861394051457251  0.98904064995563168  1.00000000000000000
 -0.00243180040624169  0.00988754350793698  0.01884860007000795  0.02856570160222850
  0.03858483645152600  0.04921869006525528  0.05974291791221675  0.06929695044231729
  0.07871743285659620  0.08844133539993827  0.09886306056156613  0.10963746390218126
  0.12029074952268055  0.13108117330538077  0.14164602486802730  0.15144101137610552
  0.16121521388102497  0.17134935324560774  0.18235437322353235  0.19341078889652824
  0.20394529252312255  0.21420116067793601  0.22424181906341942  0.23414757846045320
  0.24403337149033499  0.25371480523943635  0.26403231568760649  0.27459404393844994
  0.28537501622780970  0.29550308808833792  0.30555617879924774  0.31558835386590905
  0.32646177392613951  0.33684091322466603  0.34633090500864516  0.35629744508589667
  0.36631275017182929  0.37761024757468270  0.38862853521248941  0.39960341479654504
  0.41056322405718171  0.42158055765635855  0.43247028651371783  0.44332232159382312
  0.45436717579371039  0.46561029762911565  0.47689109595999696  0.48796135070148206
  0.49907864884348169  0.50961931426898155  0.52018116705718209  0.53056105048405411
  0.54086496829733532  0.55114026811691275  0.56163981459320289  0.57265908560653511
  0.58356211727139973  0.59441038712344918  0.60538741200070678  0.61648344025697188
  0.62752161326735190  0.63855282417837356  0.64957387435664693  0.66042712855721453
  0.67115457632257502  0.68180123131815717  0.69239102117184159  0.70306776168771679
  0.71386457368868173  0.72482917521587709  0.73585860664939862  0.74690952775001518
  0.75808727765603001  0.76928356578229717  0.78028456043812666  0.79131446268318217
  0.80203565361784757  0.81267445186776943  0.82254411821123563  0.83286118924734842
  0.84343200055967171  0.85409976088209349  0.86486933966278290  0.87546483046594858
  0.88627743165280759  0.89709639981542955  0.90751864355579881  0.91781026312426650
  0.92809610267048215  0.93826335473391531  0.94822064541993001  0.95857717909746321
  0.96964152751901556  0.98085484814547097  0.99091264855668615  1.00000000000000000
   1.2360379451740037E-011  -1.0000000000000000     
 F F F F F F F F F F F F F F F F F F F F F F F F F F F F F F F F F F F F F F F F F F F F F F F F F F F F F F F F F F F F F F F F F F F F F F F F F F F F F F F F F F F F F F F F F F F F F F F F F F F F F F F F F F F F F F F F F F F F F F F F F F F F F F F F
  <DiscreteSampler_grid>
  grouped_processes
  1 # 1 for a reference and 2 for a running grid.
  10 # Attribute 'min_bin_probing_points' of the grid.
  1 # Attribute 'grid_mode' of the grid. 1=='default',2=='initialization'
  0.0000000000000000 # Attribute 'small_contrib_threshold' of the grid.
  0.5000000000000000 # Attribute 'damping_power' of the grid.
 # binID   n_entries weight   weight_sqr   abs_weight
    10   10   3.909442275975741E-001   8.505487882009278E-001   3.909442275975741E-001
    16   10   3.909442275975741E-001   8.505487882009277E-001   3.909442275975741E-001
    22   10   3.909442275975741E-001   8.505487882009278E-001   3.909442275975741E-001
    28   10   3.909442275975741E-001   8.505487882009277E-001   3.909442275975741E-001
  </DiscreteSampler_grid>
