  0.00966784912073461  0.01514199513460638  0.02332959597260558  0.03298033365177132
  0.04313008148609094  0.05342920220387831  0.06385099888939710  0.07420719282695706
  0.08439976987993440  0.09438772566834791  0.10451108714767021  0.11506767264741104
  0.12533614291590028  0.13495615736942523  0.14432442029123987  0.15356115388362579
  0.16273704247757206  0.17236737833047894  0.18198121763334416  0.19159674197322160
  0.20138833471083908  0.21130152711001382  0.22225923626165303  0.23294996898441506
  0.24395708749638670  0.25592967717848097  0.26905707999317291  0.28105970886826742
  0.29249568332997433  0.30302566146651377  0.31321496254934844  0.32328041219525400
  0.33395929462164459  0.34573436366184568  0.35707608567103805  0.36766684121730958
  0.37787364220510039  0.38802838882372209  0.39805659632735468  0.40770701605351217
  0.41752123242352124  0.42830687524412880  0.43967926819633363  0.45081211630496532
  0.46173478407974439  0.47283506752184068  0.48410129784851269  0.49534556738770580
  0.50659860166177384  0.51790494679571297  0.52890556050121906  0.53981232793090572
  0.55085657835239199  0.56186580319394264  0.57228367163263316  0.58239362274828443
  0.59321617002208338  0.60411811633175294  0.61462065013477107  0.62457079730510379
  0.63441361832442300  0.64449311224011774  0.65412329272004077  0.66365188119368479
  0.67329399863956119  0.68295270776976769  0.69281788962711477  0.70291592073800102
  0.71283110514575088  0.72299210422168381  0.73311161515764900  0.74349669099958304
  0.75389977065030167  0.76380227436734915  0.77400616256414323  0.78477664774882638
  0.79562658482932813  0.80621826519019779  0.81682571416531213  0.82783587551710247
  0.83936061610126167  0.85121209414587340  0.86330902741153603  0.87491091771080753
  0.88648318136348558  0.89773944731304089  0.90772806531489414  0.91779800586287441
  0.92793619985232922  0.93870135052081649  0.94992738506681274  0.96111275372811333
  0.97190551339935438  0.98225981387178474  0.99129565652668616  1.00000000000000000
  0.00917175213583651  0.01614156147491820  0.02650301963618198  0.03789141669914363
  0.04840413282577243  0.05777998895701239  0.06740287056893723  0.07717285010481693
  0.08764135884108032  0.09793778117254555  0.10859143025225396  0.11958553414359632
  0.13062855518674577  0.14153197966202891  0.15281887815126022  0.16426192437467496
  0.17546177926354303  0.18614125991104677  0.19660385855676263  0.20693962789654494
  0.21760961948920882  0.22847322384119303  0.23927514973011460  0.25015382381230988
  0.26163338587925483  0.27300593616566465  0.28369745745578573  0.29402154227891686
  0.30400231727956051  0.31346058314971659  0.32276471051342265  0.33260415671923582
  0.34374065564491901  0.35478919484202381  0.36527945892267072  0.37549528516532565
  0.38554529263591986  0.39535482745978306  0.40506868787569927  0.41480146341572122
  0.42480746224664284  0.43487054392639435  0.44479887383246419  0.45507241160090273
  0.46592434781783676  0.47715285421179782  0.48834149076066136  0.49928289814487897
  0.50997042047075880  0.52059363011922377  0.53149921978610015  0.54295509130606656
  0.55436804182628685  0.56529812428249526  0.57556347597836455  0.58594278590795823
  0.59639873188518333  0.60686288460080384  0.61678463323955912  0.62683073523234800
  0.63731079514473876  0.64785444475442178  0.65809393437424668  0.66843294624646410
  0.67991467872729139  0.69181313947163781  0.70393160800730703  0.71528140928217254
  0.72567517559619610  0.73533459324926731  0.74468355704818801  0.75436627897408348
  0.76411152376887148  0.77418370712235662  0.78491031427396196  0.79526151506951559
  0.80517340843475893  0.81480446560104935  0.82393111839985544  0.83316037622493988
  0.84258030911627968  0.85234197485903962  0.86226855854327755  0.87238183249033707
  0.88326401062556381  0.89512124227813605  0.90670229004961733  0.91800431735916654
  0.92911324002767515  0.94006121156364353  0.95092319112986123  0.96151874380688795
  0.97097480922655000  0.98143381862024304  0.99152462624514615  1.00000000000000000
  0.05628307967496048  0.05815243950622954  0.06049840098359348  0.06366031343821450
  0.06698034507805914  0.07039911706989530  0.07410577405861381  0.07782019831712735
  0.08154164615813787  0.08545013425688820  0.08940225395697310  0.09340867967915699
  0.09749075361650163  0.10163695802420060  0.10593721399889988  0.11029227629786086
  0.11471570784238803  0.11934643368711849  0.12395096660137477  0.12861440419896389
  0.13358202857637466  0.13888296087873875  0.14380268915966374  0.14679824268336075
  0.14889962358489944  0.14990853591294845  0.15113500504360255  0.15230579104946460
  0.15457517791733416  0.15702299006772297  0.15944106792505738  0.16185483709840642
  0.16427403194808202  0.16669503938306274  0.16912352733816804  0.17154260940900629
  0.17396705631187956  0.17637889376372090  0.17878896714444237  0.18121383184777493
  0.18367721002842144  0.18618134890896343  0.18872512826461912  0.19130664045353665
  0.19390962353513308  0.19652678467395859  0.19917347657378431  0.20185640211163822
  0.20458147078581232  0.20734952944196386  0.21012553883288432  0.21296202301822345
  0.21583572648374502  0.21875277620921310  0.22168140583772011  0.22465151626375443
  0.22766553563796516  0.23075035432456120  0.23384007913182345  0.23693961745265388
  0.24007230169432711  0.24328911771624459  0.24655800262480049  0.24987317477452042
  0.25325342773584192  0.25670508970123918  0.26024161356107889  0.26386001413046639
  0.26756209154011207  0.27133960370116356  0.27518981731169445  0.27913129297542949
  0.28319523516749595  0.28736642551309222  0.29163103038165472  0.29604558971426442
  0.30067218206793200  0.30541241397248320  0.31032044117581004  0.31540082153079890
  0.32072906300318593  0.32636073991593245  0.33238713167711925  0.33878358973532890
  0.34564067216682787  0.35310281820901407  0.36126313239296975  0.37042821790104008
  0.38091302406331090  0.39315229123175804  0.40811354630368402  0.42669869470207100
  0.45270574820235260  0.49416852136600542  0.58461277921409038  1.00000000000000000
 -0.00304611603991670  0.01129127429451373  0.02441569485526194  0.03748573744008740
  0.05130470707626359  0.06434686007438420  0.07659533886107545  0.08756334985681727
  0.09798897851952035  0.10839307449324841  0.11860710601223781  0.12873868137153041
  0.13874804670727350  0.14909770911673578  0.15977325770652356  0.17020798464082432
  0.18066901704846647  0.19098124788969617  0.20126895945721918  0.21143437909880866
  0.22128668328324255  0.23085959350130253  0.24064931911774939  0.25044759503040276
  0.26134237489195156  0.27258063709744579  0.28179016091271353  0.29158466627171836
  0.30099941827572813  0.31095929686434703  0.32090932465164274  0.33080401731991016
  0.34160490543998462  0.35260471991034525  0.36467894950462554  0.37635316840676664
  0.38746018076442723  0.39778947853113011  0.40795157942792831  0.41783518347324239
  0.42767979269852718  0.43727502977427446  0.44660233888680917  0.45586583999819486
  0.46489986259096294  0.47370892958410288  0.48261235235452299  0.49144898738702869
  0.50068500309960506  0.51090682566469514  0.52090679198107659  0.53034412614753079
  0.53919537282561469  0.54818830926316409  0.55751353746184418  0.56761428966807892
  0.57757035608150231  0.58761439952802164  0.59806661274745354  0.60879675900077124
  0.62085431178948691  0.63131165261413269  0.64167560639753596  0.65147446614838367
  0.66126131995060156  0.67073195528089680  0.68016674810317879  0.69003244771093197
  0.70024812688752558  0.71036877618405792  0.72034184109912514  0.73017201869414960
  0.73952488002742767  0.74865723980404331  0.75770993518142393  0.76694417782903923
  0.77667947224139744  0.78751005021818465  0.79949481273145884  0.81198341465042612
  0.82419623992065250  0.83581925021050663  0.84676698827674823  0.85761641261721444
  0.86824799550304899  0.87907417636432372  0.89020337365144409  0.90165563368171220
  0.91317928491665812  0.92463488957292139  0.93661088390249803  0.94856873202973968
  0.96060968282549819  0.97254355590798680  0.98571166541231847  1.00000000000000000
 -0.00246235139595403  0.01007061518014775  0.02045483430839451  0.03102941327218428
  0.04185062789408915  0.05373350842519036  0.06478450942190911  0.07484505942596591
  0.08450287873449940  0.09398029822513410  0.10347404595937226  0.11286529410170328
  0.12217125276723995  0.13220937418380724  0.14263593595489890  0.15304603451461174
  0.16351737370073666  0.17430852587045059  0.18571597665737372  0.19734415008148548
  0.20922682425073560  0.22102660616545264  0.23250537447588088  0.24304572992166693
  0.25409861238363879  0.26563187391566151  0.27718987274842932  0.28845527528304177
  0.30037018220664946  0.31297714109791230  0.32576142417917325  0.33762243217801352
  0.34856556901286623  0.35923048727012252  0.37016778554537033  0.38115414577119910
  0.39197440021475066  0.40274601264689308  0.41354839258171727  0.42455688675616710
  0.43532440454611593  0.44526624761952943  0.45513434738341441  0.46520777567274241
  0.47534466131073444  0.48541931944592764  0.49521575158849596  0.50633877464301780
  0.51822677341412493  0.52923334229133645  0.53978042652229274  0.55048172488759439
  0.56059099171701077  0.56979577335574927  0.57880580796883518  0.58823704882818195
  0.59803049347231430  0.60773118391280778  0.61720504700957957  0.62717060596816265
  0.63768239378273384  0.64899148160361908  0.66075245654392412  0.67238812115289037
  0.68359141700892978  0.69411088814646660  0.70425937199015154  0.71442074551283086
  0.72444385182561699  0.73434824604988647  0.74410546408225242  0.75489178012549385
  0.76628275119382028  0.77761341612505641  0.78913671028219390  0.80099228914128096
  0.81336239094766249  0.82541270170020187  0.83706791280854731  0.84786417440590811
  0.85817629297744324  0.86775228487450662  0.87713074827726401  0.88618680474561407
  0.89540671492890156  0.90461020595981356  0.91371937335030506  0.92297530979122455
  0.93234548406553486  0.94172791301948888  0.95112164912896213  0.96078097148563835
  0.97088960673657354  0.98091971960974311  0.99046219308690842  1.00000000000000000
 -0.00217220596647355  0.00945781604541782  0.01931440499042531  0.02938419305830598
  0.03948154793546479  0.04989872848892115  0.06032966597556543  0.07009207505417940
  0.07930181268622924  0.08881289832573992  0.09908560929712860  0.11042121571047132
  0.12227319632526749  0.13438874878915968  0.14677106088196940  0.15914062639820900
  0.17055929805314582  0.18079452309119348  0.19097219054806724  0.20147816417535072
  0.21262589806676377  0.22401003270053765  0.23502044751984671  0.24568945460938713
  0.25617232795480505  0.26657421830009848  0.27695475506999706  0.28717907061252979
  0.29711228940274337  0.30682858491399262  0.31662357914591160  0.32662974954155544
  0.33660885218086223  0.34627009543116216  0.35579665698207769  0.36548339352211029
  0.37526842145364347  0.38512628869670373  0.39515280483566850  0.40566397561537398
  0.41656429884513030  0.42721043831152089  0.43771292232641967  0.44784986201653010
  0.45764918667588889  0.46731323767311617  0.47725108107734421  0.48753612058995599
  0.49792304906760376  0.50813435219448411  0.51849945991519020  0.52847776905212618
  0.53813166244896038  0.54762509585931263  0.55714347403605202  0.56712415917766668
  0.57730952912900779  0.58720687246062109  0.59675729907541752  0.60605209856504350
  0.61537233493780741  0.62460840065733647  0.63373237678584304  0.64283194667082522
  0.65194409753506910  0.66085309060704400  0.66979712749326126  0.67954294129573067
  0.68980725358422612  0.70117263655199102  0.71262113759292856  0.72382158766003890
  0.73452366106718070  0.74458172810608947  0.75421475129032856  0.76417671826383049
  0.77411923735669497  0.78541436785287910  0.79714020966898103  0.80971195312489175
  0.82209031602393490  0.83401761143232400  0.84548009692660364  0.85650754383016092
  0.86741661078780530  0.87845831631577143  0.88955127420729474  0.90102263222258216
  0.91285100412348241  0.92584467323684094  0.93861305085090307  0.95064052565976154
  0.96228621765126521  0.97428555166622943  0.98700331443580291  1.00000000000000000
 -0.00253172984953246  0.01017524435043433  0.02038202702202972  0.03138124003562526
  0.04236171692009770  0.05308098434148267  0.06385504091002848  0.07489508910470458
  0.08565144834305681  0.09624814271719360  0.10689273775267495  0.11771337149905699
  0.12834711079392985  0.13840372163505696  0.14842080912405109  0.15829542255456241
  0.16830131772906562  0.17838050683179588  0.18846360724450886  0.19817963869686275
  0.20825789383785265  0.21928158097707254  0.23048157364187075  0.24088424212346327
  0.25068430163574557  0.26059216603514263  0.27047979271599870  0.28020755001217579
  0.28997901870228271  0.30025097499214115  0.31059126729513670  0.32175828234775200
  0.33319744630092624  0.34517151980314931  0.35657566561762288  0.36702717160089177
  0.37708593180171346  0.38702849932490563  0.39705927035799182  0.40721075464113993
  0.41769181627802937  0.42861316007785799  0.43943076634521255  0.44969102121058013
  0.45972869154148965  0.47049381658468281  0.48144495201063420  0.49246298525945642
  0.50336998689720736  0.51484822797103247  0.52619917623981693  0.53778205366161469
  0.54966040441656594  0.56143197306585813  0.57208696668620251  0.58284807668865279
  0.59346364395086604  0.60402185374416451  0.61416739397963216  0.62479905507418065
  0.63698130255410701  0.64946564879750113  0.66176550080228513  0.67359852773137086
  0.68537895986111796  0.69735469716753795  0.70914751741200577  0.72020804934247040
  0.73093908084760095  0.74135805726656823  0.75156678356875140  0.76162745508471141
  0.77185306616173333  0.78220993980336984  0.79216323837948488  0.80176860667346461
  0.81107018598496883  0.82034143482488453  0.82958560352873800  0.83901430832907054
  0.84823726939311195  0.85719980419365227  0.86616632498476842  0.87513676529051132
  0.88436190661942304  0.89368957904236168  0.90366643886528952  0.91402273109539689
  0.92388863271192923  0.93353598534626148  0.94399109768266198  0.95462556885228600
  0.96519170040383784  0.97576605585814669  0.98744334019808822  1.00000000000000000
 -0.00201771331823350  0.00789945385656645  0.01689002000885015  0.02698001564332092
  0.03743144156259252  0.04774287772389946  0.05826514884479210  0.06846635037925924
  0.07886132419246697  0.08958665761669793  0.10066461861148608  0.11090269708836233
  0.12089388392227657  0.13093027126034840  0.14073759063727118  0.14994722678587857
  0.15874695346611770  0.16833313765023000  0.17896210448734884  0.19003733674539411
  0.20143439811478978  0.21238507536628481  0.22268923927261353  0.23278636372686204
  0.24268642564473908  0.25227788853332850  0.26164856119985891  0.27118221549667698
  0.28173193050583922  0.29297123146971654  0.30435630753729731  0.31632952286825111
  0.32870858184905150  0.34090506745725396  0.35269846633644747  0.36324316493544717
  0.37365812635209544  0.38405346998279272  0.39391366673128503  0.40312126919019359
  0.41236334712888179  0.42227306120882824  0.43261317871938804  0.44300793925778764
  0.45373802757389348  0.46454753577626912  0.47524956270564983  0.48596526895147191
  0.49647351185063410  0.50652548318966251  0.51631227300652138  0.52682047779712837
  0.53782401995797369  0.54853249793442693  0.55933354428759186  0.57082215831649585
  0.58297864083173412  0.59531173594328235  0.60715813418218256  0.61846271149520216
  0.62976573454153795  0.64129089396570849  0.65231858679566757  0.66251441924677368
  0.67259677897765990  0.68256822874633405  0.69244659493635474  0.70309805185830554
  0.71395988698585011  0.72631064918362176  0.73728729700375806  0.74777026024008120
  0.75822799211211989  0.76847200824799344  0.77834767395200255  0.78839701020291653
  0.79896112029994004  0.81022779476003792  0.82132505230532038  0.83264811104756797
  0.84453577958910364  0.85607197375855926  0.86712417428371957  0.87781848931760642
  0.88831763110222850  0.89882519066500521  0.90941478798952990  0.91974922544557314
  0.92925079123992904  0.93870588722154036  0.94828152714776837  0.95795009917653018
  0.96771251736820707  0.97732881684126605  0.98811192444094487  1.00000000000000000
   2.2362753643057461E-008  -1.0000000000000000     
 F F F F F F F F F F F F F F F F F F F F F F F F F F F F F F F F F F F F F F F F F F F F F F F F F F F F F F F F F F F F F F F F F F F F F F F F F F F F F F F F F F F F F F F F F F F F F F F F F F F F F F F F F F F F F F F F F F F F F F F F F F F F F F F F
  <DiscreteSampler_grid>
  grouped_processes
  1 # 1 for a reference and 2 for a running grid.
  10 # Attribute 'min_bin_probing_points' of the grid.
  1 # Attribute 'grid_mode' of the grid. 1=='default',2=='initialization'
  0.0000000000000000 # Attribute 'small_contrib_threshold' of the grid.
  0.5000000000000000 # Attribute 'damping_power' of the grid.
 # binID   n_entries weight   weight_sqr   abs_weight
    10   10   2.205027173719634E+004   3.822856696674795E+009   2.205027173719634E+004
    16   10   2.205027173719634E+004   3.822856696674795E+009   2.205027173719634E+004
  </DiscreteSampler_grid>
