  0.00029492419092963  0.00034493885834956  0.00037138334912987  0.00040783329346298
  0.00045277059219143  0.00058230231505987  0.00091902743248558  0.00132411032478662
  0.00161094693113577  0.00193889656565354  0.00233706069057449  0.00280677311405865
  0.00334230892320609  0.00394402790325231  0.00462959415364116  0.00542353834116470
  0.00635627689459376  0.00747644378596138  0.00876245759547309  0.01019923578646394
  0.01168154583917539  0.01310590277087276  0.01467860916158206  0.01668789274151561
  0.01918094440330146  0.02196957279573561  0.02511805088546201  0.02866746490693815
  0.03274425815957472  0.03739777886513049  0.04247508704580622  0.04780331711025947
  0.05268100954643404  0.05661454322381301  0.05924068865832118  0.06107785450618150
  0.06240952484259105  0.06336949490760119  0.06408480237523670  0.06464161675422497
  0.06508992150947424  0.06545742384676481  0.06576768048698994  0.06603689843782631
  0.06627152891164641  0.06647309881956720  0.06665824008499696  0.06682879638681315
  0.06698739397659177  0.06713609065366276  0.06727700820129111  0.06741183125955882
  0.06754223490716497  0.06766966346995014  0.06779528533314791  0.06791989296480380
  0.06804467886904279  0.06817043730686562  0.06829781096524420  0.06842937198469910
  0.06856678033362602  0.06871090772005893  0.06886291815776951  0.06902493205843048
  0.06919999183339370  0.06939138927374712  0.06960118114374447  0.06983752477288420
  0.07011002102563170  0.07042395090313720  0.07078559439021620  0.07121714853404093
  0.07174975413203251  0.07241912878918781  0.07328777532292864  0.07445186547764632
  0.07605983942814547  0.07840476300961083  0.08187900020835825  0.08700493206249642
  0.09431720877603639  0.10465781783120817  0.11831170498443964  0.13594925446900186
  0.15861529253130588  0.19121540399413808  0.23178850027525877  0.28475569368766451
  0.34805459704398833  0.43158761296223291  0.54147653991582578  0.63998262492862812
  0.72522290765148478  0.83816630999888597  0.90233485926480805  1.00000000000000000
  0.00001588495958314  0.00003710523849528  0.00007029695481716  0.00010657579922038
  0.00014485739255227  0.00018530427639755  0.00023063945869741  0.00029580142049435
  0.00038767762038045  0.00049888867879509  0.00061790217648179  0.00076374469847518
  0.00095614465243026  0.00121235801778962  0.00154273064508458  0.00194563786106609
  0.00244812230943825  0.00313035429401348  0.00408763891881049  0.00544440319079253
  0.00741951608265349  0.01036546822541397  0.01488080147336049  0.02167854906620691
  0.03135771896993047  0.04379373859501867  0.05838070680779311  0.07443448524794084
  0.09146670771829803  0.10920783773951558  0.12728931242107594  0.14558342383795084
  0.16411484952447680  0.18278924164740620  0.20140459158875409  0.21982987604581850
  0.23830554820513231  0.25690491166911039  0.27543064167786335  0.29389562050693907
  0.31255715513589688  0.33120835012735383  0.34972048165021707  0.36822096245584052
  0.38678021380012212  0.40549494461568431  0.42408717587311828  0.44249405493149002
  0.46101521925636479  0.47951050483170898  0.49783886949006240  0.51597125471038163
  0.53428058717989557  0.55265491235511310  0.57080295547972804  0.58893255214067997
  0.60716534293555480  0.62548895583202369  0.64380971564711276  0.66203681960158323
  0.68010647617652453  0.69798342008635783  0.71584289308191473  0.73372091350518653
  0.75151612891569919  0.76940071290163492  0.78728420928925558  0.80504078284623515
  0.82257362615428098  0.83996165785340948  0.85718405763902750  0.87413861533290849
  0.89074064510544892  0.90683423374758854  0.92220382684637869  0.93677172678003806
  0.95014779686098805  0.96184174751132445  0.97163805913350143  0.97943405469163813
  0.98518709193301057  0.98927879074757608  0.99221979290001761  0.99436783010446717
  0.99592636611468344  0.99705248008172265  0.99790426054836112  0.99857033175945842
  0.99904242378309716  0.99932641104386344  0.99951112923652707  0.99964748397421554
  0.99973392548706674  0.99982314613240653  0.99991303537286702  1.00000000000000000
  0.00044003249002881  0.00075304450717702  0.00093483047920440  0.00111645181686281
  0.00131661665328753  0.00153436493259512  0.00177302978893982  0.00203467143314302
  0.00232476469881859  0.00264189378500903  0.00297948197332133  0.00333272284396422
  0.00370675401722948  0.00411709936108771  0.00457072460389588  0.00506292533886398
  0.00558129059240837  0.00609416383188976  0.00660896989624693  0.00713064085458363
  0.00765812682883689  0.00820836175497341  0.00878879302315624  0.00938958401186745
  0.01001003522322971  0.01064981996612272  0.01132650940733272  0.01198815862925554
  0.01266836193013574  0.01338437100158761  0.01417022792732016  0.01500300981639637
  0.01585934956140654  0.01676421560462980  0.01772655267035387  0.01874772018083890
  0.01977520169850985  0.02083127644049761  0.02189583822803673  0.02302777817370026
  0.02422500664281388  0.02546877755533099  0.02679473564462213  0.02815952685908390
  0.02958902998515877  0.03103794748753623  0.03259296428834067  0.03425424560601437
  0.03594897829925522  0.03769921988500167  0.03954717769844545  0.04153516640481329
  0.04357964940657801  0.04566856187278077  0.04786687166880393  0.05029702040644232
  0.05290766227767411  0.05560809532574149  0.05849116815108957  0.06130516337368702
  0.06417859679840331  0.06715915430392863  0.07040268311057597  0.07404074613471824
  0.07788703229668763  0.08195585042765301  0.08614652182383706  0.09038121539060792
  0.09478196652019141  0.09923212198498614  0.10430044225939125  0.10999657619099779
  0.11604163920424837  0.12248262304091095  0.12896790278768297  0.13602901190660266
  0.14361525192676258  0.15196610902001154  0.16131761038889653  0.17165638782192377
  0.18287792909569064  0.19485839062653290  0.20755599024669155  0.22041125740737461
  0.23450784821872317  0.24907225888541884  0.26517677634438647  0.28270024827904999
  0.30166286474363396  0.32235137313623680  0.34514258203073406  0.37098489143566798
  0.40149153737065807  0.44179244024683656  0.52597998532627932  1.00000000000000000
 -0.00177480038361026  0.00737139343041811  0.01689331219135682  0.02619190697395619
  0.03483360195518002  0.04417627682061607  0.05293699967528272  0.06217767519652642
  0.07195961467293065  0.08171260237112268  0.09124515018224477  0.10022903510305851
  0.10931489071131378  0.11853834563323155  0.12791117359200463  0.13788875940092093
  0.14718761003806674  0.15672701776648784  0.16643431085717614  0.17680268251570189
  0.18690727457845194  0.19706289964916857  0.20742475757070997  0.21795080768640335
  0.22805832973508294  0.23760907181311142  0.24752539043642210  0.25768354521941439
  0.26832647091034190  0.27870446052249481  0.28881790409935232  0.29868621493868869
  0.30882081482723295  0.31927318630791468  0.32982031396632572  0.33987506496407777
  0.34984652211491257  0.35999887882770493  0.37053160290203113  0.38135985432062663
  0.39161309301733815  0.40201832535743270  0.41235052006204620  0.42304828063725414
  0.43372545673274571  0.44442130859334605  0.45567498095003883  0.46678609450343050
  0.47789571788448015  0.48914567926414709  0.50062010616491348  0.51221053936071981
  0.52387242169010328  0.53544750198464586  0.54691324424317211  0.55840961761073316
  0.56985216282608231  0.58120590345244727  0.59262489216885939  0.60436367264828617
  0.61616243557039208  0.62805215173729412  0.63983224524755500  0.65118545798194083
  0.66223900295646343  0.67330719928476035  0.68470964030329651  0.69639630276124942
  0.70799649383704921  0.71893480822736477  0.72961408505318703  0.74036384695662139
  0.75202445427341702  0.76394824510402748  0.77554360377224629  0.78680740096379453
  0.79838388455579590  0.80962847484095413  0.82065710144115434  0.83139855617987257
  0.84165473706780292  0.85197750647988180  0.86184264361016261  0.87178013345390359
  0.88182982269599619  0.89204669352112853  0.90239734440458730  0.91321757582401186
  0.92421174858496558  0.93525893869622778  0.94660515969400494  0.95752267374381006
  0.96774384269276259  0.97814040494653720  0.98827968980957748  1.00000000000000000
 -0.00190162919787864  0.00784812377881678  0.01837480794950071  0.02824928182556262
  0.03839887456799541  0.04845073323395728  0.05859940450825776  0.06880162851416192
  0.07876959299159748  0.08864313333078258  0.09856425460818961  0.10838354072769493
  0.11861281405874548  0.12900344514667797  0.13977416734256429  0.15075128585263747
  0.16168895575622966  0.17254743845345935  0.18335007626936708  0.19418676813597996
  0.20457703152654402  0.21428407177561379  0.22375953544737437  0.23369666744356621
  0.24423969473978849  0.25487539320682001  0.26551090353455437  0.27624112793646638
  0.28714423578717674  0.29808624340229906  0.30898591384199559  0.31990268443837511
  0.33064191430076750  0.34139764357994351  0.35214176732990549  0.36300960757740186
  0.37387015213200769  0.38456441249298950  0.39524607510184145  0.40590987878262641
  0.41668523279942643  0.42757461096009297  0.43841867528596906  0.44929545477333321
  0.45999331068772714  0.47046268934567020  0.48091068494134770  0.49139905755114666
  0.50224268160624430  0.51325574592918632  0.52417202342792180  0.53488895701951167
  0.54558657262319854  0.55627718585847863  0.56685504627520833  0.57719189529562054
  0.58761743376157027  0.59796089814336384  0.60815258674359429  0.61838925372855946
  0.62943904517297644  0.64077205130597104  0.65209044964292784  0.66330441589985956
  0.67413030367244431  0.68461692892756565  0.69467815847351955  0.70455900302098562
  0.71461494635144829  0.72507824269133780  0.73569634122526217  0.74630945190157882
  0.75715781338549448  0.76844005456375641  0.77967232970137934  0.79074736935514012
  0.80156855443267272  0.81236889844720761  0.82305971957190327  0.83382748243163718
  0.84450442110231094  0.85523069705568322  0.86586391896139303  0.87609514083031814
  0.88625348727142583  0.89601749344299997  0.90671407642009927  0.91768856607421312
  0.92815362807652591  0.93866454492318663  0.94946418288236656  0.96010876227456032
  0.96967193770692472  0.97885349133447264  0.98872963528556301  1.00000000000000000
 -0.00221581308728271  0.00805794651813082  0.01835862184855612  0.02792574706140847
  0.03734472067616929  0.04693229370813712  0.05707089274863019  0.06742521366465093
  0.07760890900498429  0.08727575367432540  0.09637329758385250  0.10566622956549565
  0.11498853202600136  0.12476486418978326  0.13454086432491896  0.14421566327036145
  0.15377329601509485  0.16314063567050488  0.17235007936968524  0.18154321479148128
  0.19080189395319849  0.20009707566264923  0.20923169903089375  0.21900840522588588
  0.22847202255048071  0.23809952079120911  0.24701288748207159  0.25603450513133530
  0.26566712658969771  0.27601161274552499  0.28645309256320012  0.29672119689153076
  0.30678446623224415  0.31652227082732953  0.32598079351797571  0.33537255078427047
  0.34530620645332499  0.35559657748392770  0.36642533731758731  0.37737222199205828
  0.38840376611524102  0.39925858797022451  0.41013742724675717  0.42094215118255857
  0.43196257416785599  0.44306776976994600  0.45406789278399984  0.46477144204174803
  0.47567198900860697  0.48677204524711204  0.49805062154807211  0.50912460600525400
  0.52009834713356373  0.53096980885883416  0.54209108293583608  0.55272326420309315
  0.56376238804716772  0.57480305562867728  0.58631286084140732  0.59692643797449196
  0.60754984893238262  0.61842514824948380  0.62995652564422322  0.64088725360677201
  0.65190601299746276  0.66319249441013250  0.67500849417700426  0.68668136854517436
  0.69786596817460889  0.70887191232049196  0.72024565834653720  0.73165406161200663
  0.74241991570961652  0.75309787342248247  0.76420674106268993  0.77583062233722577
  0.78710292827993711  0.79828693689662511  0.80954637953638209  0.82112247320079945
  0.83279028287025381  0.84369822816426066  0.85418060668929896  0.86441633242203986
  0.87511900420365296  0.88619859526902167  0.89747706667116489  0.90867734464893968
  0.91991623949403578  0.93165764757987224  0.94354368349471873  0.95526830428795495
  0.96676954883858401  0.97728726048193848  0.98887773663407141  1.00000000000000000
 -0.00227500477148765  0.00896022585024052  0.01911256362979638  0.03012979876591098
  0.04127200997337669  0.05164459910337502  0.06231981280919320  0.07271735758161295
  0.08339066096594179  0.09417970636939077  0.10455160791669078  0.11499363691913725
  0.12547265562700968  0.13601102236864468  0.14628086515859134  0.15658804905224835
  0.16649348305587700  0.17735063075009269  0.18814231076995416  0.19900554758301722
  0.20954496400888259  0.22010747495469588  0.23118285061194671  0.24234022764124510
  0.25324119886778296  0.26404144314986400  0.27492541464970705  0.28597831089430292
  0.29664653311445205  0.30714242892900362  0.31768142754223416  0.32840195275530404
  0.33917502707655328  0.34959660656259228  0.35957363028941919  0.36927450275010104
  0.37920644583989821  0.38924944929775651  0.39979076271677177  0.41009561821922336
  0.42066588860931992  0.43142158585307333  0.44245169569018833  0.45345226501780100
  0.46421609343287834  0.47457377001336853  0.48498324188904973  0.49527269066319629
  0.50592430483769602  0.51629778657149739  0.52677375073545163  0.53734691801587076
  0.54817468160379179  0.55883305970157715  0.56845449343136989  0.57799126721748950
  0.58764262617279284  0.59766005960235546  0.60763175454190566  0.61769623952063835
  0.62826550255424707  0.63892046956418402  0.64970786666247582  0.66058669195203235
  0.67155601152582456  0.68228140756392974  0.69269538025864263  0.70295292256465647
  0.71348264505202486  0.72442889870558136  0.73561947186062049  0.74671288812891456
  0.75765007071147805  0.76829757583751845  0.77886098003357129  0.78937372934408312
  0.79981059184430570  0.81033424055876824  0.82098782781717128  0.83169182760003524
  0.84250462330204001  0.85347667521542370  0.86473897439659964  0.87583940739547761
  0.88621984119739738  0.89618303052820103  0.90627965171010127  0.91700381904608430
  0.92764550519305866  0.93853700624211411  0.94888501931868563  0.95942114101855358
  0.96939062716494739  0.97972607971887216  0.98985364415829302  1.00000000000000000
 -0.00219292879601288  0.00827540702681977  0.01864476387884446  0.02878120717564711
  0.03881717892593183  0.04885361152986021  0.05889020764269537  0.06922168060986428
  0.07992106372033386  0.09081368072714521  0.10193927682147805  0.11287421490752354
  0.12373738323976680  0.13434268317883410  0.14499154676813195  0.15571213310443624
  0.16657256369072593  0.17715302143024839  0.18692826884583769  0.19698074877376723
  0.20750503609733384  0.21843574829931273  0.22927142313782931  0.23970261562930745
  0.25017382795496546  0.26074104302996648  0.27150373352282686  0.28206298542622699
  0.29246821747310925  0.30324182081829432  0.31412746514754852  0.32478155549673982
  0.33554582066194100  0.34616204999752775  0.35632192648562344  0.36695020696533920
  0.37758336829768480  0.38826358284290402  0.39817414803259416  0.40810203100979447
  0.41835431333946177  0.42860056888447695  0.43827470552766606  0.44811626165394436
  0.45834399315607655  0.46880938243570441  0.47942096530426204  0.48981953124295519
  0.50050994365706558  0.51095767942879355  0.52121008880395181  0.53145271944386452
  0.54210048792912080  0.55335322715347290  0.56478674038880905  0.57574522357901747
  0.58637600871358608  0.59682090990314562  0.60769621349424996  0.61873824909582242
  0.62995724893990301  0.64102860605075707  0.65204708849775195  0.66270724909407497
  0.67339832185029369  0.68414597209931260  0.69514969486539158  0.70608119760470078
  0.71712050665940485  0.72820389985010492  0.73914223135925450  0.74921206509342775
  0.75860486166816132  0.76787406863462304  0.77720211231652325  0.78799611852110385
  0.79907742298206541  0.81010161060378139  0.82158725375302355  0.83244211021907810
  0.84264765663127139  0.85274529178385416  0.86267417754483788  0.87319932684538093
  0.88327040285058955  0.89382241273945839  0.90433448264406346  0.91531174009424621
  0.92660341346968023  0.93797148032979871  0.94861362530864779  0.95907082760709417
  0.96898442836321685  0.97950924816029949  0.98949909545081816  1.00000000000000000
   1.2236075436043527E-011  -1.0000000000000000     
 F F F F F F F F F F F F F F F F F F F F F F F F F F F F F F F F F F F F F F F F F F F F F F F F F F F F F F F F F F F F F F F F F F F F F F F F F F F F F F F F F F F F F F F F F F F F F F F F F F F F F F F F F F F F F F F F F F F F F F F F F F F F F F F F
  <DiscreteSampler_grid>
  grouped_processes
  1 # 1 for a reference and 2 for a running grid.
  10 # Attribute 'min_bin_probing_points' of the grid.
  1 # Attribute 'grid_mode' of the grid. 1=='default',2=='initialization'
  0.0000000000000000 # Attribute 'small_contrib_threshold' of the grid.
  0.5000000000000000 # Attribute 'damping_power' of the grid.
 # binID   n_entries weight   weight_sqr   abs_weight
    10   10   7.523518498416841E-001   3.876557541747784E+000   7.523518498416841E-001
    16   10   7.523518498416841E-001   3.876557541747784E+000   7.523518498416841E-001
    22   10   7.523518498416841E-001   3.876557541747784E+000   7.523518498416841E-001
    28   10   7.523518498416841E-001   3.876557541747784E+000   7.523518498416841E-001
  </DiscreteSampler_grid>
