  0.00913265612993444  0.01629253292091500  0.02657662687103980  0.03714956623292982
  0.04721245284603436  0.05709072173015688  0.06702006984677489  0.07699836112562657
  0.08697985411868971  0.09714284222585184  0.10709826847193440  0.11713105515089270
  0.12712673202796113  0.13714143693825290  0.14694985449884457  0.15699289963215279
  0.16719722111422486  0.17728626863625066  0.18697469674724210  0.19687127307964511
  0.20706818178632277  0.21750263480127829  0.22821705224396249  0.23959192762136822
  0.25081535927553206  0.26105884851182343  0.27109838388469382  0.28152487092282319
  0.29180749385567201  0.30189514229803038  0.31189122938918046  0.32222317258941857
  0.33255163325693748  0.34267470782240123  0.35306392146972548  0.36364173307116765
  0.37408919574787020  0.38420969371621450  0.39431697332554672  0.40450263079395227
  0.41485674084205232  0.42536689701845687  0.43627594302465039  0.44773489995399879
  0.45874775352118130  0.46895337112303725  0.47870652614133063  0.48831615474346857
  0.49770834965396787  0.50714895710332419  0.51658823196202097  0.52644388252977259
  0.53634318384954927  0.54724824569930919  0.55859887677719744  0.56975867929432178
  0.58091309643008138  0.59213252323608678  0.60314448140770882  0.61367756602540235
  0.62390329467079064  0.63396361902079357  0.64394956769352518  0.65404667806160588
  0.66449811776571499  0.67561450047605054  0.68712256854060672  0.69859879186155738
  0.70988955759917749  0.72090421870766153  0.73153927688228804  0.74186741531838107
  0.75208234011009756  0.76217763158307006  0.77213454491396771  0.78215374064673426
  0.79264206902622858  0.80373467981436231  0.81495032560944736  0.82616553010290983
  0.83703598214036956  0.84770384559804168  0.85831655112106209  0.86940846856128284
  0.88027790852207954  0.89050226058615223  0.90040429102925967  0.91030189825945973
  0.92046284286116031  0.93090541106604385  0.94029192864355371  0.95024080931672084
  0.95988810319392148  0.97011591355666160  0.98056788602025913  1.00000000000000000
  0.00900110942636156  0.01671896741849637  0.02690376720439205  0.03731934210192964
  0.04721797679653311  0.05687959172908316  0.06654552785555312  0.07621063940848673
  0.08608780117161513  0.09644477763334219  0.10711178418078821  0.11794797849222052
  0.12879170056796660  0.13958884719606293  0.15015933711006335  0.16036393153725026
  0.17042391082986819  0.18054010656714869  0.19082744825968589  0.20114786131957618
  0.21176238348761151  0.22273555174423726  0.23376628698331733  0.24495338868230404
  0.25610677259427350  0.26713495223670236  0.27786061443727095  0.28822140179486333
  0.29916736390856596  0.31035622757671594  0.32113074722692575  0.33123829800034266
  0.34153887368123470  0.35201290330624246  0.36264217713778990  0.37313613424820552
  0.38445803712477072  0.39585632261075115  0.40718155578013510  0.41833843976815183
  0.42899847995473894  0.43978741418780842  0.45056319441516490  0.46123069227603253
  0.47165946624839550  0.48187383114735005  0.49203041424831839  0.50238216256307777
  0.51266288667435600  0.52265583938956450  0.53223095304828238  0.54150515193759752
  0.55172920798624614  0.56178743656131391  0.57164612257830771  0.58094935103811896
  0.59131513379693201  0.60265189510200790  0.61303195912487862  0.62340282978782813
  0.63387304364691699  0.64449962410497563  0.65534770374384066  0.66584941476154036
  0.67677522320323802  0.68738424508594187  0.69812826483339796  0.70893440874567037
  0.71947729327863152  0.73009419185953062  0.74080869059630561  0.75141853013003423
  0.76132899885745475  0.77116556368387434  0.78142843306151100  0.79185833811730821
  0.80211909413433413  0.81256391591620891  0.82363849938186362  0.83445513540403582
  0.84472206959616136  0.85525221050625044  0.86578656363778583  0.87624846589845684
  0.88638330912474350  0.89653569456045956  0.90689481477356415  0.91737684081478821
  0.92756472241891796  0.93750806171277989  0.94718943922089138  0.95704337161158959
  0.96744147046366014  0.97760691800162602  0.98862679249097796  1.00000000000000000
  0.05734921701906077  0.05885284202747960  0.06077700276736334  0.06288947712185046
  0.06507459284530652  0.06743177648830007  0.07012646452481952  0.07299458233696786
  0.07581097831978845  0.07863105407063563  0.08150892468933234  0.08446273797606389
  0.08751544071179426  0.09063247403100336  0.09378277516530015  0.09695285112733820
  0.10022209130809599  0.10355033750142983  0.10691660083582824  0.11031699597603974
  0.11381945882566313  0.11737729546384255  0.12099844391517722  0.12469549505050956
  0.12845703556409627  0.13224656492192779  0.13631465264290674  0.14058993464359468
  0.14468093439821370  0.14816789435549463  0.14917436009187274  0.15074442029005333
  0.15232180997104283  0.15451970340575513  0.15705943193830152  0.15957260226966802
  0.16207540278817487  0.16457696999952387  0.16708105446410107  0.16959306609454353
  0.17212175599391530  0.17467320799567734  0.17724088029565024  0.17981524948554892
  0.18240703166492592  0.18501815523784407  0.18767341409789665  0.19037732770722313
  0.19313478113405746  0.19592472458422980  0.19873881240184751  0.20156341153778709
  0.20440536369305207  0.20728290658609638  0.21020950766447147  0.21315622716603649
  0.21613085678976096  0.21914148944109230  0.22220560589992944  0.22535602836517091
  0.22855514131723639  0.23178249211486171  0.23503626506344449  0.23830093278764836
  0.24162693696581591  0.24503558296166958  0.24852592598131493  0.25206417640626994
  0.25566397915553790  0.25932192228256645  0.26304544304349720  0.26686791984518865
  0.27080853352748613  0.27485258935802992  0.27896322138796259  0.28316264292961818
  0.28751330739933978  0.29205339029189292  0.29676829101239438  0.30166922597626417
  0.30681636461621054  0.31224952775510251  0.31799242962344548  0.32405201747780532
  0.33052153429441156  0.33752515963175561  0.34523129056664426  0.35382691456557208
  0.36346942779647745  0.37467091810528924  0.38803623133621384  0.40509774287403294
  0.42824748481763952  0.47375145635038796  0.59518785262659679  1.00000000000000000
 -0.00307107407178290  0.01152360298300304  0.02423980042201816  0.03854177023995053
  0.05050426289235566  0.06186757543445965  0.07282258414172822  0.08404666315021249
  0.09534966550508321  0.10703990554292718  0.11936128993663916  0.13149233996334486
  0.14335240076227793  0.15493307449176166  0.16629479686183868  0.17758047243561315
  0.18901933722827793  0.19987957410568150  0.21026530826867998  0.22058487575810865
  0.23045392207299858  0.23959872029709064  0.24859345239328534  0.25827264370794761
  0.26802001822146687  0.27735379830886087  0.28654595618447132  0.29669875860621386
  0.30717831523326045  0.31746641369837508  0.32738419567081645  0.33752715171460801
  0.34785727914887521  0.35798988835774431  0.36763347710272481  0.37763572050835958
  0.38730880876549784  0.39706432552407500  0.40645860236037223  0.41630806209187216
  0.42581698801884504  0.43524879248371662  0.44466891641867212  0.45407850078921347
  0.46355701311770003  0.47344221535449726  0.48340244996713733  0.49378301781479639
  0.50416625901018353  0.51445848439120934  0.52454987792137930  0.53416045523611366
  0.54325939249405975  0.55217773774067158  0.56107769762358684  0.57002883906550306
  0.57915114334886064  0.58856098129015511  0.59843302968026335  0.60836995146440387
  0.61825338941096342  0.62801238627362932  0.63787001160563772  0.64781456488757660
  0.65767842505946927  0.66747530778610997  0.67735489036397345  0.68739642658100653
  0.69775284170520091  0.70824058633214015  0.71928839786631460  0.73047358313387323
  0.74148654455199003  0.75218266937371170  0.76288347338981755  0.77414122317240597
  0.78568862597299449  0.79702088608655863  0.80809060469189953  0.81879597653119285
  0.82947781763069384  0.84008882261898377  0.85064912695064754  0.86083514947330297
  0.87087857919612666  0.88126397818548619  0.89169927422015660  0.90252085136154381
  0.91354470630154261  0.92622688845298018  0.93906426191063908  0.95123300529479649
  0.96369249142438140  0.97597083692465070  0.98829148617655216  1.00000000000000000
 -0.00222125921391637  0.00886807519601186  0.01868444531994108  0.02923963572127558
  0.03979077449648083  0.05031031193128109  0.06120401333362456  0.07137702632983037
  0.08117065877681015  0.09106207316279692  0.10105241022474101  0.11253573434585734
  0.12407552868347593  0.13477288586450226  0.14505741632657293  0.15489625679520730
  0.16456938386790679  0.17408499191177601  0.18371192226868194  0.19405191944984468
  0.20450831313756901  0.21460973684096954  0.22453695097439658  0.23459522255495188
  0.24475229245468652  0.25472585908553103  0.26466429634809702  0.27485066922031731
  0.28537720509876024  0.29596782233349178  0.30646368531363671  0.31666425436621526
  0.32665749848033432  0.33673680743188777  0.34695192949567483  0.35730148361202918
  0.36774116519435640  0.37819658542096274  0.38871569960529906  0.39952645019202099
  0.41053744292682265  0.42153475607024593  0.43253261252944109  0.44394998501503030
  0.45573525633576212  0.46723951327398927  0.47833677463821739  0.48911127886119926
  0.49984602333052763  0.51074331658784777  0.52185607162453118  0.53310767670741588
  0.54424177120869399  0.55523392712798036  0.56608000261462099  0.57668090766681090
  0.58699071837802286  0.59714745395616020  0.60745942738887559  0.61804562714543132
  0.62849117029424628  0.63841286286642018  0.64827650477989396  0.65846038125216833
  0.66907107095587515  0.67986244264730400  0.69097807490701635  0.70248845180889186
  0.71401684397705645  0.72544680993039434  0.73605660134623385  0.74659310196820716
  0.75759451504890962  0.76871201937012923  0.77885447927269236  0.78874962916364955
  0.79926198833732187  0.81034420294680554  0.82092070507575310  0.83138612043426430
  0.84199480521012793  0.85293458479309903  0.86321576659792576  0.87324679350533041
  0.88336672017442641  0.89362771111101524  0.90448379466837103  0.91526489850638237
  0.92627430912875930  0.93744880968990407  0.94886195329501122  0.96008153897380510
  0.97018794207578973  0.98023645491712041  0.99003197238045171  1.00000000000000000
 -0.00258117099593854  0.01077329668882667  0.02217254580573170  0.03411827997629540
  0.04589633007815820  0.05718625854058701  0.06870426995454761  0.08060360652556417
  0.09224704281286256  0.10402627363900094  0.11577848604966461  0.12768914118902797
  0.13946487022198398  0.15138670049708725  0.16348487830866379  0.17474882916308174
  0.18566995572586700  0.19640622742695338  0.20724488885464790  0.21825157172009177
  0.22916839737289441  0.23974450836769687  0.25023920653279674  0.26064329411725151
  0.27068656097854110  0.28073215416961700  0.29099238563301977  0.30225144892995620
  0.31325951681022257  0.32336192570275041  0.33320313302524152  0.34304988299627220
  0.35287910717906767  0.36275459599180310  0.37252113426221994  0.38251773562304792
  0.39268192435743587  0.40287301621807520  0.41310131587280746  0.42337085287670545
  0.43375289996588395  0.44435044132259266  0.45498525636122905  0.46530934745899827
  0.47535581761141688  0.48499159971185773  0.49438391907995533  0.50374168194721192
  0.51297025652901884  0.52215860327302777  0.53150451671425347  0.54121691041416053
  0.55141727541689245  0.56184576803777231  0.57212795389384585  0.58224168737702819
  0.59226593753688372  0.60215954820099249  0.61155017837391956  0.62037895881140626
  0.62946514970129086  0.63848527832757695  0.64751598623272366  0.65621434857958771
  0.66495523999737716  0.67421230822440714  0.68372046131411535  0.69314935242471520
  0.70283649312185814  0.71321701796388448  0.72421275136767749  0.73542410515300405
  0.74648140556134890  0.75709103382209231  0.76733930764099401  0.77748284957750202
  0.78759758629100229  0.79779230026363213  0.80817628383049245  0.81867382115560738
  0.82907599635741214  0.83939420095095696  0.84966591226820809  0.85994183907840882
  0.87043119363820753  0.88218481259386117  0.89424080962323327  0.90551704649656484
  0.91639357774230967  0.92735147833413445  0.93868851714733126  0.95006498948853502
  0.96216583008189627  0.97489133884318058  0.98756768683812279  1.00000000000000000
 -0.00253100792716177  0.00950246401900425  0.02013419782623955  0.03108353622769668
  0.04220020829899931  0.05300131899106971  0.06400155328568173  0.07509091698005793
  0.08626493879488829  0.09728103480360316  0.10822952104554442  0.11927399966487554
  0.13018071801988082  0.14099040442166325  0.15152873554972052  0.16196878483275601
  0.17231115019079943  0.18268216528850578  0.19335824410770081  0.20420423230792073
  0.21504415572526328  0.22591160955486955  0.23670978082724464  0.24741166073580545
  0.25819341457543171  0.26903627022823717  0.28005569959150611  0.29107675760821983
  0.30180810293904431  0.31242549326100644  0.32289225219236023  0.33312515837530260
  0.34306900826520287  0.35305181811179265  0.36342168654258522  0.37409036901291393
  0.38493249488496811  0.39593189320093297  0.40729736883572143  0.41845102010265733
  0.42902585308578511  0.43936750587765977  0.44965843262164473  0.45995204113803184
  0.47007737268988314  0.48007075953003053  0.49016974781259737  0.50042351079255254
  0.51082971169243507  0.52135893739537187  0.53171899795372013  0.54184404514947704
  0.55173047849762091  0.56189011048085147  0.57270424713174795  0.58376627866754505
  0.59443815491717644  0.60477287464428098  0.61507503240969075  0.62544806002849551
  0.63565346861929928  0.64605277421000096  0.65701296604739468  0.66779348883386558
  0.67810206452765409  0.68869400096877775  0.69994700912631014  0.71124733738435220
  0.72205450852965536  0.73220132641631708  0.74194194940556502  0.75161435978058488
  0.76149016348469267  0.77154041035019705  0.78172106402726527  0.79203567119316909
  0.80270474693505622  0.81379826074610084  0.82494957910088829  0.83581339735700266
  0.84625208323179801  0.85644323367307051  0.86652451800447050  0.87658627339144257
  0.88661512173887680  0.89677709052313848  0.90710845432528686  0.91737561252992572
  0.92802760172975318  0.93866941240423374  0.94919783733919483  0.95954383061130144
  0.96983584320785643  0.98062094748820072  0.99057964610600235  1.00000000000000000
 -0.00244514601556099  0.00971084321500644  0.01968260941957737  0.03039291929862146
  0.04075159559738228  0.05110753890661696  0.06163658530440303  0.07350544193637214
  0.08535356873442654  0.09588590062786388  0.10653940364669801  0.11759222175404915
  0.12852147057597552  0.13863591760957797  0.14839175149659800  0.15833131697642985
  0.16831026800710402  0.17837033222497309  0.18819770532389030  0.19937362917870305
  0.20997614754851321  0.22083851814966768  0.23167297549381702  0.24267032739042874
  0.25364591510161599  0.26452938225265815  0.27554701194327680  0.28677106080798859
  0.29787343747458217  0.30873451698659488  0.31945098775010206  0.33009029307306964
  0.34069193414742460  0.35129951001496856  0.36249730557507481  0.37413651741424309
  0.38553429556084529  0.39650996794198112  0.40724510338796810  0.41784924139101853
  0.42835879631237417  0.43865533005487251  0.44862246180895632  0.45832875489460462
  0.46804946396344144  0.47789508066393993  0.48755736283828249  0.49721673431178909
  0.50682978526158440  0.51667013591179167  0.52687521783144520  0.53717472706296454
  0.54860485634067691  0.56034985400944426  0.57170585581776401  0.58237734086461723
  0.59265769547785285  0.60278523246837912  0.61320899480943303  0.62376413557648736
  0.63521930289022233  0.64653632079425183  0.65786432708198650  0.66866631627587825
  0.67931300163890107  0.68977745206811714  0.70007388015207583  0.71049656245859349
  0.72073593325679952  0.73097762494205620  0.74127767668966527  0.75172610404231099
  0.76209820276474904  0.77238520928245857  0.78286717970017805  0.79339460054248201
  0.80355527630540902  0.81336942886405261  0.82312321783458664  0.83321427184472086
  0.84335074280822153  0.85362193460015701  0.86371669355577274  0.87381892760010771
  0.88423643910124505  0.89507365304050768  0.90604670233444740  0.91666338598798325
  0.92661187498812880  0.93661491717219592  0.94672556362249127  0.95728216485965323
  0.96769228248574124  0.97804844414220860  0.98918114551495540  1.00000000000000000
   1.0966558489587356E-008  -1.0000000000000000     
 F F F F F F F F F F F F F F F F F F F F F F F F F F F F F F F F F F F F F F F F F F F F F F F F F F F F F F F F F F F F F F F F F F F F F F F F F F F F F F F F F F F F F F F F F F F F F F F F F F F F F F F F F F F F F F F F F F F F F F F F F F F F F F F F
  <DiscreteSampler_grid>
  grouped_processes
  1 # 1 for a reference and 2 for a running grid.
  10 # Attribute 'min_bin_probing_points' of the grid.
  1 # Attribute 'grid_mode' of the grid. 1=='default',2=='initialization'
  0.0000000000000000 # Attribute 'small_contrib_threshold' of the grid.
  0.5000000000000000 # Attribute 'damping_power' of the grid.
 # binID   n_entries weight   weight_sqr   abs_weight
    10   10   5.688606496240445E+004   1.093930257195876E+010   5.688606496240445E+004
    16   10   5.688606496240445E+004   1.093930257195876E+010   5.688606496240445E+004
  </DiscreteSampler_grid>
