  0.00902276819496120  0.01579016680900849  0.02620574004389747  0.03802818690915537
  0.04968380467596836  0.06104718285557392  0.07242199614488402  0.08414299254593618
  0.09640311356139893  0.10856152697026927  0.12011186218480123  0.13107330677873133
  0.14136783239071166  0.15156506305561787  0.16193678325391736  0.17229499233735815
  0.18239398278899471  0.19231405236061236  0.20248858737644254  0.21292937806332274
  0.22355306400991032  0.23426959155362168  0.24520662776705093  0.25642616732775192
  0.26759243044337350  0.27772151276936119  0.28753237068031878  0.29759407947634375
  0.30763678693708163  0.31779668677201822  0.32756051584588786  0.33720144150378079
  0.34670670290221656  0.35651301579344580  0.36717682193233464  0.37770890627460380
  0.38752511117374605  0.39754439442879336  0.40853021244824933  0.41940284503210418
  0.42951957795092210  0.43964215757284930  0.45048926861792754  0.46098288858861086
  0.46960685467173352  0.47875572035672187  0.48788964448205141  0.49721000319044512
  0.50660796091304339  0.51625300405198604  0.52654889739470134  0.53712760704503648
  0.54777805133057877  0.55817512059863372  0.56842717935048170  0.57852869200608303
  0.58930158249415310  0.60089372786877937  0.61165388047661484  0.62168034838126762
  0.63121601099726243  0.64035883010446959  0.64961104188388619  0.65923285016425603
  0.66976400795133406  0.68118340070286498  0.69277974031630007  0.70427720348230027
  0.71566155861760450  0.72699550970525484  0.73705902351736563  0.74667130445833130
  0.75624266062941492  0.76589313787643643  0.77583771919410383  0.78589596989468846
  0.79597387721015245  0.80572787389062472  0.81531499907941385  0.82511306465593504
  0.83493066843427488  0.84440150325712604  0.85411799075860595  0.86427877120037122
  0.87464824913150574  0.88500264597482647  0.89558274071032351  0.90674033277891963
  0.91813795079169191  0.92927340441713602  0.94008353247485643  0.95027478636926910
  0.96099671451851154  0.97159113349995940  0.98174571517430953  1.00000000000000000
  0.00880540328054162  0.01756484377191459  0.02774548551954273  0.03862724224853894
  0.04925836664350021  0.05959974432533380  0.06963956957268068  0.07948983429204833
  0.08962628351183567  0.10010074357569135  0.11064915229748513  0.12146884635717518
  0.13233190947058526  0.14303742092097851  0.15380082998564959  0.16403918809821477
  0.17379933189070779  0.18368148974037293  0.19451222026900206  0.20597457147083598
  0.21667201394640739  0.22713483997761305  0.23799303479870010  0.24901722791180406
  0.25949534178353995  0.26946558385772246  0.27947313957738640  0.28995535789739391
  0.30083551008330983  0.31164530420382741  0.32218304660763042  0.33255082978903711
  0.34348223226799962  0.35464814604683470  0.36566099196278984  0.37643974969900557
  0.38673689929183502  0.39649812880166740  0.40592192739369665  0.41552983928182857
  0.42492322339146865  0.43378018807251412  0.44272775324985020  0.45187743998622754
  0.46126010893543684  0.47111291809374362  0.48123050523714372  0.49187910478433283
  0.50224584553988993  0.51193840214137665  0.52150953079659890  0.53123952877930047
  0.54136168658525030  0.55186016504151725  0.56263131945834044  0.57426504153980340
  0.58601258458112593  0.59735767560256203  0.60854349208734759  0.61969456233766140
  0.63097028518048681  0.64237916966202602  0.65358382564087258  0.66457169462799026
  0.67525510190337534  0.68584956890991955  0.69672559991417271  0.70800331583290055
  0.71781573579372304  0.72772190813569126  0.73770822561170268  0.74809584969879128
  0.75872150552392759  0.76937315520161254  0.78116899088145419  0.79323030000251127
  0.80359376826942519  0.81356690928712228  0.82355371863661231  0.83379895031627660
  0.84430158534595634  0.85505479712211929  0.86611201215153300  0.87707820922678603
  0.88795793891152186  0.89867238875352862  0.90963235576546519  0.92046793410710581
  0.93124298123920568  0.94164344663022725  0.95254359268227073  0.96268422299910883
  0.97289587596910487  0.98256891904715626  0.99125729782076377  1.00000000000000000
  0.05768455497937176  0.06021507262214384  0.06257217740719238  0.06529484598393305
  0.06911681268005503  0.07284813524670840  0.07651006965887827  0.08028798225026620
  0.08411058359546275  0.08803069723086926  0.09198981162231523  0.09597581823192876
  0.10014387589897215  0.10433032948565858  0.10854109903602030  0.11289184764146361
  0.11731506752062464  0.12184696133482593  0.12640403908152378  0.13115969777917386
  0.13655455721097531  0.14202544946913570  0.14650090007220953  0.14817909460156570
  0.14959955640313397  0.15078078410027893  0.15199801806334776  0.15376947782883893
  0.15623802202249049  0.15860064235124649  0.16098860611202687  0.16338057863316655
  0.16579220101083331  0.16819515186318720  0.17059130850816004  0.17299136722710345
  0.17540875501059763  0.17781156639158574  0.18021653446430994  0.18265841883539322
  0.18513793551815605  0.18763791906180902  0.19016547067986800  0.19273555031157166
  0.19533099361981690  0.19795570281733080  0.20060499431695647  0.20327403133203903
  0.20597027563779199  0.20871857888759393  0.21151343233838540  0.21434116312671583
  0.21720179137582807  0.22009408622733620  0.22302740335193413  0.22600857450755168
  0.22901661755741143  0.23204611950970838  0.23510938058789249  0.23822321154233389
  0.24140906307612220  0.24466226348150905  0.24795989002095090  0.25129808634585721
  0.25470902601813489  0.25813545270248633  0.26163591355027310  0.26519299395457885
  0.26890352785819593  0.27263431093245843  0.27651228096428887  0.28038954892223977
  0.28441013954317917  0.28852169626789487  0.29275089581967134  0.29708992048838123
  0.30161155340650142  0.30629811376560140  0.31113097367079784  0.31619523757491241
  0.32155525779124289  0.32722323058351516  0.33324546712478126  0.33963980341142597
  0.34651591222678912  0.35398166809558340  0.36230602467129958  0.37157828317270886
  0.38197752549221697  0.39418525279874700  0.40898801070198798  0.42748730175772265
  0.45361997025640272  0.49561800826224861  0.58683312427751355  1.00000000000000000
 -0.00264655795822357  0.01006877360187207  0.02133694065264688  0.03355102481133258
  0.04626458307631166  0.05868184913337023  0.07064687084784274  0.08271675554599356
  0.09563908802888596  0.10758131651248107  0.11779937165100625  0.12787974854213419
  0.13811258359680492  0.14776040405064178  0.15612505935644103  0.16465735390750932
  0.17425266902088565  0.18433886404406463  0.19365581807560206  0.20224018527258064
  0.21134198476999824  0.22125376246613232  0.23140729816013378  0.24185073661756634
  0.25242112465951777  0.26296030109749946  0.27318075720541496  0.28330640641761207
  0.29370889838868847  0.30452069081355393  0.31571511926895668  0.32724397515925813
  0.33881277146872718  0.35011631707534308  0.36100187152009577  0.37149514198750844
  0.38167687839684927  0.39153641867568217  0.40188550391687267  0.41209896208428187
  0.42172408614625573  0.43090067316949976  0.43997016356378582  0.44911132020842476
  0.45826520559491174  0.46752861071461632  0.47645112544992518  0.48587799371640439
  0.49545586108280421  0.50646051200962849  0.51832762523744891  0.52938076788489141
  0.53948619992756097  0.54886932707409708  0.55807701979895663  0.56757794916634186
  0.57745138637908022  0.58739763949279644  0.59732569762012511  0.60714812084939085
  0.61770895169671913  0.62840801979145611  0.63918992708885491  0.65026050148273007
  0.66115542065484945  0.67229722443184681  0.68328113200236840  0.69387096171188778
  0.70412094478297127  0.71442269537879310  0.72480739535734651  0.73528682537017465
  0.74575732452485299  0.75624371038777283  0.76672950938537121  0.77726806609835242
  0.78793063940626440  0.79882626713588178  0.81012345537190300  0.82165817698818111
  0.83326061337744495  0.84482272686369986  0.85582810282345456  0.86618810495192933
  0.87670839243196663  0.88722922668842419  0.89718255127261892  0.90714647654645086
  0.91809817754179146  0.93089370713222896  0.94307879707158626  0.95409249870781232
  0.96525166782834693  0.97658657084623479  0.98821784192409701  1.00000000000000000
 -0.00211464273712393  0.00837204206829603  0.01676324769752117  0.02602100184707539
  0.03571781644774514  0.04592473035127762  0.05558076328900696  0.06550463551605493
  0.07627504952623712  0.08693313528185773  0.09765321181279824  0.10856646671240128
  0.11974695356256645  0.13133904470308444  0.14277149368792053  0.15393957722593576
  0.16429841131572295  0.17520573748032495  0.18629807818133107  0.19815306748337169
  0.20979064517193197  0.22070277629178608  0.23131461560031377  0.24189388165323056
  0.25263288165120396  0.26325971742346488  0.27386214009251569  0.28522063079617715
  0.29584394439161343  0.30562623955203372  0.31519848186312421  0.32479713372484942
  0.33442513148158937  0.34438103518469559  0.35529712467761132  0.36774696956060321
  0.38025833217931437  0.39241675969545559  0.40348197520121692  0.41386950701096881
  0.42418761232563673  0.43422940636775392  0.44437283419200863  0.45468087864630807
  0.46549189212024927  0.47696831384622385  0.48756632427282054  0.49796775160402612
  0.50894920890431206  0.51979758705388934  0.53033091964107593  0.54072541732637602
  0.55057312230341893  0.56008140697361330  0.56900411609641555  0.57782664354774960
  0.58687020070703511  0.59599367273119352  0.60576598088192235  0.61608097138292173
  0.62635401384697964  0.63617869121688786  0.64595906940792125  0.65592692615378689
  0.66575241080994507  0.67545273679431972  0.68517244040358671  0.69548523227842318
  0.70654190919594118  0.71791101102104404  0.72943823440238753  0.74061343027566917
  0.75163994676900947  0.76216455412831952  0.77276288908273394  0.78348266526316013
  0.79431864023658993  0.80528654161604429  0.81607637982716907  0.82685266660786882
  0.83784005969245656  0.84895458016244452  0.86005127805292902  0.87057689506251479
  0.88108794095225251  0.89174877251327067  0.90254718243074272  0.91315692206957744
  0.92407440899010063  0.93460580263691162  0.94493168436487185  0.95520392572245272
  0.96597265852508019  0.97742245320273868  0.98874638902621714  1.00000000000000000
 -0.00325403299492691  0.01234723586055189  0.02486497473700106  0.03656111217950003
  0.04822850311875304  0.05992285524847956  0.07184462649498780  0.08322004979994160
  0.09586297822760015  0.10793393810593881  0.11988611459610107  0.13156733173648241
  0.14323463258408783  0.15430057340367395  0.16503972258736235  0.17507300453923902
  0.18492504486498668  0.19464447056535250  0.20413090841078516  0.21333737475975048
  0.22252549935803750  0.23240208234176060  0.24235110357896769  0.25212258732898551
  0.26188677739251526  0.27223163574205422  0.28337619539108289  0.29468233253558729
  0.30604927802644705  0.31671015402058356  0.32678201135514767  0.33705311843521285
  0.34709562889098750  0.35709580831007370  0.36677697569327017  0.37685181773784332
  0.38795121143355499  0.39901467069409452  0.40972362071113977  0.41940660452441020
  0.42855649543893493  0.43743325670987371  0.44632635235069329  0.45537770478895973
  0.46470642457770028  0.47391685991193905  0.48284027816196529  0.49171537820577127
  0.50055527854828608  0.50970715427936530  0.51920921351726690  0.52861487411488084
  0.53793605649017151  0.54723402691238299  0.55622348536953858  0.56528533512482060
  0.57466413165015184  0.58422140360449282  0.59364551647211672  0.60271338160911236
  0.61166582740656517  0.62062662448933481  0.63010366008623975  0.63966794710634611
  0.64939207013624489  0.65964499350577666  0.67012925212435404  0.68154676134380621
  0.69318082549180549  0.70453904811183066  0.71526262031672927  0.72591022547655615
  0.73674616365122614  0.74798117168232747  0.75895775652275788  0.77017581796331203
  0.78193139137035617  0.79384360742614746  0.80573427089062799  0.81767630554612047
  0.82931226045281303  0.84050560246807660  0.85120598057318708  0.86135722396139813
  0.87134315389306882  0.88109346494735707  0.89080221823691341  0.90063624609059290
  0.91049080443643748  0.92054516445668677  0.93245008684002240  0.94480765056359772
  0.95835798835997565  0.97191929711707103  0.98579170352391488  1.00000000000000000
 -0.00278945337108422  0.01075545294857848  0.02214331257997890  0.03332815472948188
  0.04471141570584596  0.05665689722257598  0.06931971910619196  0.08189682981884741
  0.09386808113605292  0.10548127068923317  0.11726915546375925  0.12873142584933697
  0.13976434274609489  0.15053256421958033  0.16113501962759910  0.17130348393149070
  0.18089542872782616  0.19068007956355246  0.20099874680115934  0.21200992830552351
  0.22358826479920221  0.23498977130921531  0.24601330735263538  0.25703691012615565
  0.26808437909988725  0.27906892815011974  0.28988648175516696  0.30046814608312944
  0.31087713469310130  0.32119869682029834  0.33178954612158840  0.34212551820382503
  0.35163318689111689  0.36080464665114820  0.36998416475121843  0.37941376751831818
  0.38893047149760140  0.39848233690945323  0.40839367268738547  0.41864287536891409
  0.42932764498023485  0.44051748592328305  0.45198906292729762  0.46322183475725925
  0.47452749937115019  0.48601976145176462  0.49752083178957879  0.50799869404702369
  0.51794952144474660  0.52782941350585688  0.53773059221621167  0.54687493866835846
  0.55567498085790890  0.56449152606284003  0.57482985986100843  0.58537905547780333
  0.59592848217887739  0.60625938419170677  0.61621904148230977  0.62560035545112791
  0.63437461430999298  0.64307907419980881  0.65229439974715286  0.66214104134775487
  0.67265583284776720  0.68339001391747178  0.69425191805501429  0.70558847365036492
  0.71698102807765662  0.72862453366242619  0.74067900436414824  0.75214089033456488
  0.76332073130872657  0.77373524668554083  0.78380369963795693  0.79370176901955491
  0.80341475181229871  0.81360334267833490  0.82436018778924758  0.83549587627663913
  0.84690730604137832  0.85809858491879065  0.86879647774939628  0.87864487800648594
  0.88755847398351839  0.89710602009108864  0.90710256262629119  0.91710876344054582
  0.92624693247883383  0.93551504621665360  0.94545228259639935  0.95602782325353497
  0.96672899312009430  0.97749346243194934  0.98887853865938491  1.00000000000000000
 -0.00234128267746430  0.00913257452443199  0.01946502332197955  0.02882066516256093
  0.03853366635340310  0.04855638426055498  0.05851343795842709  0.06888656227009798
  0.07963582312675248  0.09130068764192699  0.10344778606695554  0.11478178690502959
  0.12563064496196094  0.13632447596022318  0.14677507923908886  0.15663170875800864
  0.16634542808167507  0.17599519614557113  0.18564276748513781  0.19552963593139358
  0.20547672224951596  0.21587105183453181  0.22675669831066786  0.23807865580998736
  0.24973765065312875  0.26048007979746662  0.27136354646008520  0.28203222622934393
  0.29307751493782941  0.30353663779703227  0.31393686230583046  0.32429565692262691
  0.33437689593834008  0.34475926975924531  0.35482440029799062  0.36467812304217673
  0.37460577961928865  0.38513820295514967  0.39586117468283621  0.40613267392523766
  0.41638708866104657  0.42701205967778300  0.43783302650933464  0.44842882008807655
  0.45858948565060442  0.46873466054320007  0.47899092502598739  0.48966276162017813
  0.50057230617762172  0.51123350546190638  0.52177823739407392  0.53204279171036939
  0.54212414582897139  0.55198426970118764  0.56202690878520756  0.57260591851999854
  0.58331156247168225  0.59374202037394586  0.60432423311761607  0.61538306936660148
  0.62614059974587410  0.63585249708849334  0.64527569849859356  0.65526583379566983
  0.66536673829185888  0.67483748619514305  0.68450765339768571  0.69538939967236590
  0.70652276211186982  0.71705211010726777  0.72790114597205080  0.74001453239289749
  0.75287867847713008  0.76559442255301058  0.77757811920885622  0.78876410064335079
  0.79989827185938178  0.81074278637405539  0.82104095320972348  0.83120062567241437
  0.84187191575378340  0.85269221757329139  0.86302750935863914  0.87289631003364743
  0.88339482857007501  0.89395837352239460  0.90477272909429973  0.91543478955217461
  0.92717628851713163  0.93842775377146848  0.94844117180054932  0.95842102275212981
  0.96890051487224893  0.97948411100773047  0.98962349240949821  1.00000000000000000
   2.2148802424330411E-008  -1.0000000000000000     
 F F F F F F F F F F F F F F F F F F F F F F F F F F F F F F F F F F F F F F F F F F F F F F F F F F F F F F F F F F F F F F F F F F F F F F F F F F F F F F F F F F F F F F F F F F F F F F F F F F F F F F F F F F F F F F F F F F F F F F F F F F F F F F F F
  <DiscreteSampler_grid>
  grouped_processes
  1 # 1 for a reference and 2 for a running grid.
  10 # Attribute 'min_bin_probing_points' of the grid.
  1 # Attribute 'grid_mode' of the grid. 1=='default',2=='initialization'
  0.0000000000000000 # Attribute 'small_contrib_threshold' of the grid.
  0.5000000000000000 # Attribute 'damping_power' of the grid.
 # binID   n_entries weight   weight_sqr   abs_weight
    10   10   7.019751459477856E+004   1.589076125074738E+010   7.019751459477856E+004
    16   10   7.019751459477855E+004   1.589076125074738E+010   7.019751459477855E+004
  </DiscreteSampler_grid>
