  0.00025694305351905  0.00030667071165451  0.00033524746838916  0.00036405370062143
  0.00039894364081206  0.00044630590058617  0.00056683028470263  0.00087354214120063
  0.00135282210213446  0.00178518233677090  0.00219658226764810  0.00264894182926871
  0.00316228140052890  0.00372750890160500  0.00433102862887973  0.00497587550301924
  0.00574541137243658  0.00662045041768674  0.00760782557733144  0.00871472466377247
  0.01007330774868648  0.01170993606116359  0.01362437875541102  0.01574881089947627
  0.01803370743804179  0.02055550055269285  0.02364465697681192  0.02714278968517808
  0.03110742334482983  0.03578224597711709  0.04108661584070031  0.04653778246627873
  0.05163567569280492  0.05581748340254585  0.05865119549302004  0.06059587253883078
  0.06200625708262558  0.06304569283599849  0.06383082460012141  0.06443502027036679
  0.06491599449792648  0.06530972660547139  0.06563573216587895  0.06591319651430007
  0.06615723121021055  0.06637377335636317  0.06656745353892261  0.06674411141687973
  0.06690785097942448  0.06706151116876377  0.06720634690045772  0.06734411157904907
  0.06747623335078200  0.06760421626912387  0.06772949237465282  0.06785357139076570
  0.06797709668425858  0.06810130986806109  0.06822758641462075  0.06835645891505081
  0.06849021504676173  0.06862991507163556  0.06877701868790109  0.06893305100279969
  0.06910020200348553  0.06928160978805577  0.06948183893372836  0.06970527467300129
  0.06995629746509910  0.07024303434449387  0.07057747670258083  0.07097264461442375
  0.07144810099975045  0.07203809073630529  0.07278619768449524  0.07375471334811758
  0.07504005725922065  0.07685950997970027  0.07963918388366584  0.08382031728576091
  0.08998606540507821  0.09898539352492870  0.11201392312759921  0.12969301280006409
  0.15248594866465842  0.18281996280686158  0.22368632987591444  0.27735825543907866
  0.34750189443014379  0.44597435383639905  0.54312313829060477  0.62601293886274245
  0.71020654011773043  0.80292812950963532  0.90513991056347143  1.00000000000000000
  0.00001560403777994  0.00004575333872982  0.00007318384153509  0.00009582259401754
  0.00011752303407651  0.00014131609985034  0.00017519047699441  0.00021679187517072
  0.00026691511333367  0.00033109460849244  0.00040709142099542  0.00050369723731405
  0.00064043479193026  0.00081669804900959  0.00103313961776818  0.00129869696112679
  0.00162652086155299  0.00204106821581262  0.00254000192431662  0.00320595498971868
  0.00405677266607950  0.00542586164939995  0.00719567056989086  0.00982619260961370
  0.01356103617166159  0.01951150783450529  0.02846401376808028  0.04029641336794977
  0.05549136216316559  0.07326814592094261  0.09181555410717852  0.11083135399477331
  0.12997869734314807  0.14933865338522481  0.16868733935062377  0.18785338838491999
  0.20691569845218050  0.22620613255482394  0.24595043062013522  0.26577238885016735
  0.28541951864134230  0.30473199770278042  0.32396397082977174  0.34327629395530318
  0.36256651948214524  0.38182850371444754  0.40105090146962674  0.42052737223197922
  0.44009944561080633  0.45948127740338757  0.47863170497975110  0.49773576807248343
  0.51680769271103244  0.53590731121331769  0.55498415501507792  0.57406016044771735
  0.59327219745325732  0.61241620163956478  0.63125171055519724  0.65025283114194765
  0.66948373095138702  0.68829309902971259  0.70677142866720444  0.72545268905396021
  0.74435294515468764  0.76315888913581131  0.78188907530050777  0.80056518417451339
  0.81922061349476150  0.83767938483719606  0.85581706894269638  0.87361124342743723
  0.89102343411128315  0.90787438415473298  0.92395678998651143  0.93898531091836324
  0.95262614236137222  0.96448257590471642  0.97429977821435831  0.98179204455484204
  0.98715445339901942  0.99084307061935195  0.99345504151283093  0.99544487404852233
  0.99681947449979369  0.99779386153908511  0.99854860221248376  0.99905626604520514
  0.99933954034939532  0.99949538518576375  0.99960320107517009  0.99969264583537720
  0.99976771740522186  0.99984269324611386  0.99991924413159328  1.00000000000000000
  0.00046856358297493  0.00079609751620634  0.00100850342217119  0.00120877662297435
  0.00142138511758858  0.00165103009469996  0.00189999111151309  0.00216991274707317
  0.00246395249720443  0.00278672727608589  0.00313818429744236  0.00351688508522485
  0.00392649985580206  0.00437308268722337  0.00485974725927525  0.00537545945519050
  0.00590089758462866  0.00642993307303758  0.00697289877301971  0.00753208351637298
  0.00809980914026159  0.00867264556908280  0.00925618471787771  0.00985490981954946
  0.01047558671268604  0.01112429864250204  0.01180771142063915  0.01252345000161748
  0.01326763617450006  0.01403924832520094  0.01484435443655026  0.01566576161491423
  0.01645682017751657  0.01726774341551869  0.01813774156862084  0.01899704897392017
  0.01990768199926868  0.02099218865986081  0.02212872991971176  0.02325961168287182
  0.02445219992087116  0.02574317620842983  0.02712602401721238  0.02857234172637480
  0.03005678216248199  0.03160578540914877  0.03321463457038244  0.03492645980060407
  0.03676051334659643  0.03867197406689225  0.04067549167347381  0.04272295393751924
  0.04484345795927625  0.04707549290270040  0.04948149187791950  0.05196295301450941
  0.05452312861847700  0.05713395305366811  0.05994651521976814  0.06287386136765107
  0.06560035689165065  0.06835616990308047  0.07118954652452014  0.07445670439869123
  0.07818630608429870  0.08207691660829051  0.08611003890927264  0.09031916553881948
  0.09469926252816491  0.09943829792526615  0.10464350025088989  0.11005838114398020
  0.11591498887723281  0.12213497595700540  0.12899919953895866  0.13643312198979662
  0.14429185758248075  0.15273001661064911  0.16157868124087318  0.17144688893051080
  0.18235270492070704  0.19402555067347868  0.20633028780558041  0.21948709822369733
  0.23365883107368698  0.24868552077664102  0.26510339195171839  0.28300205237799547
  0.30212484642420218  0.32266574966275913  0.34525849745380427  0.37166857698612144
  0.40333176083923261  0.44373597311175417  0.53297586513383555  1.00000000000000000
 -0.00203728285587144  0.00792983200626879  0.01780159293147460  0.02525007138910811
  0.03318687644616664  0.04110843907952449  0.04921831353840420  0.05835442741872093
  0.06820682810183064  0.07795906685342827  0.08692414533464768  0.09540096543902897
  0.10395402075846062  0.11268331126641336  0.12142663364576638  0.13034325459264795
  0.13911825186662541  0.14772177284284035  0.15702206852972062  0.16672505245841357
  0.17653977889060155  0.18661233684571382  0.19684644201542947  0.20716231470875351
  0.21722534158168219  0.22697655850989890  0.23651875359613167  0.24592982754594819
  0.25544501968807026  0.26514696679661787  0.27519258160532917  0.28569850014506815
  0.29640466183283892  0.30710941629157573  0.31780736266963600  0.32857508028102150
  0.33951664931329911  0.35054311710748082  0.36153766223996475  0.37248321709901172
  0.38331012279172816  0.39417031838902455  0.40511617608675526  0.41623991643143959
  0.42736253688273190  0.43830291743084793  0.44922182512291442  0.46019213127667735
  0.47141323196242063  0.48250516912799407  0.49339492368400711  0.50432130527843133
  0.51536067651255746  0.52657765182925242  0.53765125723378504  0.54874969423464515
  0.56020104322748876  0.57188724340997077  0.58333778340012810  0.59477246193101052
  0.60629670045045014  0.61798560121885837  0.62952573751859298  0.64096373307828469
  0.65254984379058811  0.66430371710803848  0.67611507904820523  0.68788063218862727
  0.69949421193114925  0.71108607887503905  0.72269534485485143  0.73437184522010357
  0.74578264817817330  0.75622801569663056  0.76650400263103946  0.77695055538345514
  0.78784042841123370  0.79885686405786249  0.81010061373090669  0.82132235821974153
  0.83270868958547550  0.84395964449304040  0.85493658416155616  0.86589694006975448
  0.87661875081823126  0.88796256979988630  0.89924034302033196  0.91020314129090607
  0.92089654275147481  0.93160544724058492  0.94306773876798522  0.95462114033751255
  0.96616066793366162  0.97735801473563833  0.98897705312339979  1.00000000000000000
 -0.00218555043140995  0.00830100900036640  0.01973828009121855  0.03019230392993468
  0.04066363544840087  0.05143364599074093  0.06160905116462680  0.07242347898996916
  0.08315787521523550  0.09295312461731206  0.10278860092488881  0.11282710900205013
  0.12343612839218962  0.13417256158724628  0.14464773044062879  0.15493232165342014
  0.16502556387274417  0.17569459233694118  0.18655448003362290  0.19769540669965985
  0.20841813728797412  0.21909695118866926  0.22984744028480325  0.24052395639115901
  0.25113959335012637  0.26149132441169687  0.27200557792662655  0.28244046605370965
  0.29310188872002413  0.30334722557572497  0.31378325766700532  0.32412308414058977
  0.33448447197612469  0.34484654692116606  0.35534757542389644  0.36606463582216336
  0.37664412790452073  0.38715917864358496  0.39755851286858274  0.40801119967953314
  0.41835602545532774  0.42864782778385369  0.43901743861683057  0.44940555238264029
  0.45999686334088991  0.47078192728573454  0.48095491478616509  0.49067788819406538
  0.50059380441906964  0.51012027938483850  0.51950192467964207  0.52881270701744476
  0.53874559869062921  0.54911451690790758  0.56075350286371639  0.57195733678017502
  0.58242577246078042  0.59269071854642741  0.60275391269241152  0.61308419580237283
  0.62347824104264549  0.63444902707504536  0.64548763338245274  0.65655211489853393
  0.66740445837748708  0.67796992205906015  0.68853478227193154  0.69905077452949593
  0.70990276750823000  0.72088189695395466  0.73187252952821691  0.74277846999162556
  0.75368432972172472  0.76462751272156626  0.77566163758982465  0.78671550422430081
  0.79776108548665681  0.80881725273746397  0.81977133465779140  0.83065010090849434
  0.84131476217313217  0.85186772803137978  0.86248333820550394  0.87383340420328848
  0.88446962979887489  0.89391333294831532  0.90309284366370823  0.91220307179429050
  0.92146842768477011  0.93323421985655497  0.94448656230243744  0.95590703095302043
  0.96709432939095552  0.97819037632296579  0.98930613179602889  1.00000000000000000
 -0.00191479667687964  0.00792173912835464  0.01770916025524250  0.02753037641987247
  0.03778286969155381  0.04794637692005322  0.05815058022795777  0.06840817713349448
  0.07904597530492286  0.08902086906124396  0.09811536870088834  0.10704552278628536
  0.11600542964244501  0.12546700331198257  0.13492243338420148  0.14410580269257461
  0.15313460944190280  0.16269067787799293  0.17259172538001777  0.18253262132939585
  0.19225647821752792  0.20230937375926514  0.21251103662911452  0.22254768927117816
  0.23273265988029682  0.24276078042394297  0.25281977763363173  0.26295844783892508
  0.27293647926485570  0.28311532229265551  0.29362322132979235  0.30404007720657594
  0.31451770889140662  0.32504880776149642  0.33574967078100154  0.34653648533673909
  0.35727773964749310  0.36799653219384076  0.37880706567350414  0.38963220217310091
  0.40056822548274013  0.41147658401413900  0.42222204992621654  0.43294292202317353
  0.44376507322410524  0.45503711024826499  0.46656349255351609  0.47768492700586473
  0.48794308615692245  0.49779166787285473  0.50774494777975232  0.51801164796484755
  0.52827668832502905  0.53791586937323810  0.54859110536981315  0.56009038099378061
  0.57128460718695295  0.58232636741860311  0.59346650986940097  0.60480245776776376
  0.61611446735842912  0.62717894926914486  0.63855766167830497  0.65013508940287479
  0.66210509793541239  0.67395034268652421  0.68542520407562135  0.69645703946627746
  0.70728561446398674  0.71814755602558944  0.72922303495933882  0.74052947390772583
  0.75191351759164715  0.76333549024539726  0.77441291903338583  0.78541166846448141
  0.79635442901621101  0.80729768770835653  0.81846119400824313  0.82949316623821057
  0.84062488334032182  0.85141745999192298  0.86260199703870821  0.87366642559833063
  0.88473499207410378  0.89598338993090543  0.90761058962946983  0.91938816925364519
  0.93087553875833751  0.94144387340248581  0.95072651215705406  0.96012304685247241
  0.96969747768170256  0.97815011386279627  0.98972961391715109  1.00000000000000000
 -0.00223593307018666  0.00885682436200229  0.02064570112788411  0.03222095798675274
  0.04229583648294778  0.05135835294001086  0.06079368268542928  0.07053593720822861
  0.08033233827126592  0.08994999866082898  0.09942922127258425  0.10951339090649080
  0.12008404082528909  0.13062632497768850  0.14094461077830844  0.15140068536242129
  0.16225400201281476  0.17317701037195019  0.18403795401492351  0.19444359511460896
  0.20466195694476752  0.21483347512386070  0.22506911669207522  0.23532678865683077
  0.24597173570867101  0.25700165327008245  0.26818461352034617  0.27907314059796962
  0.28975625509509156  0.30027928746953281  0.31064269137380462  0.32097610504092050
  0.33168546248132141  0.34278202116827861  0.35397134304300437  0.36496225946503869
  0.37583383851012037  0.38670413589803465  0.39754094530220874  0.40737413753949236
  0.41582221170808764  0.42477465155775690  0.43405284664304988  0.44429808661962011
  0.45539628471622251  0.46660536121527341  0.47783499639724086  0.48898290067416184
  0.50005900791901037  0.51107192971841386  0.52192184707166389  0.53272928568735767
  0.54361282232445540  0.55460574649316030  0.56562757635457450  0.57646834789464085
  0.58719985488976889  0.59797254425622537  0.60896671104539069  0.62012647291266576
  0.63118893915306062  0.64212394826352193  0.65293093484290088  0.66352281228150589
  0.67375953093138019  0.68400490582235451  0.69449169309504599  0.70509625682279142
  0.71575983421524392  0.72632111144782263  0.73677945330189332  0.74663842062310493
  0.75638246274730192  0.76627095941246470  0.77714196212650299  0.78800695381584696
  0.79840706593526212  0.80859177978534691  0.81880137717608581  0.82940002520460332
  0.84030223662630044  0.85120659333763438  0.86186603410683871  0.87244289304101952
  0.88310614682163713  0.89377734368269668  0.90437861490878513  0.91484203940681008
  0.92524322219813326  0.93552751861501959  0.94571437599353458  0.95588831708729161
  0.96645800495003520  0.97742377538040714  0.98874506364789871  1.00000000000000000
 -0.00220503306018001  0.00811492268671836  0.01801359525412307  0.02798084566272308
  0.03808455444971452  0.04880211496514634  0.05960655529965926  0.07026668662104910
  0.08076581932974845  0.09061605263023001  0.10078901870334230  0.11052465645538048
  0.12138128974797342  0.13086565529577293  0.14059815457451907  0.15028686706294367
  0.16012520150886136  0.17005230214779660  0.17973090152146909  0.18966828481375522
  0.20036922692966880  0.21146936654315471  0.22255806622097790  0.23361848308975960
  0.24465589320774622  0.25555556481227842  0.26637145868639522  0.27712094634181494
  0.28794943254564920  0.29875994944743839  0.30942126670454628  0.32012935743715165
  0.33098199443637266  0.34199054803511930  0.35296759886120843  0.36364830254396735
  0.37419641043551394  0.38478075609680235  0.39541666419009869  0.40600356886673272
  0.41655685584568725  0.42729439782564421  0.43814040202035881  0.44897302327235300
  0.45975981551834183  0.47050799785952896  0.48125237669559984  0.49190176638761418
  0.50254397188074318  0.51310067814628235  0.52359820892083941  0.53413867058144104
  0.54469343948496829  0.55534833912673509  0.56591663737236164  0.57647987271503431
  0.58719943244145167  0.59817477595248436  0.60929586190284823  0.62048744413215828
  0.63152522456918059  0.64229894881426797  0.65296476924529212  0.66373465219221905
  0.67481221919612722  0.68589095564423452  0.69689545001699249  0.70787536433709242
  0.71887419228618465  0.72986111966168599  0.74070608090782664  0.75158853905333056
  0.76233891959741529  0.77302279518905659  0.78333516386139390  0.79346529102705154
  0.80370065199606744  0.81410410914585052  0.82468525436794982  0.83533401641994109
  0.84604045465269206  0.85683355023643770  0.86750741131092690  0.87808198077895971
  0.88853858035655264  0.89914335907623011  0.90989079547838869  0.92078863422637691
  0.93156421780148935  0.94270510010128128  0.95359340805687443  0.96311364743818983
  0.97232446262160177  0.98134135792322152  0.98907737438256427  1.00000000000000000
   1.2335216173291382E-011  -1.0000000000000000     
 F F F F F F F F F F F F F F F F F F F F F F F F F F F F F F F F F F F F F F F F F F F F F F F F F F F F F F F F F F F F F F F F F F F F F F F F F F F F F F F F F F F F F F F F F F F F F F F F F F F F F F F F F F F F F F F F F F F F F F F F F F F F F F F F
  <DiscreteSampler_grid>
  grouped_processes
  1 # 1 for a reference and 2 for a running grid.
  10 # Attribute 'min_bin_probing_points' of the grid.
  1 # Attribute 'grid_mode' of the grid. 1=='default',2=='initialization'
  0.0000000000000000 # Attribute 'small_contrib_threshold' of the grid.
  0.5000000000000000 # Attribute 'damping_power' of the grid.
 # binID   n_entries weight   weight_sqr   abs_weight
    10   10   2.210808364220873E+000   4.693328856841738E+001   2.210808364220873E+000
    16   10   2.210808364220875E+000   4.693328856841746E+001   2.210808364220875E+000
    22   10   2.210808364220874E+000   4.693328856841744E+001   2.210808364220874E+000
    28   10   2.210808364220875E+000   4.693328856841746E+001   2.210808364220875E+000
  </DiscreteSampler_grid>
