  0.00001613859538469  0.00004761530782095  0.00007206007902157  0.00009296988359759
  0.00011464979713146  0.00013881101188211  0.00016737353650236  0.00020322508914832
  0.00025026860391063  0.00031015439141948  0.00038414678469573  0.00046889837683144
  0.00056846838915493  0.00069885346917358  0.00086897209742220  0.00107681163825913
  0.00131971472347787  0.00160946509943557  0.00201403636697968  0.00249687661531862
  0.00312424581777546  0.00397270882959489  0.00511620213379935  0.00660414328575487
  0.00872578839105020  0.01188811906703823  0.01673488175151429  0.02377778280280681
  0.03309741198205964  0.04511512774986076  0.05985671141955130  0.07666775702861267
  0.09456392094808196  0.11287172486120352  0.13105089983266882  0.14917173699749176
  0.16746951427490214  0.18608357005076032  0.20473597427437262  0.22306661146491549
  0.24134376975548305  0.25988798709974170  0.27854657758392959  0.29713839393308927
  0.31570482408036066  0.33423533498429192  0.35261950246639079  0.37104790014462929
  0.38960081484021342  0.40803055849471564  0.42607143892556837  0.44392932482765091
  0.46233833403632552  0.48113459624177662  0.49988104251214310  0.51843101298167138
  0.53687781649405253  0.55541664872035146  0.57373894041876450  0.59174689990959206
  0.60971886711751389  0.62788843653664839  0.64625905294358021  0.66479462849947590
  0.68330605100574993  0.70182839333935587  0.72023981475109922  0.73829438836711236
  0.75623047082175843  0.77421333184581620  0.79218057439854739  0.80994606234668476
  0.82776988556742004  0.84562738440429486  0.86308172197094724  0.87996242959566739
  0.89639829647743619  0.91229801543211853  0.92753214613678625  0.94187078584329142
  0.95482111459742269  0.96574231800530419  0.97478298823955267  0.98159627360715074
  0.98685210041121407  0.99038150403310121  0.99280150160921654  0.99468950868756290
  0.99618909466056382  0.99728647934713277  0.99812245421657231  0.99877976601654173
  0.99924586893856082  0.99953795196763562  0.99978286096788382  1.00000000000000000
  0.00029288738863977  0.00035570415776418  0.00039751762144393  0.00045264102852601
  0.00062018869287128  0.00100563559327539  0.00147574667026468  0.00191714342720394
  0.00239215842394286  0.00287072827820419  0.00336752415847040  0.00392701365786749
  0.00457116668527729  0.00526535056575834  0.00604913496511172  0.00700109368247142
  0.00797049355164225  0.00907900044278760  0.01051717987173703  0.01233909497585968
  0.01434726903816589  0.01661776074432452  0.01929066149888969  0.02255509135914187
  0.02654286392234110  0.03129506737739114  0.03676082684631394  0.04275429467045493
  0.04884230978128759  0.05402098683044941  0.05773304540633693  0.06024444736149612
  0.06197894900006090  0.06318484866270657  0.06404916554709117  0.06467277059350716
  0.06517027782279598  0.06557702474216685  0.06591541936831541  0.06620379990750130
  0.06645338188057545  0.06667477445544509  0.06687626725834919  0.06706318853679255
  0.06723854083262570  0.06740459207860552  0.06756365400409139  0.06771793446114642
  0.06786944674889454  0.06801941557877662  0.06817168199376006  0.06832817304479263
  0.06849040686293355  0.06865922660591432  0.06883722442493108  0.06903083805785226
  0.06924575419601330  0.06948485832824361  0.06975284695660366  0.07005849576830171
  0.07041322329649931  0.07083873776397769  0.07137086818626097  0.07204899697842346
  0.07293463897420850  0.07412148126677509  0.07581865497380967  0.07837549863769654
  0.08227003002091993  0.08836025062583897  0.09760369617600961  0.11061202424575492
  0.12839762559171441  0.15338954602327909  0.18947349075835698  0.24048729048506978
  0.31119917222788074  0.40745223880618148  0.51267959130477170  0.58821269021258782
  0.62478082205275487  0.64438729656700633  0.66273760837481188  0.68129378914908878
  0.69828282700663558  0.71501057145659985  0.73301319194360215  0.74986051022704658
  0.76536744083907615  0.77993387124223990  0.79400650660637961  0.80931157626452854
  0.82944840807748488  0.86605409793472232  0.88477451172382504  1.00000000000000000
  0.00038953367886939  0.00074735372309386  0.00098593452199230  0.00122712086547699
  0.00148931332769484  0.00177581339493541  0.00208825755230430  0.00242735215351025
  0.00279535225607432  0.00318897032895055  0.00358808970799131  0.00398998511800004
  0.00444832072918261  0.00496790940074381  0.00548990021351741  0.00599474004261782
  0.00649951345446226  0.00701245323669076  0.00752991301382548  0.00805175763634823
  0.00858487086282983  0.00913796777073188  0.00971321773211009  0.01031414941710687
  0.01094227651768995  0.01160191756533695  0.01228632583304145  0.01298150219596601
  0.01370320116330972  0.01444678402320320  0.01523007302271326  0.01607293726080066
  0.01698003704228595  0.01793287647392956  0.01891497643030080  0.01993656177360790
  0.02098199116953603  0.02204897408323794  0.02317484278843442  0.02439407083612211
  0.02571824899465155  0.02710337347623901  0.02853901905401699  0.03005122966275625
  0.03164180999837576  0.03327503848667773  0.03491275869057980  0.03659186511634298
  0.03839908599332979  0.04036585135532979  0.04244905009353635  0.04463322206748307
  0.04692621251114158  0.04936237458500235  0.05193281280891896  0.05449977231746201
  0.05707234620731618  0.05976570691136474  0.06274104906094739  0.06609620771525160
  0.06968167097752156  0.07325803225082438  0.07680254689144132  0.08043027207956123
  0.08426046955052151  0.08832325869502342  0.09255181346849192  0.09698036596392227
  0.10174794281384493  0.10701603271051675  0.11275208768447778  0.11892272624057711
  0.12553855766828875  0.13239481685793075  0.13932819109141581  0.14661770486067230
  0.15481922492346420  0.16337684874427399  0.17145210048158971  0.17995443132789096
  0.18892670003726147  0.19997487006758022  0.21329265161870187  0.22757208952290259
  0.24224736115513024  0.25771616982846651  0.27368931806940722  0.29107013319820568
  0.30989053129674171  0.33048102390098777  0.35392599043976725  0.37971721602685909
  0.41058121629778921  0.44961509723486170  0.53601330020076499  1.00000000000000000
 -0.00238164740979368  0.00893578851052976  0.01847782588563658  0.02908794847895768
  0.03911540484336782  0.04835009796176516  0.05736968170539961  0.06707850509900209
  0.07646387943019876  0.08550278598355805  0.09450422535255883  0.10382293146798899
  0.11358577167930450  0.12303421812284213  0.13237315061923505  0.14178129668480091
  0.15169997387334813  0.16176888735409145  0.17194777743415668  0.18192400794042810
  0.19208997616859438  0.20213140079713127  0.21202380266806942  0.22159384483403874
  0.23137699324690042  0.24121956523510094  0.25138595219687643  0.26136740060355584
  0.27135590218077160  0.28136710250679886  0.29165892847683639  0.30172195250206651
  0.31174598923383601  0.32176480312012495  0.33221008148017112  0.34284279686512820
  0.35344384763168812  0.36429169949149648  0.37482662070312173  0.38514552276397651
  0.39540557520757125  0.40503743145619020  0.41539893238183573  0.42578602959317347
  0.43652747052195767  0.44726535911941606  0.45801784239463128  0.46904294472257646
  0.47946739343293515  0.48843502463354854  0.49723133959908605  0.50538598427113013
  0.51497950640817913  0.52641454030851753  0.53794254754130932  0.54916192983966694
  0.56023066215697692  0.57145438059387865  0.58289554220126671  0.59431611570255050
  0.60584316199070021  0.61744219873391426  0.62917558666530249  0.64093660317388090
  0.65268301914079119  0.66440116863670995  0.67615698818855752  0.68778000512846960
  0.69920742368709854  0.71025758117767235  0.72129770718418340  0.73250021925804421
  0.74425627893643220  0.75573704479202586  0.76720213581211671  0.77886856853314590
  0.79057110119434071  0.80189589903141356  0.81294590072583017  0.82432371302889995
  0.83575668123595404  0.84738342672455969  0.85814644720258482  0.86836305622134624
  0.87839059613464499  0.88887378095611103  0.90032383042771102  0.91186100926720726
  0.92349311718595872  0.93486430318179958  0.94659190215008093  0.95792989062936595
  0.96898438603798021  0.97906975276987651  0.98969500901429475  1.00000000000000000
 -0.00182817411414000  0.00725466508542730  0.01686709735580818  0.02679991280667875
  0.03718130570211733  0.04748063382304759  0.05793472980600291  0.06854443326539525
  0.07883367979735310  0.08885302010901364  0.09890163383606204  0.10791774102850414
  0.11646707894033238  0.12507724075753146  0.13341547456549507  0.14308500666769405
  0.15379361018518239  0.16452935064105911  0.17534254417636225  0.18634009524449405
  0.19750263933826906  0.20878995022617894  0.21995656457628929  0.23072628088893501
  0.24106679569393674  0.25143056407564307  0.26174953634591186  0.27177486154209041
  0.28152045309975243  0.29151611928361026  0.30226408769831192  0.31306793674050831
  0.32344830706106786  0.33384104738495574  0.34455077080185553  0.35558554686364474
  0.36658613568440024  0.37734986264923726  0.38791363208043211  0.39850507475905356
  0.40930751362356127  0.42039541019935045  0.43121607760280317  0.44161055016189893
  0.45197950805841230  0.46235984378961159  0.47276672693673516  0.48308167891992282
  0.49343921658957901  0.50414016656347627  0.51504863009605462  0.52593945527209063
  0.53679470035472787  0.54768739674555089  0.55874821742785674  0.56990432428823579
  0.58101136234571060  0.59210303463454739  0.60325348307822069  0.61455570299126372
  0.62566456603108356  0.63626209726889249  0.64662271544328709  0.65682514422626737
  0.66726801153647097  0.67796912312513058  0.68889425058766074  0.69988495949444196
  0.71087872132819208  0.72176510081719403  0.73254191767568122  0.74307335502849670
  0.75354097245174412  0.76406724076345600  0.77453929140257693  0.78502550384416292
  0.79557265142870848  0.80636211914855382  0.81739976943605797  0.82867546294822270
  0.83987306252997651  0.85070483051844525  0.86149899212879788  0.87230511873987737
  0.88322723059251529  0.89439965402738608  0.90562516595774445  0.91625304887170456
  0.92640458763950073  0.93656862791834850  0.94700399428088911  0.95788331874834109
  0.96833159707399974  0.97875001134810546  0.98921980805753451  1.00000000000000000
 -0.00201820456075072  0.00794982754784385  0.01818446043714580  0.02823653595246154
  0.03900835610889918  0.04893460266477011  0.05838351673824911  0.06805639812233637
  0.07771645860430466  0.08809853305089335  0.09723511568169710  0.10605916538737434
  0.11435955899009297  0.12301259503605402  0.13247004688958522  0.14215016352215901
  0.15126880952909924  0.16020144650024673  0.16947318202504835  0.17980005251694287
  0.18966553644593581  0.19941589480107369  0.20899032203834553  0.21889180428964658
  0.22929215811181894  0.23981267142114146  0.25020877676580366  0.26050071171080447
  0.27081539132789056  0.28108369098795216  0.29136435076478812  0.30160743242390742
  0.31184549474257989  0.32224772229472748  0.33289441447454193  0.34334885294693057
  0.35348954187095760  0.36338837649259481  0.37362330630803964  0.38425190209534099
  0.39508126893041695  0.40594780644768391  0.41699628940772338  0.42803379643038686
  0.43874498777379056  0.44940727911885719  0.46032584587793129  0.47151372104028361
  0.48267450088551334  0.49380495230478166  0.50500014109018765  0.51624681805504680
  0.52760621107172379  0.53891189682345630  0.54991555936890268  0.56071390045435454
  0.57169827547904550  0.58307071270882393  0.59459467758090034  0.60623708242690444
  0.61735754199510129  0.62730055715799893  0.63686891568622561  0.64642669180453927
  0.65665775637479151  0.66813411627848129  0.67984344269450336  0.69138130330603076
  0.70283036709407931  0.71400771026644783  0.72526493873702580  0.73652834411643608
  0.74804890256918000  0.75948183856389284  0.77107273768209084  0.78268115719613873
  0.79437985417574120  0.80605784697773863  0.81774233616712944  0.82931423834432272
  0.84052961020143369  0.85191383209714289  0.86312613867014742  0.87452696691711362
  0.88536443008873067  0.89565069474803793  0.90614498508604358  0.91670151501632624
  0.92701554211686799  0.93676682686664581  0.94604143077905145  0.95575393680458320
  0.96653878569442953  0.97738785918322979  0.98851757727766609  1.00000000000000000
 -0.00246300056697872  0.00934875566150428  0.01995774818536586  0.03147196302479966
  0.04220365979726103  0.05295215385983006  0.06358672437563176  0.07423606056770404
  0.08498101688587310  0.09550886816849734  0.10620278394808504  0.11706744223580724
  0.12742606808311449  0.13739143340277310  0.14706468287240462  0.15759230207776442
  0.16832820450258723  0.17898623509871037  0.18967614461611948  0.20075964247104522
  0.21203701189716676  0.22330278549743657  0.23458605014482997  0.24544061586201638
  0.25606878026749674  0.26631706424271678  0.27658552111246221  0.28699684770792133
  0.29797838309323865  0.30942354090888163  0.32078137042342714  0.33194200731370310
  0.34291089495694743  0.35382039645374647  0.36472166663264372  0.37521021666725168
  0.38563423790298990  0.39609107426578383  0.40677333436552321  0.41765686562920290
  0.42842606425243868  0.43928737689583242  0.45032587813883340  0.46151465934737901
  0.47249361900813186  0.48258312736163905  0.49140830742348368  0.50013165264394133
  0.50906294026542165  0.51744009144381975  0.52775925551057479  0.53923478574238626
  0.55046964926467057  0.56150256722680947  0.57244451576087108  0.58286068137952607
  0.59343281748226095  0.60384711548840775  0.61461562086546995  0.62510739190888021
  0.63518121299486063  0.64534633499681515  0.65572012607144969  0.66664600522028861
  0.67748220439385487  0.68810171666031628  0.69905457288983808  0.70983790060641472
  0.71980823241090586  0.72965400772799260  0.73914866850399685  0.74971025535572733
  0.76050985629032020  0.77177795224116696  0.78281901890899708  0.79383096996498259
  0.80412946643221694  0.81449243623363132  0.82443418820375902  0.83415066513586111
  0.84355030812631182  0.85303061463589902  0.86337245993104206  0.87438632251470805
  0.88473123006654597  0.89469567398310623  0.90470123345988029  0.91480644480310702
  0.92575689770234948  0.93672906713877868  0.94743994738050819  0.95816701503196144
  0.96894180969959509  0.97964936810287373  0.98994860518273120  1.00000000000000000
 -0.00231262310158747  0.00917864163131018  0.01880179746873038  0.02992109757382847
  0.04024357170749465  0.05133927195838016  0.06171286756814978  0.07220891491502020
  0.08154661178285039  0.09076592607502362  0.10073668987824258  0.11091752866000631
  0.12222019443121397  0.13327357783784671  0.14404192564236581  0.15507458957968645
  0.16629601219150461  0.17725846047965621  0.18829775817634797  0.19837682905147211
  0.20847155106635323  0.21854612408820587  0.22903772920540197  0.23995118197495507
  0.25060875254014037  0.26156808577020990  0.27270858795083808  0.28371684651888940
  0.29431291826304318  0.30489422008331490  0.31564317400150904  0.32640164678017175
  0.33716359140888369  0.34800848186892147  0.35898002765151754  0.36969200105396033
  0.38046671152102662  0.39137212359973594  0.40216778073549569  0.41258408700977611
  0.42289204584984208  0.43313362733542393  0.44323387780048074  0.45349562707938229
  0.46376750142362150  0.47455471369057267  0.48478586013029967  0.49441600500868016
  0.50407743401905336  0.51410896490891256  0.52510939208575591  0.53622633996379376
  0.54716435304541422  0.55796123550566246  0.56921047441556283  0.57964028547654822
  0.58875281644551236  0.59778283808443433  0.60666735116048798  0.61591718901927572
  0.62665928172959262  0.63751285361261090  0.64826326795355160  0.65916917754878757
  0.67015336377111645  0.68114232770501071  0.69229386538602833  0.70342379435549429
  0.71469559073735700  0.72607687398318466  0.73701137252756377  0.74738921807784897
  0.75740707302825783  0.76760671530168867  0.77800204267393136  0.78828319138658953
  0.79877696661873154  0.80960332523249356  0.82048195464113560  0.83145093901100653
  0.84232023607291362  0.85365753760916285  0.86481809510034513  0.87518729142104423
  0.88488322139454101  0.89403125073846046  0.90449634938138923  0.91552377225711645
  0.92614078568715141  0.93685937260107355  0.94676669627874299  0.95714324761756686
  0.96779263394716453  0.97867129262239028  0.98900335329162015  1.00000000000000000
   2.3668243486808975E-011  -1.0000000000000000     
 F F F F F F F F F F F F F F F F F F F F F F F F F F F F F F F F F F F F F F F F F F F F F F F F F F F F F F F F F F F F F F F F F F F F F F F F F F F F F F F F F F F F F F F F F F F F F F F F F F F F F F F F F F F F F F F F F F F F F F F F F F F F F F F F
  <DiscreteSampler_grid>
  grouped_processes
  1 # 1 for a reference and 2 for a running grid.
  10 # Attribute 'min_bin_probing_points' of the grid.
  1 # Attribute 'grid_mode' of the grid. 1=='default',2=='initialization'
  0.0000000000000000 # Attribute 'small_contrib_threshold' of the grid.
  0.5000000000000000 # Attribute 'damping_power' of the grid.
 # binID   n_entries weight   weight_sqr   abs_weight
    10   10   3.349100252061402E+000   6.715359259592742E+001   3.349100252061402E+000
    16   10   3.349100252061402E+000   6.715359259592739E+001   3.349100252061402E+000
    22   10   3.349100252061402E+000   6.715359259592742E+001   3.349100252061402E+000
    28   10   3.349100252061402E+000   6.715359259592739E+001   3.349100252061402E+000
  </DiscreteSampler_grid>
