  0.00898985859200831  0.01647913155705975  0.02748717975148952  0.03948819674103470
  0.05148216789151460  0.06350593940160851  0.07467372362910409  0.08534213006513468
  0.09584043634043149  0.10626935429538215  0.11675687885788795  0.12701355189314564
  0.13717950727249117  0.14729482768776064  0.15725852704107637  0.16711108609092071
  0.17683594606437322  0.18671325948962028  0.19699202180123096  0.20743767348991429
  0.21821490888475353  0.22961416888132835  0.24085152217425085  0.25195623095107550
  0.26244000840577669  0.27255928293251341  0.28224292797597700  0.29154196192145526
  0.30131175544156436  0.31072711745421089  0.32162797634433615  0.33267927109762235
  0.34397454268879857  0.35521260048280667  0.36638180613788557  0.37761022818263218
  0.38904902514869089  0.40082313508315487  0.41269062248542127  0.42439575224217030
  0.43588124957269164  0.44718270697797691  0.45828903030259349  0.46884676046081525
  0.47915474418378595  0.48965688936981439  0.49977484003140338  0.50942203844948430
  0.51916096074253015  0.52935502634839926  0.53911798948333789  0.54822216181691175
  0.55722783806179443  0.56730914031641322  0.57822137539051799  0.58870057580362767
  0.59827408847749652  0.60814952002562372  0.61834131547978510  0.62926484088696744
  0.64048555892289472  0.65184431682053068  0.66343867730549677  0.67451095791957183
  0.68483387549208519  0.69432933191885382  0.70381882747785418  0.71330608265588946
  0.72241713260370488  0.73141026471909643  0.74089714614593294  0.75038568080304413
  0.75982373033565609  0.76928653863803609  0.77882197525011942  0.78820598384565310
  0.79742933302178021  0.80709706730968733  0.81793563900748800  0.83005102452553214
  0.84212694339497796  0.85371928173908385  0.86525922302812652  0.87638622552920076
  0.88652805955542502  0.89682562258955678  0.90641441489967334  0.91646315111077425
  0.92634289921225377  0.93586725864891718  0.94564497164725758  0.95565736689110381
  0.96606209514077057  0.97723280155205361  0.98826753009103030  1.00000000000000000
  0.00975603734168973  0.01437489696547534  0.02250019938620749  0.03131152470851019
  0.04070505059054925  0.05086090904454627  0.06119638993057355  0.07110459830759369
  0.08099157168870091  0.09147351317839562  0.10235368352470407  0.11312958750166398
  0.12363001363623155  0.13458467342329866  0.14625082552025589  0.15862624015971594
  0.17107010383022597  0.18305003678101076  0.19403667728546969  0.20451178729231187
  0.21525335964628975  0.22612155329824912  0.23702989692005935  0.24801774577840441
  0.25926208546765589  0.27033060775947676  0.28056516187747860  0.29051513153781544
  0.30081360804693225  0.31125687079910158  0.32184904888377336  0.33275991603107102
  0.34417948078852745  0.35587369435899063  0.36728859732376273  0.37850110491160738
  0.39001750475807162  0.40172577314198565  0.41404296547117825  0.42481732397331534
  0.43484689253238168  0.44479371452087091  0.45495248643074587  0.46515652935743246
  0.47537141344997291  0.48619039970259464  0.49698634781518536  0.50769515114336095
  0.51863373853719619  0.52846932656007317  0.53769543309839551  0.54716174606270129
  0.55709966489001717  0.56754155116529403  0.57742923414704450  0.58716915189185581
  0.59828958899408169  0.60916016466354583  0.62024819242631291  0.63142817965423237
  0.64274855076097659  0.65426259123465025  0.66509857109010440  0.67670632287254828
  0.68789659777385592  0.69949304268951995  0.71034084971973654  0.72096796692849530
  0.73135155363888826  0.74161830898687220  0.75219692831034346  0.76289499108722236
  0.77343901806875259  0.78381501764873940  0.79438114144117988  0.80528313039261901
  0.81547707257388757  0.82452040792726300  0.83329345420578949  0.84228899144189873
  0.85147974046438679  0.86087117152464365  0.86992505089883643  0.87974581184847855
  0.88982227541584136  0.90045786430993890  0.91103292158392835  0.92111095522901731
  0.93084078074093290  0.94087550872189507  0.95093501037176054  0.96123781734897951
  0.97122197979142333  0.98149710366339171  0.99150424077157395  1.00000000000000000
  0.05680227082468724  0.05813860564006979  0.06019231593989851  0.06253918747177831
  0.06493820383916053  0.06888816995680214  0.07276242232689201  0.07653628787665089
  0.08044127733922356  0.08441265064136587  0.08852703202872869  0.09264058881405489
  0.09675359927691035  0.10114438163560989  0.10555812188261327  0.11000341512762533
  0.11456702374661461  0.11918907538836132  0.12390058037489185  0.12869083820047486
  0.13366073739066991  0.13929338822003937  0.14450546919326918  0.14814182232138265
  0.14905121983385153  0.15025239018570719  0.15145858995481346  0.15296195973302557
  0.15522201967521426  0.15765318742477011  0.16003284046493568  0.16239840109049189
  0.16474620659567343  0.16711061051479545  0.16950115815573252  0.17190421239848006
  0.17431309617127086  0.17673375220847082  0.17916359670870247  0.18159695551802302
  0.18405073482258169  0.18655046014009652  0.18907112367723014  0.19163040918183327
  0.19424334444047975  0.19688621279037724  0.19957681300135360  0.20227584127132103
  0.20501205283694601  0.20778682740661805  0.21055281754969696  0.21333849697290713
  0.21615874473957275  0.21904241737455837  0.22195101398709699  0.22488883182129779
  0.22787352800497421  0.23093070689229825  0.23406747264546238  0.23724134459445642
  0.24043702939940906  0.24365978216012513  0.24692898405240959  0.25025885392548347
  0.25366946347405794  0.25714190562965583  0.26064762774312833  0.26421104622970820
  0.26780942499083282  0.27151535715086006  0.27528920564796805  0.27916301643477498
  0.28317084127679759  0.28736311345347076  0.29168124054649952  0.29610335517322350
  0.30066261011836581  0.30537937266503412  0.31030471768644957  0.31541020624928962
  0.32069963524069911  0.32627614526072968  0.33228256697094088  0.33873404966483589
  0.34578195431834652  0.35342350654215615  0.36179812402356587  0.37107350124979693
  0.38157086710013671  0.39372038109803537  0.40852245489872430  0.42703963820793134
  0.45300819759087274  0.49523241272232865  0.58672982912925820  1.00000000000000000
 -0.00254031875735308  0.01084198303931151  0.02169112392205721  0.03276580478251352
  0.04388004614883519  0.05614290787622102  0.06822418989377832  0.08003176610381625
  0.09174410921473414  0.10365055577421455  0.11539900468807865  0.12743985995574508
  0.13963230859521900  0.15137911787864103  0.16188129740787308  0.17256719228638920
  0.18342457049744124  0.19434074930460929  0.20464040903101038  0.21545533341593104
  0.22673671824679925  0.23732446310934360  0.24743057392010090  0.25666362045734575
  0.26580565323020300  0.27482831561223181  0.28392273290896758  0.29305951529644431
  0.30240450629226850  0.31202063400359015  0.32228411348661629  0.33294126405712976
  0.34362667872504682  0.35424767599819729  0.36491866286993457  0.37563586811861222
  0.38580580983829144  0.39570975012686060  0.40534243493849992  0.41488617651385018
  0.42435661562382238  0.43351102783673834  0.44251094408817132  0.45154936651331562
  0.46055816696578711  0.46992841526526824  0.47944036375022786  0.48921961934309605
  0.49940495107005495  0.50986241321272896  0.52056597483873390  0.53159361054003351
  0.54273557416264506  0.55386741621203472  0.56450605420778777  0.57482914181108491
  0.58513051460232235  0.59548689749198536  0.60618350727735515  0.61746636524481857
  0.62883803265568217  0.64031181143110094  0.65071436365944235  0.66092958232715382
  0.67035086582394354  0.67903026779205822  0.68725471719775422  0.69567141987647907
  0.70404567957281594  0.71325453870423317  0.72283553073556028  0.73335437271653880
  0.74436735355715244  0.75508109198148221  0.76597082866363264  0.77631940132600885
  0.78639241069733268  0.79660316256955399  0.80689045518720959  0.81743426337632574
  0.82803794936102804  0.83942438177507783  0.85121716168732076  0.86296706284689451
  0.87441231096631877  0.88579893136775101  0.89736561633861600  0.90940364390046002
  0.92191119453134551  0.93450754092968147  0.94585969949226123  0.95688474060241879
  0.96822724539144744  0.97932660608004030  0.98986198156253524  1.00000000000000000
 -0.00208208914335161  0.00840615208175931  0.01696288855362669  0.02639038442999323
  0.03592876728412309  0.04617205776200529  0.05680985507752834  0.06790533333884587
  0.07892313255890822  0.08952264718226396  0.10013279768388030  0.11121742349308067
  0.12241611331860125  0.13390178979311407  0.14559741756876038  0.15498174471453574
  0.16424332116635534  0.17370130285561483  0.18369674057032154  0.19399049033288729
  0.20397692988408811  0.21431190172323705  0.22647571951872503  0.23856485193730220
  0.25090730988192056  0.26217551286156204  0.27330877580733914  0.28322352095166414
  0.29311488208212522  0.30274448805264886  0.31262979115294010  0.32219584751262248
  0.33152854038509860  0.34151156746110722  0.35196771289760803  0.36255247702735605
  0.37295201322962329  0.38320803394537062  0.39341656260447710  0.40367083868529263
  0.41406622148570615  0.42438808221224500  0.43438990312576875  0.44465875020637152
  0.45526109746187687  0.46629251482718814  0.47764443165135184  0.48889715630425978
  0.49994570425202445  0.51087401061092375  0.52214146319406163  0.53398979986246997
  0.54641932335547527  0.55812964405192822  0.56961592248540760  0.58140238067098315
  0.59202553851232065  0.60243258956955570  0.61220944334895455  0.62194347526765470
  0.63122991152047114  0.64111813469455303  0.65236926112613614  0.66375039050191531
  0.67347804225681906  0.68286008248136876  0.69266200841148784  0.70269405954164710
  0.71241153375387101  0.72170958975928934  0.73124185380874507  0.74145308404701249
  0.75237396954812752  0.76393694780306143  0.77544463699049382  0.78654568661553226
  0.79763157795774187  0.80889455218832129  0.82049301381947526  0.83223687884806208
  0.84383954945348461  0.85502881017822030  0.86569347876261482  0.87657152315117570
  0.88760241522395245  0.89928518254782175  0.91122617150885787  0.92345343467725360
  0.93523333577066847  0.94566600029161552  0.95526135624579833  0.96434785273351076
  0.97345030150214207  0.98239739255574354  0.99112456953000938  1.00000000000000000
 -0.00294578117610671  0.01110900113555358  0.02296104249146615  0.03452503695575003
  0.04639682780320788  0.05830000757390605  0.07030080891720185  0.08206358818778654
  0.09386958096188901  0.10598346901589639  0.11820030739517040  0.13027236379455942
  0.14146559000040862  0.15230665743415378  0.16329884743111286  0.17424057872918239
  0.18592761635527577  0.19769328166154898  0.20919692741039703  0.22022522445108333
  0.23126847808679135  0.24223332750591473  0.25295746602663560  0.26374959462111802
  0.27497928163812657  0.28650469006214457  0.29759982844965149  0.30835643515812156
  0.31921205505937539  0.33023526492147520  0.34025465733968441  0.34922173115093430
  0.35835732236778217  0.36765595701171960  0.37708380738325009  0.38628617515653824
  0.39541728045382651  0.40474222548576250  0.41396891934732999  0.42309767404411264
  0.43241863577740092  0.44257309269025102  0.45358269812224494  0.46488951022676817
  0.47614583066171440  0.48715861836777191  0.49783561094100154  0.50814293778738162
  0.51830521571478227  0.52865691317032171  0.53908334315306994  0.55005502834833009
  0.56067591929453853  0.57067653586538958  0.58042240853819949  0.58921757709863221
  0.59788103606078558  0.60673694929592914  0.61520883083208544  0.62349007422356839
  0.63157428982929054  0.63987685786457082  0.64886467145868876  0.65861981629410182
  0.66832673379227192  0.67771783721578904  0.68726333805238049  0.69735667021573111
  0.70762689957569869  0.71747383003069620  0.72701871954735620  0.73669227341806098
  0.74646722512218489  0.75605736882537922  0.76562910887903324  0.77552873844453962
  0.78569390554637941  0.79609233213636654  0.80664225803589296  0.81785360075113511
  0.82967881772559937  0.84181177186897171  0.85408758844524912  0.86652794141744272
  0.87883828359208394  0.89094427141630694  0.90253520672028620  0.91364025978416996
  0.92468493322775280  0.93545023381681613  0.94593569914151499  0.95667753856149618
  0.96798423320637617  0.97926168796988977  0.98958058415829608  1.00000000000000000
 -0.00294659876333984  0.01068933023466626  0.02220124065007326  0.03402384212447290
  0.04496712100186240  0.05477603921803997  0.06425261801645231  0.07342830626283950
  0.08335807061607614  0.09342172689593524  0.10350095180615612  0.11413464537658820
  0.12480810297114764  0.13572799263484511  0.14655466796318578  0.15761265175103903
  0.16871491731253366  0.17939111745023759  0.19073587189784619  0.20182486384858869
  0.21262272010654193  0.22259918415652635  0.23259720857923052  0.24296476924397126
  0.25326421977061570  0.26363742832125359  0.27421463634239002  0.28503002875291678
  0.29528803017920918  0.30520496036869610  0.31573663867288693  0.32682551818952132
  0.33809562235807938  0.34923430724558302  0.35987564121471843  0.37014414687186953
  0.38059762993882978  0.39127631313906924  0.40198865793336408  0.41284443920711777
  0.42401529426455109  0.43545264307790227  0.44693179150355222  0.45827098963709872
  0.46895875501201473  0.47910548421517057  0.48879937492851577  0.49850604246471686
  0.50823048039985985  0.51767488712952547  0.52669438603840835  0.53556792081595483
  0.54456156515529852  0.55361799130324862  0.56250161002170140  0.57187415446061551
  0.58190188883771632  0.59343848577832337  0.60527130872600154  0.61636785467752997
  0.62712702248829755  0.63802758317086850  0.64937612005813761  0.66087395919080583
  0.67148736932304642  0.68124933655178044  0.69115351778258527  0.70139251905624178
  0.71183595123512478  0.72206043308015855  0.73285749027847380  0.74458757203168791
  0.75630298791837147  0.76781509780287149  0.77854805389310378  0.78867615684348735
  0.79876336958702698  0.80897567597889608  0.81950581005974577  0.83003959040321540
  0.84061672835458245  0.85136811541333235  0.86213109070891414  0.87340786203157816
  0.88400579305045457  0.89435829732702443  0.90462686561697858  0.91518796548984893
  0.92609142867594474  0.93673640273308123  0.94810204306278101  0.95931075615661621
  0.96965377087121807  0.98014220206825875  0.99000211183037279  1.00000000000000000
 -0.00241281524277047  0.00961357139422881  0.01962677379724772  0.03019966874924072
  0.04005775943218018  0.05073774715693666  0.06161147148087612  0.07336214814037499
  0.08495789628864844  0.09599702158271237  0.10669992454698712  0.11756161887181635
  0.12816897504901917  0.13829624790104150  0.14862513786886672  0.16045249130546085
  0.17244666547926046  0.18480120396863989  0.19699979608128301  0.20923561429089146
  0.22144699868184406  0.23290017032299126  0.24389580983028497  0.25464094835404349
  0.26545185585516679  0.27628085999247837  0.28733741381879435  0.29850855290805667
  0.30945307032492336  0.32006166823518722  0.33081760804146920  0.34144084182986212
  0.35181585613832150  0.36130857596227511  0.37039943204456927  0.37945401894161129
  0.38847961626257427  0.39740920935539620  0.40581902985007190  0.41452040941460733
  0.42384938006511719  0.43368378762166765  0.44318086959125896  0.45261046754166945
  0.46213858810548419  0.47213312154342219  0.48227318845862033  0.49290910212629407
  0.50374395760624613  0.51472167633453869  0.52507879272942315  0.53470527885655394
  0.54463245845311814  0.55485381952259849  0.56472819184244327  0.57393047754225679
  0.58318126815152294  0.59298572073933598  0.60292044264819389  0.61273089265919156
  0.62298514582129627  0.63389828883048227  0.64507790518875163  0.65585442771997993
  0.66668638139032421  0.67737828467676164  0.68825108007079805  0.69923683833875205
  0.71061365263344067  0.72215982651597366  0.73374109185491110  0.74552545925144509
  0.75718205414689355  0.76875261752501800  0.78003549536571948  0.79113974978952806
  0.80230286468030820  0.81344288969551193  0.82520831093902169  0.83689725175117924
  0.84852488136915838  0.85934244085033840  0.86995096827033669  0.88080803417045006
  0.89189661286820443  0.90283099345704132  0.91342482369788092  0.92370889516910915
  0.93418489719091635  0.94405698242685265  0.95369397992609795  0.96306849914765269
  0.97218691140800351  0.98137358499542027  0.99061761793279579  1.00000000000000000
   2.2248855703834364E-008  -1.0000000000000000     
 F F F F F F F F F F F F F F F F F F F F F F F F F F F F F F F F F F F F F F F F F F F F F F F F F F F F F F F F F F F F F F F F F F F F F F F F F F F F F F F F F F F F F F F F F F F F F F F F F F F F F F F F F F F F F F F F F F F F F F F F F F F F F F F F
  <DiscreteSampler_grid>
  grouped_processes
  1 # 1 for a reference and 2 for a running grid.
  10 # Attribute 'min_bin_probing_points' of the grid.
  1 # Attribute 'grid_mode' of the grid. 1=='default',2=='initialization'
  0.0000000000000000 # Attribute 'small_contrib_threshold' of the grid.
  0.5000000000000000 # Attribute 'damping_power' of the grid.
 # binID   n_entries weight   weight_sqr   abs_weight
    10   10   2.172542152134570E+004   1.414369714429928E+009   2.172542152134570E+004
    16   10   2.172542152134569E+004   1.414369714429928E+009   2.172542152134569E+004
  </DiscreteSampler_grid>
