  0.00965770290345623  0.01489295108774270  0.02273053951639448  0.03181918523531287
  0.04180125325478390  0.05228729534466298  0.06248123263812528  0.07202318314228144
  0.08123030087894631  0.09074532814648958  0.10100344554020851  0.11200351062160517
  0.12330024461635469  0.13435588613211535  0.14528065642709528  0.15671377623930419
  0.16825621377803787  0.17927647817198289  0.18999248674934441  0.20062276902936405
  0.21141069460901987  0.22205702096686347  0.23279808754454037  0.24412818089279026
  0.25566559056621663  0.26748159238332098  0.27892379614035290  0.29000021562684930
  0.30146906338393054  0.31365485704972412  0.32581902683145986  0.33784489635488574
  0.34930743791875879  0.36001974701227707  0.37052857729745842  0.38101830634185097
  0.39132191565663377  0.40140777348242529  0.41177538227878152  0.42297999611182197
  0.43470323996550381  0.44640915771944922  0.45812307759857507  0.46998136151739001
  0.48136639762530381  0.49190435832344659  0.50221591135369714  0.51250367742253644
  0.52255214180072407  0.53245063987870145  0.54259553427736962  0.55274666531408645
  0.56255588457904071  0.57170851468344308  0.58055678043649006  0.58970368125591521
  0.59933132835029157  0.61007404085418804  0.62149319870949693  0.63303260075173617
  0.64427998877188908  0.65500714308227914  0.66520461190537450  0.67498197522865999
  0.68452548428587179  0.69428535123537272  0.70447198847520209  0.71469556683960911
  0.72430203849170927  0.73420342375224157  0.74500341250603663  0.75569936834477502
  0.76607365228389612  0.77626715853400385  0.78646317200130933  0.79675683052238944
  0.80703338596118723  0.81857141318243831  0.83156168243347994  0.84261330720358452
  0.85344997698475844  0.86417924956980929  0.87516351116482249  0.88561849218937383
  0.89550851511891760  0.90520721530904746  0.91544211721545210  0.92581943548792578
  0.93595949482974805  0.94531583656599194  0.95455629181124002  0.96431719291146811
  0.97378393855777234  0.98324521767307960  0.99100284993438637  1.00000000000000000
  0.00910764720815979  0.01619390350181241  0.02583513684950876  0.03628593467611480
  0.04660202038852610  0.05700853935987430  0.06741867533326133  0.07768967461868048
  0.08809747062537882  0.09912610846405359  0.11045470726313059  0.12197659124578232
  0.13344995116961503  0.14422994907836154  0.15431743168086368  0.16434893208091997
  0.17514944111695013  0.18555307256221090  0.19491237049182430  0.20378238491839207
  0.21348479818470192  0.22368627229751922  0.23359560180631947  0.24336679654233728
  0.25369481155003326  0.26473335869049763  0.27575267609693882  0.28658849922176899
  0.29790075086525891  0.30963674432991756  0.32049609480848595  0.33094671221849009
  0.34156379510052304  0.35220263543143354  0.36251932356716943  0.37263615050637283
  0.38334735235991629  0.39402954353437047  0.40407127943298837  0.41423424135280251
  0.42464705773367462  0.43512297803358257  0.44517115553976583  0.45509911202187658
  0.46538348200553403  0.47594810894518208  0.48682383701689397  0.49834403174514180
  0.51005711033935541  0.52240383695122261  0.53460558746370612  0.54653790033080296
  0.55784269102854267  0.56895430128461311  0.57989853280535386  0.59125982181938253
  0.60197213975118091  0.61149550285745524  0.62036847169673937  0.62942053840079537
  0.63837591943519734  0.64730780283138356  0.65567107207926978  0.66406680489757830
  0.67319987335515385  0.68342902619653667  0.69363493713209523  0.70385627283656782
  0.71426124535625646  0.72476130105994185  0.73512730224863265  0.74501048464161967
  0.75519855699964022  0.76577645758352908  0.77582204937814225  0.78523445234028488
  0.79499306630820421  0.80562278104717433  0.81557807245016545  0.82567544113289193
  0.83626176163892374  0.84887680707826618  0.86116718135057169  0.87268407064751874
  0.88255074332382921  0.89258541117706491  0.90206702313824405  0.91165782863842426
  0.92119747215175696  0.93120837143623392  0.94160842086673924  0.95203402746340848
  0.96248138403315409  0.97473889335243136  0.98727322212661950  1.00000000000000000
  0.05746498228115728  0.05917096272001089  0.06153285258431720  0.06466974373264173
  0.06800571363369573  0.07151588406412020  0.07537562000375600  0.07923045226406093
  0.08308740175241797  0.08708789432890104  0.09111872396350518  0.09519212904285025
  0.09931529187260449  0.10350024983415680  0.10786043128194449  0.11225221972551516
  0.11668279819001703  0.12131360463756366  0.12599721232364750  0.13072477456198844
  0.13552999696600027  0.14056485269990759  0.14552038421199895  0.14852898752172397
  0.14930512612173796  0.15059600641972359  0.15176464648542332  0.15361982851403619
  0.15601486440426099  0.15841703130623253  0.16082038734300305  0.16322793677918845
  0.16562986112770031  0.16804688931805775  0.17045758982749781  0.17285735460910004
  0.17524254187059365  0.17762678415309247  0.18005424725783817  0.18251695194191600
  0.18499422887940992  0.18750023513497749  0.19002646598896586  0.19260072042781620
  0.19520964635881713  0.19786200670029103  0.20055066932838900  0.20325721306714833
  0.20597942009733641  0.20872921679640616  0.21153524301695878  0.21437971533576547
  0.21722053038950323  0.22012483525072413  0.22307952664821892  0.22611259788844365
  0.22913952389767281  0.23215845558561601  0.23523573304590870  0.23836413208094370
  0.24154231022312467  0.24476519312755943  0.24802312775040222  0.25133104395333261
  0.25469383928640621  0.25811104337602858  0.26158440602294353  0.26514848991306217
  0.26880628712941146  0.27254423536714750  0.27635596356051506  0.28025448598289998
  0.28426336499093480  0.28844994915648087  0.29275167201800473  0.29717715312382964
  0.30176096385078433  0.30651126580063631  0.31137804718178147  0.31643711461889418
  0.32174397312754027  0.32733845210653140  0.33329513268442806  0.33974324626345526
  0.34673350398162645  0.35430311585817570  0.36257168755443769  0.37192020428801842
  0.38252625526681211  0.39479562474302055  0.40996705291107621  0.42864430770333034
  0.45494524301899641  0.49811199513408677  0.58477284165091903  1.00000000000000000
 -0.00271040971189748  0.01140460772802734  0.02323683302211257  0.03392554682442905
  0.04556428369858561  0.05709080080515425  0.06847211356388062  0.07878477384607274
  0.08901193974746430  0.09911384989072003  0.10911098491974745  0.11888209449203845
  0.12895276933851982  0.13871264002588435  0.14814386074637131  0.15750843021536584
  0.16731080895755726  0.17778827751080017  0.18866572620716707  0.19999422493769911
  0.21123452783357344  0.22179533591526801  0.23185492880649528  0.24172608479111149
  0.25176806091166448  0.26221592432148544  0.27288030143361008  0.28354651783577389
  0.29398161396891659  0.30425553407150352  0.31448576861135064  0.32447276210100467
  0.33415507061541927  0.34381228695006649  0.35395005499691817  0.36405684328121823
  0.37374531791879961  0.38329909984245097  0.39332319355510703  0.40428186742880895
  0.41557691119461121  0.42646741056391813  0.43721031605760868  0.44775394397067497
  0.45772313863546360  0.46708305571862624  0.47637237151389000  0.48607691149747434
  0.49613852099499905  0.50628977263153352  0.51636165549567836  0.52641084720884646
  0.53653987629612721  0.54687084350364656  0.55724972252632676  0.56727367910153637
  0.57690729375064809  0.58646392775971745  0.59617604024005999  0.60592818862244391
  0.61541676487677266  0.62467334770203098  0.63397015998738082  0.64341049833669894
  0.65318782800439390  0.66356725675666262  0.67409877034750210  0.68508984545656137
  0.69580624786439083  0.70695615310953075  0.71843830039463807  0.72994854711999291
  0.74138726507377684  0.75256871278506254  0.76331390970607216  0.77408895832646318
  0.78429819530690037  0.79433466152724475  0.80407016890211935  0.81414710433983339
  0.82442941938971581  0.83428785071117084  0.84483761637642119  0.85555729145941073
  0.86805431896526097  0.88041668150087382  0.89292459240643529  0.90507785034117705
  0.91727828344600437  0.92960468314357292  0.94147912356205521  0.95308200530616149
  0.96471090980712482  0.97655207554907231  0.98803935586683889  1.00000000000000000
 -0.00224719996694983  0.00907319772903750  0.01937215695392622  0.03028288798059383
  0.04161523823027314  0.05169720372115707  0.06153407245550985  0.07118053704231403
  0.08071060999211087  0.08986191161586664  0.09927278677839650  0.10918641432591575
  0.11914769887542295  0.12923841824898208  0.13972907962166084  0.15081336506263054
  0.16195912808608035  0.17273713949608915  0.18324236426861781  0.19439047802661938
  0.20584839098220903  0.21768221981866828  0.22935965425344557  0.24113372955834309
  0.25277392278395283  0.26440956426231932  0.27535288676718550  0.28586706668062106
  0.29637261417305388  0.30684336780182325  0.31713755863533916  0.32741429646148867
  0.33786780959199503  0.34851236637927507  0.35906149538800047  0.36945293882233415
  0.37936818581715570  0.38897539551067778  0.39882470488040411  0.40860634186539974
  0.41839951201249720  0.42786861527291203  0.43677498367599754  0.44625180984421020
  0.45565663472857926  0.46588062161456983  0.47613254542531286  0.48703333004086991
  0.49774800300351596  0.50844459950050747  0.51924038958455587  0.53121927062165541
  0.54338928878913539  0.55508905846769130  0.56673092028052652  0.57830389635900492
  0.59010123080296228  0.60169097755750778  0.61243170695440885  0.62286697209654585
  0.63320456178501139  0.64340759918255597  0.65370369780338777  0.66404095744009473
  0.67511097131285702  0.68614683878476845  0.69683650971570599  0.70697086244680230
  0.71703261895008197  0.72746663043698945  0.73857032684050161  0.74945401199155626
  0.75899280855768869  0.76811753410143191  0.77730416864697383  0.78662151786306023
  0.79624283526638084  0.80584967844978350  0.81588173673984588  0.82625772016641275
  0.83660916298900945  0.84664963993309139  0.85671947515248736  0.86685377214793791
  0.87698298107585737  0.88744295878114265  0.89840007872723171  0.90952801475745049
  0.92076875982515771  0.93175903256454740  0.94279374598408938  0.95366391463061995
  0.96455962295192421  0.97567771550499049  0.98750485323822845  1.00000000000000000
 -0.00327080649050604  0.01185175982969525  0.02444927261540771  0.03629075915934415
  0.04840181435080216  0.06048588926814372  0.07260944038206428  0.08464990990593733
  0.09651996416655426  0.10869346641812277  0.12054253615743128  0.13263651111005298
  0.14458349398465012  0.15656083179459371  0.16842999613359103  0.17963772402719377
  0.19046880169866676  0.20093536936988091  0.21137381020898210  0.22191269253357362
  0.23272521087454104  0.24368683607333413  0.25461954008117665  0.26575199703514529
  0.27693156202045316  0.28767677022862775  0.29819306987737271  0.30865822846382179
  0.31879850590069697  0.32917825908290738  0.33919771394312132  0.34860179785841944
  0.35828809509282405  0.36790340846096337  0.37814933696341796  0.38860979715713861
  0.39964002581241242  0.41102074135051203  0.42213511284010230  0.43296496888813241
  0.44368951732498785  0.45460020112063620  0.46519863099321934  0.47576767422075933
  0.48652616387678033  0.49690438352432897  0.50689526334812229  0.51684889959076574
  0.52700097452570072  0.53682864774904893  0.54675533741063409  0.55657839749498950
  0.56729092509896939  0.57833009425037274  0.58835102099070768  0.59742532502599821
  0.60649036758117625  0.61553457678494072  0.62477118243459262  0.63383557951175018
  0.64306574528083682  0.65289089660294020  0.66332215094728064  0.67381632258640534
  0.68398164543147177  0.69386598428939550  0.70317089344724004  0.71348669297666234
  0.72409388322211277  0.73402960414997420  0.74298121431773867  0.75275175717480236
  0.76286463823884088  0.77319728422314382  0.78310217191195253  0.79286335135695629
  0.80249761973687039  0.81244154150511938  0.82196509209804713  0.83148529537313276
  0.84084255298295840  0.85062269688918168  0.86106903412014379  0.87202411405509772
  0.88307084706820105  0.89403105822398266  0.90498566807163083  0.91633900814291136
  0.92826314442466129  0.93972229393394180  0.95000088570480834  0.95998257720063063
  0.96999360316671568  0.97999559639286726  0.98984477147799332  1.00000000000000000
 -0.00241281436182191  0.00961008776651130  0.01933645194421535  0.02881230919636948
  0.03845000943797919  0.04837676999415851  0.05817176667299451  0.06768384639873842
  0.07712490833566139  0.08739701104391118  0.09796528391042295  0.10845591923418559
  0.11855605984768409  0.12848921811377026  0.13833922030875923  0.14790582478392550
  0.15715080996682296  0.16666697018173202  0.17694276695816050  0.18766664635899474
  0.19867902079943825  0.20988673655575435  0.22178124636064728  0.23307946666590976
  0.24361181219310826  0.25397927489660299  0.26457968936051057  0.27547984951252530
  0.28630580972928521  0.29700778116342702  0.30729947903255228  0.31743136974570707
  0.32743810125327583  0.33774384949359276  0.34825297924824350  0.35895463998589139
  0.36982418730084338  0.38052998109349345  0.39115293089587000  0.40138381609242690
  0.41065205306179592  0.41981534542595123  0.42892480393901022  0.43808601653833229
  0.44754673508913639  0.45745084327477309  0.46870415048062103  0.48064433038985627
  0.49272517135648636  0.50423093773789018  0.51495719766396819  0.52515220208809987
  0.53501235358450083  0.54517171776767093  0.55548738040370926  0.56624890052209875
  0.57719386416116025  0.58837263006541518  0.59979728427787837  0.61095028973991805
  0.62184638983590024  0.63268365169610963  0.64360124656970064  0.65448243054261268
  0.66474364839615341  0.67476696311560336  0.68498963593026629  0.69603264741334436
  0.70780923852047362  0.71917132507915238  0.73004239869004850  0.74109041307670487
  0.75199189884653561  0.76240413782758154  0.77334823045450141  0.78441018566655529
  0.79544173721841371  0.80640263490696529  0.81786704264568300  0.82962710537504236
  0.84054893457821711  0.85096785150781729  0.86128048166291127  0.87135848657548842
  0.88199664934286670  0.89244825725683796  0.90306557407159271  0.91375751074893186
  0.92455920373379741  0.93528387885025754  0.94570535520993704  0.95607738496434191
  0.96658464793712418  0.97719154363187499  0.98846339017211871  1.00000000000000000
 -0.00276988244217648  0.01015784226026942  0.02135108835247166  0.03183699365934414
  0.04226217126940233  0.05262698950160958  0.06287035676600369  0.07319018963627621
  0.08325967581995021  0.09362469539946250  0.10409602906522213  0.11429605885470227
  0.12417848870926781  0.13410808300141785  0.14385490155434635  0.15400194558057695
  0.16367891471272247  0.17468824179800618  0.18664875079928522  0.19906608332005415
  0.21104552036741880  0.22147072373986321  0.23167935623889546  0.24225210309096365
  0.25271273951994938  0.26251145373162466  0.27186511910631189  0.28208610189725353
  0.29225302167100337  0.30225611694570947  0.31262556573216949  0.32312260870128773
  0.33365787548854497  0.34427224279978480  0.35560093187258307  0.36737877639977357
  0.37879168797289409  0.38962431313464896  0.40058868971527584  0.41153204306113317
  0.42232929265776570  0.43245099555985633  0.44278020884284069  0.45323608878807814
  0.46396230006491695  0.47465991395450913  0.48525504330709796  0.49595195304779349
  0.50686701202692586  0.51784076957811587  0.52872761940502166  0.53990411914826042
  0.55063402732558175  0.56094047061505148  0.57117320171342612  0.58166069281770671
  0.59216316131934033  0.60233354838683406  0.61329176294222765  0.62473586727231689
  0.63631191512262153  0.64779675666887315  0.65931491691058441  0.67068598370037802
  0.68189988122310419  0.69317595209532834  0.70440874671295139  0.71518307365042777
  0.72541945666814511  0.73519092880714465  0.74485600823025666  0.75437459023631470
  0.76389720696071306  0.77374935036116155  0.78386824546292999  0.79399170202268454
  0.80534200001921297  0.81673314820120035  0.82813149034167666  0.83822248445511260
  0.84777354442332187  0.85722150131833708  0.86706773909380364  0.87706238944237058
  0.88655351425218543  0.89621362716399866  0.90659240458717572  0.91616949015043736
  0.92579015390428665  0.93523066882709260  0.94545805285108675  0.95609017613029612
  0.96733472559977951  0.97874069473383740  0.98960870503091170  1.00000000000000000
   2.2225466488489809E-008  -1.0000000000000000     
 F F F F F F F F F F F F F F F F F F F F F F F F F F F F F F F F F F F F F F F F F F F F F F F F F F F F F F F F F F F F F F F F F F F F F F F F F F F F F F F F F F F F F F F F F F F F F F F F F F F F F F F F F F F F F F F F F F F F F F F F F F F F F F F F
  <DiscreteSampler_grid>
  grouped_processes
  1 # 1 for a reference and 2 for a running grid.
  10 # Attribute 'min_bin_probing_points' of the grid.
  1 # Attribute 'grid_mode' of the grid. 1=='default',2=='initialization'
  0.0000000000000000 # Attribute 'small_contrib_threshold' of the grid.
  0.5000000000000000 # Attribute 'damping_power' of the grid.
 # binID   n_entries weight   weight_sqr   abs_weight
    10   10   6.658266655246598E+004   1.405670657600084E+010   6.658266655246598E+004
    16   10   6.658266655246598E+004   1.405670657600084E+010   6.658266655246598E+004
  </DiscreteSampler_grid>
