  0.00016861394433291  0.00024667406898220  0.00028352419412328  0.00031353028021964
  0.00034649819463297  0.00038669149213292  0.00043862642649959  0.00054313719321636
  0.00083505990359963  0.00128278484548761  0.00165290113325634  0.00202849681808567
  0.00245053843888483  0.00292305550371985  0.00345788869054768  0.00406393847502348
  0.00476396416964777  0.00556119802964705  0.00646918459839371  0.00746093083114392
  0.00854858619500904  0.00973806583512823  0.01103395408491891  0.01246029776967662
  0.01411606257186986  0.01614749171002238  0.01858891937766927  0.02137583519404631
  0.02447627791132996  0.02800575962442552  0.03222291810336070  0.03716224343863878
  0.04237743376243779  0.04746189074672140  0.05220855034714580  0.05612316716092045
  0.05899971748286828  0.06096290845977134  0.06234902007678724  0.06334716621145678
  0.06407668296269500  0.06463348113810856  0.06508760633986403  0.06546027341657477
  0.06577270539926357  0.06604188101071726  0.06627814666437928  0.06648906913815912
  0.06668028930607996  0.06685592650884557  0.06701789571143558  0.06716830440101898
  0.06731060768915473  0.06744779435524738  0.06758057326532883  0.06770990389397197
  0.06783729154984572  0.06796415438206573  0.06809181931493401  0.06822084476725299
  0.06835219687186880  0.06848809478473769  0.06863173911349872  0.06878526056009057
  0.06894783297005716  0.06912218460906668  0.06931272243893798  0.06952284431523109
  0.06975697993045521  0.07002118142759302  0.07032475523113373  0.07068412595229319
  0.07111796999481147  0.07164662863001692  0.07231477577985725  0.07319558165371996
  0.07437576595323714  0.07598415031006998  0.07828734047364526  0.08171378404011327
  0.08684606532878372  0.09449281914815083  0.10562302255389197  0.12121727296114945
  0.14137813504125582  0.16675296804009565  0.19977258355328101  0.24489928224737006
  0.30345045616749095  0.37504985543980740  0.46360790075896835  0.56282281632503617
  0.67293798341460842  0.79637716647100021  0.90303589490281189  1.00000000000000000
  0.00013495886523539  0.00024042586061539  0.00029231183744293  0.00033958761163407
  0.00039144154634035  0.00045388256047033  0.00065879171590261  0.00115458398251167
  0.00162785915538542  0.00203891359256156  0.00251077263272026  0.00305929994796404
  0.00366878335454694  0.00440791253699081  0.00527369093867898  0.00627775608869223
  0.00741947059390916  0.00880112080724556  0.01036448954027831  0.01211380646361784
  0.01407761673874802  0.01632886786298394  0.01892425090563083  0.02189235877625314
  0.02531398440251414  0.02932205628803022  0.03396309924795996  0.03917789946775539
  0.04477202182902479  0.05021319714601055  0.05491696066528556  0.05831266798732401
  0.06055006095877782  0.06207945585246174  0.06315406220527520  0.06394288232621040
  0.06455958826627174  0.06503973847960220  0.06542755905246686  0.06575491372457128
  0.06603565623673453  0.06628100581974523  0.06649931416111916  0.06669548515442711
  0.06687338488123858  0.06703734466509552  0.06719162118102803  0.06733825784414187
  0.06747905089489631  0.06761545646427726  0.06774907894680915  0.06788089598590737
  0.06801203973038651  0.06814517850428303  0.06828151611521766  0.06842186092884969
  0.06856740526306673  0.06871998324670173  0.06888166792852196  0.06905500726227252
  0.06924412839700085  0.06945350425802344  0.06968719149263079  0.06995413114060639
  0.07026624041845686  0.07063058345001229  0.07106296077338078  0.07159765563325809
  0.07228478525047746  0.07318936730577204  0.07440281882082321  0.07610548585067754
  0.07861568532455727  0.08232545654926286  0.08767138023834510  0.09558621078963059
  0.10664617800773518  0.12184829617975756  0.14166579976397101  0.16720865962192480
  0.20009826975607653  0.23847626791318388  0.28795956671210843  0.35535153435887656
  0.44390412778597371  0.52956499575439919  0.59080955868925877  0.63305356846640926
  0.66877679443329707  0.70136438129270751  0.73281698173965126  0.76342934067021018
  0.79852075495849673  0.84476460787380581  0.89188752711150776  1.00000000000000000
  0.00008527145458598  0.00056238319281021  0.00087491908566716  0.00109360950658974
  0.00132317928222744  0.00158292837419671  0.00187231185175113  0.00219353357936458
  0.00254344493318534  0.00290916680874361  0.00332074598637081  0.00377076498178060
  0.00424649969667581  0.00474866496209215  0.00525630545584453  0.00575680694794322
  0.00624955617977461  0.00674137464304616  0.00723760206827018  0.00774466590189667
  0.00826669097484176  0.00880187299062885  0.00936216124380207  0.00990686400968997
  0.01048396055970361  0.01108874100455962  0.01175603325746742  0.01245338671975545
  0.01317729290341223  0.01393456156316277  0.01474381859555548  0.01557792551514125
  0.01643981857026603  0.01733904277398030  0.01827321782090662  0.01927471576302019
  0.02029555717811140  0.02135741051660551  0.02245778881049153  0.02362478464907110
  0.02485964233115757  0.02615578701900428  0.02749368090174246  0.02891030735696181
  0.03034844652097319  0.03185365741018226  0.03341476107437798  0.03506352689981274
  0.03680396198239805  0.03859964110724596  0.04058608288619674  0.04271266530912957
  0.04492240281413416  0.04713566474240739  0.04941963707202263  0.05178211315844191
  0.05434108539968049  0.05707725105609782  0.06001829341636478  0.06312404884972506
  0.06642420367324332  0.06982648168784086  0.07341263838901840  0.07713778453037605
  0.08100011528070754  0.08514754439209724  0.08958301197452546  0.09446300261530957
  0.09952082453189640  0.10473711149623344  0.10997638164090212  0.11554252087342352
  0.12140833580332366  0.12783638293885610  0.13485347699725378  0.14242997293243914
  0.15036669721546314  0.15892058926237887  0.16825343040334087  0.17855144752857594
  0.19004168157797835  0.20142348584625658  0.21303585261697469  0.22534011714252067
  0.23968507430465047  0.25533025257042102  0.27166135193679852  0.28882436989514021
  0.30756300300225414  0.32832734213765469  0.35108019425057890  0.37634798274254039
  0.40686753227049199  0.44731465393635533  0.52795848891860553  1.00000000000000000
 -0.00237473853086455  0.00920603453831767  0.01906576176286117  0.02921524891066121
  0.03950132456749503  0.04933408559921147  0.05874946648479647  0.06842391515146594
  0.07810517920099935  0.08789304958058038  0.09785315932843076  0.10720225522136625
  0.11633300206772187  0.12520602985701401  0.13422283584484176  0.14347188972955929
  0.15322148369190436  0.16280776392091620  0.17229128895697252  0.18157174842895549
  0.19118846744174778  0.20078800125833529  0.21048749214986567  0.22010395960447660
  0.22992361191459293  0.23961642646136327  0.24961307221462842  0.25990687093753861
  0.27026293688881048  0.28046332962965498  0.29051941829196831  0.30052423728286953
  0.31055574730676377  0.32087910288842014  0.33149392036676162  0.34231198622755654
  0.35312378015466134  0.36399603230183575  0.37496616609795336  0.38595852284745058
  0.39681310714016171  0.40769651400374285  0.41870404795275767  0.42978207040433158
  0.44062408813607590  0.45131362095231681  0.46152030144151135  0.47185791585718956
  0.48266404502258015  0.49380463314882700  0.50493011662691634  0.51596311839945519
  0.52721262859565732  0.53840954609870162  0.54952741027889895  0.56062415884293315
  0.57195024877368417  0.58360871763349653  0.59537215720956571  0.60716040919527947
  0.61869932278633732  0.62965175663280160  0.64068093745369303  0.65144398709868023
  0.66222868304409532  0.67334242290645974  0.68454506398402770  0.69596288954040064
  0.70724856381706402  0.71854649979034024  0.72990794549303883  0.74142407509308117
  0.75248996230462351  0.76358192474941378  0.77450174592034637  0.78551194009564418
  0.79654674357860078  0.80707744967868233  0.81697600331128351  0.82600916853559203
  0.83606285904676703  0.84665826449596804  0.85748584015181473  0.86804215430851095
  0.87887742140430658  0.88993815776064578  0.90114588308355903  0.91241932845425755
  0.92332594904219889  0.93404377715768683  0.94464537487022782  0.95563225979035327
  0.96658772640059054  0.97741474794949068  0.98885973670884031  1.00000000000000000
 -0.00217650766026679  0.00883061531990881  0.01848204186540753  0.02825714063191258
  0.03811266724856883  0.04805627915115449  0.05822943868653534  0.06866814930593969
  0.07944937851108494  0.09014649009497964  0.10069247795764574  0.11120342583885641
  0.12167881653865584  0.13237899617853671  0.14316231624515613  0.15358333577294928
  0.16387548324252676  0.17425871598455930  0.18511326972794298  0.19629170542625904
  0.20717384425789331  0.21770453166781456  0.22826271891430683  0.23918420867405640
  0.25016966539381397  0.26070689384524393  0.27104318232217567  0.28129838699880094
  0.29189977239963077  0.30237283456963521  0.31280622188667623  0.32305845985664616
  0.33345864538291753  0.34431509243958236  0.35548579200473457  0.36654973397575691
  0.37710041133584804  0.38725386212441532  0.39755473888893206  0.40822424488525799
  0.41932000166592498  0.43028459943608682  0.44087600175360880  0.45135133446603576
  0.46202109611828240  0.47280811643329551  0.48388406810694301  0.49505524527958455
  0.50580004779628418  0.51643990394184514  0.52690099701701898  0.53694941625895309
  0.54657582848141328  0.55634722573320650  0.56654652313518750  0.57726747594889161
  0.58791590239266789  0.59845280126755807  0.60895977929562672  0.61967321161100630
  0.63055178938113832  0.64106996926532012  0.65121958491752785  0.66145391291243527
  0.67208173146865990  0.68311369592075255  0.69404142951694348  0.70483401389867228
  0.71545340514323119  0.72613238528808177  0.73686698123804861  0.74768947515373585
  0.75851181772948228  0.76916956769236833  0.77991665570731739  0.79089166836029634
  0.80160844674760601  0.81174997768638757  0.82146839199656907  0.83107593394492085
  0.84156487767515631  0.85228216172757387  0.86303728671729996  0.87375482616758038
  0.88441780229728284  0.89532011569615022  0.90576014386268722  0.91596878064738574
  0.92610077824203529  0.93625405656783733  0.94673883242497514  0.95726364160780131
  0.96828952199177387  0.97905410744363419  0.98972803370973206  1.00000000000000000
 -0.00178665219902807  0.00677890965955270  0.01599872881319575  0.02568592388628069
  0.03596609385132259  0.04558412009263985  0.05465370346482735  0.06321853859892997
  0.07286686774359818  0.08216395959841798  0.09163996237729675  0.10057478076585914
  0.10978626438825963  0.11894565576025547  0.12823319314983658  0.13773758660192426
  0.14743390455359898  0.15717693614616138  0.16672998812680487  0.17634088987241112
  0.18634645676497041  0.19620664986671013  0.20554392363361451  0.21499491671039589
  0.22457767195046666  0.23457168854506094  0.24441854224109322  0.25431956400512795
  0.26409175786386285  0.27420712531215008  0.28418277372438694  0.29445613634951590
  0.30454247561406761  0.31488942396560587  0.32519392016698051  0.33585964608354091
  0.34670472697232174  0.35754148296958066  0.36823383903513734  0.37895376035621275
  0.38956428333465110  0.40033924845498103  0.41129445802176889  0.42210493846135766
  0.43274093475891978  0.44339782808390504  0.45428617969911250  0.46550263724177959
  0.47683575748146073  0.48833072459076526  0.49967390634784647  0.51101078390161625
  0.52167742720938104  0.53250529378382550  0.54346335931022738  0.55500680382945489
  0.56651031582741429  0.57784074657005269  0.58897791000054422  0.59999575291311757
  0.61108180574156101  0.62253518258997176  0.63392437071618124  0.64548916134860745
  0.65691594978379719  0.66858080131848874  0.68008285815434366  0.69142644947192355
  0.70268699650703481  0.71399485946791730  0.72546561917999675  0.73693167225968936
  0.74831753395657075  0.75958123629259544  0.77055343405263710  0.78071115570877270
  0.79129115836851549  0.80250786031089205  0.81309676608962866  0.82368969820478877
  0.83468285896653516  0.84583214778324189  0.85708866370354553  0.86818065684730272
  0.87944502331427499  0.89045659650870934  0.90165145498321508  0.91280570764944902
  0.92358154709944629  0.93412847079093819  0.94481869463102586  0.95618906707910101
  0.96739155088234796  0.97851388788421911  0.98940392731073379  1.00000000000000000
 -0.00197683482899393  0.00790159488746477  0.01778772051546471  0.02819279998161800
  0.03824203496406602  0.04862194895219943  0.05878172509867129  0.06946934913782836
  0.08012254694601528  0.09095679787252323  0.10184179759421542  0.11268627592566050
  0.12346274223214315  0.13423567440879455  0.14510513334254538  0.15566959600451999
  0.16638455618064354  0.17710161657800449  0.18802650566813189  0.19897695871588708
  0.20992674648521226  0.22084555925241697  0.23157672047240022  0.24205557906689162
  0.25250331684351462  0.26299820353331549  0.27322371300110415  0.28309021192465028
  0.29273036753455794  0.30305657606877806  0.31338507633870616  0.32325840744454104
  0.33310836228602525  0.34310224120238747  0.35339840105124659  0.36374795161068640
  0.37415394113544642  0.38513090779711645  0.39584130382458876  0.40636351279971733
  0.41682942883954671  0.42753747647023504  0.43837392762651112  0.44849348296725500
  0.45854305969949394  0.46832967681855614  0.47860294583233143  0.48933960267398280
  0.49974305708074396  0.51021478151981148  0.52066103902909500  0.53136056034590051
  0.54149445460641876  0.55181835292612058  0.56177588294378933  0.57176509746434490
  0.58190515225524986  0.59241632820193513  0.60363456351875311  0.61521837808751711
  0.62654683902691788  0.63755556464346752  0.64842575159130156  0.65932471721772512
  0.67042210384814460  0.68128648325569585  0.69197468828174458  0.70240616523312371
  0.71321642027842125  0.72416631629617967  0.73526956944088906  0.74612581719661941
  0.75700387418123105  0.76763563194305517  0.77819418542819585  0.78874222816400408
  0.79933410861339405  0.81006047035666962  0.82069184355308689  0.83154436420406330
  0.84233017253924147  0.85324387151601599  0.86416093890866141  0.87529120381623637
  0.88675096972497847  0.89721224083836393  0.90751254929860503  0.91777395251216043
  0.92863434945601675  0.93944065750460837  0.94966707100361314  0.95960486515907162
  0.96959827368349782  0.97968554037739775  0.98969631979990647  1.00000000000000000
 -0.00220742135297660  0.00881164436596461  0.01964873617423003  0.03041104844458558
  0.04136219420078318  0.05192706709049089  0.06276970075936666  0.07375987235958982
  0.08483483586277347  0.09611211453144504  0.10705264923845662  0.11749704621033084
  0.12790049361557237  0.13820384612710765  0.14886613967362269  0.15967612534870462
  0.17071453306882781  0.18193066750556541  0.19287400935783683  0.20372662367481839
  0.21497004068606060  0.22632079427496302  0.23687345968825804  0.24731989652795838
  0.25776644620440931  0.26818779288045463  0.27813574011739589  0.28811804726757229
  0.29867372450878255  0.30921458986037648  0.31924604816353608  0.32932468041646806
  0.33989963383686139  0.35074774166495465  0.36150380504436341  0.37204007112348647
  0.38263022462047369  0.39314777999351513  0.40318162214048225  0.41297795440158619
  0.42290800863719008  0.43313544697009027  0.44292413175731415  0.45276968347435836
  0.46270463795918626  0.47331099123069253  0.48353370887193636  0.49376451869518684
  0.50414241725735565  0.51468908194805973  0.52569637115791867  0.53652725600812246
  0.54755934005514673  0.55853864216275606  0.56958538536555048  0.58048795449833201
  0.59111145390061393  0.60184111228707504  0.61278287442143575  0.62367234400502713
  0.63459863175639419  0.64518367095765383  0.65516960325103624  0.66513175923636747
  0.67532104890848921  0.68629410810858504  0.69711925058396584  0.70769547278867473
  0.71823099935591095  0.72909190411490632  0.73950715171104009  0.75010931758842014
  0.76005885474325008  0.77031635204799254  0.78041422057429277  0.79023627858648915
  0.80013230034527238  0.80987473441852431  0.82013445369491145  0.83060468990458258
  0.84117022503227423  0.85143085639387295  0.86171689097181559  0.87229797273683807
  0.88346938166273492  0.89493884544804880  0.90578886031962436  0.91620597615628763
  0.92646513220602356  0.93695437900789869  0.94744751882132539  0.95769087627844429
  0.96810503483459664  0.97887770185792000  0.98906334724616052  1.00000000000000000
   1.2095444729942471E-011  -1.0000000000000000     
 F F F F F F F F F F F F F F F F F F F F F F F F F F F F F F F F F F F F F F F F F F F F F F F F F F F F F F F F F F F F F F F F F F F F F F F F F F F F F F F F F F F F F F F F F F F F F F F F F F F F F F F F F F F F F F F F F F F F F F F F F F F F F F F F
  <DiscreteSampler_grid>
  grouped_processes
  1 # 1 for a reference and 2 for a running grid.
  10 # Attribute 'min_bin_probing_points' of the grid.
  1 # Attribute 'grid_mode' of the grid. 1=='default',2=='initialization'
  0.0000000000000000 # Attribute 'small_contrib_threshold' of the grid.
  0.5000000000000000 # Attribute 'damping_power' of the grid.
 # binID   n_entries weight   weight_sqr   abs_weight
    10   10   1.607928183855120E-002   6.578907803662854E-004   1.607928183855120E-002
    16   10   1.607928183855120E-002   6.578907803662856E-004   1.607928183855120E-002
    22   10   1.607928183855121E-002   6.578907803662866E-004   1.607928183855121E-002
    28   10   1.607928183855120E-002   6.578907803662858E-004   1.607928183855120E-002
  </DiscreteSampler_grid>
