  0.00030071679189688  0.00034116988760964  0.00037015528100243  0.00040250435389537
  0.00044228449084676  0.00051033028922537  0.00074973370085887  0.00119585995987427
  0.00159100880743284  0.00193732891133913  0.00233773811139339  0.00278982105424612
  0.00330009523928636  0.00387646014780356  0.00450257574410525  0.00514922941491397
  0.00586256673363797  0.00671251512023661  0.00773864921621046  0.00891775549100881
  0.01024182797080581  0.01175315738444043  0.01349660648685986  0.01549202826876760
  0.01781476586890794  0.02055135785584982  0.02377961659897739  0.02740977420178872
  0.03143139695433463  0.03587743280895374  0.04063146593421216  0.04551914909233925
  0.05024916831753957  0.05442015821958694  0.05758416553626998  0.05985266403162458
  0.06149006604096328  0.06265256316610796  0.06351621133868784  0.06418175749969263
  0.06470687357623582  0.06513173872438673  0.06548265115985200  0.06578069767021211
  0.06603976609011834  0.06626842336211133  0.06647270178312455  0.06665741159688790
  0.06682681895881717  0.06698439400324399  0.06713244209435471  0.06727196717093141
  0.06740480532361767  0.06753330383487353  0.06765893238591626  0.06778290735774913
  0.06790652521587494  0.06803066402623792  0.06815588925475696  0.06828297109174573
  0.06841313162247245  0.06854825035041325  0.06869037396309197  0.06884039168530093
  0.06900041743599047  0.06917248212477070  0.06935941500822410  0.06956563366234687
  0.06979663617384210  0.07005977213430147  0.07036320941916668  0.07071869037868220
  0.07114266052087105  0.07166039119793464  0.07230532067493760  0.07312780225363426
  0.07420771326302460  0.07568419268602329  0.07779624918198194  0.08092452118432428
  0.08562539707756578  0.09251992009691774  0.10222033646501724  0.11553450031715898
  0.13365462743805334  0.15774997125999043  0.18889885411815646  0.23242708372287871
  0.29791192656885235  0.39243080971495486  0.50617527597003353  0.61357974063498422
  0.71175896490446910  0.81043457535595997  0.90395095348726917  1.00000000000000000
  0.00001638183722427  0.00003121238341126  0.00006501982009354  0.00010376764829415
  0.00014674317629612  0.00019363889662023  0.00025597004420835  0.00034114694515871
  0.00045913484059834  0.00061381108900839  0.00080249146871162  0.00104378691503959
  0.00137931102480821  0.00181773036781034  0.00237448625953098  0.00307551074131149
  0.00398784761006087  0.00533280856085100  0.00733191350651532  0.01009449839670834
  0.01424361115434005  0.02039689853734612  0.02904294916500213  0.04033648857541586
  0.05414849389497731  0.06949195637803619  0.08570965380005229  0.10257554927766907
  0.11986610870668202  0.13736017719279200  0.15490907671092830  0.17262099255872423
  0.19050648291592298  0.20811537426670226  0.22580221719372026  0.24344212261848902
  0.26102040278074684  0.27864181488453171  0.29637281800100773  0.31421966636359339
  0.33220539042010033  0.35019196169417255  0.36766357563238011  0.38494467583012704
  0.40228399952617966  0.41964887521665201  0.43738480126567292  0.45523217604122956
  0.47280180911391778  0.49007139860542515  0.50727741728114151  0.52459855972056557
  0.54192661955689858  0.55917578855793892  0.57634581688477748  0.59358343577554118
  0.61084152191070618  0.62793887417707639  0.64516997908121221  0.66250326146522576
  0.67961721994616964  0.69688933262828590  0.71430828684445713  0.73146950073526684
  0.74841890484375573  0.76521536634635845  0.78201600983842712  0.79886236609130257
  0.81568317140014335  0.83243992589480864  0.84894403882465963  0.86522598170927423
  0.88127079981254108  0.89691065052956020  0.91212920777099549  0.92678521716978302
  0.94060887686873229  0.95298525820563063  0.96346725018452017  0.97220671973084738
  0.97944763400461132  0.98509860514981629  0.98926788192043413  0.99227664865670906
  0.99441042362586174  0.99591113566405831  0.99702783781568460  0.99789843881322771
  0.99857041757131149  0.99904676891290523  0.99933813353430101  0.99952235105527298
  0.99965834233987538  0.99977444597688414  0.99988737081788603  1.00000000000000000
  0.00063133652451221  0.00090439516174500  0.00105471043165149  0.00122159451408093
  0.00140526447376879  0.00159999909182516  0.00180552668305033  0.00205903523898719
  0.00232940210307807  0.00262409047004331  0.00294633040023877  0.00330931798107812
  0.00371360779528307  0.00415525070495915  0.00462444336507547  0.00512153988915453
  0.00564366971906099  0.00618688100884575  0.00673551527515946  0.00729407002504625
  0.00786589224482743  0.00843872331107213  0.00903319515188735  0.00964270477174778
  0.01027193266143330  0.01091545891795331  0.01159238442597828  0.01229928706272247
  0.01303803652184968  0.01378953890307416  0.01458104953249968  0.01541246746140458
  0.01628693863910457  0.01719091894583034  0.01812108524725593  0.01907233346357448
  0.02008807079663410  0.02117142091891736  0.02234814571926869  0.02360361880696916
  0.02489552308350501  0.02620999335139507  0.02756584847479889  0.02899367367658437
  0.03049979980549167  0.03206668788530740  0.03367267260112213  0.03532475097682661
  0.03710133932508789  0.03899938464670946  0.04096667577344080  0.04305779580972161
  0.04523683832692899  0.04752366877086628  0.04994560837446662  0.05248411005347849
  0.05512030490219792  0.05781876713849666  0.06064364667620437  0.06363503964315882
  0.06675138749832860  0.06999088881372949  0.07346124237055066  0.07714004147459302
  0.08089250641630334  0.08469174011989072  0.08843762393634003  0.09255064120063182
  0.09723038896993362  0.10245263994979398  0.10811417300537959  0.11403210284654330
  0.12017026100645456  0.12650929333113570  0.13349812167329939  0.14111788576347825
  0.14936268954152279  0.15816178758868762  0.16784612396333501  0.17835129051402382
  0.18951043238462131  0.20152580849481941  0.21365944846690307  0.22675175601144709
  0.24032770717636159  0.25553562786377337  0.27195884386131547  0.29000689123145995
  0.30930185530276072  0.32974795237806404  0.35205925976240648  0.37850891964805544
  0.41100994254741507  0.45214473976757624  0.53699856006162539  1.00000000000000000
 -0.00217621971655671  0.00787858123485029  0.01733303030372397  0.02687581592150987
  0.03628217433221613  0.04615967448658444  0.05574878158829309  0.06517861604204754
  0.07473113516363629  0.08426969541374248  0.09393257356273010  0.10336120730599459
  0.11275324277908330  0.12237034363172856  0.13205742783434521  0.14168857596527215
  0.15137459346266943  0.16124569124971441  0.17103288601361399  0.18049355481723767
  0.18985072863855973  0.19942740488723290  0.20922698283149105  0.21909105664999567
  0.22898410897510277  0.23895742136572504  0.24893015686183484  0.25876174564756527
  0.26844966757539562  0.27822594289961111  0.28806875193105053  0.29812919534442062
  0.30835508442281134  0.31875645923998114  0.32928393198513362  0.33967484952184740
  0.35005802691613686  0.36043436723997685  0.37106469653564433  0.38200844950203483
  0.39299405041075447  0.40371511436592616  0.41425811677698710  0.42492471362887196
  0.43525359509038569  0.44532651483313207  0.45530903021408714  0.46540960280659815
  0.47583060429496898  0.48643015468637829  0.49723382102821606  0.50816025083264160
  0.51904051359296133  0.53009315552608105  0.54145044153706234  0.55297949429203530
  0.56450087214514399  0.57594991878124235  0.58741566113718524  0.59894164370229264
  0.61039282856204224  0.62173805155779538  0.63312459918347508  0.64421670447873502
  0.65491686129643045  0.66543455735570234  0.67621404732782686  0.68735042965739379
  0.69857160775620331  0.70989942965206598  0.72140649195878259  0.73303781022998604
  0.74478564363703548  0.75655237494364469  0.76778081388110109  0.77863745747021906
  0.78931873268688924  0.80015206989331078  0.81109107943250680  0.82219948415307520
  0.83369764143173064  0.84490913287299230  0.85585879082504079  0.86658543439014257
  0.87750841174091598  0.88856491262146942  0.89977172821679074  0.91098144323516184
  0.92180875149666575  0.93285522829162737  0.94345474884802427  0.95547339575052836
  0.96634538974434392  0.97786664410051782  0.98840511436700029  1.00000000000000000
 -0.00229627559270213  0.00913362061432869  0.01980159868302087  0.03098891643414925
  0.04221118847473645  0.05260851768541321  0.06286574278129337  0.07311979186250868
  0.08345921680671255  0.09400622999248918  0.10398012150994648  0.11445010077872002
  0.12489462948062735  0.13565853502501998  0.14666228559978670  0.15758156147152205
  0.16858259005776402  0.17936916109695725  0.19010517357216525  0.20083818032904874
  0.21165084229718201  0.22250735983247047  0.23301004806847908  0.24330613912441687
  0.25370626982508115  0.26453739570854046  0.27523842002429527  0.28548404904456642
  0.29569642452331596  0.30644269873261676  0.31681498389207630  0.32673593776612142
  0.33673620201130999  0.34715129232075098  0.35783282781382419  0.36786707974973992
  0.37812819965076910  0.38833915030503391  0.39919395838121907  0.40981587507096945
  0.42026233750096831  0.43094644124536785  0.44149493562811354  0.45191190128298853
  0.46250206209227351  0.47342140571956010  0.48477624532177965  0.49576320049526912
  0.50668479481370399  0.51750630453866908  0.52799567268749836  0.53838286536307056
  0.54868167275011293  0.55906390085489088  0.56959551851884282  0.58050604833757169
  0.59138295011414976  0.60200932969214760  0.61251363284200699  0.62305574213101900
  0.63354961829082479  0.64392417654631806  0.65447393627883599  0.66401653099728397
  0.67382983604224189  0.68329497911333525  0.69364938321943037  0.70410586843185596
  0.71474188031042185  0.72540954208744879  0.73609492722423853  0.74688291979660171
  0.75786637096330522  0.76876366105370986  0.77938935250588059  0.78999696096525907
  0.80076441658365061  0.81160352767277943  0.82236673664400439  0.83326989807144469
  0.84397177385492828  0.85463551025078865  0.86504516180172353  0.87583161494907269
  0.88609626001810893  0.89600552373200271  0.90578850892167229  0.91602492219591281
  0.92667837020492660  0.93684955023042138  0.94703911433097554  0.95730092538481648
  0.96794580205227887  0.97846519052556702  0.98929995872943055  1.00000000000000000
 -0.00236343148906280  0.00924244979206391  0.01911531385674364  0.03015399392410784
  0.04043525049342764  0.05071417556162049  0.06115384935930405  0.07132107589070427
  0.08140273051962787  0.09120790989579643  0.10107462818525126  0.11106193930726488
  0.12099635762099988  0.13099749144965303  0.14084198351101215  0.15069970158969129
  0.16058003958827846  0.17026525110990851  0.17977412131316767  0.18900445174659974
  0.19851664286193604  0.20837490397198896  0.21805883118573557  0.22773498004630433
  0.23731483537518103  0.24731397641125974  0.25741828127033728  0.26723854448047729
  0.27703225692329192  0.28709378647966494  0.29742586709009822  0.30725362922642430
  0.31682055186021246  0.32654771285486217  0.33728451553362854  0.34765049489996652
  0.35769428919648477  0.36771954532728385  0.37810217247124273  0.38882738454300081
  0.39941241217784307  0.40994755727526566  0.42061765360631215  0.43157084550014552
  0.44264846990561152  0.45379170624777387  0.46493280955257821  0.47588991694436311
  0.48673827019086313  0.49710263142606564  0.50750759964276737  0.51760448758238364
  0.52788936066361070  0.53840789652503696  0.54924276403870698  0.55996362716307302
  0.57059725136161132  0.58141127125650893  0.59274547524358112  0.60399862313008845
  0.61516027237263415  0.62602755752627692  0.63675209373802200  0.64750584836734437
  0.65848681765937112  0.66986606590824727  0.68123351249577646  0.69258197258088439
  0.70373399829869987  0.71456572510865424  0.72550430904864316  0.73627697060757014
  0.74755642097811859  0.75879949806313629  0.77033843524472401  0.78206905587065967
  0.79327249033228786  0.80414812491630960  0.81455925729844902  0.82505153835900336
  0.83558099062763769  0.84604828161244972  0.85691337990734651  0.86800136966850416
  0.87903569051539610  0.88955306989494087  0.90005395609360628  0.91057219932653344
  0.92179226298654759  0.93294514064249956  0.94413417416869228  0.95567950339924046
  0.96730266977009283  0.97828098883318637  0.98922833164243917  1.00000000000000000
 -0.00233370888259254  0.00920490953333986  0.01940817425137415  0.03004597191012811
  0.04063762180959365  0.05114868975736051  0.06178765621249047  0.07217928306080489
  0.08274989955944868  0.09303248630115858  0.10325830757764400  0.11355899274753997
  0.12376185511576912  0.13437827577589403  0.14419218546426260  0.15438012284024638
  0.16455159659427379  0.17529513602293237  0.18619071911483520  0.19700745714071952
  0.20763897714903914  0.21839088690478059  0.22928170392629732  0.24017139927684222
  0.25080705299895228  0.26119220542742011  0.27130599826220475  0.28142892006128001
  0.29172977885482237  0.30245871036835170  0.31321774622643217  0.32361571751774271
  0.33345072868890230  0.34317182251926404  0.35292574726123388  0.36311185070766089
  0.37339261132792195  0.38388569470085837  0.39432290178056467  0.40495238510007231
  0.41564813810079337  0.42651321201261894  0.43667466793338960  0.44668680349492729
  0.45660728643295379  0.46719559557780743  0.47780151656146641  0.48826361382416089
  0.49882806342792824  0.50964660864868505  0.52044830456423463  0.53097567421635938
  0.54150656668488362  0.55210740607138409  0.56263912416465800  0.57305025205316296
  0.58350581450270611  0.59422368898676248  0.60480387495534804  0.61519899772084730
  0.62553358825518446  0.63591945082927015  0.64626186016582154  0.65694960724240092
  0.66779027310132155  0.67878860938665364  0.68983327445895826  0.70092867970812145
  0.71189246982754684  0.72280321932783398  0.73362535799429507  0.74438403010920584
  0.75506980543120383  0.76549589460709289  0.77627886045208339  0.78678693172080516
  0.79723931166077777  0.80755847262434699  0.81789102032580352  0.82848268766846478
  0.83918016551607955  0.84983093146924937  0.86050823733355175  0.87097827100279113
  0.88190034653363059  0.89279077324993483  0.90377190879599245  0.91450340746541647
  0.92530951665341887  0.93634217495996119  0.94733431669705204  0.95803393651355961
  0.96831240018950804  0.97881678867716804  0.98919920984216925  1.00000000000000000
 -0.00247389328847758  0.00954053606574269  0.01962167120116311  0.03040667232322723
  0.04094538683373854  0.05110256215305500  0.06173503285872047  0.07224529475810958
  0.08322426310118713  0.09343093016637975  0.10374652369712285  0.11426325484720366
  0.12566557572278184  0.13644706527371736  0.14719523950475399  0.15757561466528888
  0.16801658823086035  0.17845192102166313  0.18906392873241593  0.20013980945170060
  0.21102174936187129  0.22144756690984138  0.23091781827870170  0.24069347026255822
  0.25047482799536747  0.26093745280071223  0.27127244540566464  0.28171397442215174
  0.29234459553637571  0.30298734937643040  0.31371166629354930  0.32443258464401314
  0.33501169339238213  0.34546734991885109  0.35572641086248602  0.36584876154691354
  0.37589184865535291  0.38621672937639001  0.39688516041069383  0.40777813712176492
  0.41846571781809982  0.42833098827266070  0.43822073076159507  0.44811407698039402
  0.45824172627239801  0.46813715136923323  0.47786046576926616  0.48799915842297836
  0.49834881084482996  0.50869919548095333  0.51912953638958492  0.52943036097904717
  0.53971905300492828  0.54986350616017765  0.56010858210255288  0.57088274339260725
  0.58155643083451591  0.59247634888902689  0.60331073347304143  0.61430762503691838
  0.62504556406648060  0.63571519304823854  0.64655057971511887  0.65746737481848105
  0.66833716593970405  0.67915774910013116  0.69000631755310105  0.70064770653290331
  0.71146180463607400  0.72209790308873290  0.73285465370911074  0.74366695468576260
  0.75436301058108868  0.76518764576576859  0.77612577940973182  0.78694089649589671
  0.79768994028783213  0.80823486463929517  0.81906646304304642  0.82936341755350362
  0.83933725332912312  0.84967593950905873  0.86049664189749597  0.87155671575018612
  0.88208132257885463  0.89308115176464808  0.90396033397304199  0.91484743938186264
  0.92566778251945891  0.93630679057148636  0.94629597790145970  0.95665468967688783
  0.96687568658344181  0.97792905058958790  0.98892919874028762  1.00000000000000000
   1.2206893492044499E-011  -1.0000000000000000     
 F F F F F F F F F F F F F F F F F F F F F F F F F F F F F F F F F F F F F F F F F F F F F F F F F F F F F F F F F F F F F F F F F F F F F F F F F F F F F F F F F F F F F F F F F F F F F F F F F F F F F F F F F F F F F F F F F F F F F F F F F F F F F F F F
  <DiscreteSampler_grid>
  grouped_processes
  1 # 1 for a reference and 2 for a running grid.
  10 # Attribute 'min_bin_probing_points' of the grid.
  1 # Attribute 'grid_mode' of the grid. 1=='default',2=='initialization'
  0.0000000000000000 # Attribute 'small_contrib_threshold' of the grid.
  0.5000000000000000 # Attribute 'damping_power' of the grid.
 # binID   n_entries weight   weight_sqr   abs_weight
    10   10   2.465208532447487E+000   1.800032315479373E+001   2.465208532447487E+000
    16   10   2.465208532447487E+000   1.800032315479374E+001   2.465208532447487E+000
    22   10   2.465208532447487E+000   1.800032315479373E+001   2.465208532447487E+000
    28   10   2.465208532447487E+000   1.800032315479374E+001   2.465208532447487E+000
  </DiscreteSampler_grid>
