  0.00001375123466792  0.00004916896741448  0.00007181647248533  0.00009095647902332
  0.00011034463281657  0.00013150813603658  0.00015635896273315  0.00018727872490122
  0.00022614528545005  0.00027381242925710  0.00033025968125502  0.00039798724797037
  0.00047523327852605  0.00056723789639917  0.00067932304498827  0.00082233330927969
  0.00098483215800910  0.00118182913614199  0.00141557861189474  0.00169921199137373
  0.00204667455974999  0.00246913479980128  0.00300786972117660  0.00370902648446931
  0.00461328557073050  0.00579322492814829  0.00734867944223944  0.00951530705555366
  0.01271131297668146  0.01757487663642209  0.02478025874137151  0.03448992760919205
  0.04785006221027416  0.06428690449558594  0.08224791541048357  0.10034369978390355
  0.11872699846309681  0.13755248104547557  0.15644754961540588  0.17527379293999595
  0.19425732425136691  0.21338840601335129  0.23248618875898663  0.25157263337981028
  0.27070559671095856  0.28984442477338823  0.30896236729122967  0.32810644659676430
  0.34720458562748785  0.36641078236161118  0.38556177166854666  0.40445468001086399
  0.42334920032407647  0.44230370496926225  0.46131540642845975  0.48032697050424505
  0.49944037525222540  0.51874739397114877  0.53781792267779882  0.55644996915190525
  0.57501643035883154  0.59379928220333078  0.61260501471170425  0.63133616946762028
  0.65013435065589797  0.66905133499390268  0.68790771713079468  0.70657022270405612
  0.72509377633021710  0.74349794942892355  0.76190832044777790  0.78027703310158691
  0.79842154021973144  0.81629782589590616  0.83393677777312170  0.85149813797054918
  0.86890871971818029  0.88607944571642605  0.90305767897025946  0.91952232368609432
  0.93492211479947795  0.94903154823061131  0.96161108006457108  0.97200079580516019
  0.98004803376795913  0.98594687756160437  0.99014673656277019  0.99312858266639192
  0.99522857938788256  0.99671949693886619  0.99779680014376460  0.99856130917576047
  0.99907032402861673  0.99942530015909337  0.99972741756303896  1.00000000000000000
  0.00026582879160459  0.00030539802669462  0.00033696998137607  0.00037385636608730
  0.00041902495567620  0.00049328416678628  0.00077914107316790  0.00133052252918992
  0.00172847179031254  0.00211755553453625  0.00257800071658726  0.00316819970432461
  0.00382321646377595  0.00452856147966737  0.00535655397012675  0.00639171376520227
  0.00764034389249830  0.00908716008907534  0.01062659351681483  0.01231256128588184
  0.01423854317548557  0.01628754436024728  0.01866757775444725  0.02181120261436418
  0.02575766681169772  0.03019577607673814  0.03521839707523282  0.04096067871504718
  0.04702060229807812  0.05266099301064150  0.05692656954456330  0.05971324379032302
  0.06159261616208040  0.06288180047825000  0.06379706610961526  0.06448250365650884
  0.06500834484711883  0.06542524216898558  0.06576938879568366  0.06606469823408818
  0.06632293672331675  0.06654666691746476  0.06674682660080548  0.06693040173115442
  0.06710107083383250  0.06726135514258540  0.06741397327849573  0.06756126826447006
  0.06770493464497826  0.06784639137689194  0.06798701123091329  0.06812854147299952
  0.06827300834076921  0.06842193765528372  0.06857671218163718  0.06873921248061199
  0.06891149754812428  0.06909783302665126  0.06930218144467185  0.06952808238076380
  0.06978770647902770  0.07009239048982104  0.07044673180027083  0.07086711780162701
  0.07137631331592312  0.07202597073858406  0.07288453392362791  0.07405210394685795
  0.07564242654277985  0.07803356585180234  0.08164593668264106  0.08700504293978747
  0.09549981951009706  0.10849222966428407  0.12731681463280656  0.15411404733387946
  0.18965817860870821  0.23546657820340638  0.29238508509636518  0.36277334729360095
  0.45155302221399896  0.53379167486422652  0.58431155670856061  0.61636566460756237
  0.64298899502928097  0.66706395580643363  0.68893666522809305  0.71119635765737976
  0.73453245590274596  0.75741980407374732  0.77986238481734338  0.80373839681448267
  0.83186175131908624  0.86858281053653230  0.89122713022800792  1.00000000000000000
  0.00017452415109888  0.00063501616040057  0.00092652920838213  0.00116331591306101
  0.00138981243798545  0.00163132923869349  0.00189692296054072  0.00218587886193385
  0.00249867663466825  0.00284177599240370  0.00321833759752729  0.00362998393132560
  0.00408092376540488  0.00456757162119699  0.00507712228605028  0.00559466692715078
  0.00611164075258781  0.00662685203922860  0.00714130447497359  0.00766372455375366
  0.00820061891617435  0.00875137877745673  0.00931598060819900  0.00990564916945164
  0.01052701790187970  0.01117055499235462  0.01183453752906206  0.01251956061548161
  0.01323517559015736  0.01399351401765338  0.01478564258600702  0.01560398692676154
  0.01644921154907183  0.01731293565766262  0.01817647960371683  0.01912838444024460
  0.02016001285716554  0.02124968344775968  0.02238157464140337  0.02356600117229100
  0.02480016285166142  0.02609610880031762  0.02743746892386687  0.02882348140805096
  0.03025517828355422  0.03174651378736321  0.03336097932322090  0.03493641270885164
  0.03646281423915799  0.03796009986308155  0.03956902824589785  0.04134242486692203
  0.04330727747232933  0.04546778053640979  0.04773539818907297  0.05015957162476993
  0.05271877052567686  0.05549798320665952  0.05828788139812411  0.06117722164922094
  0.06426164649395889  0.06751858339443595  0.07097145325324850  0.07457861330310178
  0.07845666299570384  0.08239834396553110  0.08664306276196690  0.09107294368570149
  0.09580679584135800  0.10078595459006615  0.10594006403691922  0.11146831730549728
  0.11697622586559489  0.12291303089449201  0.12933180117928730  0.13648257564819219
  0.14403640502283344  0.15193172170688801  0.16030802231431071  0.17007642462580475
  0.18105247146453451  0.19277390653843104  0.20510711148445751  0.21796593314484114
  0.23111772920954299  0.24538386172873328  0.26134843195102797  0.27937059890038707
  0.29895876777134267  0.32006330203840733  0.34345166257993892  0.37008399395823938
  0.40180253147284911  0.44292256624912901  0.53353445554289569  1.00000000000000000
 -0.00202806427428789  0.00851521049918708  0.01667730598253236  0.02546425512113241
  0.03459191401909517  0.04466551916838332  0.05494636634403118  0.06477528429173625
  0.07428005448795431  0.08355614854154139  0.09273204766794560  0.10216640444786998
  0.11145663427405250  0.12097622873492794  0.13037696676562291  0.13998017666028620
  0.14990312742148462  0.15986253572426345  0.16978846751279963  0.17968432434713399
  0.18989778767488510  0.20011242416814520  0.21028062656134991  0.22038314013417756
  0.23082305034281778  0.24117721479918203  0.25110457842968853  0.26078661461786984
  0.27060437530664067  0.28071669150213402  0.29101623661532439  0.30136305640467181
  0.31166776800907015  0.32216216780850582  0.33217209071622822  0.34227199703290745
  0.35249793824324022  0.36279438031991046  0.37313043711779814  0.38357117938012358
  0.39448099501420120  0.40565383808181221  0.41704112647912228  0.42850241657422861
  0.43968188328495433  0.45047416440633498  0.46110743121327868  0.47169552044683627
  0.48237231504219935  0.49302821604446351  0.50378424175951730  0.51459235941382120
  0.52563105912370089  0.53685324290565550  0.54819916267754121  0.55956580268927081
  0.57122848163565787  0.58282403971789409  0.59434994443540523  0.60566048010951989
  0.61705819731453515  0.62852327331720392  0.63985240431685786  0.65111138637618682
  0.66222599821604489  0.67356032609437000  0.68499099046602474  0.69652650576170205
  0.70823491730044330  0.72006323033848363  0.73161995784247424  0.74255239254126737
  0.75318301170709934  0.76376673595202460  0.77473422338505249  0.78628920462696628
  0.79779757470787471  0.80864532076751583  0.81936375853375920  0.83003207682335778
  0.84086013799170534  0.85123917053847586  0.86139204688544424  0.87160312626764447
  0.88234422961805015  0.89357305061688197  0.90498093278108238  0.91635451417122427
  0.92741629396211689  0.93812563261997561  0.94906043203756019  0.96039688061303585
  0.97159729832655883  0.98190033549812472  0.99125894726692620  1.00000000000000000
 -0.00235166068437407  0.00925563205020710  0.01933887139538442  0.03017613052583224
  0.04047021620682739  0.05120413679470674  0.06170473368178934  0.07222114018905630
  0.08254494337578140  0.09283634396265864  0.10294468169516530  0.11297522666938865
  0.12303959988907026  0.13383156202443405  0.14483031668756813  0.15593545663495972
  0.16695465774469953  0.17745535817350669  0.18745305372901072  0.19720351965538210
  0.20749448434234649  0.21818503623005023  0.22894813475975340  0.23914922611308520
  0.24919682289894962  0.25936574430140863  0.26991348530365999  0.28058383651129754
  0.29111155317463600  0.30148550404398400  0.31193711162146237  0.32248725132784728
  0.33315806237304407  0.34403008001285845  0.35501600111506837  0.36556716976384873
  0.37561780446196819  0.38540074776941130  0.39562415488517821  0.40615671229794764
  0.41667207275993212  0.42678994132466785  0.43674359648644234  0.44724716869802239
  0.45799825760431484  0.46864232678790568  0.47920048894766099  0.48992952967852088
  0.50096372015643087  0.51207594463385142  0.52311695148606541  0.53418789037227732
  0.54537268440322917  0.55656704413112013  0.56744383612795679  0.57812533725767434
  0.58891146271979034  0.59981687470770806  0.61031140585703225  0.62036657565490816
  0.63053889717703482  0.64047079674917218  0.65031531232914297  0.66002430141637436
  0.67038580923228286  0.68109645211197545  0.69201573863498045  0.70283347644149619
  0.71361744017947326  0.72422756068467276  0.73489450292460468  0.74542059133117211
  0.75596024036512632  0.76627344935657982  0.77676850938029041  0.78725378383678168
  0.79794767911934794  0.80865102761050478  0.81908960010690468  0.82924209659700721
  0.83932621883784664  0.84926965553929479  0.85994046818274550  0.87098238411032147
  0.88158600814163468  0.89233847275813094  0.90313673506194159  0.91420676719211313
  0.92520986649947756  0.93630544795999637  0.94737808696890036  0.95885752429809601
  0.96929966656488920  0.97973258999534851  0.98988557750983963  1.00000000000000000
 -0.00207722997752259  0.00802701514962229  0.01826287047454153  0.02783465274552238
  0.03768555873691651  0.04734183331682820  0.05722010492677529  0.06668632099815640
  0.07626452079205986  0.08563421698507043  0.09499889872685745  0.10394910726818343
  0.11350544846233357  0.12176301079580765  0.13060490084064005  0.13952436359693079
  0.14873783724254416  0.15849426992240040  0.16821786956369178  0.17792939355506540
  0.18758375734828789  0.19658205840707174  0.20549171230589952  0.21449481228935924
  0.22382418186753239  0.23371361449455924  0.24371395962087467  0.25323529369603087
  0.26295471134892917  0.27283043379964911  0.28320466196356409  0.29361236248617079
  0.30394851398540507  0.31439463620968128  0.32501572218333652  0.33586121112220529
  0.34648648565188783  0.35703690636055757  0.36765743726274586  0.37855906055851901
  0.38949991226160008  0.40021536629069843  0.41094337535351128  0.42188992672297088
  0.43306318216087003  0.44436598667955607  0.45570040953486518  0.46694750043335242
  0.47814974301893104  0.48932419676571304  0.50064207240137282  0.51215461736219947
  0.52356832051106261  0.53492952515214054  0.54589853173901592  0.55685411452718114
  0.56796853267889547  0.57929961510054617  0.59059251692038461  0.60164175652213714
  0.61264990599806679  0.62333237485669091  0.63395132061456227  0.64465949298681313
  0.65631110899370004  0.66832740535222179  0.68026966588352511  0.69169831776125823
  0.70292904721179672  0.71416433080408348  0.72519784281611166  0.73607405501599910
  0.74658463293648103  0.75771417126613383  0.76898723284200599  0.78052375267336693
  0.79177076614480923  0.80286981152587478  0.81374006135641541  0.82478762763126823
  0.83621924614817489  0.84781761349797580  0.85917015023522436  0.87015501128571682
  0.88064033571782874  0.89123812077428100  0.90197232577239528  0.91309067200992877
  0.92454952292508741  0.93582873989284387  0.94719311383300742  0.95845977326396770
  0.96949396304257873  0.97992220114740558  0.99007240109938355  1.00000000000000000
 -0.00236922658977316  0.00949058294791220  0.01973370885237707  0.03038505680557299
  0.04054034828927702  0.05026511786432284  0.06001581487616248  0.07012994818630575
  0.08062947519566427  0.09118210846699819  0.10201161398049087  0.11301748476878717
  0.12370334131808035  0.13431128886912658  0.14502833736629800  0.15555212343924452
  0.16611560555540228  0.17618093144192459  0.18689036481442622  0.19772818287607261
  0.20885565508004558  0.21984840515629428  0.23051416863454693  0.24046927745311777
  0.25028157321593120  0.26028586612486770  0.27102407760691488  0.28210379097726301
  0.29264682014627191  0.30295376430950072  0.31321001660886189  0.32415479780789219
  0.33493585358132633  0.34546929857253078  0.35595634631900785  0.36660293777034031
  0.37767550287618534  0.38846124623099565  0.39915402698422103  0.40996559524690029
  0.42099070172719649  0.43195451609844587  0.44272572647277736  0.45306616445479714
  0.46337901672562404  0.47363547691764801  0.48404038955631029  0.49423787890131898
  0.50431777669832178  0.51425846399579500  0.52471327095715115  0.53533976350118839
  0.54609254748570990  0.55675444457427636  0.56771089140145525  0.57858339105573853
  0.58945394075604729  0.60020989428323102  0.61063743989399566  0.62087373172927673
  0.63131893823456942  0.64184194785780435  0.65216235940764433  0.66214297967195201
  0.67262001515959091  0.68349645074851928  0.69400706918916411  0.70451503417917805
  0.71505090571770591  0.72578420766026996  0.73645929625665818  0.74665666323825142
  0.75697273475291016  0.76742457375223794  0.77824803709098966  0.78902065724992021
  0.79982405875125528  0.81039677164562118  0.82115092165458725  0.83183411796052054
  0.84261766022923912  0.85343923857254200  0.86446561185333903  0.87537091460788885
  0.88630951910906186  0.89723926510822671  0.90772776764628704  0.91726236777236014
  0.92686197046038443  0.93680649542871730  0.94746112814825112  0.95864120621964721
  0.96903335077009800  0.97938708698920429  0.98917846441949664  1.00000000000000000
 -0.00206425126905391  0.00832865894094688  0.01850169569907437  0.02945715827578223
  0.04050133430288227  0.05124707978870248  0.06218193256055929  0.07314012055459576
  0.08398938539013369  0.09476901140567812  0.10577025777259789  0.11672071500898559
  0.12772475534425384  0.13827131862946854  0.14906941924453507  0.15972181343371741
  0.17011902593795314  0.18011160375066582  0.19043887318150859  0.20011195978733942
  0.21084480654763968  0.22118454849962901  0.23146527260507602  0.24173878246256475
  0.25272380944960993  0.26318751869583412  0.27415944014275023  0.28501023205233011
  0.29578971361014705  0.30676025910441024  0.31748242573398233  0.32811795576223995
  0.33874144242227933  0.34945477951981668  0.36013913713008877  0.37063912162132001
  0.38105991740525647  0.39176122229762850  0.40283799336859932  0.41420439610965648
  0.42537957055421383  0.43626955407187823  0.44678989601993713  0.45717605882515933
  0.46753011059566280  0.47808984244510921  0.48864895247625489  0.49899066418329546
  0.50919737978484592  0.51961334177041618  0.52953134480555508  0.53933193726267759
  0.54889766198518486  0.55898580189789115  0.56947072676439081  0.58038847092931389
  0.59025507299393043  0.59996660063982810  0.60943441780224594  0.61901615580391012
  0.62938360371904423  0.64013049998361615  0.65062581536079778  0.66100537476441579
  0.67154670183651721  0.68249695368230046  0.69317636621333478  0.70380963062831847
  0.71415498070058314  0.72461880198121487  0.73504214036594073  0.74575665582472495
  0.75682005000991104  0.76738147253839473  0.77767134849804109  0.78787109719228621
  0.79728121294091037  0.80700376539640217  0.81750547975928478  0.82783174701814943
  0.83806309641511201  0.84837168715732791  0.85902313355743831  0.86961337320255372
  0.88008201414681486  0.89048921483998267  0.90072882274346944  0.91135045888087651
  0.92209182232841658  0.93311131579864970  0.94417684530304669  0.95537076894195883
  0.96640220836864177  0.97757174788455103  0.98876570298115085  1.00000000000000000
   1.2179154536654762E-011  -1.0000000000000000     
 F F F F F F F F F F F F F F F F F F F F F F F F F F F F F F F F F F F F F F F F F F F F F F F F F F F F F F F F F F F F F F F F F F F F F F F F F F F F F F F F F F F F F F F F F F F F F F F F F F F F F F F F F F F F F F F F F F F F F F F F F F F F F F F F
  <DiscreteSampler_grid>
  grouped_processes
  1 # 1 for a reference and 2 for a running grid.
  10 # Attribute 'min_bin_probing_points' of the grid.
  1 # Attribute 'grid_mode' of the grid. 1=='default',2=='initialization'
  0.0000000000000000 # Attribute 'small_contrib_threshold' of the grid.
  0.5000000000000000 # Attribute 'damping_power' of the grid.
 # binID   n_entries weight   weight_sqr   abs_weight
    10   10   6.527891418944689E-001   2.211167677874053E+000   6.527891418944689E-001
    16   10   6.527891418944689E-001   2.211167677874053E+000   6.527891418944689E-001
    22   10   6.527891418944691E-001   2.211167677874054E+000   6.527891418944691E-001
    28   10   6.527891418944689E-001   2.211167677874053E+000   6.527891418944689E-001
  </DiscreteSampler_grid>
