  0.00001237126041652  0.00005078119309567  0.00007097345153624  0.00008962738321453
  0.00010894299908833  0.00013007266840512  0.00015445267543800  0.00018396411511006
  0.00021868858733623  0.00026447279460937  0.00031909307433803  0.00038711361828417
  0.00046993914128446  0.00057241785491593  0.00069557589188789  0.00084236046125588
  0.00101828256010625  0.00123192103015741  0.00150151766373117  0.00183989697226637
  0.00225863988710541  0.00277159901694147  0.00339680416693876  0.00420406581220257
  0.00531347424177895  0.00678308389407711  0.00884578858112274  0.01187105001732683
  0.01649777078636665  0.02354651901262128  0.03335130972319175  0.04573362360751360
  0.06061817764595565  0.07743417765530812  0.09518001373556347  0.11344654347770421
  0.13210585683172021  0.15077572625892041  0.16930574466340192  0.18788951602665227
  0.20647954001946420  0.22512338005590107  0.24381240721565683  0.26258580898778794
  0.28145199475005833  0.30039800033914804  0.31941200530565778  0.33852137531183785
  0.35750839782643407  0.37644497953637179  0.39516785619365064  0.41397124627127357
  0.43270084069979287  0.45143516732039857  0.47015891064241844  0.48876029932184922
  0.50724960363874327  0.52569197114276633  0.54429674137547812  0.56293508951782789
  0.58139889375197606  0.59982197481875543  0.61829065712707099  0.63676531882706133
  0.65521801842957095  0.67362368697616315  0.69197271131249505  0.71019214519428431
  0.72825901403682702  0.74637940189708329  0.76462406184862008  0.78265220373939104
  0.80039339750787530  0.81799406339184833  0.83565679597556364  0.85348518611545210
  0.87066617989276329  0.88748143688931713  0.90384612017817156  0.91954509124481709
  0.93437989836180146  0.94818158163863842  0.96061844148565911  0.97099296597790541
  0.97898412960030246  0.98496361849763703  0.98934311990068868  0.99246807235129253
  0.99461524834019821  0.99614477587418337  0.99728430778198995  0.99815716153646228
  0.99881116670035630  0.99928726470976903  0.99966658772877437  1.00000000000000000
  0.00028249927432369  0.00033409682726306  0.00036644074859421  0.00040728373312464
  0.00046899209954264  0.00064112096642623  0.00106559363052460  0.00156190548337148
  0.00198395563087110  0.00249785138114000  0.00309860241406545  0.00378458384371693
  0.00454129000679841  0.00536650060705637  0.00628835266333810  0.00731973812145555
  0.00851597298263672  0.01000428750129125  0.01185211446354528  0.01391813538024949
  0.01624349817043785  0.01901723564269861  0.02238030698866749  0.02625465880974376
  0.03038316267697066  0.03502602309772673  0.04046977684349501  0.04634562220104920
  0.05185467211346066  0.05619611994285135  0.05921332693606301  0.06124106017438981
  0.06263767910328341  0.06363139047986786  0.06436061893853083  0.06491384014596498
  0.06535181681284880  0.06571199724175274  0.06601631707208239  0.06627879042458459
  0.06650897493575798  0.06671404930808962  0.06690065058886566  0.06707383785163139
  0.06723665754713785  0.06739136165026474  0.06753979391498492  0.06768377472198964
  0.06782497066020091  0.06796515131429064  0.06810591093148381  0.06824880537286455
  0.06839552861787770  0.06854828132706467  0.06870842468564257  0.06887925298817321
  0.06906534198893903  0.06927140246529155  0.06949986365520251  0.06975644276494572
  0.07005216796251400  0.07040029310147135  0.07081827638993050  0.07133053858736241
  0.07197637953417595  0.07281989383992134  0.07396573103430212  0.07559725673459515
  0.07801089667911852  0.08158135305068710  0.08680133692930209  0.09477608294997555
  0.10696743514415752  0.12456831746596575  0.14855327928740319  0.17976537782081453
  0.22032647682285100  0.27549880662579246  0.35295570695943890  0.45510239081230741
  0.54891299657696435  0.59093837792735937  0.61071392517996193  0.63672148960757990
  0.66118181565690515  0.68266524607354651  0.70052555697351082  0.71744419486698363
  0.73629332760710042  0.75696541238601656  0.77795042501463652  0.79744776510804183
  0.81955499021504208  0.85491790790401090  0.88470423705441148  1.00000000000000000
  0.00050579583017267  0.00084050806395040  0.00102971822578967  0.00123491921882474
  0.00146440358302333  0.00170842428061066  0.00197012159507224  0.00225686138441692
  0.00257154828649938  0.00292506376502390  0.00332209307285161  0.00374781884703637
  0.00420076005555038  0.00468652948300088  0.00519950505895702  0.00572237347012800
  0.00623805515135216  0.00674985338187103  0.00726666205647769  0.00780622488051846
  0.00836586560504712  0.00894479340584011  0.00953861558104384  0.01014730206548425
  0.01078170344001282  0.01144593115477492  0.01213938790223357  0.01285597398865506
  0.01359814495072392  0.01437597218683290  0.01519659525058701  0.01606232742944104
  0.01696682245490323  0.01789741323822744  0.01885917088801008  0.01985934272291710
  0.02092025729846669  0.02203343491645997  0.02320085586939607  0.02442961293080208
  0.02572192337007725  0.02707372333587221  0.02849911750245893  0.03000669312190317
  0.03158136567226404  0.03321613302742706  0.03489484452795632  0.03661190894916597
  0.03838870231685058  0.04029495938692756  0.04235248691651171  0.04452705869251870
  0.04675008211385395  0.04908616210390187  0.05154460208549835  0.05415960695196277
  0.05683525574755367  0.05952729849693452  0.06233248861752397  0.06533739954490400
  0.06861676276380459  0.07207636456049359  0.07570652340977201  0.07937157598442217
  0.08317877146865729  0.08718167945083832  0.09155861921930260  0.09619609013355465
  0.10112794156451722  0.10634204004197928  0.11178498488518941  0.11759144847745434
  0.12385422145914997  0.13069527211690923  0.13779563116072399  0.14514765132428636
  0.15298325973763641  0.16170577406579112  0.17119409276401643  0.18141644516882977
  0.19226682256875632  0.20386425275082903  0.21615423873920470  0.22928192122638544
  0.24351298834409582  0.25879129505984955  0.27512516168546408  0.29306041690313900
  0.31252952535812800  0.33345893340037752  0.35608583008572697  0.38003025802310275
  0.40838511858462984  0.44567939493895115  0.53149403806135931  1.00000000000000000
 -0.00245580365282800  0.00845513723856107  0.01743498919968152  0.02792377590436828
  0.03784983916441483  0.04787686595970870  0.05774580300754919  0.06776902129287569
  0.07775230673955968  0.08730310368439119  0.09673336802191412  0.10622698764794782
  0.11593724520718422  0.12561032294689373  0.13544416004700188  0.14534161007903981
  0.15478930574634062  0.16403243967254316  0.17339121660375639  0.18283279179353343
  0.19263705308406825  0.20262979111082510  0.21275217021085838  0.22271699488017369
  0.23255742665350954  0.24237142399469058  0.25248062507816982  0.26281936652009552
  0.27320704899162701  0.28357849720460826  0.29391791696872543  0.30430792572185345
  0.31460029082814894  0.32491164497706998  0.33522311596907300  0.34558406540794950
  0.35598614496501124  0.36647150786259974  0.37707929403265278  0.38742371073239490
  0.39751929398264413  0.40732678050391991  0.41747672278723169  0.42802214277373113
  0.43869069575723557  0.44938402651369669  0.46024523809171203  0.47126340591019644
  0.48223752752264037  0.49274980938117963  0.50310088844592837  0.51328651591562613
  0.52380912759037024  0.53437766337016968  0.54522192945972969  0.55630542924424797
  0.56758791098663186  0.57897897288830569  0.59027545164943884  0.60165641902522726
  0.61299385316728472  0.62406309043922548  0.63497333887403473  0.64585760816626081
  0.65686298164666990  0.66814729270958606  0.67951530065440291  0.69066658488596211
  0.70109270627475606  0.71152859430050430  0.72227145754017608  0.73314751326906569
  0.74387871365382674  0.75448316773426327  0.76526996954535409  0.77606372909955712
  0.78653516822847636  0.79741506089006375  0.80850359067125888  0.81969460303446673
  0.83067734707992169  0.84147988299208942  0.85212570932650844  0.86276237638933340
  0.87396889205521189  0.88507051065864040  0.89620376763980880  0.90712258093487930
  0.91847871225947852  0.93024130376643865  0.94219597522289089  0.95366658110798330
  0.96520946425401732  0.97716072337184157  0.98856766751647396  1.00000000000000000
 -0.00235426291311547  0.00939455912463802  0.01977832005630332  0.03078867772260100
  0.04139543372556853  0.05223268947959590  0.06325914015649800  0.07404045028430525
  0.08431095854635451  0.09415599784394581  0.10418148003083834  0.11417798465007437
  0.12473540192452186  0.13531189042605474  0.14581616276141882  0.15591640611869562
  0.16617680279096808  0.17628600131339042  0.18696726659276006  0.19701720337636583
  0.20739823815029118  0.21783980043854725  0.22853828891447334  0.23918008819597009
  0.24978685415718505  0.26058060996005655  0.27098397252594408  0.28128003966709486
  0.29131342310158054  0.30170262703151174  0.31207990879113351  0.32201375254485209
  0.33176072731060541  0.34136366914654137  0.35159351981529835  0.36226007620083917
  0.37325117670249286  0.38432603362958956  0.39527954637877577  0.40572633680862946
  0.41592112643130286  0.42569440654682311  0.43541345836208561  0.44535334536412408
  0.45554446392608439  0.46596123255551125  0.47646210534124278  0.48690848915800228
  0.49777081934879158  0.50877057050325092  0.51965339018727752  0.53040877947246623
  0.54084871506953824  0.55126405264857803  0.56190336036420363  0.57270186502869846
  0.58356096227256160  0.59433320481483087  0.60473253235333324  0.61494076692041277
  0.62530589037522932  0.63604799977105198  0.64715118415493422  0.65808384928939367
  0.66866680608566487  0.67918194739162108  0.68954040038652586  0.70045445581325994
  0.71131580801947369  0.72220899447473352  0.73289145302230752  0.74366098750523790
  0.75468089959151685  0.76555421902206033  0.77600747262738512  0.78625579987881411
  0.79636556767309397  0.80607339265201405  0.81603100648641103  0.82639654384422212
  0.83716603620152907  0.84820609939710034  0.85896290138555143  0.86992925765183626
  0.88053028215150142  0.89161989407454723  0.90235768800369498  0.91318925776929138
  0.92402213598161598  0.93505775586150164  0.94577215962584249  0.95662462967293282
  0.96733719118197758  0.97850956641376707  0.98928936635880704  1.00000000000000000
 -0.00203258028788157  0.00843902131661095  0.01776532021973622  0.02766984848418548
  0.03733705872444135  0.04678075257762399  0.05597995104193837  0.06511015830563750
  0.07444150836244641  0.08425762095006946  0.09402453024852529  0.10351966459719275
  0.11263751462583031  0.12173744528092473  0.13121440091241904  0.14099008224370396
  0.15067884155709585  0.16034131232251123  0.17005548376225371  0.17979862218037659
  0.18908935791982309  0.19827054758628429  0.20754998622065576  0.21721896701144247
  0.22695834246902352  0.23682107997818835  0.24683710922967761  0.25705123144711778
  0.26725131297772931  0.27734908244899054  0.28734196677181462  0.29730440951172654
  0.30732809138086492  0.31758533300533898  0.32813931352726194  0.33884310160593012
  0.34944432032730055  0.35981317950420955  0.37025199848243384  0.38087244871075898
  0.39177649125359870  0.40271624612055501  0.41364673090341392  0.42447237599539633
  0.43505064914807728  0.44557201076890801  0.45645296147229858  0.46779010754461009
  0.47912667044592011  0.49056714880065799  0.50190035459950300  0.51308932037888055
  0.52423758009532417  0.53512069196841316  0.54528429250746380  0.55559625011507574
  0.56607469648873210  0.57747082904385372  0.58919301163243321  0.60073303969503988
  0.61221444031346839  0.62348004759878017  0.63470172795573165  0.64576497892079920
  0.65701660279363017  0.66834680553015935  0.67980027710877089  0.69102753231910807
  0.70225214201289166  0.71344827197719995  0.72489131212168545  0.73640485550856594
  0.74775119488975195  0.75848753890027543  0.76915334788532319  0.77992113244786099
  0.79111497307361045  0.80238055930749652  0.81358815235481396  0.82500310341199568
  0.83654991489389596  0.84823405492104742  0.85978655295388662  0.87120897598911284
  0.88242278046941169  0.89370125398525058  0.90479743172094440  0.91580974837457163
  0.92640122031206040  0.93683649466433783  0.94690766738998566  0.95714189417883311
  0.96773239437100955  0.97782979099614831  0.98900850972108378  1.00000000000000000
 -0.00216007053221606  0.00862490815493957  0.01857019362789521  0.02939165360828995
  0.04019677398456886  0.05097941922352645  0.06177114633136023  0.07236290051943006
  0.08311328243412287  0.09366110404188116  0.10441140219058839  0.11517819432495631
  0.12581811075473409  0.13636010922350031  0.14669745409491855  0.15684185956230204
  0.16705364796438266  0.17744549532488157  0.18814409630919030  0.19891686697348637
  0.20955877114771371  0.22026665825357447  0.23095346084751187  0.24178281377294519
  0.25250373437871415  0.26312456365959103  0.27395565499096458  0.28501135170728614
  0.29570876777917571  0.30583713159557430  0.31590910436661906  0.32645365742929572
  0.33734331647865234  0.34796017970588744  0.35839541529000046  0.36884489734962711
  0.37959728120696890  0.39039402373612170  0.40109276219408591  0.41152650400715701
  0.42187320189957384  0.43224330649244824  0.44270083035773594  0.45325731610064590
  0.46398969332172918  0.47498653079834485  0.48606496622919720  0.49719121377177478
  0.50825527495129441  0.51931779480157902  0.53022002700104254  0.54112002662494585
  0.55191343279336236  0.56274230986215723  0.57351728065517171  0.58417717966491522
  0.59462133521804073  0.60502354234676070  0.61556711354720628  0.62631337910454354
  0.63726199697715757  0.64827911400191940  0.65875649194487074  0.66859524093653833
  0.67810619215413415  0.68770753048487587  0.69791233994542501  0.70871486344219381
  0.71921263676514147  0.72925603205188894  0.73926380632011324  0.74943346598189586
  0.76028980825934311  0.77037657620963884  0.78056129818318232  0.79064317813746465
  0.80136377188847852  0.81197578204897136  0.82243344020970865  0.83298058027180644
  0.84461037343007717  0.85469316371424509  0.86459903960289841  0.87452948131409469
  0.88439496309139798  0.89520083743659040  0.90519620776370258  0.91546832077976681
  0.92561908050509534  0.93642604087576553  0.94706733276531374  0.95783035220458812
  0.96829759932447224  0.97828898746770721  0.98919066407154488  1.00000000000000000
 -0.00230134224114660  0.00883037564060443  0.01874353687928468  0.02981224143695789
  0.04084275870421451  0.05169292247219599  0.06248183619880574  0.07324273702238454
  0.08401051355148743  0.09451214807312272  0.10478966624059732  0.11504681472364037
  0.12551510451045955  0.13608059308405301  0.14668447585487301  0.15737483440959807
  0.16830953470305940  0.17879335072573213  0.18907369273709401  0.19891026499676401
  0.20867720933672401  0.21863019884162554  0.22867720688972526  0.23898898092584855
  0.24955290057725762  0.26036371483688220  0.27107181889083981  0.28173250452058435
  0.29234943131468416  0.30295802055970333  0.31348694182106401  0.32420063990460851
  0.33495073683042398  0.34575812057206173  0.35623877130789711  0.36661474405554162
  0.37698073952200878  0.38757209755659161  0.39862754686625179  0.40887436232701829
  0.41868012326670079  0.42859158949810516  0.43890959333661184  0.44968820377212754
  0.46048594354087025  0.47087807877414373  0.48139829739057038  0.49179294368294058
  0.50240456844586368  0.51315677362369616  0.52383997430745932  0.53471360614361763
  0.54521824489730042  0.55551775515754209  0.56570694889850992  0.57613054534422259
  0.58661728402053270  0.59696198786891375  0.60735635953137379  0.61785817948923860
  0.62844099640121653  0.63900830512186213  0.64966850093887440  0.66045422934471176
  0.67121771096315774  0.68186843972820743  0.69249040208644319  0.70318156634081785
  0.71375312843250172  0.72437446573239173  0.73493895421773059  0.74575128834419624
  0.75623037707562069  0.76643613077779493  0.77663043144222110  0.78691149989194620
  0.79701998260773432  0.80683779953783108  0.81650165521168439  0.82682567694328313
  0.83747992067257082  0.84839509724382167  0.85915317354924403  0.86997941090305708
  0.88076002994074365  0.89151704052366798  0.90214270682976305  0.91268878098736916
  0.92328203142234155  0.93403426503696130  0.94493665835662433  0.95584086082154640
  0.96664504387216721  0.97770300172984526  0.98854765888698182  1.00000000000000000
   1.2063114991803858E-011  -1.0000000000000000     
 F F F F F F F F F F F F F F F F F F F F F F F F F F F F F F F F F F F F F F F F F F F F F F F F F F F F F F F F F F F F F F F F F F F F F F F F F F F F F F F F F F F F F F F F F F F F F F F F F F F F F F F F F F F F F F F F F F F F F F F F F F F F F F F F
  <DiscreteSampler_grid>
  grouped_processes
  1 # 1 for a reference and 2 for a running grid.
  10 # Attribute 'min_bin_probing_points' of the grid.
  1 # Attribute 'grid_mode' of the grid. 1=='default',2=='initialization'
  0.0000000000000000 # Attribute 'small_contrib_threshold' of the grid.
  0.5000000000000000 # Attribute 'damping_power' of the grid.
 # binID   n_entries weight   weight_sqr   abs_weight
    10   10   3.165683477068681E+000   6.180304042123090E+001   3.165683477068681E+000
    16   10   3.165683477068681E+000   6.180304042123090E+001   3.165683477068681E+000
    22   10   3.165683477068681E+000   6.180304042123090E+001   3.165683477068681E+000
    28   10   3.165683477068681E+000   6.180304042123089E+001   3.165683477068681E+000
  </DiscreteSampler_grid>
