  0.00001444026988158  0.00004784581862631  0.00007227154190022  0.00009165175444933
  0.00011226350043904  0.00013544057269744  0.00016285409011935  0.00019675745244194
  0.00023983304248745  0.00029455066518970  0.00035767469505479  0.00043050974848581
  0.00051672081598325  0.00062549021760739  0.00075425280790293  0.00090541040612232
  0.00108639676079143  0.00130070939113530  0.00156479827047893  0.00189915195872084
  0.00231148626309355  0.00281226646266423  0.00342397728545462  0.00421297898425231
  0.00528181484127645  0.00677908134087138  0.00894106531755399  0.01211540681422778
  0.01659832527147902  0.02296444814160123  0.03214017684681163  0.04484787741753852
  0.06041449158132112  0.07742120073577721  0.09555903566062370  0.11422717874040342
  0.13281500867301577  0.15164294151599769  0.17057647542368728  0.18972131161730027
  0.20887647608924453  0.22792934101557499  0.24684953208044386  0.26577054867535305
  0.28478957616647643  0.30375798362162765  0.32258349659126773  0.34138219397191749
  0.36030699999613547  0.37917676043701587  0.39794240968737526  0.41688595215452195
  0.43602003124576327  0.45498509214396926  0.47382220264149855  0.49272718530447823
  0.51176569128709126  0.53068500955165032  0.54931385986827741  0.56791747505843770
  0.58654963540904326  0.60513660132848135  0.62370317347854010  0.64237503797831075
  0.66102253102990349  0.67968599914664785  0.69830470138986367  0.71677529663968376
  0.73512963264271480  0.75336744106356268  0.77141495586120679  0.78936605456595266
  0.80733358175768088  0.82536944826595271  0.84317656325418122  0.86084219717782551
  0.87835242212348419  0.89538016103488127  0.91182087152057278  0.92781984981468602
  0.94273005769850848  0.95596986288076069  0.96739852357044764  0.97645370045734425
  0.98287426882572482  0.98747565115680602  0.99086037250907322  0.99342277288148584
  0.99531459278331635  0.99667149949964040  0.99766552282109644  0.99843207376414744
  0.99899634024778650  0.99939620928117823  0.99971554995048240  1.00000000000000000
  0.00025447888090914  0.00032088256016349  0.00035846905099726  0.00040366085321786
  0.00048039851048821  0.00069137696172911  0.00112210502678917  0.00160313670861943
  0.00204684403304252  0.00257471985214585  0.00321664574402521  0.00397513932208839
  0.00483781024377100  0.00577965549993512  0.00689065211674271  0.00818487517735457
  0.00962833427739921  0.01129190089199379  0.01329806807476248  0.01568231642557013
  0.01836254189651930  0.02142412032371116  0.02502998456959937  0.02918076131802137
  0.03358006178773047  0.03832379537248193  0.04354885678255406  0.04909306849532455
  0.05418877407441210  0.05797449704632316  0.06046436017243021  0.06212143688089152
  0.06327149982540202  0.06410270780869609  0.06472359949637733  0.06520405776036470
  0.06559182631918811  0.06591569729906195  0.06619421828436020  0.06643929759132959
  0.06665753850319367  0.06685326639189294  0.06703088461531584  0.06719653920681629
  0.06735366445789644  0.06750451086670139  0.06765112355036397  0.06779510123335397
  0.06793738570070892  0.06807915625649343  0.06822280920957179  0.06837069327230470
  0.06852455445839920  0.06868589410173093  0.06885690704378043  0.06904009591849428
  0.06923935221917170  0.06946252562300671  0.06971699547591610  0.07000625496015940
  0.07034070759981362  0.07073893506630385  0.07122793964355238  0.07185052944203144
  0.07266004887220918  0.07373372769299226  0.07520584691303722  0.07738793140517153
  0.08079419995122059  0.08594096591947764  0.09372191472332142  0.10504369208210963
  0.12089465122727047  0.14195277039218815  0.17093568696126357  0.20901761229824117
  0.25589292201845260  0.32085227834582225  0.41096172147920507  0.50488248079465459
  0.56889187893121895  0.60557376481540437  0.63281733489864078  0.65758155599289292
  0.68040615008666816  0.70445496024858290  0.72634782820284383  0.74543242203592730
  0.76280709510758649  0.77969604053850672  0.79799541000720242  0.81714101389778626
  0.83985016934598888  0.87163643507690058  0.89136834717120750  1.00000000000000000
  0.00075898217475001  0.00124078131952910  0.00151134343962852  0.00175826666346515
  0.00203531526123722  0.00235259472664261  0.00270917962611656  0.00309654300981500
  0.00350576999876201  0.00394083039727033  0.00441766472711416  0.00493200604323700
  0.00544982367432477  0.00595174634828155  0.00644893511278545  0.00695199859082996
  0.00746251727334102  0.00798517509526188  0.00852800347285518  0.00908988099652715
  0.00966253539246720  0.01025402936528305  0.01086779437746767  0.01148724534635977
  0.01211602658350218  0.01277468043718299  0.01347349304377113  0.01420865568654422
  0.01498862617868400  0.01582458306463907  0.01670140445765007  0.01760667229707991
  0.01853997271923619  0.01951159140142439  0.02052608510064278  0.02159242910867924
  0.02271712038951674  0.02387730962962206  0.02505868623304819  0.02627892705802974
  0.02754984743665401  0.02888406177600443  0.03020776830421187  0.03160252108194341
  0.03295946944099215  0.03450627161252844  0.03617986549567207  0.03796193970290013
  0.03985859292558994  0.04184919723379428  0.04386050812529087  0.04592625517348964
  0.04813188274812962  0.05035764564679916  0.05263400974026505  0.05495515441320879
  0.05747828466086073  0.06021390308824478  0.06315557773592900  0.06608032886965480
  0.06888453588466865  0.07175484339840026  0.07494903615880927  0.07852822841928589
  0.08219799506824922  0.08609168657236112  0.09013162211433225  0.09441674490223989
  0.09923865226111364  0.10429808526414597  0.10965010159987833  0.11525028465700775
  0.12130471052262240  0.12770365425046490  0.13475316271045834  0.14221061802796883
  0.14959223193473647  0.15808794151881109  0.16723960597160467  0.17693102199300761
  0.18800181715070280  0.20027448311920179  0.21300333837799953  0.22662690320916692
  0.24057583553616241  0.25574087233592885  0.27173836618714481  0.28852315132623241
  0.30663096123285266  0.32620072363700664  0.34870371846946646  0.37465002768244593
  0.40599019503644790  0.44584271055912927  0.52980490652456647  1.00000000000000000
 -0.00228795178238194  0.00842801956600752  0.01776670957082042  0.02723218913704170
  0.03691423761805131  0.04705608511898733  0.05597864722973023  0.06494404670322057
  0.07393354607242794  0.08260192602556489  0.09279894725814899  0.10261468535924009
  0.11239613952561942  0.12221697746497270  0.13205740785744707  0.14196776200114850
  0.15175006839207519  0.16160177396070305  0.17162543393593108  0.18169117089394138
  0.19156635878075381  0.20141412228243907  0.21084892375023556  0.21976074237810744
  0.22850739628429959  0.23733181310540438  0.24573881629577293  0.25455607341893938
  0.26340586758195284  0.27354228582398032  0.28424755016130332  0.29458777991345741
  0.30478523406736940  0.31497997190036042  0.32502476016194704  0.33521734864985286
  0.34550163636709014  0.35614394838461522  0.36676276082526210  0.37746489022659707
  0.38829693170624591  0.39887412484748547  0.40939548480213611  0.41969202830204905
  0.43032959861228126  0.44106075976299097  0.45201458100812147  0.46314478117912600
  0.47429490024022042  0.48563293623198112  0.49692480900728658  0.50766389852400629
  0.51825364635558913  0.52894199563384714  0.53969339826717988  0.55078770847103620
  0.56197829727339055  0.57326929932676396  0.58491116237858443  0.59639403317016071
  0.60797754561808703  0.61972498088687700  0.63138489740103942  0.64298192079053218
  0.65468355058842165  0.66625146132313651  0.67725295095151805  0.68819011872282498
  0.69914964747282626  0.71080465272944848  0.72241918231657987  0.73420084004021235
  0.74570584246939031  0.75688198404431783  0.76791840784674958  0.77867161265135798
  0.78971325422637606  0.80090510394085102  0.81206538222351188  0.82311854662342521
  0.83367508442022009  0.84420218767762278  0.85400651327971877  0.86380750858683641
  0.87421009712533237  0.88553394130791152  0.89672501425847029  0.90749751788099542
  0.91833023257167634  0.92966646159045263  0.94083963983643992  0.95248648554215787
  0.96381954497890476  0.97607886686384038  0.98746030334793933  1.00000000000000000
 -0.00220044662472966  0.00865964719137105  0.01892643147333497  0.02965370575054151
  0.04051434095494974  0.05111540140288919  0.06221857522216797  0.07300703042966210
  0.08384259379624358  0.09467638621582344  0.10550682264894365  0.11653584722806158
  0.12722681662001722  0.13772940608061734  0.14775380639793134  0.15803009979092245
  0.16757676619839890  0.17806079338346095  0.18915314334397137  0.20022115442388208
  0.21103354151710338  0.22173373440932073  0.23244958187555512  0.24280243405215537
  0.25312444477434221  0.26342666337788995  0.27414202357007728  0.28508414361309320
  0.29593085419434134  0.30667684928505468  0.31745752700672397  0.32816408031592720
  0.33840629732779109  0.34876241221691590  0.35848682429794343  0.36868932211187450
  0.37853245588675988  0.38864934848652599  0.39897025883541004  0.40987476526432481
  0.42056776501486354  0.43168129372023212  0.44252969239552420  0.45298348362115576
  0.46328507409093705  0.47368866219790939  0.48441132322788816  0.49521259094381653
  0.50597536541835075  0.51687430496968223  0.52779586423251723  0.53848869401102628
  0.54902830274724335  0.55954060410683937  0.57034761282200208  0.58125842184903354
  0.59219842202735296  0.60284652369844760  0.61372656236361833  0.62414970336905240
  0.63401724420286887  0.64356399956157406  0.65312043734074166  0.66337156712899592
  0.67429123998066098  0.68489975505879519  0.69491743877115053  0.70476418793333873
  0.71516215730977728  0.72608706997873640  0.73627610557559631  0.74644916962352137
  0.75709663243035530  0.76790822647824053  0.77817484091162137  0.78810746350771377
  0.79833771974862300  0.80811218422148967  0.81891709176632099  0.82910777049644369
  0.83946188311024728  0.85062377579805570  0.86128080602019153  0.87226003211598480
  0.88292534945802559  0.89375979804785866  0.90410575352136491  0.91501160975396101
  0.92549766478861684  0.93632530346189968  0.94707855646814876  0.95793640470627772
  0.96852094942482736  0.97896678923370584  0.98917720132191600  1.00000000000000000
 -0.00229685732972667  0.00867032568928166  0.01847135104022242  0.02815843500477945
  0.03850447212011672  0.04838988373501243  0.05770871793447065  0.06696667507159303
  0.07609425267959416  0.08547756128446264  0.09502436168771143  0.10448576286472028
  0.11412911498730244  0.12385686162781939  0.13340701688395712  0.14296178972261869
  0.15236615156292682  0.16183012087892651  0.17115603973733190  0.18061474953774295
  0.18983247927893609  0.19889230568266961  0.20833566053346389  0.21794434962403544
  0.22762194870325517  0.23711902261972392  0.24657681749739330  0.25649604859799352
  0.26674558768354856  0.27735423706921886  0.28806452835816693  0.29863305509388982
  0.30918357939049618  0.31973822917933031  0.33037759208591033  0.34103419125797835
  0.35162571977079704  0.36220930804974916  0.37314486458413254  0.38415968594811101
  0.39459466705897850  0.40460595473438321  0.41451451086965080  0.42516781380944013
  0.43646910482075546  0.44768671625705186  0.45883379389363627  0.46999582408224910
  0.48139273122199167  0.49226735325132781  0.50268950323818551  0.51335352580926286
  0.52361796475521627  0.53444799732365411  0.54588971804857200  0.55707548855383471
  0.56863565196751509  0.58026067281513805  0.59175032016607831  0.60287902165418883
  0.61392414511636240  0.62513241110275120  0.63690763765184988  0.64851529420138065
  0.65962289264120666  0.67044919159563554  0.68080234769381032  0.69165637128320168
  0.70300947104268807  0.71473100950286228  0.72631761154221686  0.73769444941289264
  0.74912147064333323  0.76033709917844183  0.77181481876022073  0.78319224277776711
  0.79479656266378385  0.80656378440153853  0.81841549087849841  0.82939400956118359
  0.83940484474285970  0.84884631266300481  0.85877000605159004  0.86939093034835091
  0.87985899633512099  0.88999114771447640  0.90050230646805185  0.91124029140881557
  0.92304024064216827  0.93430409013938986  0.94580626778652410  0.95683541948012418
  0.96740251290243973  0.97810533992802173  0.98888494744768829  1.00000000000000000
 -0.00204945337893948  0.00842500325114596  0.01882320899591483  0.02922183752923832
  0.04000500151944153  0.05084833770323564  0.06150430520043658  0.07201378265906680
  0.08254584239893029  0.09318705566223247  0.10383913745779833  0.11454686664259946
  0.12508775135303229  0.13561941945153425  0.14678378583480961  0.15740744732709866
  0.16772982256663069  0.17806122166195271  0.18820911575442917  0.19840410193331376
  0.20920720817736541  0.21930946407924645  0.22969476403572983  0.24010341347090766
  0.25081504026462792  0.26130397553401752  0.27208575733006035  0.28309518127876399
  0.29328840959191355  0.30382656767693927  0.31394400426633562  0.32415570105955549
  0.33457871132521755  0.34501737187409043  0.35534866238427260  0.36592860531752380
  0.37642082117588088  0.38691391464221253  0.39703218880497210  0.40707936005804501
  0.41708927924340494  0.42750714821589125  0.43826814854213575  0.44915818084284620
  0.46025410512536769  0.47133340920113598  0.48200019609463096  0.49241938624893156
  0.50196141724276899  0.51186499576893196  0.52178556235722651  0.53246348623245943
  0.54337901367066410  0.55458721579498793  0.56572820142948654  0.57673765319738901
  0.58756897485957660  0.59849279859604576  0.60905529659981639  0.61984218542619685
  0.63042347141706734  0.64117418987525088  0.65203851076622532  0.66302105494581809
  0.67399973420926196  0.68492256176472843  0.69606993476712908  0.70662434088155490
  0.71609619761023013  0.72561334169518132  0.73629035692002665  0.74675124218526667
  0.75719893587436893  0.76746972535001678  0.77702879282109494  0.78646872354592789
  0.79630955526595992  0.80661952094901901  0.81760941614989635  0.82869769755161904
  0.83988431781044526  0.85107728864606835  0.86247796585537961  0.87354062028151291
  0.88385516628363270  0.89428510163090758  0.90449051480178622  0.91499875537069575
  0.92569950263445766  0.93593253263196796  0.94615605416078696  0.95660051318589168
  0.96738413726300676  0.97781838687429856  0.98871484722106373  1.00000000000000000
 -0.00238425378379313  0.00920337873921812  0.01957926699073386  0.03025329810621798
  0.04071967556124838  0.05135436547937174  0.06192865357733666  0.07234881091683734
  0.08277840331396243  0.09342470016521422  0.10454648925439468  0.11576309056355298
  0.12618264289653572  0.13624781147569068  0.14605444346750074  0.15636414446067651
  0.16687468314769496  0.17749257300536861  0.18794440946223623  0.19859348097368643
  0.20913746229643351  0.21958115510981696  0.23002998238198033  0.24040204713020574
  0.25111450107130723  0.26200504070153369  0.27264547765435360  0.28308488013636285
  0.29336268161023416  0.30387248648746523  0.31473205847014152  0.32550447054353981
  0.33616385839185364  0.34693035033868863  0.35739789279290490  0.36766082826666602
  0.37777316558363949  0.38792276237001266  0.39854299861724785  0.40933894607705262
  0.42018993115942888  0.43104813388811086  0.44218088958238305  0.45319268390835726
  0.46436092215578567  0.47556893678092199  0.48653853128944852  0.49733189766942870
  0.50792574083487252  0.51864709001549347  0.52936177254589534  0.54040161882350968
  0.55160090689170638  0.56289402302235758  0.57408097923290868  0.58502789263313204
  0.59550595102839499  0.60564929453585925  0.61561748048154308  0.62583792917156489
  0.63617971057362066  0.64623278789191485  0.65620026870569426  0.66634402255517522
  0.67669806057828896  0.68730571659514672  0.69812895788815554  0.70852434437148060
  0.71866865257293600  0.72872154873447292  0.73885231908609650  0.74903041974742568
  0.75948794230326233  0.76980067437858357  0.78053078763582862  0.79143715615155041
  0.80217702787215484  0.81276031881138133  0.82350590981963034  0.83409395585456403
  0.84413838511671380  0.85369706649585964  0.86372603543844229  0.87375171946684227
  0.88404636454352103  0.89400447597927912  0.90430737121237326  0.91467352664403234
  0.92550606698063964  0.93635566929222980  0.94739191692702240  0.95811801006393649
  0.96894988539883242  0.97855426793725209  0.98937409715056657  1.00000000000000000
   1.2081197872041788E-011  -1.0000000000000000     
 F F F F F F F F F F F F F F F F F F F F F F F F F F F F F F F F F F F F F F F F F F F F F F F F F F F F F F F F F F F F F F F F F F F F F F F F F F F F F F F F F F F F F F F F F F F F F F F F F F F F F F F F F F F F F F F F F F F F F F F F F F F F F F F F
  <DiscreteSampler_grid>
  grouped_processes
  1 # 1 for a reference and 2 for a running grid.
  10 # Attribute 'min_bin_probing_points' of the grid.
  1 # Attribute 'grid_mode' of the grid. 1=='default',2=='initialization'
  0.0000000000000000 # Attribute 'small_contrib_threshold' of the grid.
  0.5000000000000000 # Attribute 'damping_power' of the grid.
 # binID   n_entries weight   weight_sqr   abs_weight
    10   10   9.484672000381482E-002   4.134572312764123E-002   9.484672000381482E-002
    16   10   9.484672000381482E-002   4.134572312764123E-002   9.484672000381482E-002
    22   10   9.484672000381482E-002   4.134572312764123E-002   9.484672000381482E-002
    28   10   9.484672000381481E-002   4.134572312764123E-002   9.484672000381481E-002
  </DiscreteSampler_grid>
