  0.00945942916887897  0.01511196561159731  0.02410447019071706  0.03415365815132382
  0.04385197490200542  0.05334600051116223  0.06348787971362987  0.07552982331079336
  0.08803831654896105  0.09917741511296047  0.11058971479873153  0.12160822108737623
  0.13244405441406412  0.14354091066499317  0.15531596222187299  0.16650013196190591
  0.17669715251287674  0.18658541166420300  0.19693586122304624  0.20731807046080147
  0.21801547953593645  0.22888460205769956  0.24065248261904174  0.25231676911674272
  0.26400237639977014  0.27475953109879847  0.28483231578073004  0.29473711679111114
  0.30456910039569030  0.31433385878615944  0.32407704517953045  0.33451089513744109
  0.34583769419786625  0.35729845152020451  0.36850020032952407  0.37960480797882834
  0.39083384067658433  0.40232897646623667  0.41393236829512264  0.42522267120310919
  0.43646415327695998  0.44755703178150091  0.45844802895771475  0.46840066331266450
  0.47822238345552609  0.48798837768420944  0.49757393736562433  0.50672802911102544
  0.51578737060940461  0.52504471394058849  0.53480756647948413  0.54491913019256977
  0.55551742221983114  0.56607943843419861  0.57597911274365565  0.58551091965709368
  0.59484825342791692  0.60439350604868181  0.61429079808664322  0.62396561402813644
  0.63507570042792716  0.64617126150671411  0.65676887668669981  0.66707702680301861
  0.67708692883456612  0.68678430712161576  0.69540203540806167  0.70375545201591372
  0.71242175015424158  0.72132843041201467  0.73049047375321430  0.74021396300927300
  0.75055132185668494  0.76204150839315810  0.77363715041504710  0.78513293312691168
  0.79633096327338193  0.80689309545889076  0.81717689861432274  0.82749722653479096
  0.83808013275990734  0.84888094226391109  0.85956805459180485  0.86985800268475322
  0.87970857962077864  0.88963500160957409  0.89948425893727268  0.90954854232096594
  0.91939360015552762  0.92954437623829611  0.94021379368888891  0.95093639328057178
  0.96145347842109152  0.97111136003373988  0.98104636293377800  1.00000000000000000
  0.00923307351873592  0.01614677940720965  0.02594592690415129  0.03650064210863807
  0.04692764938198862  0.05742210550326939  0.06790862514455533  0.07888636737115096
  0.08961816362688384  0.10030164513321461  0.11088417304837588  0.12091970205687159
  0.13072217038698677  0.14047751739990627  0.15040720250381054  0.16049864458533372
  0.17034905733596417  0.17996972006723294  0.18953527321468852  0.19892885833113816
  0.20825996032078653  0.21837052336533999  0.22906477498568428  0.24034075745978711
  0.25164827930483891  0.26280133756751994  0.27371768796267809  0.28448873600378582
  0.29506082307396836  0.30542474319965590  0.31572631647426136  0.32602910550406211
  0.33697950135111049  0.34810710868257999  0.35940038087656256  0.37055134095217912
  0.38175722764717135  0.39309382471627918  0.40491071463099115  0.41715722511949488
  0.42914262770302658  0.44142283957548900  0.45334030876491371  0.46560069331342185
  0.47735906786484594  0.48838167386950893  0.49918485226918652  0.51020399807190731
  0.52128096455475037  0.53192618804878289  0.54230544769490108  0.55296558951395969
  0.56371031090557966  0.57440125082459570  0.58539604752269847  0.59666399882614107
  0.60790567144815322  0.61901146349693015  0.62967163406867832  0.63983394771876323
  0.64969164008556046  0.65918153688650549  0.66869421803484685  0.67851916879906216
  0.68845059965445132  0.69830932391294886  0.70803373272782955  0.71816986602304844
  0.72868969693993035  0.73876067356501329  0.74870555530186012  0.75898215386578327
  0.76920811485196061  0.77938185115629677  0.78945378508185970  0.79933791177545110
  0.80903653915978935  0.81879582976501364  0.82869969397667953  0.83871527335339002
  0.84902413925224496  0.85967788440575654  0.87028142377350737  0.88060490069960362
  0.89085105455122826  0.90121329521264715  0.91131242759593123  0.92155431286212253
  0.93142953246151727  0.94136492548984696  0.95150180222891390  0.96162517897607636
  0.97182773877750450  0.98214880756764655  0.99130792867717055  1.00000000000000000
  0.05702447312643075  0.05899716729302821  0.06139540167305713  0.06414223783155222
  0.06708499868315911  0.07054908736498790  0.07442286227996420  0.07824569476170037
  0.08211475837050798  0.08607945374623854  0.09009146225798617  0.09411960833373315
  0.09814289354607633  0.10230409522658997  0.10658490260521911  0.11094025238809246
  0.11535433095736589  0.11986010107722005  0.12445426931311170  0.12913304264830638
  0.13397584978238655  0.13943346772614554  0.14462740934691895  0.14849985765566645
  0.14908021717785910  0.15035221354545447  0.15154528044763899  0.15317229926169121
  0.15555774009445114  0.15797528548129727  0.16035710194501229  0.16275248394891706
  0.16516899315916458  0.16763013603361210  0.17008201492744257  0.17251587729567108
  0.17491748449842123  0.17731130633890335  0.17973225231842227  0.18220589706316348
  0.18471214108177311  0.18723568717428984  0.18977997895578536  0.19233826914347829
  0.19492059181539867  0.19754317518368306  0.20021423017175968  0.20290873503149631
  0.20560440380938383  0.20834286653631870  0.21111850281842337  0.21392123286869955
  0.21679118774140757  0.21969053659288393  0.22261544314246351  0.22560210889009455
  0.22863849297911798  0.23171798683057310  0.23483898167878167  0.23797680369230939
  0.24114538714674258  0.24435127959627936  0.24760294751564202  0.25089767143050001
  0.25426573175967526  0.25769333699151248  0.26117150210509038  0.26472127894927361
  0.26834364718307485  0.27204686281644297  0.27584785329718170  0.27972645464334028
  0.28368190105322583  0.28776724766097761  0.29200989482028594  0.29640218214891267
  0.30096851948322662  0.30571254480351762  0.31065871822260316  0.31582268328283680
  0.32125429125376842  0.32698690410416392  0.33305242179053307  0.33952951251396768
  0.34649589594106478  0.35414191092743941  0.36261836570820655  0.37205818202657726
  0.38260863917137833  0.39481766255910689  0.40999942352100632  0.42887005190284960
  0.45565888733078125  0.49879211429680093  0.58509378145750046  1.00000000000000000
 -0.00311305207482859  0.01157582483511675  0.02443471986797849  0.03691725008459445
  0.05026760465853202  0.06289645879562977  0.07579123038279371  0.08810464870032218
  0.10038845900270749  0.11211024823851849  0.12367764084888246  0.13522335341437963
  0.14653473783239743  0.15737164595861655  0.16747456789180074  0.17861667755466512
  0.18945495551284958  0.20001570720744699  0.21091280591793379  0.22148253557323430
  0.23229994999406181  0.24308845701950207  0.25422613408932343  0.26534890833642844
  0.27562956919526449  0.28560040472006198  0.29570336561422572  0.30599775117543038
  0.31617706441062066  0.32652177681745354  0.33676544258810470  0.34733847056049572
  0.35673367475807072  0.36544046188351337  0.37424316902010440  0.38309736153517848
  0.39203629983253396  0.40091879131961666  0.41002285487645057  0.41895793926218888
  0.42877284011181604  0.43806928227855069  0.44798813197729231  0.45774355022716645
  0.46888067555292262  0.47951995255820451  0.48852033169326448  0.49700740477181443
  0.50520633646141755  0.51358806478416519  0.52203114637534243  0.53017847001318630
  0.53802523715476713  0.54654698783912903  0.55583660361940912  0.56530023558314457
  0.57573062032670541  0.58647382715713881  0.59814056024981066  0.60955443382715069
  0.62046196983519353  0.63096977220380568  0.64096512992105259  0.65177598090354261
  0.66213106980584480  0.67283323788967131  0.68305464444758757  0.69408974046975791
  0.70499678038458491  0.71574083893950424  0.72646311673533770  0.73701475676325456
  0.74747722350404100  0.75756077480969619  0.76744822740195895  0.77733443256062718
  0.78698110433038293  0.79646126493700653  0.80581227700529168  0.81546934272326266
  0.82612665820459918  0.83650898179169475  0.84749856560034464  0.85799077719282235
  0.87023423754980178  0.88209005613481939  0.89495891432662344  0.90749866869288320
  0.91973082378781656  0.93130890128299870  0.94236370821503557  0.95355738886042307
  0.96467613138327057  0.97610129654266742  0.98772024368549649  1.00000000000000000
 -0.00216479323742813  0.00879343433896430  0.01803239068793183  0.02765276176234592
  0.03756615379431438  0.04760879931759747  0.05810216286747148  0.06841235209257933
  0.07864768834254381  0.08888189291321233  0.09911657945797947  0.10933145982648110
  0.11983283882525253  0.13100434554441481  0.14248062555133709  0.15378696258153673
  0.16543075000592172  0.17707437454830069  0.18890761274506540  0.20064321091109763
  0.21201396786991206  0.22334381121123101  0.23446687437886293  0.24557971434661474
  0.25695045304286207  0.26825359524110487  0.27998404082661527  0.29173590649611392
  0.30284788145629138  0.31364248538627226  0.32414314056165816  0.33459756496057541
  0.34526265849533011  0.35611573749093922  0.36662559650364512  0.37677957636698178
  0.38661387444221373  0.39659384502785694  0.40618989772867276  0.41584229946587337
  0.42594348461390857  0.43636018310565039  0.44755770324495997  0.45897624750899840
  0.46958200357930524  0.47926865709719491  0.48807822177984822  0.49663810867683383
  0.50533836011615618  0.51405915459159690  0.52327244250279026  0.53299427562697355
  0.54304213635187903  0.55394903169980747  0.56465469491787346  0.57442181203429288
  0.58460999716712336  0.59481359065663175  0.60484960351172290  0.61471547043629549
  0.62452354889816175  0.63531604018644927  0.64613999309838055  0.65623568938491883
  0.66646217128268237  0.67661144152159591  0.68683234921176872  0.69698211295688572
  0.70708114997215754  0.71745298194516416  0.72777256561337178  0.73841017273872911
  0.74903163485490420  0.75950661352330950  0.77001342378696824  0.78085461949794721
  0.79207331256519264  0.80388355320118343  0.81526317391683945  0.82644217823343757
  0.83764342217264365  0.84886871438939604  0.85975129037367759  0.87031152400870171
  0.88085931110146476  0.89201932505259629  0.90319552442253637  0.91462653696821195
  0.92497170586071820  0.93475703886902595  0.94460329710822044  0.95505961475691536
  0.96555712209552436  0.97619806902806017  0.98762810021801328  1.00000000000000000
 -0.00204614323731918  0.00983128579344665  0.02017159734585069  0.03095903160346226
  0.04189160857745132  0.05341572256354079  0.06572101611654294  0.07779290698538177
  0.09028245189220285  0.10254048742729666  0.11476181443452931  0.12678447113559863
  0.13798373574482209  0.14932522003839555  0.16089114501628726  0.17260781863632793
  0.18421762650995974  0.19614888624569973  0.20836573670926173  0.22043495874387115
  0.23162441742359308  0.24205311754051831  0.25268222204943813  0.26385458444958015
  0.27482970738189622  0.28522437324924577  0.29581902313126496  0.30687094482949012
  0.31782927141320649  0.32835505794628639  0.33868912809795970  0.34919406140774661
  0.35963227919538737  0.37021210820119771  0.38066008028331277  0.39056495312559891
  0.40074400308248470  0.41083608745570560  0.42092637137833816  0.43089842516536653
  0.44103377470871696  0.45166736221741038  0.46175504866977440  0.47205753244864723
  0.48195632811015937  0.49135233939220263  0.50052308040107119  0.50947755698424591
  0.51823413867380619  0.52737696798005096  0.53680420745364221  0.54671938380723839
  0.55639845358861340  0.56584958718992751  0.57488137923640825  0.58399756604432373
  0.59292191096798275  0.60194027993407306  0.61124231824008757  0.62084341948971111
  0.63048884797066673  0.63981504947323553  0.64856817158114732  0.65698138745361356
  0.66579610310825454  0.67502154278419657  0.68413191888702052  0.69299009334274675
  0.70172332537288407  0.71048710780824997  0.71962700956515990  0.72919641362833754
  0.74021635293488364  0.75111048646230216  0.76178530726714244  0.77188620394027785
  0.78282876854042405  0.79413576369169292  0.80609057687288177  0.81749433617096978
  0.82863303959126178  0.83976111257587149  0.85101294768848479  0.86182568619139166
  0.87222186420674674  0.88337906148950418  0.89426148109837433  0.90509781862867822
  0.91573157235603186  0.92720639577926900  0.93822769163039399  0.94954582016593569
  0.96039808039191710  0.97329954446862621  0.98612923221421400  1.00000000000000000
 -0.00227002973756210  0.00920598369692876  0.01903391378933654  0.02963162953824039
  0.04043084241000701  0.05129946291421570  0.06234402653658171  0.07392957443580324
  0.08532619878835593  0.09645286399979663  0.10747889438956040  0.11813350006998889
  0.12824831485468391  0.13781433249760494  0.14744472326557478  0.15784065316895812
  0.16838643949010729  0.17959467477645522  0.19118420735926900  0.20324145115603129
  0.21426075908027550  0.22485389934396527  0.23477767671096852  0.24445727117851190
  0.25424818821904832  0.26440665723208245  0.27485498740076120  0.28505842793920211
  0.29547979286433113  0.30640210087444941  0.31740399189330182  0.32863188006996652
  0.33882351287726981  0.34857596981473393  0.35792075433612530  0.36709730942339786
  0.37668015369217189  0.38651378694413158  0.39666823529992590  0.40696095840190660
  0.41759135793792462  0.42879564399560266  0.44000768544051677  0.45065160272964316
  0.46131978889943637  0.47207989209402451  0.48290235819510752  0.49369925575412371
  0.50416150135801319  0.51445722290640683  0.52531174465796071  0.53569217503331590
  0.54525205419177691  0.55402726239096545  0.56313740014229918  0.57322296886405788
  0.58363062899362605  0.59408909662017373  0.60504636067729822  0.61783677081291999
  0.62984737025112147  0.64063565993489602  0.65145528447445566  0.66248552056145371
  0.67387431181001078  0.68416699509531698  0.69495887202065265  0.70571575414659282
  0.71663747804315614  0.72767847511172867  0.73875690148246387  0.74982070466643180
  0.76100502998335851  0.77206928566075927  0.78262654601285264  0.79249969075186966
  0.80176365665168126  0.81130188663181324  0.82124620975062146  0.83143878039473540
  0.84206508993013729  0.85323520940372566  0.86522045836989292  0.87670841191212900
  0.88810290900146305  0.89895433964335048  0.90920074835403741  0.91874368141500662
  0.92802307898546155  0.93729647095620727  0.94700873823822951  0.95669636941814373
  0.96723200495736328  0.97837906544790110  0.98897645810774337  1.00000000000000000
 -0.00285063539880479  0.01048337415464673  0.02174521834621546  0.03278698750722962
  0.04367624964032676  0.05443832929248050  0.06552073569775539  0.07665031857842092
  0.08772816770513629  0.09867964963999480  0.10932036328683691  0.11970289669157987
  0.12953325238191554  0.13912197843999050  0.14877219925688670  0.15855278596393160
  0.16826066274964446  0.17766883603563019  0.18727381923609851  0.19753878978051029
  0.20764822812410227  0.21759061852510764  0.22733922949602620  0.23784353912299977
  0.24849283013775625  0.25863824024245041  0.26885969369333390  0.27856010947963161
  0.28807318744991534  0.29752762647911024  0.30706127217711993  0.31636386000579092
  0.32559994680010801  0.33495994619329583  0.34418141730181651  0.35356967455952121
  0.36312242027080704  0.37280533354376083  0.38288282307834010  0.39329773024256770
  0.40415382965295660  0.41504535528687003  0.42458504722558904  0.43350140652803409
  0.44279790429924420  0.45253068618914155  0.46237472599254559  0.47175909180254533
  0.48147397965493216  0.49191112321753838  0.50269304753664368  0.51336235489594895
  0.52409344823457238  0.53445839540547557  0.54510280711469628  0.55610344048583427
  0.56711740818926026  0.57794560079826329  0.58846214947727549  0.59918514536551071
  0.61038600062372350  0.62198845234132061  0.63285555797586523  0.64338966146255594
  0.65426932597443377  0.66531392140885126  0.67589726903700131  0.68635139020932634
  0.69725876421473787  0.70880047168517302  0.72103173756881145  0.73279064605981459
  0.74397979513540635  0.75430626681288038  0.76366323672155867  0.77325047884361153
  0.78325710133097282  0.79360006241433501  0.80394254762539341  0.81437586854963284
  0.82603488776692746  0.83767933057442212  0.84901099180813222  0.86034060700998394
  0.87157662182501638  0.88260446727506503  0.89369884572028346  0.90558183143003723
  0.91803769488046294  0.93034626845436341  0.94225948624719147  0.95387540948506178
  0.96551830285760631  0.97703275253680932  0.98866220921435888  1.00000000000000000
   2.2351705434448624E-008  -1.0000000000000000     
 F F F F F F F F F F F F F F F F F F F F F F F F F F F F F F F F F F F F F F F F F F F F F F F F F F F F F F F F F F F F F F F F F F F F F F F F F F F F F F F F F F F F F F F F F F F F F F F F F F F F F F F F F F F F F F F F F F F F F F F F F F F F F F F F
  <DiscreteSampler_grid>
  grouped_processes
  1 # 1 for a reference and 2 for a running grid.
  10 # Attribute 'min_bin_probing_points' of the grid.
  1 # Attribute 'grid_mode' of the grid. 1=='default',2=='initialization'
  0.0000000000000000 # Attribute 'small_contrib_threshold' of the grid.
  0.5000000000000000 # Attribute 'damping_power' of the grid.
 # binID   n_entries weight   weight_sqr   abs_weight
    10   10   1.003244884185283E+005   3.080331322894488E+010   1.003244884185283E+005
    16   10   1.003244884185283E+005   3.080331322894489E+010   1.003244884185283E+005
  </DiscreteSampler_grid>
