  0.00910015594952302  0.01659101067130741  0.02715126185377115  0.03816346695881800
  0.04885521696684901  0.05925552649578154  0.06972055513466320  0.08007379208668322
  0.09093304727654790  0.10176236197790478  0.11283830168269221  0.12350084862475362
  0.13389773248953749  0.14386032352613062  0.15379141626890994  0.16402763253525046
  0.17411700900191937  0.18412383922289746  0.19419094958907435  0.20441435644585806
  0.21467432594142355  0.22492176396965369  0.23517635621457875  0.24579611072613344
  0.25640011250290273  0.26631695957288704  0.27611767626676043  0.28578994976020683
  0.29625323997645653  0.30692917419135063  0.31824516175964446  0.32975778493789631
  0.34060530165720199  0.35095294489620987  0.36087896597099750  0.37076137860918762
  0.38041280696674029  0.39015353296879512  0.40006775091952884  0.40985878025378836
  0.41945199223484048  0.42892736680203902  0.43871220508007047  0.44889594807613903
  0.45946273975534080  0.47066046188903377  0.48223931068117365  0.49398973972561216
  0.50574365541603605  0.51733074757083741  0.52897470605694230  0.54033348274661419
  0.55092335236110546  0.56102958793675917  0.57126532466711022  0.58144446490940938
  0.59149028354429001  0.60115186257749365  0.61145447701713251  0.62205499530604036
  0.63222499209718208  0.64216058241676921  0.65271253281353836  0.66392050721173512
  0.67519302060509412  0.68611175844370043  0.69607510543196771  0.70558582700098160
  0.71490395127794015  0.72429853636737151  0.73405396688543090  0.74420611088968347
  0.75517503228908289  0.76688428948972664  0.77837205226299599  0.78934589443027470
  0.80011880719506479  0.81064272402095661  0.82147808656738031  0.83267953558715380
  0.84432163560772300  0.85568472785923233  0.86689967709145155  0.87791586903431151
  0.88784877309111809  0.89815209985040800  0.90864779073195501  0.91914850740962106
  0.92934702035975358  0.93912827003542865  0.94956925184240837  0.96044104122499641
  0.97141277032320139  0.98183735103294090  0.99141331883156558  1.00000000000000000
  0.00958024730505649  0.01479339693727049  0.02373538366613135  0.03373902985236819
  0.04357706177533265  0.05363588035321749  0.06386422074874831  0.07355800307310408
  0.08283297117363568  0.09206915486265407  0.10170736851974065  0.11175106680680919
  0.12241354833843485  0.13374922527475747  0.14521144565895097  0.15632167098066954
  0.16731246925782384  0.17785761709175948  0.18858230311799293  0.19934579903332761
  0.20999206473930127  0.21980919791790898  0.22917160876844511  0.23893571076584832
  0.24921110511916508  0.26018328621428860  0.27182925650086670  0.28444428806765371
  0.29689676608507226  0.30865215079526698  0.31967209956693909  0.33024076023059051
  0.34086278144094806  0.35164055259295240  0.36247861811501741  0.37316393065911607
  0.38400463642402693  0.39464138358613193  0.40541705543205614  0.41657680022123250
  0.42799860978173698  0.43970023472974612  0.45134072221497457  0.46296021756683281
  0.47441802493918350  0.48577952592526336  0.49708875752572240  0.50794985156696315
  0.51827765383370095  0.52786671716379674  0.53696756771293308  0.54615768794815034
  0.55537554032469549  0.56490258162999818  0.57461095600901502  0.58468656949955988
  0.59579515297455132  0.60667916044634662  0.61701310479532789  0.62727985953136667
  0.63761638188278236  0.64786886771015784  0.65835080560079817  0.66928991306706265
  0.68086853338152564  0.69177211204793654  0.70179857202062323  0.71218512865664807
  0.72250052727344327  0.73261286450872809  0.74237990383628805  0.75235651371756884
  0.76398339827414408  0.77594389167370204  0.78778456233989225  0.79868228878236625
  0.80848493463042470  0.81814520971222437  0.82725203183094509  0.83675450943237439
  0.84642300706842755  0.85616271689247947  0.86614395465999372  0.87643749157249196
  0.88697196334236994  0.89715734083390508  0.90649686663900841  0.91602172338234045
  0.92609911014466162  0.93639738321866539  0.94661151366023855  0.95702227730867939
  0.96780487222009737  0.97880182075013844  0.98948783009463592  1.00000000000000000
  0.05729718088017977  0.05830696998429695  0.06022540092605504  0.06251481270964193
  0.06486824026701760  0.06872683323549469  0.07252360472691088  0.07623566704323521
  0.08003061179826215  0.08387634169930193  0.08783793679525645  0.09180671416157794
  0.09579315723522368  0.09999681265065877  0.10426566741986677  0.10860330972300458
  0.11304150116595686  0.11759193563573271  0.12230317945462284  0.12694438052315962
  0.13188439277283154  0.13744461904302271  0.14347000973673413  0.14760046407396152
  0.14870936615759045  0.14995445371409521  0.15117121155870877  0.15249629314345386
  0.15457828644452076  0.15705471969742746  0.15941777698332263  0.16177639045684095
  0.16412457957617868  0.16651168188114113  0.16890933530927932  0.17132606302443756
  0.17376452622931668  0.17623471061833751  0.17870806421341867  0.18118329536847047
  0.18365496458538244  0.18614388445444202  0.18865878295936939  0.19119699238457405
  0.19374902998495586  0.19635047576741824  0.19900618074928639  0.20170533213926445
  0.20442448887732512  0.20719638276452448  0.20999949770307413  0.21284222796771105
  0.21569863933603065  0.21857081444975682  0.22148226359583659  0.22446475871066643
  0.22752288199406576  0.23064186093054909  0.23380502234611741  0.23699380509336854
  0.24020681918089573  0.24344936505732317  0.24673875547340612  0.25008628628434293
  0.25348331839565963  0.25692288297369592  0.26045382158400010  0.26408422094704426
  0.26778463064910651  0.27154454580293885  0.27542649112791218  0.27938884161422461
  0.28342664127169565  0.28754945061930531  0.29182208253398545  0.29623309735683961
  0.30083288462338170  0.30556080902266480  0.31047136003777215  0.31563193340984969
  0.32103109141296265  0.32670824102896562  0.33272351184902910  0.33916493751130944
  0.34610175601172194  0.35369824186303189  0.36202702319786867  0.37139410173139592
  0.38203097669512132  0.39427356160891935  0.40935516015516499  0.42816739216650757
  0.45482570816148504  0.49805135258884775  0.58453718478444749  1.00000000000000000
 -0.00264254902140089  0.01096696393361156  0.02226660215564480  0.03384551559270713
  0.04612567619734347  0.05918263906986011  0.07156971766957640  0.08310762545571682
  0.09460437445553954  0.10593628950516051  0.11701319984888409  0.12846387587665289
  0.14034617939549002  0.15231330605195015  0.16373707257711090  0.17538280053373342
  0.18654865487685898  0.19773660133313367  0.20928487419819497  0.22199568140393577
  0.23370639203564239  0.24438866461067216  0.25463172100129156  0.26512628673558569
  0.27588842447149770  0.28746513989526096  0.29872994803521524  0.30992621839353041
  0.32037171298791456  0.33015478612731453  0.33989808903529178  0.34959806439508329
  0.35883903790756250  0.36754424143851061  0.37655543074978415  0.38596670663772559
  0.39542453882952305  0.40485214410279763  0.41439231688888140  0.42475329371707360
  0.43584320772758894  0.44625846866635699  0.45619064755522720  0.46562344984185905
  0.47446740261506332  0.48346251067232110  0.49266673479331125  0.50218191982394877
  0.51208576529993544  0.52193798468687802  0.53177634611696845  0.54140039867664991
  0.55092120989054694  0.56026417980001575  0.56927491714040512  0.57819118000729308
  0.58711701637108005  0.59655259041162512  0.60602146136254420  0.61594419514430054
  0.62598161952869202  0.63678604689713669  0.64772183479175438  0.65846598222618224
  0.66856550004294568  0.67769320219294293  0.68677715958932828  0.69588995896722838
  0.70493558679949775  0.71386868392002389  0.72268274738528138  0.73193939982536083
  0.74167506508778047  0.75154256356825289  0.76073540025400177  0.77002602645048945
  0.78002542918888851  0.79073701084047454  0.80111516256614912  0.81222691640433387
  0.82424012218984721  0.83607817389367911  0.84711376345036893  0.85832026062923061
  0.86988422769643692  0.88195935847344464  0.89387228134277874  0.90591406233071392
  0.91806583578584355  0.93026098814319169  0.94211785081349531  0.95354652401693440
  0.96496611202644933  0.97665278403348221  0.98811065016112132  1.00000000000000000
 -0.00254259200441624  0.01024072027076752  0.02144234763912983  0.03209750053976103
  0.04315264412442806  0.05472222812326405  0.06598536600413125  0.07595175691670826
  0.08578986134764927  0.09577057033377062  0.10560468066309145  0.11512422622950876
  0.12482041133612831  0.13574916494929307  0.14647632947902239  0.15630021122012042
  0.16575913674722864  0.17545537358813232  0.18522235869356557  0.19499770533842659
  0.20479441448314917  0.21526969473149551  0.22583014659170775  0.23582344997425964
  0.24562083684871769  0.25571972846013979  0.26593479257164537  0.27630810711864001
  0.28681515530174689  0.29759534999503856  0.30851674350779562  0.31984873423435850
  0.33186793551802346  0.34192234363476914  0.35176201049258726  0.36153949134743851
  0.37139590030269637  0.38103437062435019  0.39001586803739968  0.39932102147158322
  0.40909609183756906  0.41878919851097884  0.42807098003753385  0.43758581737316460
  0.44778514059328400  0.45871287662770316  0.47047109011100396  0.48282195515830972
  0.49529209531450274  0.50791262390014091  0.52042266307609353  0.53191210228331220
  0.54245317924955883  0.55267721057972463  0.56287737262661275  0.57320986100966587
  0.58322363799035026  0.59398055939907568  0.60447772616892614  0.61446685724944361
  0.62416836616650784  0.63398752184661089  0.64385420692851469  0.65387446090552914
  0.66372276618421566  0.67392619292380651  0.68438067501382427  0.69546900337744588
  0.70712425230992071  0.71913421756180806  0.73091228251640561  0.74214178011060894
  0.75284120937111110  0.76316562023569978  0.77345196128949256  0.78390417390571099
  0.79439328580562563  0.80449869157109488  0.81435010108903250  0.82410869480185911
  0.83421269070565296  0.84486962763304430  0.85561315602967813  0.86649274864126347
  0.87717582074636025  0.88858821929383680  0.89986203718053293  0.91113750541399285
  0.92215251028650247  0.93305821252983623  0.94386306359105210  0.95482024910970487
  0.96622316154199039  0.97783564503264164  0.98897333992546110  1.00000000000000000
 -0.00330642849939276  0.01289008926892125  0.02554477533797707  0.03681567810890128
  0.04822044084053465  0.05923280077103731  0.06957187383924064  0.07948454924090526
  0.08976929649518126  0.10064481562203503  0.11178082452824196  0.12270943434304768
  0.13385931510348503  0.14517909448329552  0.15684314461446455  0.16828565594443268
  0.17913380549731842  0.18949985626814039  0.19980583891182874  0.21031243734117266
  0.22039484057129044  0.23104464218529602  0.24153786414955933  0.25173982050758031
  0.26162765111989189  0.27223540265160434  0.28411574498989373  0.29537540352242120
  0.30499955107313592  0.31462571463221367  0.32386601998799264  0.33305734476621340
  0.34181911478037097  0.35042741184707638  0.35996258019586769  0.37053271185279912
  0.38142703916550003  0.39222106358816977  0.40197213010678173  0.41116802630581617
  0.42050765966569054  0.42990840463026808  0.43940990967166116  0.44882554602865338
  0.45842167130760003  0.46860332598794613  0.47890154170460059  0.48906199814474455
  0.49921792882673233  0.50977675256771482  0.52094488178530018  0.53174732101338185
  0.54195945706839688  0.55172366730429145  0.56164878409718655  0.57189387030410754
  0.58247980160454860  0.59364368909284715  0.60503380300881049  0.61620858801381573
  0.62711127527638144  0.63781430684156781  0.64818320070972324  0.65814003025126799
  0.66849274935893099  0.67918793699166813  0.68958453477482062  0.69941733122287664
  0.70959793977895125  0.72058815544075383  0.73170525809173614  0.74225641162356204
  0.75224560807379925  0.76212149732558798  0.77266877668353628  0.78361749818389248
  0.79426392120716793  0.80464470424291690  0.81519804523241268  0.82614179762049023
  0.83675751370868456  0.84758693258540296  0.85811142030684950  0.86804126379117652
  0.87804605705860717  0.88816371211476064  0.89811726746009846  0.90803216943789211
  0.91794178143841509  0.92884120667605330  0.93986716172035989  0.95121458555013150
  0.96260900974661778  0.97480756195588247  0.98749553862290740  1.00000000000000000
 -0.00283033374595934  0.01099661697056316  0.02218239444065924  0.03250381397853660
  0.04293968393685131  0.05317903228190514  0.06371092524666942  0.07402047374332801
  0.08465471663679210  0.09590703412950534  0.10720830227938122  0.11874409785998156
  0.13046253996885473  0.14224099434467405  0.15409575434286771  0.16583057823188266
  0.17743297892685131  0.18889427149095323  0.20002068566647938  0.21102385864436773
  0.22193985461031795  0.23259583630971592  0.24307681318552715  0.25331205371602367
  0.26352453615837806  0.27384642935413361  0.28389204602729939  0.29399188531370535
  0.30436407355344125  0.31463831965594635  0.32471806488378452  0.33488462096846061
  0.34487956496455185  0.35472402594092245  0.36470471983956165  0.37514306470177300
  0.38531221196720189  0.39511967325528524  0.40462737321691333  0.41417272699019364
  0.42341872393531177  0.43226492525402677  0.44131670267196871  0.45130364827555697
  0.46149455743717155  0.47208589615502700  0.48220614708137699  0.49232862560708462
  0.50326413752410326  0.51473748332366176  0.52557032022833128  0.53610659386397297
  0.54698108176928362  0.55866254931093462  0.57007623657965967  0.58134356002669085
  0.59238295660840035  0.60312614414054966  0.61421489313060484  0.62512860094342459
  0.63530166828592971  0.64528801309039929  0.65510736188970931  0.66486470959628452
  0.67473974129065850  0.68513852349642190  0.69668531386578636  0.70793625491759082
  0.71706575737251721  0.72579840186652567  0.73532841101698099  0.74525258467007627
  0.75520821517677927  0.76500334306841444  0.77518927155679529  0.78662543374948057
  0.79817154445064986  0.80953662705661900  0.82110910797830727  0.83262962205437474
  0.84335517445623065  0.85426151697845687  0.86487859809578993  0.87547633205396158
  0.88554988297698600  0.89568494924544417  0.90613177469060902  0.91677135885335981
  0.92711352728929453  0.93756554688513716  0.94820365590017264  0.95896693277135170
  0.96904758332884922  0.97910341329002648  0.98961419161239195  1.00000000000000000
 -0.00243688999193844  0.00900315710297126  0.01828153116446605  0.02794191642226272
  0.03753011136921486  0.04718379472355832  0.05663108807203167  0.06648881041707215
  0.07721122286745236  0.08817055970544833  0.09907211744292141  0.11001229892000965
  0.12089193742948699  0.13203802559621916  0.14274934138170631  0.15416979903126946
  0.16539383370771646  0.17770137641708925  0.18930040717596194  0.19934256687188923
  0.20928556185257072  0.21892947832059989  0.22892813833972703  0.23857337114818811
  0.24788938135091970  0.25833121287538963  0.26916625840401243  0.27901205699285936
  0.28849441752504051  0.29827565610614942  0.30825587079375344  0.31846676139993213
  0.32906686377508459  0.34013539505999707  0.35073635892043259  0.36030018604787373
  0.36979068175032637  0.37991653484170607  0.39030130787088357  0.40068863410705657
  0.41137549173172194  0.42215146718489011  0.43313223687883179  0.44381943016014269
  0.45454528466286259  0.46556629500766106  0.47679148786737829  0.48823535381767835
  0.49969970881026066  0.51134961869063822  0.52335236834569265  0.53547022960511337
  0.54747036435347207  0.55904035504027960  0.57069460288547813  0.58201494263761233
  0.59280276853920577  0.60308085128769229  0.61365296470121566  0.62424873605966291
  0.63460531291839517  0.64483705950446202  0.65488698388554789  0.66532006871051719
  0.67587538708595518  0.68625493294451334  0.69580221490537275  0.70504558566429587
  0.71464646442531610  0.72472023729372381  0.73493101557758689  0.74579858475049510
  0.75688308766012569  0.76876042377303955  0.77999105665450896  0.79163644255430576
  0.80082066716535716  0.81051967254070789  0.82027744381080536  0.82989970164149496
  0.83919486811954092  0.84858956898340276  0.85876485511274536  0.87098695966329864
  0.88236655956242427  0.89349316987346750  0.90403225282732569  0.91447639682400539
  0.92497842858761137  0.93589105560215946  0.94656679148976264  0.95768488072396407
  0.96790611913220703  0.97889058556911390  0.98921325370024138  1.00000000000000000
   2.1736603170382044E-008  -1.0000000000000000     
 F F F F F F F F F F F F F F F F F F F F F F F F F F F F F F F F F F F F F F F F F F F F F F F F F F F F F F F F F F F F F F F F F F F F F F F F F F F F F F F F F F F F F F F F F F F F F F F F F F F F F F F F F F F F F F F F F F F F F F F F F F F F F F F F
  <DiscreteSampler_grid>
  grouped_processes
  1 # 1 for a reference and 2 for a running grid.
  10 # Attribute 'min_bin_probing_points' of the grid.
  1 # Attribute 'grid_mode' of the grid. 1=='default',2=='initialization'
  0.0000000000000000 # Attribute 'small_contrib_threshold' of the grid.
  0.5000000000000000 # Attribute 'damping_power' of the grid.
 # binID   n_entries weight   weight_sqr   abs_weight
    10   10   7.195278763111011E+004   1.743683615998717E+010   7.195278763111011E+004
    16   10   7.195278763111011E+004   1.743683615998717E+010   7.195278763111011E+004
  </DiscreteSampler_grid>
