  0.00902403216374367  0.01710323691288262  0.02830756795749438  0.04069480938630672
  0.05242914381567627  0.06419071743160967  0.07523114770770162  0.08659486118046757
  0.09782795309929378  0.10917187795887506  0.12029618670485949  0.13126686154730466
  0.14222076951720367  0.15339842152381461  0.16493046732087760  0.17677623471423229
  0.18831464369166429  0.19944708876352529  0.21075364985176051  0.22225558378496094
  0.23364634585097743  0.24505090400965204  0.25667831824572757  0.26849839374023032
  0.28015098481061401  0.29150141226775134  0.30264716149330978  0.31354932616933134
  0.32464883142488982  0.33582346469237778  0.34715548467269292  0.35845635053454727
  0.36970421844436657  0.38027677483962091  0.38968379083966148  0.39867430939660620
  0.40677845611571772  0.41522663305035212  0.42391718154998437  0.43245808950142950
  0.44090480244887703  0.44951205301782005  0.45844485558267362  0.46793235404331990
  0.47732264281158437  0.48674810345525915  0.49625322658328525  0.50715213976054574
  0.51815077452850911  0.53023284619494904  0.54245776309393556  0.55442237744656597
  0.56573050694932980  0.57625024113167478  0.58624171681970683  0.59608205284688698
  0.60562064673110672  0.61499463633810558  0.62434798782722800  0.63369930837647104
  0.64286218396020423  0.65223467398039092  0.66147863576310328  0.67056624316514246
  0.67974856628236413  0.68928096061221977  0.69935384144235502  0.70972088313885695
  0.71992397921909501  0.73064544832383171  0.74156993602678245  0.75292485299334255
  0.76406236134047323  0.77507340616436005  0.78597030616126440  0.79627594076510466
  0.80578339720269698  0.81540823231553516  0.82516010394064165  0.83502198420483231
  0.84445548428297590  0.85364381087474739  0.86285579065617779  0.87192970379462997
  0.88107843236936811  0.89045086009291152  0.89993150751129491  0.91000330816814223
  0.91981244395250505  0.93004245728295565  0.94068197220118432  0.95246239437487012
  0.96417781413858350  0.97563476666298821  0.98752598335502662  1.00000000000000000
  0.00901744527791438  0.01594808900367686  0.02569293946254039  0.03617553407410012
  0.04640090345309153  0.05609583601285134  0.06573313760476696  0.07568689155336740
  0.08561619288822314  0.09600953643300371  0.10655176024396858  0.11817063297506833
  0.12918005190039455  0.13954463920026119  0.15035659275011268  0.16126849013090472
  0.17195192749815366  0.18210787377876875  0.19233964918503360  0.20254004766124462
  0.21285679422892723  0.22338292405970001  0.23419950860474659  0.24525425296181519
  0.25642238022985464  0.26737058406692327  0.27682944082656447  0.28534074412111138
  0.29363293275917357  0.30172671093032988  0.30994931537115994  0.31844263710261117
  0.32694346010074149  0.33588380246895627  0.34557539447125002  0.35519068833055317
  0.36476957960670597  0.37430297267816665  0.38408982161480476  0.39393911269257703
  0.40378264559107852  0.41332875711335809  0.42287163552087093  0.43231691475893824
  0.44183606735290465  0.45159331564664751  0.46212278637076654  0.47355623069128761
  0.48513147691272274  0.49675632745185311  0.50821199177452381  0.51934288886762536
  0.53065820413563125  0.54173728854855030  0.55279963491470152  0.56375467361567433
  0.57466226116259955  0.58576386921782930  0.59720245409968120  0.60823696111532033
  0.61900295460101173  0.62943400438897767  0.64003078701523841  0.65057268560708914
  0.66105618059409987  0.67165375170938091  0.68235185079528671  0.69271283207760348
  0.70259560744317318  0.71254911035379143  0.72262563035846350  0.73285574064244041
  0.74324215953643991  0.75440179818335096  0.76643141854875707  0.77819324934393042
  0.78954137798572421  0.80064147920068829  0.81150946028420456  0.82265435229978090
  0.83370799387885719  0.84481370736128947  0.85591370817212364  0.86701426589042097
  0.87810338991679182  0.88894371630297953  0.89989654111143846  0.91088169897089954
  0.92177034050430295  0.93251496976636272  0.94361815449342845  0.95529653615653154
  0.96638673687766874  0.97715538028894400  0.98830663123371199  1.00000000000000000
  0.05745827278672880  0.05829133470275534  0.06016628156482175  0.06260209600945646
  0.06524199949714000  0.06904784943035928  0.07299253386571507  0.07682164035284358
  0.08072277991214255  0.08467350759586185  0.08878057360141191  0.09291589666341062
  0.09708841038422501  0.10149467080657698  0.10598234532406824  0.11050110927897018
  0.11511980103691130  0.11981347897450700  0.12471676480423999  0.12964317888595947
  0.13459030932644570  0.13991742646260572  0.14491510137262223  0.14860121149920391
  0.14927455064388154  0.15052674732311563  0.15171502304932361  0.15348682410478251
  0.15588036883262002  0.15826119448335924  0.16060646865812811  0.16296443910690095
  0.16534963307304737  0.16774268555841307  0.17012999477543092  0.17250311750603914
  0.17488073879309105  0.17726776594603144  0.17968341709203633  0.18213228057485845
  0.18459800267603027  0.18707891868286661  0.18958027150851225  0.19213211378941772
  0.19474747293322972  0.19739544667212125  0.20004939605408581  0.20271499882057142
  0.20540937627591629  0.20813338307154367  0.21089991409166639  0.21370242832103695
  0.21654874754022979  0.21944599415726670  0.22239600257593764  0.22537983964356292
  0.22840721199197206  0.23145574300497246  0.23452764337814705  0.23763422781279381
  0.24078539944524902  0.24399966262359118  0.24728189046020865  0.25061706092037644
  0.25399965023895693  0.25742704086890739  0.26090575511121272  0.26447109208375619
  0.26811404339702677  0.27183372470229983  0.27566901503794716  0.27957071651301485
  0.28354589668174357  0.28767520948188091  0.29193018165115336  0.29629168424925673
  0.30083766425385983  0.30561564408091946  0.31057304129311952  0.31569706200228043
  0.32108581970698608  0.32680952239276340  0.33289425767403014  0.33937095253070737
  0.34632765881679639  0.35382550593910850  0.36197743816553590  0.37107791385928784
  0.38148461509167503  0.39375109010692244  0.40860210852822376  0.42697131200483035
  0.45296586365643110  0.49460898945891485  0.58554934085856025  1.00000000000000000
 -0.00310735079408372  0.01265281283228792  0.02554649638788472  0.03785334100129472
  0.04975042593225335  0.06152912728523145  0.07423232737307139  0.08623349384235006
  0.09768204787658356  0.10885890752052384  0.12042660817033597  0.13103365905663536
  0.14111340187918370  0.15131559710546355  0.16186774989682534  0.17198610905435172
  0.18149028709755516  0.19136281310353240  0.20202622439564924  0.21219468585101706
  0.22187140617500042  0.23185623401257266  0.24187879744536295  0.25120396844865134
  0.25993601090490914  0.26860919644190173  0.27749275324054168  0.28643536558803889
  0.29547797011693749  0.30467450427503556  0.31369912975877540  0.32212668441344489
  0.33035969993924286  0.33868118328308056  0.34727739540222397  0.35568871875339414
  0.36407849269990344  0.37240775616815286  0.38165807900279991  0.39085440837642954
  0.40050615307961157  0.41065354469696153  0.42201511023164412  0.43353743596695499
  0.44453793943080261  0.45519954805164142  0.46561681933744126  0.47577723006746725
  0.48587197495381196  0.49582839951777302  0.50605061553912500  0.51683591755963809
  0.52832277051683663  0.53969856151846340  0.55014564401773114  0.56002008095232170
  0.56978964934716059  0.57948825945395044  0.58932437699946361  0.59933810455010395
  0.60953675679862285  0.61974327984763877  0.62985500569141029  0.64003472902306968
  0.65033155336976289  0.66074495038730374  0.67144342053470052  0.68215615464898438
  0.69234963848561715  0.70173959086467752  0.71121006835509537  0.72063950929892540
  0.73040007527619411  0.74068107466382516  0.75118030003445946  0.76220573079737530
  0.77336925175088922  0.78445327455761471  0.79565072351638511  0.80683886618400535
  0.81809636171526146  0.82988495774632609  0.84245723768036695  0.85494632960180073
  0.86703749247567485  0.87877930878662969  0.89063355857424409  0.90270588245865646
  0.91486495900588882  0.92703429094739442  0.93930478594103084  0.95193048049909246
  0.96431191526074678  0.97637147251819090  0.98810140912766797  1.00000000000000000
 -0.00265811953882935  0.01031764491418667  0.02172667379929993  0.03393408101335104
  0.04504144522441278  0.05531867284216013  0.06575658375978537  0.07594906109054150
  0.08615379335044004  0.09638663323199094  0.10674033661334643  0.11872463601736373
  0.13080936889220909  0.14301765222200438  0.15501155524296911  0.16644355347459094
  0.17744190029063811  0.18847240435985613  0.19947342649183158  0.21050358653633472
  0.22156896642118709  0.23278092146769389  0.24440017590570781  0.25560517019990647
  0.26639976964017031  0.27687737041364380  0.28690342502083799  0.29683058828371295
  0.30693915611037620  0.31772070818352666  0.32840477259605816  0.33863814540967269
  0.34867016897624414  0.35906057563944244  0.36977614236776879  0.38085875484830517
  0.39258068612083868  0.40438376575668922  0.41560728732053664  0.42628585859590445
  0.43674137744915209  0.44752901864689809  0.45854778475417673  0.46842884085150815
  0.47848589188281093  0.48889553405362485  0.49905952753140204  0.50898969547983408
  0.51874037522674299  0.52888596719228531  0.53928603111798423  0.54977242739634269
  0.56005553221035775  0.57010798417507424  0.58023228965997964  0.59174052241393416
  0.60444104981405866  0.61661927775402980  0.62803304691143458  0.63822215288435435
  0.64859943623205896  0.65817068776906407  0.66754924838710517  0.67650740057262526
  0.68553060523161180  0.69463754243722708  0.70385051411542832  0.71321803894345603
  0.72315291263636017  0.73392632489642928  0.74545826742734589  0.75678145626667459
  0.76768471262683058  0.77841831517110061  0.78899041905728240  0.79895682028235249
  0.80851689601548227  0.81853894635929092  0.82858678282544584  0.83804904620336285
  0.84710237371577113  0.85657644643162278  0.86675683746233334  0.87716574647811352
  0.88752808120937587  0.89775307883625177  0.90822287223931319  0.91827142029823383
  0.92859219340953236  0.93881177131095539  0.94899833111581555  0.95892544620151743
  0.96872447838941711  0.97838865988873702  0.98908869754295003  1.00000000000000000
 -0.00251496507399932  0.01051309541582492  0.02172279832675722  0.03355795096806904
  0.04555362522981976  0.05735477721500446  0.06898979034758651  0.08006320873259429
  0.09080151049057734  0.10121968587722563  0.11191465318076375  0.12289210922163647
  0.13394824608693734  0.14520727242856177  0.15697011537307931  0.16912622251424414
  0.18126745364574484  0.19277891758178861  0.20374601649349311  0.21439688564050552
  0.22484625562596916  0.23520004587383567  0.24550503155392092  0.25599653723614962
  0.26656418171278312  0.27637688633653423  0.28585182501187995  0.29557569431420061
  0.30572571229287943  0.31558903353407353  0.32471842545797497  0.33383887761555237
  0.34374803188408826  0.35369431739134860  0.36324735425334881  0.37290204119550374
  0.38273254586847100  0.39262194091874392  0.40237793014965267  0.41189339384322798
  0.42108696690261027  0.42997767887444421  0.43924353183504167  0.44891687566635063
  0.45856939711951877  0.46803328815404882  0.47748719313687482  0.48741741268410749
  0.49740890798829207  0.50712887082839475  0.51681456764785294  0.52694771962179576
  0.53746498806610832  0.54769580033574994  0.55737341626261894  0.56698835838069683
  0.57675657612172659  0.58663638332432011  0.59668206282833147  0.60713309741184929
  0.61811478636995987  0.62904757181751458  0.63985414736664448  0.65059055342470207
  0.66140405581671347  0.67212251771039533  0.68330521279220169  0.69440194581602754
  0.70649416633982176  0.71653034425783824  0.72692350132272221  0.73777444432536610
  0.74850609885875696  0.75887025194892554  0.76857934403634975  0.77963282077344465
  0.79197694652270179  0.80208566888355792  0.81267660440837730  0.82277873669012869
  0.83263743043393346  0.84269067062077418  0.85319317775277248  0.86420283629319128
  0.87538000705234753  0.88672498189358884  0.89841099313108408  0.91040652124376786
  0.92230975884434174  0.93393019681255196  0.94449467437190471  0.95492832344114098
  0.96567192684919145  0.97710018090496809  0.98835856559514723  1.00000000000000000
 -0.00247166253888478  0.01005546579647476  0.02032184915310556  0.03071573890331365
  0.04080988955299135  0.05175465244587031  0.06309359055338487  0.07467257777954349
  0.08609890372625752  0.09769135745152273  0.10874753610283663  0.11946358005536062
  0.12959776383970856  0.13905806947067417  0.14871702670731440  0.15798947216213410
  0.16748262674788131  0.17707536804411678  0.18674367011730156  0.19751306862435161
  0.20901984012082880  0.22069862600037454  0.23258264472954057  0.24449043417590494
  0.25595121428420553  0.26716276133554090  0.27816197383735480  0.28872530120988932
  0.29979804040220587  0.31106764198692310  0.32167725925300134  0.33221505463713713
  0.34278832328419762  0.35353512851913338  0.36396032606879991  0.37430617890318313
  0.38476872471909424  0.39531818394866564  0.40539614279322350  0.41468439913443733
  0.42412240040435678  0.43371306184605724  0.44424453149223664  0.45501019595297260
  0.46596926101750169  0.47721410456402497  0.48861487831115025  0.49965143602394613
  0.50966986523094127  0.51969807752238595  0.52940155231258856  0.53905970683696214
  0.54826189943512837  0.55716308301658946  0.56657131820839635  0.57669186519627114
  0.58735230662815019  0.59840126090040280  0.60897679373630098  0.62058802584822681
  0.63184617363921303  0.64352301785681110  0.65498585814006760  0.66602140021457223
  0.67668663184788624  0.68748739924514768  0.69800742213099809  0.70819402515988461
  0.71805617107504782  0.72835772998200210  0.73952528100744330  0.75132544664498258
  0.76402115706587426  0.77589023113244837  0.78678352232231596  0.79720408446405633
  0.80761233364379226  0.81817577551975262  0.82879154669341404  0.83990882101889341
  0.85158626222417044  0.86334408014562847  0.87483826193121594  0.88578435812521206
  0.89618371798549901  0.90607318264293879  0.91547090403867915  0.92452682118388896
  0.93362360596138971  0.94245751165095504  0.95118185583562676  0.96028864739619857
  0.96984879903905818  0.97951912457096801  0.98969603567579201  1.00000000000000000
 -0.00277279843351583  0.01096725449349841  0.02253811509219396  0.03426600805581035
  0.04537081336086802  0.05615863372146324  0.06720863126797302  0.07843910224968495
  0.08884292093923624  0.09867999282647819  0.10864856245503643  0.11955612989786560
  0.13006154395955821  0.14035488555972125  0.15057006255590411  0.16117293781040662
  0.17149335311042491  0.18185419756956797  0.19280397996027315  0.20398693295437614
  0.21485697261714182  0.22581126273561641  0.23605886225414008  0.24646863690619231
  0.25605325423589559  0.26603249341007495  0.27625720516919494  0.28670019360419696
  0.29747160332127365  0.30806455299324209  0.31824131260224880  0.32842711386225898
  0.33845845507725059  0.34877321987195520  0.35884033285110339  0.36891327224252846
  0.37946935829374229  0.39042122531578244  0.40149709154465141  0.41183471341996858
  0.42208946383742529  0.43198874167132434  0.44178298852509185  0.45193025928481617
  0.46275229426693310  0.47399491131550014  0.48508458440862723  0.49588850488167774
  0.50595480146135241  0.51530557168602376  0.52508406006803821  0.53520015266556853
  0.54532274909926459  0.55516954247624184  0.56505956259130796  0.57517446015677620
  0.58538569646764160  0.59533300280495149  0.60509653158338728  0.61492025313480647
  0.62554409557136970  0.63719097020336313  0.64906276078148240  0.66088365386905690
  0.67256632960692431  0.68439794543315702  0.69623957007506265  0.70817124418928779
  0.71975304864424294  0.73107709253170206  0.74164963176823129  0.75195077868574778
  0.76238391910726155  0.77302833595365228  0.78460716929808139  0.79574961643473352
  0.80661661083689284  0.81693604815583565  0.82751863001974557  0.83824279692795844
  0.84868439999776069  0.85862616424960103  0.86836321309983366  0.87796624536084966
  0.88749444548641154  0.89689918050739403  0.90599314690627497  0.91544048323285987
  0.92584691546809694  0.93669531115820026  0.94714274350676197  0.95739985110238601
  0.96780633142489847  0.97861243820195420  0.98917568569638925  1.00000000000000000
   2.1880385756570594E-008  -1.0000000000000000     
 F F F F F F F F F F F F F F F F F F F F F F F F F F F F F F F F F F F F F F F F F F F F F F F F F F F F F F F F F F F F F F F F F F F F F F F F F F F F F F F F F F F F F F F F F F F F F F F F F F F F F F F F F F F F F F F F F F F F F F F F F F F F F F F F
  <DiscreteSampler_grid>
  grouped_processes
  1 # 1 for a reference and 2 for a running grid.
  10 # Attribute 'min_bin_probing_points' of the grid.
  1 # Attribute 'grid_mode' of the grid. 1=='default',2=='initialization'
  0.0000000000000000 # Attribute 'small_contrib_threshold' of the grid.
  0.5000000000000000 # Attribute 'damping_power' of the grid.
 # binID   n_entries weight   weight_sqr   abs_weight
    10   10   4.422588265746469E+004   7.547950884750216E+009   4.422588265746469E+004
    16   10   4.422588265746469E+004   7.547950884750216E+009   4.422588265746469E+004
  </DiscreteSampler_grid>
