  0.00001274753429706  0.00004844806417632  0.00006944975776787  0.00008994422414597
  0.00011175318293976  0.00013557891506594  0.00016241528003446  0.00019407450034099
  0.00024027724609528  0.00029659346878877  0.00036269132166140  0.00044117439028923
  0.00053458852313912  0.00064262479620790  0.00076753473210309  0.00091585776774811
  0.00109240700051825  0.00129978197643549  0.00155633555081452  0.00186932041226959
  0.00225007471050172  0.00273745506476021  0.00335391152792693  0.00414392881720280
  0.00497055509702402  0.00610814769249441  0.00762866155466249  0.01009333692632069
  0.01398041783915145  0.01986035902659465  0.02833186352901032  0.03983708921008317
  0.05415938227891903  0.07046828598836924  0.08786157297944380  0.10589806625406142
  0.12446997047036056  0.14335484358748427  0.16235691170750943  0.18129282573557814
  0.20026577639038642  0.21924268396675051  0.23822686424197217  0.25744533632417199
  0.27653653636798398  0.29545901971217031  0.31449052435871933  0.33362931789384975
  0.35280088311442442  0.37193857066414265  0.39095640948080024  0.40966244153046738
  0.42834614580799873  0.44699196667032670  0.46566489203118933  0.48448398404145254
  0.50327137684677825  0.52205435090560193  0.54090208881758650  0.55981737823053601
  0.57873870954025375  0.59763597502271271  0.61644174678569141  0.63515236837256350
  0.65362189686238048  0.67184268885409171  0.68997613712906125  0.70828553727140919
  0.72685407941806324  0.74508902899161744  0.76307776013836670  0.78099318149969887
  0.79895854187747117  0.81695174170519014  0.83481551554398126  0.85272938401318588
  0.87035963979707121  0.88752316118597030  0.90416439799674153  0.92027606152681707
  0.93557886360382969  0.94961228708392587  0.96179376390620719  0.97190016602633689
  0.97982965930196475  0.98570131702731101  0.98987121434159986  0.99283463781693981
  0.99491883625667443  0.99637860889458607  0.99747466923108752  0.99829802807848356
  0.99890661031869143  0.99934846954929146  0.99969156058037789  1.00000000000000000
  0.00025328421662704  0.00031150277062731  0.00034293739674416  0.00037690435760827
  0.00041831151584187  0.00049304589726376  0.00076252869490302  0.00127734614459872
  0.00174945304667178  0.00219507124525279  0.00269458144306871  0.00328318746299959
  0.00402956857654884  0.00486696753603185  0.00578233038213032  0.00686016303660465
  0.00813910060904822  0.00963815158352612  0.01142171656494826  0.01334664319373652
  0.01534440164135046  0.01760268511107787  0.02045135225459609  0.02403613388938538
  0.02809274930232082  0.03266729052268434  0.03800078642313267  0.04370519833617860
  0.04931734026332502  0.05436380692454620  0.05812976418350808  0.06058018191574814
  0.06220693673608891  0.06332094305455020  0.06412633830127190  0.06473592361040130
  0.06521997911427536  0.06561245950797494  0.06593297557875551  0.06620785599550864
  0.06645013088420322  0.06666613811029579  0.06686055536225377  0.06703851086594514
  0.06720422659582562  0.06736113961278094  0.06751165734057282  0.06765752535047058
  0.06780028544745173  0.06794158292553235  0.06808356678056691  0.06822823148867257
  0.06837756832101438  0.06853276962174233  0.06869437611717522  0.06886814755148747
  0.06905835572857738  0.06926578181780926  0.06949404035021688  0.06975076805638734
  0.07004697363288996  0.07039634666333505  0.07081665006712923  0.07133251965486710
  0.07198698540691237  0.07285790048371946  0.07404899116039840  0.07569539132705512
  0.07807793432646129  0.08170334001827849  0.08724115265985720  0.09561879113938107
  0.10747293029700872  0.12277415608388134  0.14244487398181344  0.16998799189847394
  0.21122052931454596  0.26837114096156783  0.33886106613954881  0.41975217828865774
  0.50756893769001921  0.57377512376882689  0.60959825301534853  0.63064011559100885
  0.65014113989436961  0.67117490623491705  0.69303985435274296  0.71648900735645005
  0.74048076733243218  0.76373269732241322  0.78516269331437538  0.80752693466310232
  0.83472746989860258  0.86928694055957056  0.88891298967267285  1.00000000000000000
  0.00053686587443938  0.00094783041293209  0.00118879394981321  0.00141657234232534
  0.00166951319501469  0.00194953152026246  0.00225362605430570  0.00258881987241873
  0.00296224516375937  0.00337418651816319  0.00381956917233538  0.00429367194176162
  0.00479412395428198  0.00531548295025294  0.00583899601035888  0.00634904282063463
  0.00685576429155850  0.00736963141623762  0.00791079412317766  0.00847390262488922
  0.00906289891928115  0.00966098703498523  0.01026490155356454  0.01088718914577005
  0.01153550739107722  0.01220909518097756  0.01290874077675416  0.01362084970116966
  0.01436867541623744  0.01514893212406774  0.01597684456466882  0.01685894647532061
  0.01777712946852684  0.01872747200911822  0.01971252731434580  0.02074019412340741
  0.02182318025815577  0.02297836991703479  0.02420916545394985  0.02547229445770693
  0.02675740272470357  0.02808723820625008  0.02947236570754421  0.03097223953990000
  0.03252383523552985  0.03408520581561808  0.03569284124500818  0.03736882885669450
  0.03917142512573495  0.04107894523392277  0.04309244110791549  0.04523884082958119
  0.04749459145015088  0.04987142708280919  0.05234520266697798  0.05488541039463921
  0.05748309962428454  0.06020723573391783  0.06313471593822541  0.06627501527190451
  0.06963624158090465  0.07304763109477797  0.07650259635506061  0.08012053709269425
  0.08401590694510153  0.08810239236805296  0.09222603068883091  0.09643721225248718
  0.10098626339734465  0.10603786413601565  0.11143731466697865  0.11722110252376393
  0.12359252913482677  0.12987813017233754  0.13624202986089137  0.14300498291857205
  0.15025034708476534  0.15942409147792244  0.16851528879760613  0.17784208887796862
  0.18836796998173802  0.20012203440515614  0.21289812236375688  0.22631954585186076
  0.24070211504939185  0.25604662652244387  0.27295689977929594  0.28952094827113206
  0.30748985647763843  0.32631287175089646  0.34903445413661277  0.37497812549574910
  0.40517904578072994  0.44498263916055508  0.52788103181645873  1.00000000000000000
 -0.00155800321328434  0.00665467770543290  0.01582187233239117  0.02450447503461119
  0.03394242641116639  0.04400704211960547  0.05431253878022492  0.06426636366629834
  0.07404783673586485  0.08383515185049725  0.09369462167595245  0.10331624366351902
  0.11294084726529068  0.12218881585641801  0.13156744091415329  0.14092126827938400
  0.15033196914694485  0.15990487036008888  0.16957607918993756  0.17935377339677197
  0.18939391987364862  0.19952724623764126  0.20985954777972152  0.22025196639989211
  0.23063996537490036  0.24096460509115619  0.25034721721791703  0.25895783569351921
  0.26751067756647695  0.27651654371004081  0.28663346003121920  0.29750979332461930
  0.30827674446845582  0.31888119059255721  0.32926371720991693  0.33964768969177622
  0.35007566712418220  0.36070778129583830  0.37142548632414563  0.38223035673388361
  0.39298291300827004  0.40356240054412729  0.41373901898731397  0.42378061951405799
  0.43391519307180076  0.44467283756218212  0.45592686444611241  0.46709249302283040
  0.47814753612428146  0.48910036885824626  0.50007735674151976  0.51118898366873433
  0.52248872699706173  0.53374195065148089  0.54490950540708960  0.55605742147983983
  0.56744303003108387  0.57896070855278536  0.59046756690047542  0.60197870484811256
  0.61348921921918453  0.62508212475618996  0.63632923206111314  0.64758924655856664
  0.65883918771763506  0.67011019051528964  0.68119317616234309  0.69214455573077693
  0.70322434350962604  0.71456056135964119  0.72582515715701956  0.73696550999826105
  0.74816198183800775  0.75955388738157914  0.77084356259353271  0.78193239986775209
  0.79312274580522890  0.80471831700277097  0.81627845262128296  0.82768834413935422
  0.83903792900606711  0.85038988928107584  0.86148019643038487  0.87250723883106884
  0.88369929052629514  0.89517375458240112  0.90690489131021090  0.91862207453548594
  0.93004226785880628  0.94083038877358238  0.95096440867023879  0.96074967082936669
  0.97066433446296585  0.98025483345960784  0.98967849840101596  1.00000000000000000
 -0.00204917834075466  0.00816218267988081  0.01769108452637170  0.02757536228073960
  0.03819758408284138  0.04947336141935280  0.06049762672982514  0.07096724924060038
  0.08111949394734282  0.09160364563611681  0.10232431205918806  0.11233627627331877
  0.12241745156923796  0.13244448315300439  0.14357087104817051  0.15427554505028038
  0.16415160888298533  0.17375159670451670  0.18344878735746623  0.19448178933507340
  0.20571282250622919  0.21671693248226775  0.22739607345793561  0.23805912659192818
  0.24871680446854821  0.25965223999815323  0.27089173325089105  0.28198439514817247
  0.29262499913213752  0.30300172949797149  0.31348534755657653  0.32406623816168301
  0.33313854765844914  0.34186414716945029  0.35062664941623428  0.36028246657529245
  0.37123517851331811  0.38212843858293932  0.39312605250646387  0.40410507292134185
  0.41482823856179546  0.42530725899261534  0.43574335901905792  0.44621103995050743
  0.45665622279591844  0.46729914640147496  0.47807220368757869  0.48904692981538217
  0.49999685171870051  0.51078245793401000  0.52150163286101825  0.53207983123276070
  0.54267175331907758  0.55277401556738304  0.56301919980968196  0.57351336403163056
  0.58431768608187584  0.59496471574390730  0.60548223665250800  0.61607058298895867
  0.62682582601305625  0.63785842421723682  0.64906808858689680  0.66012833285704875
  0.67066649151294577  0.68106694791908806  0.69165878413459525  0.70254332818022203
  0.71351853552863720  0.72435313338475960  0.73504829574806152  0.74575721462466571
  0.75685156349884353  0.76772193361983987  0.77796641576759284  0.78784660152762920
  0.79769184788047220  0.80810380951239480  0.81836544137571243  0.82872158417508934
  0.83937236796751935  0.85031456397878014  0.86124107366309710  0.87184018314998402
  0.88228057991033171  0.89286419412166262  0.90391524995463202  0.91446563624383537
  0.92506459602644309  0.93580177904061090  0.94656363792587417  0.95723335228633455
  0.96771722265793836  0.97836890952671662  0.98914603510091625  1.00000000000000000
 -0.00153927392501621  0.00663696220213999  0.01545592046273619  0.02541693494392369
  0.03567983968947749  0.04534104837776496  0.05472411887208951  0.06398372440256064
  0.07380598409215218  0.08381110168386367  0.09355997437000169  0.10309289502967645
  0.11256304647578794  0.12207522851040938  0.13151175837720339  0.14114993698858419
  0.15106189670168335  0.16094207370761127  0.17053489709984754  0.17990601989272695
  0.18952045097912881  0.19933626258166601  0.20934448410633347  0.21932319778156914
  0.22925986388021555  0.23916077340702446  0.24923773243540528  0.25955926578802130
  0.26992895533151950  0.28030128223008627  0.29057296979446923  0.30087829615228984
  0.31128797315535128  0.32167652405517394  0.33195455037642979  0.34205655064416912
  0.35236649211498727  0.36294508164377265  0.37386811230994293  0.38486974831337489
  0.39565189060943995  0.40600381593627988  0.41622191002765896  0.42677678010453945
  0.43750291770544464  0.44812286920497213  0.45869951911782086  0.46950914176175690
  0.48078476411674859  0.49213206516739422  0.50356100970900464  0.51504915970912513
  0.52650215709916748  0.53774795464077985  0.54901650160748316  0.56032075142454241
  0.57194268143941573  0.58362635106579241  0.59441343580300143  0.60461025073501129
  0.61498626266641809  0.62584423641110210  0.63743158535758959  0.64809477747975319
  0.65804486723192923  0.66806065195571229  0.67807121696399864  0.68897460154113910
  0.70016044764989094  0.71169959565854135  0.72347155682606568  0.73521829527516047
  0.74674409739936498  0.75768537438015027  0.76834602986817158  0.77917741732470891
  0.79012936372803533  0.80076626808004436  0.81172050498307780  0.82319080933528976
  0.83508319959398503  0.84667888839666017  0.85783938140541693  0.86871465995107877
  0.87928169534692802  0.88962377403680359  0.90003888148395661  0.91075148038580722
  0.92129213282389666  0.93219848012493434  0.94232966279529207  0.95340608138257665
  0.96437954776902102  0.97642692608551040  0.98815723596659022  1.00000000000000000
 -0.00239163928511036  0.00923948251471889  0.01957323959686422  0.03130991758467957
  0.04172833598576246  0.05234957254048422  0.06248797766213125  0.07282748558963849
  0.08343198243373717  0.09388887024335459  0.10441483067736503  0.11507181477112703
  0.12602357411461074  0.13693094872179060  0.14789204209395188  0.15886537135233997
  0.16960570108238698  0.18000285158934198  0.19053740061079069  0.20105833762928194
  0.21155554045523639  0.22224428099085297  0.23323490495636470  0.24433106385324030
  0.25491971731030810  0.26522615014152329  0.27560821839162497  0.28631581087495039
  0.29710837022519349  0.30790923450232849  0.31872693662088036  0.32950378620689807
  0.34004890516426767  0.35065353370186031  0.36150387256916888  0.37254483788628517
  0.38376044667948744  0.39488883301429861  0.40576086333212902  0.41643531244876980
  0.42713628858071084  0.43802641961447619  0.44904310319278573  0.46004210678301599
  0.47095544312081078  0.48182121410811218  0.49260006052911087  0.50300351100160201
  0.51327093599379792  0.52366144562708905  0.53414151342224259  0.54436310089724038
  0.55403646334801737  0.56346336295877586  0.57345192512295207  0.58366466890723567
  0.59422679797542000  0.60460400473736009  0.61454570356143257  0.62412536620590131
  0.63400505040210942  0.64473658390034394  0.65576770538258899  0.66662509302815898
  0.67697094593325424  0.68728304150827946  0.69790071286731548  0.70863297400318404
  0.71925615494528805  0.72993482871111592  0.74067120773792416  0.75127079811434105
  0.76167410786536804  0.77223642806954196  0.78305413542694291  0.79368577832979770
  0.80332634157589955  0.81218730754077217  0.82026501616824199  0.82865364578359479
  0.83787190631614850  0.84768188608127981  0.85825015237028313  0.86902557288430848
  0.87981349669175002  0.89059934973524013  0.90162047383957611  0.91261267082272690
  0.92353050248374091  0.93442364426438751  0.94497071454565673  0.95581841876319951
  0.96691677166443835  0.97832866138928753  0.98932591199120812  1.00000000000000000
 -0.00244497702841348  0.00931084066040173  0.02018846856706913  0.03030499935000640
  0.04037732395518324  0.05068243856932706  0.06149419848672816  0.07262899723237769
  0.08283091431890617  0.09327542184798479  0.10354206674701696  0.11407315055587702
  0.12460632521902214  0.13513375300799391  0.14585178313132680  0.15662454258687447
  0.16766615892810205  0.17855167951362436  0.18959035137173261  0.20065315767284800
  0.21183220272110140  0.22281211095897016  0.23381360023301642  0.24456339400264582
  0.25547653534458925  0.26644769347844433  0.27712169312247598  0.28729994664705288
  0.29745618879372931  0.30798308585769996  0.31906356716318857  0.33008681362288783
  0.34104589520773282  0.35186449713369816  0.36257673469865603  0.37317584726385633
  0.38381626258310036  0.39442541535705367  0.40512084805499782  0.41577572983635452
  0.42653659774203978  0.43751190877780261  0.44858746731310822  0.45937505287741437
  0.47021745393047326  0.48105818896311081  0.49216905766801905  0.50199783612700488
  0.51099676486327661  0.51978389729137753  0.52909254783216564  0.53902122385774542
  0.54969199562004867  0.56048574513900173  0.57084626748162681  0.58125561533447667
  0.59176534380873791  0.60257933543772324  0.61319331806595434  0.62380850360070572
  0.63437478458790708  0.64502658593527906  0.65491478404568926  0.66461853959040251
  0.67434521184381346  0.68473672001209440  0.69530830008811573  0.70577515318150974
  0.71635752114075057  0.72698370458884642  0.73756054772873059  0.74825599734999748
  0.75940808532290993  0.76980702766344211  0.78011517274402897  0.79018985350234505
  0.80028209832623631  0.80993229304686498  0.81949822662461946  0.82964049546516927
  0.84048816326922526  0.85135834010286116  0.86211321388996021  0.87299374574521116
  0.88378370836989584  0.89487070025527227  0.90608675536581995  0.91723342622596682
  0.92712255276305366  0.93605289365327071  0.94529132634030422  0.95587408944025387
  0.96661430906082979  0.97804501274331623  0.98904444073992503  1.00000000000000000
   1.2200384545677642E-011  -1.0000000000000000     
 F F F F F F F F F F F F F F F F F F F F F F F F F F F F F F F F F F F F F F F F F F F F F F F F F F F F F F F F F F F F F F F F F F F F F F F F F F F F F F F F F F F F F F F F F F F F F F F F F F F F F F F F F F F F F F F F F F F F F F F F F F F F F F F F
  <DiscreteSampler_grid>
  grouped_processes
  1 # 1 for a reference and 2 for a running grid.
  10 # Attribute 'min_bin_probing_points' of the grid.
  1 # Attribute 'grid_mode' of the grid. 1=='default',2=='initialization'
  0.0000000000000000 # Attribute 'small_contrib_threshold' of the grid.
  0.5000000000000000 # Attribute 'damping_power' of the grid.
 # binID   n_entries weight   weight_sqr   abs_weight
    10   10   1.060694326366672E+000   5.557551633287192E+000   1.060694326366672E+000
    16   10   1.060694326366672E+000   5.557551633287192E+000   1.060694326366672E+000
    22   10   1.060694326366672E+000   5.557551633287192E+000   1.060694326366672E+000
    28   10   1.060694326366671E+000   5.557551633287191E+000   1.060694326366671E+000
  </DiscreteSampler_grid>
