  0.00914820391632922  0.01578995868769133  0.02568187540352754  0.03728177657136331
  0.04888774160361284  0.06003365307069980  0.07120704894871009  0.08211358418736457
  0.09244561609625702  0.10253305439961186  0.11295872896039290  0.12354745110086056
  0.13418763774371645  0.14471613476666725  0.15584438127343331  0.16671236281867857
  0.17697367720936760  0.18713651754267333  0.19755941317296769  0.20830528682618646
  0.21880953400206499  0.22911681625049038  0.23946717130390544  0.24970181069085159
  0.25984379028335691  0.26995190502567235  0.28031644806949285  0.29083716332177040
  0.30152690675377680  0.31224102463918568  0.32310020373243586  0.33423331955915841
  0.34591343941507041  0.35752161198571342  0.36936659276262562  0.38066061993907013
  0.39212242839113481  0.40276765740826026  0.41355389161260442  0.42417306610410882
  0.43448665876806603  0.44488676992512366  0.45468721463843165  0.46437195785103230
  0.47400728844268497  0.48399361857416168  0.49343075190698321  0.50251509633571079
  0.51133675258022604  0.52033359159083692  0.52995784255373057  0.53980537334912548
  0.55092890869211419  0.56208206966874019  0.57220084174387909  0.58181268636625083
  0.59173254100298212  0.60152436836046486  0.61122832798533266  0.62112031957705494
  0.63123319364806807  0.64099498301987934  0.65017267778839682  0.65924335473327156
  0.66864895496269250  0.67860366588718724  0.68905396391329765  0.69988280647907064
  0.71065649667466579  0.72123283961964046  0.73178947242341885  0.74228587155945647
  0.75338923300394300  0.76426697239474550  0.77440111706499337  0.78361366765493501
  0.79251492379753707  0.80154135352513656  0.81095446700249363  0.82040361975916665
  0.82973270327898552  0.83970294587149463  0.85037390513923328  0.86127777923143478
  0.87224994802808986  0.88336416372870807  0.89474766942219930  0.90604569217912123
  0.91745954996689372  0.92905015107392186  0.93992915947518452  0.94962434804098783
  0.95961379753813103  0.97005033248248651  0.98110475240638606  1.00000000000000000
  0.00919482084091532  0.01628583437267991  0.02685241441361791  0.03890328109592893
  0.05073580043665004  0.06237805265907223  0.07280256536385621  0.08306619271997305
  0.09353879726218645  0.10440731710555480  0.11509001709482333  0.12545814629113039
  0.13684971025797210  0.14815751165413382  0.15979714895294450  0.17143034898856327
  0.18285537131120536  0.19406217972519407  0.20532703945324662  0.21681869981007118
  0.22812964970594035  0.23941323248053042  0.25058574080271973  0.26148658478437764
  0.27218222786704588  0.28228694441846547  0.29189548823158662  0.30120346371252427
  0.31078931344761235  0.32088516187729554  0.33118712384624782  0.34137244714598064
  0.35168129815548282  0.36233492896510006  0.37318325107682981  0.38413395097228131
  0.39518411984471596  0.40605701434537800  0.41670642706711797  0.42764500864373023
  0.43873479576300634  0.44962884208349874  0.46044352361722024  0.47135726589584886
  0.48198333800483256  0.49214037983016901  0.50146698547951252  0.51016967501594179
  0.51860379552644664  0.52740704991310516  0.53647513600380214  0.54585907255957344
  0.55534407871144509  0.56512541122529791  0.57629070807568994  0.58734514651896474
  0.59811502106886727  0.60880844338431150  0.61959425521681699  0.63036584475111557
  0.64090357808468335  0.65182292295996691  0.66280084093317215  0.67394744250368566
  0.68471966930531236  0.69491958866511139  0.70532693975214655  0.71549117294772313
  0.72638207383640885  0.73681895778656759  0.74719838851915132  0.75784766072505405
  0.76845329133026541  0.77875657022193423  0.78853488907496105  0.79802821807679825
  0.80762165849946554  0.81766389950212015  0.82827120722919212  0.83866668963547730
  0.84903366122206103  0.85963868718688718  0.87106759349453866  0.88144908073440209
  0.89213648668076195  0.90255920567495085  0.91271687328832951  0.92209378339124770
  0.93149209113281195  0.94135622273565922  0.95151521898345592  0.96147962259475184
  0.97173421866893028  0.98174434158766588  0.99139702566773513  1.00000000000000000
  0.05719113780007887  0.05970209091009672  0.06243449496490441  0.06541347612188612
  0.06861047949994971  0.07204485076337448  0.07581907790764687  0.07954559536243391
  0.08330238395547425  0.08718095327074130  0.09110135212842446  0.09505113169663906
  0.09907296605576259  0.10322388108158725  0.10747192587395148  0.11174248881586110
  0.11612123571329129  0.12060915057728200  0.12512080105165532  0.12982608137727886
  0.13475428151426583  0.14032135660403325  0.14477014143118053  0.14768716526088627
  0.14924700735839633  0.15037948878476440  0.15158425268195266  0.15292679552909441
  0.15545803535042990  0.15778282663804433  0.16010990448433879  0.16249486849001052
  0.16490069418015807  0.16731939625795181  0.16970830486665689  0.17209373728554553
  0.17448735459962417  0.17691356082344240  0.17936903366135823  0.18184514678279645
  0.18433585229886545  0.18684088594630918  0.18936830163345958  0.19193981755084785
  0.19453468965390364  0.19715035203788131  0.19976460591907635  0.20242028390475741
  0.20511351604506195  0.20786082579042153  0.21064515697765046  0.21348428549759815
  0.21634001389092025  0.21922437285525831  0.22215330575224401  0.22513494999940348
  0.22814126406454363  0.23117672956739918  0.23425522789735231  0.23735974143817606
  0.24051150027940968  0.24371671647147367  0.24697398470327434  0.25028481847424688
  0.25366716526592964  0.25711371212712009  0.26061147146998298  0.26416944874109383
  0.26780518694956007  0.27153687613196154  0.27537375336800507  0.27928494916117763
  0.28332189642034206  0.28748699897621094  0.29172669592541062  0.29606990672956746
  0.30060904479163625  0.30535770940364199  0.31027678822060317  0.31540068585342490
  0.32081661158841995  0.32655364703123957  0.33266306884643282  0.33915714891497761
  0.34610741479903362  0.35364845866766587  0.36190586721256024  0.37112412108757714
  0.38153910262081780  0.39369861265541528  0.40845703636942166  0.42684273338993722
  0.45295355539561405  0.49491767909426837  0.58393843292324410  1.00000000000000000
 -0.00272950523954492  0.01112210004846655  0.02239585505541813  0.03425399373124454
  0.04621272455361330  0.05780724028283533  0.06984569398774211  0.08207621999127875
  0.09431958577002125  0.10648838802194503  0.11920331242372688  0.13127815733934664
  0.14319318760889194  0.15484638856596722  0.16626573425781610  0.17744823348608774
  0.18847418222048318  0.20003850570782991  0.21195462037796758  0.22342143767434430
  0.23439055213887167  0.24517345978797581  0.25615073560708340  0.26702325752182471
  0.27703738726117871  0.28652096868888521  0.29605528375786744  0.30544432986773296
  0.31473214948452444  0.32405198546775410  0.33419807082324865  0.34515339847379622
  0.35578585346259151  0.36603936429904349  0.37587716721771230  0.38521531544542348
  0.39440136145384103  0.40377495951900783  0.41309751252613641  0.42268377480638164
  0.43181451584926656  0.44167712695253691  0.45229225883338708  0.46260664718073319
  0.47260034737662776  0.48252459311921142  0.49229832337117924  0.50217501778036888
  0.51205662593473078  0.52199404220965639  0.53202713362498444  0.54201355352974023
  0.55181915776148693  0.56149320820192006  0.57107690233561081  0.58061070252637359
  0.59032185743080001  0.60021345863022246  0.61034140270084369  0.62076651318427345
  0.63140117585698818  0.64211737853431550  0.65278229895586604  0.66335425662075953
  0.67311000261656440  0.68269820199007369  0.69254791473273081  0.70273308318717254
  0.71334356668291288  0.72403124716046119  0.73466555218473073  0.74488205601360957
  0.75470963301748428  0.76472940363175357  0.77511816823368074  0.78566896741064896
  0.79658991144282221  0.80804524538777600  0.81892110234989202  0.82916722401317122
  0.83933941545773094  0.84931752226318946  0.85942774539730138  0.86941825949882756
  0.87939591663600747  0.88955748816587032  0.89988609260897567  0.91043602368168008
  0.92079205674747355  0.93115425285182896  0.94178480856932134  0.95209055217695637
  0.96289010950461407  0.97420691834655793  0.98671609004664940  1.00000000000000000
 -0.00247597498300771  0.00965043831289547  0.01964850249430588  0.03014088148306820
  0.04056540759559745  0.05211891545277315  0.06373695268105832  0.07469566650557588
  0.08514362307227806  0.09525563682211539  0.10533678301614120  0.11566294711243204
  0.12619130422834512  0.13685595893271052  0.14708105682739125  0.15731402263070715
  0.16749256340920546  0.17781847281604221  0.18811558357985411  0.19773692723994682
  0.20693778387315517  0.21620226643282736  0.22602927263396830  0.23658021591143724
  0.24709300747228821  0.25818538236952293  0.26968390048592417  0.28089423075698688
  0.29195082862516963  0.30272840603595891  0.31330802144434472  0.32352936687648670
  0.33343148529380151  0.34369515587509863  0.35426546922866975  0.36518938589759936
  0.37622019612241403  0.38689399149098713  0.39779288061779566  0.40877712519967307
  0.41995477398390912  0.43099833973375434  0.44188919288692141  0.45268415236132886
  0.46326297205567635  0.47374906429560165  0.48423423599416066  0.49449894050396814
  0.50435236168326159  0.51373601305116512  0.52341243156340211  0.53351860402778684
  0.54382092838311058  0.55458487565772763  0.56637687808742998  0.57895612643842265
  0.59057676504285062  0.60188079766660485  0.61266676299692702  0.62302796042547626
  0.63319682046389203  0.64338201933490036  0.65400274274194181  0.66498601073546193
  0.67696400060578432  0.68875370893855070  0.70011562326169541  0.71079394906880089
  0.72091663324069633  0.73070112895043204  0.74041051060482144  0.75050835438190122
  0.76057293138525106  0.77032178203610735  0.78071518099366499  0.79125971637323667
  0.80147958103607653  0.81137057942450241  0.82184453311556283  0.83272495544688996
  0.84377188580691032  0.85541264210242873  0.86778672375910970  0.88011534192071017
  0.89160867777981112  0.90204818206880932  0.91188805084374169  0.92212351560452754
  0.93248403297757687  0.94271739340146343  0.95247645708358819  0.96193664530550871
  0.97095209705588792  0.98053796942155635  0.98992548940690617  1.00000000000000000
 -0.00240057968427205  0.01041446623069153  0.02162778365124266  0.03446543561257049
  0.04675745439821292  0.05886238308130269  0.07074568694199013  0.08230392082110302
  0.09355843556978943  0.10460895711980646  0.11560193263289961  0.12666380377490571
  0.13852874483501432  0.14966500074188530  0.16037037372538923  0.17087332689499107
  0.18153776381625614  0.19214312840919229  0.20299986688307725  0.21463352025201998
  0.22639132325636324  0.23768704494091450  0.24853915476260077  0.25933568744769236
  0.27069116296751811  0.28167847546965630  0.29310962463581142  0.30219791385085693
  0.31205054548729350  0.32150116429779191  0.33084362422449870  0.33982321747653005
  0.34893098890683022  0.35810938245560897  0.36838381963501832  0.37829165318526087
  0.38860172323210779  0.39874202065433922  0.40999841886980254  0.42022524128818972
  0.42981221907915285  0.43954355411632273  0.44941829906504244  0.45928403982120558
  0.46904581005699797  0.47852984192906606  0.48816618691622793  0.49742728699386973
  0.50687198408925027  0.51634125195955571  0.52596655060898712  0.53534858146955566
  0.54497203359118385  0.55520901487474184  0.56527642726541449  0.57467933001025162
  0.58424920553988990  0.59424700164425304  0.60418651918155020  0.61362013150574535
  0.62312456013600592  0.63308825244972133  0.64335264014727533  0.65348868963155682
  0.66300905155231460  0.67247581560135949  0.68222931351819893  0.69246554070636268
  0.70363639206682138  0.71499734789559277  0.72668542496816291  0.73752680392045700
  0.74829060373035294  0.75924361891014358  0.77003049927224865  0.77995208127792970
  0.78950686922663538  0.79959266142891494  0.81015232665067394  0.82096758684792492
  0.83187014830139394  0.84285174192331125  0.85409688073557177  0.86543212150239657
  0.87643806994725892  0.88719070105935260  0.89804889161622548  0.90882204403373557
  0.91942000252811151  0.93008307317333350  0.94081407274311868  0.95164970411234895
  0.96316363836035113  0.97527811244283724  0.98792234365143283  1.00000000000000000
 -0.00248801851937523  0.00993497160570585  0.02018126022990832  0.03113778367673512
  0.04213351540389954  0.05386852274063296  0.06551541595552772  0.07709627702742688
  0.08813165064535458  0.09903432534465598  0.10910713768166813  0.11905045077008491
  0.12929815302880227  0.13974692308266237  0.15020629986471618  0.16033077558310130
  0.17120678100386355  0.18268500137452204  0.19323421208341987  0.20279644198060265
  0.21206790796323122  0.22135575737863417  0.23084638774556523  0.24021355565740937
  0.24969017530850174  0.26020736928689231  0.27132597079809634  0.28218879336396518
  0.29334369875939326  0.30446379845058069  0.31614827364007270  0.32779709229553661
  0.33905582238601567  0.34991213149628075  0.36041823404499534  0.37085199123087986
  0.38117548270614199  0.39139745856072244  0.40135025461377305  0.41116966791601373
  0.42118552942649862  0.43156309405720328  0.44255342502830536  0.45382599185176459
  0.46405698228596259  0.47364794415611344  0.48322201542288434  0.49320147422247157
  0.50362386535725434  0.51387414180568292  0.52418706412048310  0.53484274368085216
  0.54522269726491779  0.55552045102991265  0.56539593665431864  0.57490635419702041
  0.58417459176805875  0.59349811874394010  0.60296874844475645  0.61232372345426833
  0.62136847220572988  0.63070917571369045  0.64056866289878123  0.65107309720519480
  0.66216978060208154  0.67266569686493038  0.68395573731182646  0.69482381158522410
  0.70607226815091528  0.71730005570396238  0.72867893738241596  0.73964958628456934
  0.75076736544557765  0.76273436799497230  0.77443572890045886  0.78506779941757765
  0.79525408465615344  0.80495102663237628  0.81483333429576821  0.82479528431541804
  0.83509202978481833  0.84593961443023613  0.85674351048765163  0.86799376407044959
  0.87923979637941319  0.89034695583929913  0.90123325386962472  0.91150690882912389
  0.92209371923823524  0.93271264892242878  0.94328026871979820  0.95421743960861460
  0.96512245553176312  0.97701332546095321  0.98827324022207608  1.00000000000000000
 -0.00247041739010832  0.00913654197859894  0.02024314354539912  0.03104713986740455
  0.04207827972320019  0.05278934824118649  0.06311973070333202  0.07301551491377853
  0.08287128836402097  0.09271193088832885  0.10274275910683586  0.11244775310086420
  0.12208556316943775  0.13164873988065734  0.14133398864325070  0.15073712163457603
  0.16023156780611600  0.16999994253672107  0.18019923951765687  0.19043432330818424
  0.20153348439394458  0.21224004106861624  0.22237663838038552  0.23264647368253891
  0.24379977713378284  0.25497275028238386  0.26581621212491657  0.27633395579664671
  0.28693548229491955  0.29767311016460801  0.30798219591090564  0.31835405045434462
  0.32927568715354516  0.34008033620501055  0.35087315203741726  0.36195481752829495
  0.37235926475155662  0.38213599737172044  0.39145824814646701  0.40148739223679814
  0.41199811553402094  0.42228930019361383  0.43269730776533105  0.44307766560459538
  0.45323793467204954  0.46306328961858251  0.47265475311288824  0.48232693855472358
  0.49215870184839089  0.50249144359045583  0.51334739999455492  0.52416002831680641
  0.53425436049378672  0.54455518681414583  0.55522168470217503  0.56629566635418593
  0.57781127794003728  0.58961392171948379  0.60200904565292901  0.61407295545585716
  0.62613181979001298  0.63835688656392464  0.64940093265018917  0.65926996432158713
  0.66897978419093274  0.67850989726556810  0.68806780499627762  0.69745789714590167
  0.70690816996652528  0.71723079820475422  0.72839135921915987  0.73962573611571003
  0.75110515785059706  0.76287251780118182  0.77517111789819693  0.78674549973202590
  0.79828522623333331  0.80971388296403590  0.82131161282959553  0.83273772545488955
  0.84400878887655295  0.85546581341654659  0.86740023775342368  0.87920446379576889
  0.89056696982858929  0.90083205432859381  0.91028041525039360  0.91962348492224610
  0.92883984453982138  0.93830684301800882  0.94819360897759597  0.95782023485449208
  0.96802528454651926  0.97871798804969445  0.98902287389730004  1.00000000000000000
   2.2042982827242679E-008  -1.0000000000000000     
 F F F F F F F F F F F F F F F F F F F F F F F F F F F F F F F F F F F F F F F F F F F F F F F F F F F F F F F F F F F F F F F F F F F F F F F F F F F F F F F F F F F F F F F F F F F F F F F F F F F F F F F F F F F F F F F F F F F F F F F F F F F F F F F F
  <DiscreteSampler_grid>
  grouped_processes
  1 # 1 for a reference and 2 for a running grid.
  10 # Attribute 'min_bin_probing_points' of the grid.
  1 # Attribute 'grid_mode' of the grid. 1=='default',2=='initialization'
  0.0000000000000000 # Attribute 'small_contrib_threshold' of the grid.
  0.5000000000000000 # Attribute 'damping_power' of the grid.
 # binID   n_entries weight   weight_sqr   abs_weight
    10   10   4.307693403679234E+004   6.929401789979353E+009   4.307693403679234E+004
    16   10   4.307693403679234E+004   6.929401789979353E+009   4.307693403679234E+004
  </DiscreteSampler_grid>
