  0.00025260433488234  0.00031009106438174  0.00035136752457723  0.00039193039097898
  0.00043412191686929  0.00048667541915922  0.00064255493811243  0.00102622552594901
  0.00140962552237761  0.00169008184837293  0.00195762800201123  0.00227182819353298
  0.00263307120505732  0.00303958959054996  0.00353176624621275  0.00412695876035396
  0.00476676144017090  0.00542687440903889  0.00618285544756871  0.00711699013092053
  0.00817692941994148  0.00937396376409817  0.01075128896668967  0.01231659736454066
  0.01408468571164957  0.01609533192469152  0.01842410037468481  0.02101240597244377
  0.02382701777481254  0.02691877713361222  0.03036029301227042  0.03419332397353990
  0.03854761386481107  0.04341497979306652  0.04842699804370477  0.05311584273955857
  0.05663241735486126  0.05911507957696913  0.06091751940529855  0.06226411711068203
  0.06326032475265023  0.06398594229424596  0.06455714566698043  0.06503402002885154
  0.06541605229792562  0.06574569052687201  0.06603413682669458  0.06629035766377113
  0.06651966033347687  0.06672245498280890  0.06690280384557988  0.06707518379737110
  0.06724011191061723  0.06739891803594923  0.06755308962579594  0.06770117577285320
  0.06784634436339149  0.06799100985319149  0.06813655456167816  0.06828591866884520
  0.06844018749622566  0.06860021565187389  0.06876818589419917  0.06894508665464225
  0.06913537896749153  0.06934414517170377  0.06957542728362444  0.06983414717592495
  0.07012458390140523  0.07046861693841000  0.07085559661823128  0.07132764887671394
  0.07191192627426457  0.07264278019590131  0.07357439889639067  0.07479007587935434
  0.07641592190090296  0.07863728151388176  0.08159338795920530  0.08561506504363744
  0.09152825485868188  0.09949429510624420  0.11095409458537484  0.12703151087658757
  0.14603824045072575  0.16999571143731154  0.19981548884945616  0.23835803496249924
  0.28804581102063237  0.34819855130782534  0.42741072211943898  0.53770543860665088
  0.66010391582153027  0.78182699292947266  0.90294918664705004  1.00000000000000000
  0.00017484710276944  0.00024335020401806  0.00029033418867017  0.00033012014758495
  0.00037575487644132  0.00043257396943228  0.00052464592779361  0.00079238384641362
  0.00121081969253210  0.00157794210468324  0.00198175463239314  0.00243707436661726
  0.00294034624023532  0.00352533578826367  0.00417111213689178  0.00492073095485209
  0.00575407157712918  0.00673149604441288  0.00787647514697188  0.00919166716260696
  0.01059699157555665  0.01217452508284956  0.01412385072789279  0.01646261142587761
  0.01913949419591040  0.02187261614186268  0.02476520585436707  0.02814498125922823
  0.03236030283833417  0.03679361191566723  0.04157273860105722  0.04664461282825044
  0.05154273009370323  0.05539898472405001  0.05831067178100452  0.06044206295705994
  0.06200916674375597  0.06313904083152933  0.06394570970475000  0.06452709495343333
  0.06500989064724109  0.06541004286980279  0.06574972947611724  0.06603957385433684
  0.06629083091278340  0.06651624350465957  0.06672446340871131  0.06691682872489968
  0.06709518131092865  0.06726376542686398  0.06742631251531758  0.06758372347914458
  0.06773703033499567  0.06788979426921429  0.06804371068606659  0.06819953554177186
  0.06835843593397477  0.06852225485073246  0.06869331523753260  0.06887479437097299
  0.06907183816529557  0.06928544153821226  0.06952739902322734  0.06980156124877553
  0.07010919050787631  0.07045408062461526  0.07085046471371727  0.07134164771800947
  0.07197841944157063  0.07272237597503657  0.07369907986854024  0.07495245599227031
  0.07662124875261178  0.07902245807686173  0.08236549274724164  0.08722125407379647
  0.09491954113678268  0.10560150637235620  0.11971745128400925  0.13784391840011970
  0.16044688790378639  0.18848723305459278  0.22289010991826605  0.26409420711060344
  0.31694326351131707  0.38469654932570896  0.46891993013312477  0.54640606186676199
  0.60345371159648176  0.64750549976264904  0.68498544179316612  0.72285798804725998
  0.76949201791643751  0.83534884219776018  0.88291385234940623  1.00000000000000000
  0.00076011594400836  0.00109361821978553  0.00129016053362005  0.00149463726416623
  0.00173464930571125  0.00200953329399353  0.00234898380429563  0.00274510597602960
  0.00316085900515808  0.00356358024488080  0.00393063803295654  0.00433420845672464
  0.00479328793357270  0.00525368632031510  0.00568498247353725  0.00610143605678905
  0.00652249273794082  0.00696286675803101  0.00739725162809176  0.00781858824378276
  0.00825336532508908  0.00871077190565375  0.00920162171898952  0.00973851252885844
  0.01030976787621691  0.01090614070787653  0.01152614820216581  0.01217021586509448
  0.01283644015626580  0.01354198657628204  0.01429655906464793  0.01510738142714745
  0.01597047233089321  0.01690268031267827  0.01781937183526117  0.01879829796688777
  0.01979662749238492  0.02088830053639932  0.02210274592187354  0.02338385637064453
  0.02464792240023791  0.02593168600147114  0.02727122889783104  0.02871574102729970
  0.03024474585289882  0.03180305581867481  0.03345229073148864  0.03514021381982140
  0.03687842743458827  0.03877800326045076  0.04084622204245159  0.04300679142471180
  0.04524667160339711  0.04770137823837732  0.05034037431500935  0.05305629192090108
  0.05567967056994466  0.05814502512104804  0.06062409947151870  0.06329784311268442
  0.06647608451080952  0.06994585878972193  0.07358011719507809  0.07731984474711345
  0.08125908574696993  0.08542024289546375  0.08947034458163503  0.09388388150042108
  0.09885489359196291  0.10412032341534536  0.10949047862460627  0.11501401570273188
  0.12079515127073807  0.12727665854294107  0.13465273128110372  0.14290111979559697
  0.15170017277817979  0.16140493949952461  0.17199741294991042  0.18294095586541981
  0.19384750892188618  0.20497007512904528  0.21706458013294863  0.23042973508953840
  0.24543498707402797  0.26149370108564002  0.27743206024785055  0.29393102419253642
  0.31185125742514064  0.33279764106775728  0.35673475795211007  0.38422281604860808
  0.41703967238228651  0.46291120162420807  0.55564922622633650  1.00000000000000000
 -0.00204769955333075  0.00830131041176961  0.01856063180672704  0.02757662641502454
  0.03653893890534071  0.04639487620340707  0.05554793343475220  0.06452417732524555
  0.07393698284267745  0.08355189684652514  0.09298879021436965  0.10243029347529772
  0.11193649287001327  0.12189853288432533  0.13299607476193978  0.14350006148353392
  0.15314962151457612  0.16221261647220775  0.17096005823707769  0.17959055979880370
  0.18895685866897094  0.19748091933823489  0.20600961701911019  0.21496328433632178
  0.22408234350441203  0.23344145912049316  0.24329113132141472  0.25345224900137764
  0.26361082456171192  0.27380076851576574  0.28404017448172619  0.29435711421196176
  0.30481583189522887  0.31537919884220034  0.32612934802285098  0.33700272749004473
  0.34805133980403596  0.35904525277517213  0.37022100541626540  0.38125451326755500
  0.39232984344149285  0.40339623317152917  0.41387181057230127  0.42404758294659911
  0.43415624833348399  0.44482255352983002  0.45554830179484423  0.46621425106038533
  0.47697604949033617  0.48793641727389414  0.49911968520289318  0.51003455519375385
  0.52059624313031072  0.53117045041087008  0.54203493357626853  0.55334732209246895
  0.56442246842088739  0.57484257859851939  0.58565322687656141  0.59650844894585764
  0.60737873794607133  0.61824199742398656  0.62976588771641706  0.64207031319671648
  0.65441447369673844  0.66680829749028547  0.67896949161444387  0.69007874775100131
  0.70091960138138132  0.71172662309237089  0.72279092749388185  0.73432354666945276
  0.74616335707710646  0.75778705657999790  0.76956194781942400  0.78071909307911724
  0.79182512907291647  0.80274303261412927  0.81382469253109868  0.82456979807568009
  0.83517995699151715  0.84608262306501247  0.85736683333420771  0.86848802729280883
  0.87874000515154316  0.88833789792067186  0.89791486241759988  0.90888322008158673
  0.91976826773114373  0.93057235805028915  0.94197368340126841  0.95317910516826321
  0.96477491229631684  0.97617745820420987  0.98742850621579437  1.00000000000000000
 -0.00250111497636542  0.00949371133729440  0.02043306913128042  0.03154125283344283
  0.04275451750101245  0.05447983391727649  0.06547309976529929  0.07643140944943190
  0.08693584109667926  0.09720232309767717  0.10707798124527286  0.11724117770605652
  0.12785566767621342  0.13865321996963023  0.14927814729427136  0.16002501171095712
  0.17030249999247837  0.18081634206328495  0.19143297590307715  0.20238572607923316
  0.21340396733209990  0.22437981521268810  0.23519150136826222  0.24605174904717375
  0.25656056599551580  0.26702656818671716  0.27688585706889568  0.28603143678368886
  0.29492193248092230  0.30396307649697546  0.31361479629414329  0.32324134031582974
  0.33278986823319257  0.34307518354953476  0.35393579352408566  0.36469505573478389
  0.37469835194609097  0.38508883372668828  0.39551939079002624  0.40661533933741656
  0.41788393901602194  0.42849510011978192  0.43899168037721670  0.44974150728332629
  0.46040125551522831  0.47083247637675402  0.48120386435782442  0.49162218708338479
  0.50201098523243637  0.51215058625323329  0.52260261029969102  0.53349719369358273
  0.54453273025216942  0.55509036535420897  0.56499736664109401  0.57487680292781163
  0.58497953108137180  0.59526362593837112  0.60536275239699200  0.61546160829394347
  0.62601338354886826  0.63687325067274936  0.64771122806588610  0.65808784056141389
  0.66809703485914340  0.67839112976269811  0.68871379839923563  0.69866942988926262
  0.70832712549399968  0.71825845612353578  0.72828276147523008  0.73821956045543402
  0.74826101192159689  0.75898540693766503  0.77011892713218799  0.78112031039528784
  0.79192232283350728  0.80279551485312983  0.81381947372836905  0.82474775312987880
  0.83559189056118111  0.84662088785205347  0.85749410084296174  0.86832443816834548
  0.87950088517233116  0.89104448028462702  0.90227040481964649  0.91293330886636381
  0.92340877744119332  0.93390255239384889  0.94481101708777793  0.95569405714001499
  0.96713243185862030  0.97819734269348890  0.98866723748564656  1.00000000000000000
 -0.00165145259468188  0.00742933109004651  0.01642173360049192  0.02515590771917554
  0.03476059367447949  0.04483752361447732  0.05555059978275276  0.06579033690603867
  0.07542511298529736  0.08482701703884281  0.09453763295651245  0.10467749045193606
  0.11434791946174387  0.12352699621312477  0.13218900002488321  0.14111451893731411
  0.15055784454874344  0.16038689028025463  0.17011479956569545  0.18002914741968742
  0.19005934524264834  0.20044708898986965  0.21073911042685314  0.22126131968109619
  0.23175527389457695  0.24165078358746572  0.25104461523632360  0.26045757867950919
  0.26994712546963062  0.27972149831309939  0.28975035533595633  0.30042022216257463
  0.31152860978914870  0.32269082574887031  0.33329382902103133  0.34322285790638402
  0.35319686854246451  0.36310335149059592  0.37287748645981222  0.38273855540642621
  0.39265142270713205  0.40357498447587886  0.41512517488141437  0.42609178774076395
  0.43686716573980627  0.44764604501217203  0.45814461693062758  0.46848577421585486
  0.47885114773751875  0.49001529822984841  0.50140834396608680  0.51265178829846902
  0.52389459826453211  0.53491534716823563  0.54553492337838050  0.55589681859476336
  0.56649815016774285  0.57708493835986796  0.58768561579392220  0.59800637857503802
  0.60833983719365836  0.62018729614372825  0.63091565034261365  0.64178560086518566
  0.65360679278288503  0.66539312415165908  0.67714532230995472  0.68889989299584953
  0.70081409276278261  0.71265958019982445  0.72432393459272315  0.73630410350199471
  0.74843925692866664  0.76062074003289282  0.77227577329996777  0.78362327605526028
  0.79456481836206649  0.80544457952551840  0.81648726278781480  0.82782364539575426
  0.83927792585852445  0.85062196149120861  0.86162025925068086  0.87262681557284016
  0.88394065671602096  0.89520110167259070  0.90591651206523949  0.91612425294202060
  0.92628766710545007  0.93671294861213206  0.94730523862779858  0.95769296343594434
  0.96777333355353046  0.97806265834365180  0.98893995070921215  1.00000000000000000
 -0.00202146535744108  0.00835886930127594  0.01857640024405023  0.02803043045820518
  0.03764710830764438  0.04817302424674911  0.05858419836014486  0.06892613234413796
  0.07874184841581026  0.08867884074503088  0.09902841101520896  0.10959346904990740
  0.12023965820665643  0.13058087674156735  0.14090565192481500  0.15194608620532735
  0.16393699065300896  0.17578450491995254  0.18716810408146034  0.19814887695500630
  0.20883573026925140  0.21957632059586157  0.23000428038791990  0.24018952123197629
  0.25023922226737871  0.26038253320720722  0.27079039010333089  0.28143472176633844
  0.29257901670883102  0.30403892000887667  0.31547900210011920  0.32670282594337319
  0.33791051108613446  0.34897118400863913  0.35984372352366950  0.37067118064785681
  0.38194340621430684  0.39345891649750747  0.40458768641041531  0.41512225262895308
  0.42580171798646527  0.43655991518591680  0.44718439194549869  0.45764182676338383
  0.46812918200389991  0.47840874163203656  0.48889485728717968  0.49902571702181459
  0.50921591649291098  0.51966016048949071  0.53029642147413725  0.54093897099467325
  0.55132779064500370  0.56141748577975470  0.57054504893854774  0.57989031667615720
  0.58957710925687834  0.60041938946565032  0.61158505486347736  0.62289322570861427
  0.63422287473852124  0.64499692228695715  0.65540861798206140  0.66584138684140637
  0.67625080518051128  0.68708391193630713  0.69807473828706124  0.70906497879093933
  0.71959138380957732  0.72953521597917514  0.73965534670780098  0.74988835608389026
  0.75982597254946882  0.76872547819626746  0.77826372603328564  0.78861460456452648
  0.79991293778383166  0.81024746671408943  0.82086546498248969  0.83164973080269877
  0.84130824668709325  0.85167871894971503  0.86229035782417274  0.87256623424316526
  0.88271857472579018  0.89292236756465670  0.90355764764770108  0.91465141055577859
  0.92537937265741033  0.93608541224447028  0.94685076364008514  0.95796504973071517
  0.96816094107070083  0.97885769729506122  0.98916463135384713  1.00000000000000000
 -0.00219517954727120  0.00886541005908026  0.01875118453078881  0.02917331110494648
  0.04006486557210897  0.05035594071085510  0.06041333215201362  0.07029606666247167
  0.08053625719322940  0.09164828839246497  0.10290922848883464  0.11415855966999801
  0.12519472700290324  0.13626245367739304  0.14774680845715110  0.15939539093340219
  0.17011323803131645  0.17959038528729443  0.18906507101863709  0.19865691740467648
  0.20886070853338076  0.21881823863131444  0.22839182201753933  0.23892330152732560
  0.25018974033437097  0.26128041673394764  0.27181876283362388  0.28223274854554670
  0.29235348128583533  0.30264933489772416  0.31360723725826939  0.32483116135663537
  0.33557763790354667  0.34583624856406597  0.35539573688029424  0.36504667204415270
  0.37519532868299516  0.38526415315514528  0.39557655636682298  0.40609619064788960
  0.41693130625767505  0.42783566675171769  0.43877251782466931  0.44928283256577212
  0.45982717461025852  0.47062157881858541  0.48111817326442058  0.49088301652061700
  0.50058930856158013  0.51090632231669553  0.52182918945888612  0.53236298028221096
  0.54272616908751292  0.55297597986847991  0.56325530431304582  0.57345982310339372
  0.58386998164859316  0.59347276083903855  0.60284156755934193  0.61256907853116449
  0.62271522467255058  0.63308033157923649  0.64318884077747807  0.65338612484063008
  0.66408692661171709  0.67430583495008445  0.68470074041839379  0.69567509545886275
  0.70726647225858708  0.71866557319193969  0.72965538726708501  0.74070224885695479
  0.75212230338768904  0.76315959311170700  0.77384997120415133  0.78438905015353688
  0.79485166043097777  0.80533082868352990  0.81631491908583786  0.82786183341865827
  0.83912297676051439  0.84961577740195482  0.86029935712800631  0.87095281462087959
  0.88184134827924654  0.89282961280200679  0.90380615856382762  0.91412087936008257
  0.92603028724958480  0.93779357505480176  0.94839937481953984  0.95916327020334713
  0.96950296981665351  0.97997794310366793  0.98973635034711638  1.00000000000000000
   9.1347869312508258E-011  -1.0000000000000000     
 F F F F F F F F F F F F F F F F F F F F F F F F F F F F F F F F F F F F F F F F F F F F F F F F F F F F F F F F F F F F F F F F F F F F F F F F F F F F F F F F F F F F F F F F F F F F F F F F F F F F F F F F F F F F F F F F F F F F F F F F F F F F F F F F
  <DiscreteSampler_grid>
  grouped_processes
  1 # 1 for a reference and 2 for a running grid.
  10 # Attribute 'min_bin_probing_points' of the grid.
  1 # Attribute 'grid_mode' of the grid. 1=='default',2=='initialization'
  0.0000000000000000 # Attribute 'small_contrib_threshold' of the grid.
  0.5000000000000000 # Attribute 'damping_power' of the grid.
 # binID   n_entries weight   weight_sqr   abs_weight
    10   10   2.181831004177667E-002   1.451362279600393E-003   2.198668239832275E-002
    16   10   2.181831004177667E-002   1.451362279600392E-003   2.198668239832275E-002
    22   10   2.181831004177667E-002   1.451362279600393E-003   2.198668239832275E-002
    28   10   2.181831004177667E-002   1.451362279600393E-003   2.198668239832275E-002
  </DiscreteSampler_grid>
