  0.00001566629269346  0.00004624204962490  0.00007127597129647  0.00009172860226059
  0.00011184791424831  0.00013336724524004  0.00015855153590795  0.00018966952190363
  0.00022719759852391  0.00027201277012724  0.00032549116542956  0.00040101718900999
  0.00049895302508061  0.00060951069115172  0.00073377982440277  0.00088188005661572
  0.00106008006689323  0.00127939979045191  0.00155078144814264  0.00188643831322454
  0.00229996297599999  0.00281076539826458  0.00346955964162258  0.00433792662637132
  0.00548846807369300  0.00698632154794989  0.00899536552969179  0.01204938487285893
  0.01696922899895144  0.02439779686208841  0.03500371758357172  0.04861220124076344
  0.06434979474785418  0.08120842999281375  0.09905338584139944  0.11763942697089949
  0.13639973366652938  0.15522096216626269  0.17419860639456453  0.19322967755865125
  0.21218632963138828  0.23104497110413866  0.24986840371718677  0.26873579671451137
  0.28773182003585651  0.30686255628421477  0.32585767909719532  0.34472745067131338
  0.36350045673507647  0.38232130938066655  0.40125403502980689  0.42006012671310444
  0.43877751628445311  0.45733163264261451  0.47570362382849218  0.49420753159490088
  0.51298949728012067  0.53182181879597301  0.55055137407071186  0.56921237234774869
  0.58787195046079388  0.60657545764406517  0.62512384337693416  0.64377935261073915
  0.66234338159334327  0.68064413328406048  0.69885221619046234  0.71713995905967776
  0.73553545725886449  0.75399452756759644  0.77216445338521156  0.79019648736375292
  0.80823308803950245  0.82613012470550640  0.84375036894345434  0.86090611083358370
  0.87779898856907335  0.89476156126989526  0.91124109748283233  0.92685755101655609
  0.94152839282827194  0.95495931394902311  0.96634941968745447  0.97540334945280971
  0.98240725846022592  0.98759008681231919  0.99123355601975827  0.99375275232886229
  0.99557743988259095  0.99693133797165145  0.99793611871022436  0.99865822229506618
  0.99915308543918036  0.99950045033841806  0.99976828839903453  1.00000000000000000
  0.00030703787875458  0.00036701330967827  0.00040401098838857  0.00047634447126246
  0.00072253237405553  0.00122714360081545  0.00172741979111062  0.00214264001829269
  0.00262437305300623  0.00324313721941267  0.00392918305415589  0.00466879168132049
  0.00549921747012747  0.00648749704405877  0.00774138230663288  0.00915475653769095
  0.01068635442674243  0.01256824261799612  0.01471042030342977  0.01688354016351527
  0.01941581429161605  0.02244837104888003  0.02591935001059107  0.03006163148103247
  0.03514392066750140  0.04089245710218108  0.04676809309462942  0.05228939449633763
  0.05663120025005616  0.05952088503229973  0.06145106522942727  0.06279040805702403
  0.06373612622511914  0.06443010237270209  0.06496923337033939  0.06539748620534934
  0.06574832193054242  0.06604534139753857  0.06630462627944542  0.06653562503746029
  0.06674186119543518  0.06692747528796743  0.06709816078405857  0.06725902617224655
  0.06741269160149810  0.06756052990016798  0.06770424225902774  0.06784571238291710
  0.06798649951970095  0.06812804105906804  0.06827216800112060  0.06842108288746861
  0.06857676501855899  0.06874095029131716  0.06891584498022597  0.06910508721457849
  0.06931258904129206  0.06954291139192716  0.06980339663215586  0.07010356856051754
  0.07045918999173194  0.07089008845115759  0.07141824912073402  0.07209272281172331
  0.07297432866561407  0.07417236565871681  0.07587887653989238  0.07843782663828383
  0.08236182876529813  0.08849331438161832  0.09765085413359248  0.11089628735281928
  0.12855487134645199  0.15280548335861369  0.18618552204804323  0.23377164888614368
  0.30126069716064102  0.39802490227591014  0.50700453034092041  0.57003020183661213
  0.60517953179163009  0.63093775117092310  0.65031245803694249  0.66801366125584183
  0.68377401093360657  0.70045782366311959  0.71604134708278888  0.73113692994657231
  0.74631688406820418  0.76481858236083489  0.78061453994298535  0.80084626755271471
  0.82501977398725013  0.85161242079334898  0.88880564854393962  1.00000000000000000
  0.00066355179228767  0.00093963587954579  0.00116213451048422  0.00141261182752434
  0.00169165804881008  0.00199453453196759  0.00232034787728943  0.00267031829386019
  0.00304756470640141  0.00345802984985735  0.00390719874476399  0.00439180630926445
  0.00489728803312355  0.00540798181716768  0.00591611069621868  0.00642098567957215
  0.00692592848909851  0.00743787382070770  0.00796433383516192  0.00850945248408410
  0.00907638265070683  0.00966036075975201  0.01026248422478116  0.01088782883259452
  0.01153218555750971  0.01220201604301280  0.01290387852780730  0.01364131911703755
  0.01441048081070353  0.01521438587727286  0.01605604638184305  0.01694504429783102
  0.01789840731892933  0.01888475955749943  0.01987857834466696  0.02087754376164905
  0.02191748990516337  0.02301559035020267  0.02417820103394314  0.02541343240632511
  0.02674081628245288  0.02814706411779317  0.02962023268960354  0.03114198958541468
  0.03267043705601595  0.03418832945547288  0.03576195208377771  0.03742220898935363
  0.03900301152712304  0.04066344900765321  0.04249836433278684  0.04444099340427029
  0.04652975422859890  0.04872457155448155  0.05110946111460739  0.05361096879853534
  0.05623928775355033  0.05895895321702602  0.06181225119296860  0.06485088355377029
  0.06795668795643288  0.07112534557226458  0.07444793302694129  0.07796110858687579
  0.08179381788770243  0.08564178519517626  0.08964630398691864  0.09394009324004109
  0.09880674690328331  0.10391951138906240  0.10928223785532401  0.11494036787878836
  0.12103142321017642  0.12751895747128222  0.13448509022334049  0.14202801155731284
  0.15015187556174073  0.15897449156910426  0.16848452091931140  0.17860225990741235
  0.18916872722221600  0.20044675672101947  0.21235305107974639  0.22543305210155648
  0.23948075720220496  0.25470366203156836  0.27066134704251749  0.28813775045390599
  0.30675271337626137  0.32750799158518612  0.35056640593888239  0.37710431155376445
  0.40783224717331495  0.44619089043671900  0.52981799417473885  1.00000000000000000
 -0.00216741517721663  0.00839522680917883  0.01814778902263820  0.02836437475913379
  0.03860025552275662  0.04774885260555484  0.05685774171001701  0.06605680178023915
  0.07468443468146255  0.08472645210817029  0.09412081286077151  0.10395375653559229
  0.11403767096617334  0.12370660608693389  0.13350866541231457  0.14296612529755431
  0.15266107183595376  0.16240137523119888  0.17144586148491528  0.18048952854855169
  0.18954664815073696  0.19922216289087702  0.20877247001178323  0.21774487305181217
  0.22688568040498638  0.23671177852200645  0.24695416236240844  0.25686155477349715
  0.26655273559490333  0.27620856634977581  0.28615621607357011  0.29599561056625900
  0.30615761535430436  0.31639947382841160  0.32680205416374131  0.33694839822617939
  0.34730660460635920  0.35771401431241917  0.36844168635474911  0.37882122143093649
  0.38914539787751251  0.39975617790422419  0.41063442421192142  0.42163185703461886
  0.43249525545526712  0.44344524974052763  0.45448991931041643  0.46555931076057921
  0.47667996515771932  0.48792252408167142  0.49931752690575953  0.51076330332272502
  0.52217398380585045  0.53362587451324217  0.54427106708376261  0.55455085675277616
  0.56494294886243801  0.57598357082819507  0.58737125774048782  0.59888714247796793
  0.61046820123147427  0.62208571584616512  0.63357977410203759  0.64480096058646397
  0.65614577279577679  0.66761822860722897  0.67917143661511081  0.69053922318794914
  0.70159075225791945  0.71284046806265378  0.72430967579102679  0.73605038424197211
  0.74729732038662344  0.75833584356769612  0.76913757839738617  0.78010898799342943
  0.79111806259174511  0.80207861846566442  0.81312580580457272  0.82453341466838670
  0.83587918361076952  0.84708688681823419  0.85813455693898288  0.86950495667189176
  0.88084145308085304  0.89128930801138750  0.90066651973401268  0.91044962322395939
  0.91968898473026151  0.93084906421195068  0.94246307947665975  0.95394934687823263
  0.96539568103271001  0.97692285048496363  0.98831720834200176  1.00000000000000000
 -0.00217431584084670  0.00894752066964228  0.01912035830313004  0.02962380709983096
  0.04017099085416079  0.05101873793930152  0.06180936176901253  0.07279147068490811
  0.08379264164498508  0.09464861855192841  0.10502024138576989  0.11571510642501982
  0.12609734456980751  0.13639577232382027  0.14674062115255732  0.15637532987301617
  0.16594964588569444  0.17552951061007607  0.18551051624230955  0.19618847437336634
  0.20634578225935210  0.21663285450838102  0.22720351883854942  0.23803521629486343
  0.24882959376821981  0.25945621277419106  0.27017967163898626  0.28108601166353059
  0.29144310187976202  0.30115056975709331  0.31061180885569356  0.32048608401989759
  0.33081621085812546  0.34147538153558438  0.35198358158061882  0.36208175692250222
  0.37213456094579078  0.38239707363230185  0.39299687661499211  0.40379264270981596
  0.41453599468520430  0.42515666190467127  0.43578004948450899  0.44647572619138864
  0.45735670215287455  0.46810156804521996  0.47853577320801755  0.48913868227278068
  0.49978506271092993  0.51076754023401794  0.52172830561230410  0.53268308765275052
  0.54372122252856714  0.55456853528441263  0.56550553411426829  0.57641178833794293
  0.58738179063834717  0.59815355494247957  0.60900223371318218  0.61986693940856519
  0.63074998923706849  0.64163458715795174  0.65217179731827901  0.66284292928173505
  0.67343824231735849  0.68449181695709049  0.69570563530125529  0.70683385173239888
  0.71767466327382579  0.72825622678690016  0.73865573885750280  0.74888720492290017
  0.75944337248574545  0.77035595479586716  0.78083376430099649  0.79054831313776242
  0.80005359361140871  0.81018382706039538  0.82090252623822801  0.83174979780543967
  0.84256776569689706  0.85317715126359528  0.86375856969853515  0.87429903392356256
  0.88487014041446710  0.89522137960160797  0.90544777475888072  0.91585533820544118
  0.92580963489921775  0.93643710095920540  0.94725897492197342  0.95768832589774544
  0.96803424027861973  0.97875308767204483  0.98854502064693672  1.00000000000000000
 -0.00159445141764738  0.00648032111988632  0.01576240246952839  0.02491816944163929
  0.03378584556780490  0.04308876251025730  0.05269031080149870  0.06197177892887572
  0.07086152625274868  0.07982443915651373  0.08890433453624802  0.09838676533414484
  0.10791356944677459  0.11749876666322344  0.12716402915584624  0.13683591747178805
  0.14657177689625472  0.15632015639867824  0.16631361161263877  0.17632430800581758
  0.18622594077080720  0.19603791854566249  0.20599059655222191  0.21622582855762149
  0.22652558654218766  0.23680104308432398  0.24697441391739644  0.25701830824995425
  0.26705792918479820  0.27726648298077378  0.28721088079657664  0.29702937843721555
  0.30695389417631358  0.31722121334687003  0.32800204211952178  0.33869168154380658
  0.34898357744467901  0.35888652842355356  0.36918461377751388  0.37950886437161924
  0.39023962835564541  0.40103280360122884  0.41198123358744015  0.42293676853251744
  0.43393850678255291  0.44500537604036194  0.45602334607132150  0.46700018414852729
  0.47778682368850456  0.48871436362445236  0.49979416417011524  0.51079262706211548
  0.52177949303622440  0.53278934360074703  0.54397211394697742  0.55488529088176308
  0.56589428058291880  0.57657323046105491  0.58775134187555811  0.59893671529187176
  0.61042928990091405  0.62200011656684606  0.63355749005484874  0.64509536970134151
  0.65667039099532598  0.66821679435621073  0.67948713328088994  0.69067016192487629
  0.70198107331122228  0.71367735628247697  0.72540516598704230  0.73698990854210500
  0.74855402695870965  0.76015418274335711  0.77168605639335919  0.78262197807035239
  0.79356898190393566  0.80386283604613751  0.81384094868620394  0.82387575940076752
  0.83408114003448297  0.84528045718836964  0.85671304173585072  0.86780772968121833
  0.87941610001924753  0.89048198096854192  0.90079245894416204  0.91098341788739046
  0.92104203636953630  0.93172160505704837  0.94341155363150364  0.95427909950327461
  0.96512492306303022  0.97627393815065922  0.98690695529891159  1.00000000000000000
 -0.00234303957012830  0.00891285187201468  0.01943388558506922  0.02967996143208366
  0.03985845001284682  0.04988362980808953  0.06025716207650178  0.07150585443180410
  0.08156564648681128  0.09185364049936670  0.10195948355251631  0.11227785576949854
  0.12270394758157416  0.13291569525108651  0.14348035453856869  0.15438577974538770
  0.16526814803102055  0.17578746991392313  0.18620486571142830  0.19661306631217471
  0.20718044092950885  0.21800759503653877  0.22893736210189253  0.23993236516180264
  0.25072257111284479  0.26130185328928429  0.27156348496128579  0.28188964246485282
  0.29236367825244819  0.30278077441587165  0.31297345350842165  0.32331305676911831
  0.33388928568788623  0.34441876066476190  0.35415671145691369  0.36391203561816066
  0.37395160334229172  0.38458865437635148  0.39579664572753070  0.40639011441486500
  0.41639514228556496  0.42646178837257270  0.43678613121229271  0.44718756587618930
  0.45758023402060527  0.46793304978865558  0.47847240035193739  0.48922623163123719
  0.49964885704411316  0.51009024830929006  0.52060502867853564  0.53134060638377689
  0.54192897658616368  0.55239158349304518  0.56295126472669921  0.57340304653206176
  0.58382438755122068  0.59394602401870966  0.60399521440531978  0.61424194506024044
  0.62477544462855383  0.63546559605382880  0.64613684969879981  0.65655029068293702
  0.66707720685096006  0.67784738989507143  0.68898836116363515  0.70026344506591065
  0.71123761191958546  0.72181498332406346  0.73243263292442340  0.74321966057005684
  0.75423928520158379  0.76527796202984488  0.77631643090330071  0.78740867261688063
  0.79847328851555976  0.80937803011751119  0.82018733561771084  0.83062949827454746
  0.84100755637013680  0.85138076611298830  0.86186026144962691  0.87241755133051990
  0.88301639790574904  0.89365385158986521  0.90433371313397870  0.91480838208510662
  0.92532393645012589  0.93588728631482965  0.94656127007256641  0.95729921864477208
  0.96811736214842936  0.97869810772232679  0.98930672985155721  1.00000000000000000
 -0.00236619380204902  0.00935389365941718  0.01975378822163453  0.03069941146482466
  0.04126693996604227  0.05206516675840894  0.06265601753537316  0.07341622693061095
  0.08448962603552701  0.09572597356622563  0.10585404975615703  0.11611923354908882
  0.12632536058413057  0.13693926731803036  0.14795648138567127  0.15887597852350407
  0.16960164801005703  0.17937828328074035  0.18922173062137670  0.19927651516472542
  0.21023805421487762  0.22137664836195162  0.23211650161778108  0.24287940619944495
  0.25281441623829964  0.26235237302824860  0.27181690928548785  0.28158172704728140
  0.29275830593457319  0.30363425303719960  0.31442012854820728  0.32512253654922629
  0.33585938978708296  0.34652506109927278  0.35711596171212101  0.36734391007433775
  0.37756784065450000  0.38844810754376641  0.39757816882151603  0.40764412729902816
  0.41747675513650190  0.42820892670662408  0.43909007279878115  0.44982740673524918
  0.46075074403127303  0.47198660472717852  0.48294150647630302  0.49384569725808219
  0.50454377370472858  0.51539061471478287  0.52637950503115050  0.53705673229784412
  0.54767854694510587  0.55813504935868530  0.56929360803063878  0.57925228841981913
  0.58943969016447073  0.59917319976067018  0.60988130019538211  0.62081091695460888
  0.63176162677393299  0.64243133953409581  0.65288712518739644  0.66336847026095869
  0.67384194665056441  0.68451160830436897  0.69471120961263388  0.70479120570735920
  0.71491530076727317  0.72568954657913032  0.73681271200538956  0.74779041347703423
  0.75854602578198771  0.76910940858982269  0.77980167638816511  0.79069533139919534
  0.80163272276906961  0.81253030856544595  0.82338823650635717  0.83411317914420502
  0.84458986338052999  0.85510062620619054  0.86569190341067948  0.87612579662047307
  0.88629670174146313  0.89616975465761206  0.90653014003589549  0.91700396163243336
  0.92751781386668852  0.93809110072940605  0.94896640020733658  0.95986675663147680
  0.97013680420906090  0.98009602583027211  0.99025653155351745  1.00000000000000000
   1.2158350391447535E-011  -1.0000000000000000     
 F F F F F F F F F F F F F F F F F F F F F F F F F F F F F F F F F F F F F F F F F F F F F F F F F F F F F F F F F F F F F F F F F F F F F F F F F F F F F F F F F F F F F F F F F F F F F F F F F F F F F F F F F F F F F F F F F F F F F F F F F F F F F F F F
  <DiscreteSampler_grid>
  grouped_processes
  1 # 1 for a reference and 2 for a running grid.
  10 # Attribute 'min_bin_probing_points' of the grid.
  1 # Attribute 'grid_mode' of the grid. 1=='default',2=='initialization'
  0.0000000000000000 # Attribute 'small_contrib_threshold' of the grid.
  0.5000000000000000 # Attribute 'damping_power' of the grid.
 # binID   n_entries weight   weight_sqr   abs_weight
    10   10   9.339688315540379E-001   5.274470242393709E+000   9.339688315540379E-001
    16   10   9.339688315540382E-001   5.274470242393713E+000   9.339688315540382E-001
    22   10   9.339688315540379E-001   5.274470242393709E+000   9.339688315540379E-001
    28   10   9.339688315540380E-001   5.274470242393709E+000   9.339688315540380E-001
  </DiscreteSampler_grid>
