  0.00049701386537719  0.00103877049550130  0.00129375893325746  0.00152991223085549
  0.00175844081338968  0.00196996086439822  0.00217913893287866  0.00242336959739317
  0.00271221675203921  0.00300996188492228  0.00335841628447180  0.00378203415818551
  0.00433492592217978  0.00494015432460445  0.00545819911408360  0.00594925114116274
  0.00655049990728742  0.00736664685607040  0.00831030564455715  0.00939109071449888
  0.01068406249869946  0.01212737477076557  0.01377325877629020  0.01551249589935878
  0.01727721743554635  0.01916832456873976  0.02146590090892540  0.02380869806773840
  0.02498714862981961  0.02620695759114761  0.02744123707199362  0.02881639911652960
  0.03084415195430991  0.03363195604523128  0.03778545091571608  0.04227897263416872
  0.04658492972535931  0.05048466498847694  0.05424567816552917  0.05704077167060277
  0.05902005241788846  0.06056637768794180  0.06186559575633751  0.06291196896745115
  0.06373329666445486  0.06437488052884598  0.06494007061201802  0.06539514659540038
  0.06577266243868679  0.06611847112876432  0.06643864896046021  0.06671508264660822
  0.06696198213427405  0.06720195842794530  0.06742762256293680  0.06764632659046427
  0.06786045617497426  0.06807346967058808  0.06828618123166216  0.06849936780611512
  0.06872184925868610  0.06895203541114309  0.06921183260392381  0.06949708976130164
  0.06981933397691499  0.07023315528212171  0.07067511312905746  0.07113894361535256
  0.07165708618344946  0.07231821186155220  0.07313224727576981  0.07412255029781366
  0.07537734807654599  0.07708819571789424  0.07956811242857463  0.08292658406106045
  0.08680350784951497  0.09040539415916424  0.09390598925084385  0.09790398415259587
  0.10279632314793868  0.11138206197003393  0.12502591711516256  0.14124933643327972
  0.16053878529504959  0.18684534129258171  0.21791628398393420  0.25167171446379039
  0.30184161856228398  0.39004187906648213  0.50414051307459562  0.60034623442573165
  0.68065885875274579  0.80065639529197252  0.88992169442536562  1.00000000000000000
 -0.00059079572808520  0.00102000615889206  0.00294820596383045  0.00572641127781494
  0.00951357566157568  0.01445612842429211  0.02106769675953366  0.02993012549799264
  0.04061992372594863  0.05250066745108327  0.06500619559938969  0.07694994170457389
  0.08793114864444851  0.09892039753013974  0.11101619940969733  0.12409045126962416
  0.13751033412299446  0.15074238030549345  0.16347975828376390  0.17587822519444718
  0.18816282618814983  0.20019171763709692  0.21243133389768865  0.22486455258647758
  0.23686234737368148  0.24892516181402383  0.26070067995058149  0.27179862298100715
  0.28286870188426988  0.29490853197506522  0.30784763344662119  0.32033500205467491
  0.33268223884039472  0.34496835803684939  0.35687774023030888  0.36996956164631051
  0.38535664616708398  0.40114545191843004  0.41540032994328430  0.42864402270017415
  0.44190753390699822  0.45440976636081137  0.46766132705388241  0.47990040049956323
  0.49200612180532954  0.50466570294776847  0.51818609658787163  0.53155610619539395
  0.54487321372405384  0.55701419443064182  0.56806453624155351  0.57935629937081357
  0.59199777509280449  0.60417661251611854  0.61493455522760643  0.62616223992067543
  0.63838439214259302  0.64969870276230923  0.66092641926883400  0.67244293032092528
  0.68449474838390501  0.69614394533176494  0.70785843216387723  0.72056625552673204
  0.73379681409189013  0.74583531174829876  0.75764493827011314  0.76892164459029499
  0.77972319494597786  0.79143559049259415  0.80480596956863781  0.81928035896282692
  0.83373268087053354  0.84703889867504922  0.85928849373166594  0.87097618639576946
  0.88180164288330809  0.89297163971655646  0.90454695859891110  0.91484320526742058
  0.92513369486309849  0.93548556922500614  0.94581392878990456  0.95563198272654359
  0.96447519512919877  0.97209185295982647  0.97733071384924819  0.98120460037111901
  0.98471623033301303  0.98765218207263605  0.99018132920068058  0.99265999944340522
  0.99516638769122956  0.99688869150880366  0.99848068983654903  1.00000000000000000
  0.00128807052788741  0.00198093435951133  0.00237756594561675  0.00277120773468573
  0.00303305726184121  0.00327507016342254  0.00369120520644452  0.00430640573263261
  0.00489878664018086  0.00541054278644155  0.00586656482488611  0.00628319354338473
  0.00669063052669908  0.00705936809844340  0.00741565652918687  0.00777164845818218
  0.00815518493677915  0.00856542344295223  0.00895946682419603  0.00940060442265587
  0.00993190180773037  0.01061953375955489  0.01133058600971551  0.01212689009494329
  0.01290469284036494  0.01372263587148191  0.01452475470598929  0.01539478175887318
  0.01635335908697475  0.01732968148617339  0.01824752828470992  0.01917554810255270
  0.02014854898705690  0.02121247399398083  0.02260614021663233  0.02405588131619299
  0.02557022890462544  0.02707277329024286  0.02859103181253302  0.03015835999525612
  0.03174242946500079  0.03338887223976204  0.03520351659829197  0.03717885553098449
  0.03923078101081069  0.04118161693142113  0.04308827326480617  0.04505964534857152
  0.04711548446088329  0.04937878381749591  0.05201305383093315  0.05486027190822169
  0.05757211139428673  0.06026475195637759  0.06279033488238436  0.06573303071635885
  0.06927518423162893  0.07362886753689749  0.07758377096337804  0.08039343545342688
  0.08333841999750646  0.08631830020077916  0.08930087392715645  0.09300734218648619
  0.09805423442114315  0.10330967944772944  0.10857548020548255  0.11407070383929667
  0.11992787857134161  0.12690761076205889  0.13461972390259341  0.14329976520832935
  0.15266267277837295  0.16337530159901781  0.17454226847302784  0.18587911958836895
  0.19731290994179043  0.20918732415196703  0.22206898571046255  0.23517944551329789
  0.24760803731788295  0.25966074593520000  0.27226224855133735  0.28680481907670424
  0.30283231506697778  0.31999742427185723  0.33697972126647818  0.35721267617350050
  0.37770762003351183  0.39359037909607397  0.41125899798342258  0.43154152721444689
  0.45293633124777538  0.48923767617266817  0.57143046939965925  1.00000000000000000
 -0.00306574154337037  0.01109557172068489  0.02294168693743992  0.03500386088997443
  0.04763617481194136  0.06052989264011264  0.07347459691399687  0.08528759125919187
  0.09585444781875055  0.10600764721069239  0.11657357162349744  0.12734070863180899
  0.13682315521181113  0.14648082445526708  0.15535150694272803  0.16492486785114926
  0.17470656079665484  0.18449781635208393  0.19496312173035893  0.20634622023022856
  0.21760090474444241  0.22729969039763739  0.23555394361928925  0.24364274783728956
  0.25288133342247082  0.26238005831083056  0.27249281620538768  0.27844734789920716
  0.28333761708797711  0.28824366345692898  0.29327760338044473  0.29855961086733429
  0.30678325178493493  0.31743785872047559  0.32835917339863191  0.33904231940480206
  0.35021451370233114  0.36026250900460599  0.36962856898777524  0.37936768940809096
  0.39033848458498244  0.40136706048530074  0.41171862546850951  0.42264373023209734
  0.43404230218927847  0.44520260587299049  0.45605941739230538  0.46682413768162728
  0.47854041871778275  0.49083762034983958  0.50270173025218368  0.51342266474723741
  0.52402965648794686  0.53465479364263480  0.54471206033109820  0.55448859172016440
  0.56471157403239014  0.57607227955786089  0.58854283932965190  0.60065723452690423
  0.61162735619543374  0.62246181646715326  0.63456076002884676  0.64642615624814970
  0.65743009362426752  0.66800520803211316  0.67912936308096228  0.69034178631000043
  0.70286652827537566  0.71640894291587998  0.73062058627229776  0.74270995459661160
  0.75295938826794451  0.76143805198568937  0.77083669447617009  0.78139335931300913
  0.79092655678236068  0.80098228007320871  0.81232984072643399  0.82471912267589464
  0.83715682846468409  0.84987942152082374  0.86361220278840611  0.87708837073125634
  0.89002248789476157  0.90329394892229264  0.91685307063408428  0.92889918014570882
  0.93664567081694983  0.94370485809335758  0.95082522297053285  0.95795116960559579
  0.96437452902169296  0.97591218313279215  0.98769477139933359  1.00000000000000000
 -0.00247338966523073  0.01034748684688363  0.02152745972967001  0.02952021570180327
  0.03834752526609023  0.04739732634383205  0.05824319862180796  0.06986678144295670
  0.08032664862066173  0.09108588751217350  0.10236341987239671  0.11508887656758626
  0.12665656693664828  0.13688065717060849  0.14677945254549271  0.15647111425776392
  0.16580714590259493  0.17548271955136602  0.18518730519188262  0.19679066076021584
  0.20879432684203775  0.22157658817337222  0.23432837452725211  0.24686696597861149
  0.25899733684815252  0.27079148760284866  0.28327074722190865  0.29669613280716622
  0.31001078886271499  0.32293387022584180  0.33539171477133140  0.34730182056760417
  0.35894380822616612  0.37027534723129396  0.38162916750577225  0.39337562974869372
  0.40526781629833447  0.41641606529391351  0.42712815253952496  0.43761759060171662
  0.44891609449015502  0.46022086415509661  0.46865293081799514  0.47476019832733229
  0.48088745660251531  0.48736993059295125  0.49407190560014230  0.50184166781691175
  0.51118598218247380  0.52124727059544707  0.53116870121486337  0.54138645578751499
  0.55384716771817044  0.56697280868104349  0.57885512300720221  0.58849160622677643
  0.59800654815583021  0.60683362331052404  0.61763035261582511  0.62925685132402454
  0.64043577889969872  0.65148277547209488  0.66177211489015975  0.67111887679122773
  0.67990998275824732  0.68934808515171375  0.69937225818571458  0.70990334017131507
  0.72031208792518431  0.73095709337634185  0.74154835240266370  0.75187774922960904
  0.76275309701351823  0.77508326961643537  0.78788267808428791  0.79946926205021374
  0.80963250169939405  0.81923790048097400  0.82847144302597320  0.83875656796386311
  0.85019066866375959  0.86184632473525469  0.87377593002529641  0.88571805499239087
  0.89689844229547655  0.90792658371870727  0.91997625215837009  0.93295961147127671
  0.94619074832694305  0.95919040660883859  0.96929115959537904  0.97611000631902789
  0.98229868025886891  0.98804128443085204  0.99390397433784994  1.00000000000000000
 -0.00313035034418017  0.01251199510276888  0.02446461307766542  0.03619540736192017
  0.04726595836808602  0.05888310584759950  0.07019039957978454  0.08110892598505086
  0.09217658364531137  0.10265258022392322  0.11195729181159793  0.12058967499731658
  0.12988761932744822  0.13970128438641238  0.14903924661406837  0.15518537630548990
  0.15959575740611701  0.16395953256176524  0.16875447015000433  0.17345321858922005
  0.18052568222886439  0.18965069118746902  0.19923341685687779  0.20875321937893151
  0.21729670389507058  0.22781860944013235  0.23728144857084735  0.24615920443009459
  0.25452776294947593  0.26314548299910762  0.27212232223122329  0.27896032755969513
  0.28609099226671297  0.29347151593066689  0.30103752969196851  0.30930030958503751
  0.31985060376312346  0.33164136061061367  0.34295090669137029  0.35332243295323862
  0.36297364586464242  0.37222896812188561  0.38225988425886803  0.39249920843795860
  0.40265827121513925  0.41280586537353348  0.42292127819787734  0.43269533932394449
  0.44416802857356025  0.45494614110525577  0.46633508993515571  0.47694123165155006
  0.48693718152316734  0.49702229988805147  0.50740737583497397  0.51852709005607656
  0.53006022711429590  0.54182280522410997  0.55316753256008799  0.56457188644423373
  0.57588655631553154  0.58762554789563526  0.59838408337543858  0.60873087712858931
  0.61972294693388374  0.63211477852686215  0.64504157620358760  0.65708517522932008
  0.66870275252837397  0.68035158804587115  0.69133655458424115  0.70265823049754228
  0.71355527058406010  0.72545024202189290  0.73762726812593193  0.74986946893154371
  0.76135207762950996  0.77259946081663944  0.78444003329105338  0.79615198594413417
  0.80747025273816542  0.81998521263086521  0.83283767629913841  0.84600180281907256
  0.85881865156749404  0.87039777416274045  0.88229389842684103  0.89344756265185121
  0.90489029292492107  0.91719633136414935  0.92953142603280503  0.94231033902107575
  0.95599495645223176  0.97012443894360523  0.98543883862318327  1.00000000000000000
 -0.00226162564872677  0.00948328478419990  0.01980589213512426  0.03054055992730018
  0.04085431079726038  0.05208038775555174  0.06420675117396146  0.07644728582311526
  0.08897964405703068  0.10139057553524417  0.11353227733531325  0.12397717601478758
  0.13314036254698755  0.14143010232176989  0.15129584634022256  0.16110199816913448
  0.17159724507462612  0.18220050907322854  0.19384482535503153  0.20723583156883094
  0.22054438094974915  0.23428416240872652  0.24823027408999082  0.26098166883499851
  0.27186809447700161  0.28119863866975442  0.29084793567260175  0.30079544363491884
  0.31138280627431231  0.32218223611890801  0.33104061310505856  0.33931624138019262
  0.34613575651967010  0.35431673569789940  0.36437909318247763  0.37684660196639325
  0.38865371895293593  0.39608880084553150  0.40235298819949611  0.40835305003093991
  0.41414202003750555  0.41976045118673722  0.42396851041704520  0.43475057296662983
  0.44465674120482401  0.45523150700874515  0.46628197467944060  0.47909938336142022
  0.49159152358030850  0.50277077409874793  0.51292535680125373  0.52249410856336032
  0.53264642176100341  0.54338044166721144  0.55454147828210698  0.56584922803020099
  0.57743069447542050  0.58912856583527873  0.60059292755457894  0.61197865950521313
  0.62264445293687398  0.63290311904589469  0.64328814918034738  0.65464139246479780
  0.66637630740811504  0.67769628518907965  0.68937221052578879  0.70072805091208179
  0.71178757494420020  0.72239064945828435  0.73347324221623866  0.74574028083634036
  0.75803738999848014  0.77058765627034076  0.78170823983741589  0.79251448778510980
  0.80369055543059664  0.81481350611970715  0.82609321582926953  0.83790965319809707
  0.84773514466870026  0.85529700106711359  0.86271759883933097  0.87027846374556028
  0.87834559320627059  0.88801515555328492  0.89947222360844059  0.91092908455417476
  0.92110082292615614  0.93186357465208214  0.94329375171364460  0.95528191034019694
  0.96703402761093049  0.97834030052435639  0.98936587598867642  1.00000000000000000
 -0.00271056325422675  0.01054189856653422  0.02172424687258629  0.03174173709138825
  0.04174563015121369  0.05134436087076906  0.06051710206927111  0.07031695709193975
  0.07927814098752781  0.09056410465488535  0.10145992012079956  0.11347860042674612
  0.12573410396507409  0.13914654614919242  0.15230462750027077  0.16534972761832176
  0.17968590420346287  0.19255468954939295  0.20431381650615768  0.21450192527817719
  0.22541597208086930  0.23717207929712855  0.25060127798487902  0.26526043007063382
  0.27926772313810766  0.28796695602939010  0.29437454040563854  0.29974734894177946
  0.30520168235622219  0.31005832372402703  0.31698894694815000  0.32621378745979906
  0.33779673002387983  0.35040509339070858  0.36170779705468015  0.37225930754091441
  0.38354353210126485  0.39424440901872432  0.40451637536360741  0.41441148077031120
  0.42455243847663748  0.43645586064908565  0.44900970560937742  0.46341539125248504
  0.47749791608665310  0.49034607369939598  0.50202396212774214  0.51280618514550047
  0.52290599841050833  0.53233751616268410  0.54153602977445858  0.55099442240252783
  0.56072213241069380  0.57070288857984441  0.58078488615864376  0.59193749772042403
  0.60384125646201692  0.61563995932010351  0.62668125941127217  0.63851373446000614
  0.64965605114666158  0.66011336166980983  0.66902669094424216  0.67752066674869682
  0.68602630498308803  0.69535086540138591  0.70652732635173310  0.71903241926382067
  0.72931119695439461  0.73899441547070410  0.74832509302904460  0.75822736617178921
  0.76826871840348976  0.78019419725293859  0.79212276538235993  0.80201807303768502
  0.81146995916452358  0.82114067323107587  0.83006301346846101  0.83869053597517207
  0.84735924872309798  0.85821853802798465  0.87086703579734959  0.88477631404641344
  0.89871414372775960  0.91090730020818056  0.91834365188811040  0.92558556095031053
  0.93267273721461441  0.93962695912672412  0.94645268543378180  0.95285011989350843
  0.96461299824497970  0.97650496517332375  0.98816347609066935  1.00000000000000000
   3.0215474595015096E-009  -1.0000000000000000     
 F F F F F F F F F F F F F F F F F F F F F F F F F F F F F F F F F F F F F F F F F F F F F F F F F F F F F F F F F F F F F F F F F F F F F F F F F F F F F F F F F F F F F F F F F F F F F F F F F F F F F F F F F F F F F F F F F F F F F F F F F F F F F F F F
  <DiscreteSampler_grid>
  grouped_processes
  1 # 1 for a reference and 2 for a running grid.
  10 # Attribute 'min_bin_probing_points' of the grid.
  1 # Attribute 'grid_mode' of the grid. 1=='default',2=='initialization'
  0.0000000000000000 # Attribute 'small_contrib_threshold' of the grid.
  0.5000000000000000 # Attribute 'damping_power' of the grid.
 # binID   n_entries weight   weight_sqr   abs_weight
    10   10   3.693451060220100E+000   6.670275704434763E+001   3.693451060220100E+000
    16   10   3.693451060220101E+000   6.670275704434766E+001   3.693451060220101E+000
    22   10   3.693451060220101E+000   6.670275704434763E+001   3.693451060220101E+000
    28   10   3.693451060220101E+000   6.670275704434763E+001   3.693451060220101E+000
  </DiscreteSampler_grid>
