  0.00002000295755937  0.00004954772553147  0.00006647413941286  0.00008186563076577
  0.00009388180848796  0.00010508641800192  0.00011661457221223  0.00012947242495224
  0.00014544088792850  0.00016676736238449  0.00019217134312310  0.00022091574343008
  0.00025318779995725  0.00029049289525208  0.00033552211979671  0.00039151825104425
  0.00046756279101410  0.00056803997269712  0.00068833631673925  0.00083133512503279
  0.00100760538234791  0.00122867001317602  0.00150813327753969  0.00185976793489467
  0.00229148820591380  0.00281227238349754  0.00348570111931048  0.00445327342073899
  0.00579444444839969  0.00757844557622591  0.01000153930082952  0.01369662585950343
  0.01986280241743738  0.02917686961295016  0.04226130568436132  0.05849640567228213
  0.07649048724172113  0.09539697868346471  0.11499010051015916  0.13497354817617008
  0.15500147039822698  0.17497257209975126  0.19497267338026042  0.21505624228877551
  0.23519609822691454  0.25530513716868131  0.27540188624118134  0.29554616547885149
  0.31565546978096309  0.33570428938384800  0.35582367769313156  0.37581046139740470
  0.39570270693538567  0.41570840839762185  0.43590699248592896  0.45611441447517492
  0.47618149458609527  0.49535406112626229  0.51411415217916234  0.53321584457396198
  0.55302477422455087  0.57306557871450226  0.59301920881713643  0.61295471036526539
  0.63277675311871162  0.65239149299319044  0.67190536606485196  0.69148729073922655
  0.71101423721318480  0.73043633613710679  0.74970059169376824  0.76901597560954982
  0.78842905223384330  0.80780178917466150  0.82697270799030165  0.84574916304387593
  0.86408976422181738  0.88222833171033821  0.90013645278834420  0.91732899375040888
  0.93338850790003192  0.94813063233997630  0.96116841144803400  0.97179534013168056
  0.98002108003506638  0.98608715735833541  0.99041740100929954  0.99339560107237868
  0.99545146098571624  0.99693544272869250  0.99799427626039106  0.99871181593709502
  0.99918760257615014  0.99951708881538026  0.99977592722576669  1.00000000000000000
  0.00001385677103877  0.00004916639731633  0.00007007291147620  0.00008741874415479
  0.00010435010935235  0.00012272232305597  0.00014422569972267  0.00016824931357699
  0.00019769628194178  0.00023248475410080  0.00027550758388801  0.00033187956606212
  0.00040561758213640  0.00049646018102722  0.00060663859422585  0.00074308451091284
  0.00091153669504063  0.00110457822167432  0.00133273081443177  0.00161233612739431
  0.00199350556158142  0.00244843435390170  0.00297610970401422  0.00363318151517157
  0.00460013159635066  0.00607693685471266  0.00826724294225892  0.01160172697563029
  0.01692399069167281  0.02519899769784152  0.03683458898907881  0.05196940194667092
  0.06953737407962113  0.08851339874816319  0.10856450473323721  0.12903329674320663
  0.14958250719949831  0.17031149034427476  0.19116800126141498  0.21207101282932606
  0.23291617368409570  0.25369956523152437  0.27458740988520736  0.29551870710754785
  0.31643737963441176  0.33735572489454069  0.35825466613944901  0.37917426209547161
  0.39992641667579754  0.42042174397222509  0.44095709318571791  0.46153884122520039
  0.48220262008895193  0.50290996635091911  0.52356292497901114  0.54418214051789748
  0.56481514701305657  0.58534400813706178  0.60543596141941103  0.62549085632414780
  0.64581613978830110  0.66619145722524031  0.68675136889973465  0.70722905622499654
  0.72751131241841438  0.74766478795638713  0.76786156187036969  0.78801324705352827
  0.80795417351605803  0.82771382618256861  0.84723285770076495  0.86646054200348532
  0.88538383104106433  0.90380229334993945  0.92158532265279358  0.93836881981540377
  0.95336456668117697  0.96592165165510224  0.97580555286943893  0.98316023681114617
  0.98839204233418676  0.99203315583719520  0.99455961519872915  0.99631975590292521
  0.99756856148184447  0.99842003486263353  0.99896773952192197  0.99927882664583023
  0.99946734421240424  0.99957878684120760  0.99965109087667037  0.99971683682867019
  0.99978317947797857  0.99985020148012704  0.99991997854834824  1.00000000000000000
  0.00127445183029217  0.00138014893285218  0.00145901540415602  0.00153283406840206
  0.00166499197184449  0.00185640439219530  0.00208708381583731  0.00232405488914091
  0.00255856486037570  0.00280616519529582  0.00308852454685042  0.00340706053540168
  0.00374764645630406  0.00409656556315064  0.00450859183138609  0.00499180927865840
  0.00553711582043581  0.00612533620553807  0.00672011118324123  0.00731923802442543
  0.00792667069861578  0.00854694719946939  0.00918641622145173  0.00984867331809254
  0.01052913656972663  0.01122817317247890  0.01195122455883382  0.01270511247771689
  0.01349107611631691  0.01430645477735515  0.01515051967140553  0.01602758676977376
  0.01695187393029191  0.01792825670607318  0.01895531770017563  0.02002433136529743
  0.02114701074885191  0.02233573336302143  0.02358395570467764  0.02488492962745835
  0.02624203068559810  0.02761539402508214  0.02895088152708726  0.03034496886422562
  0.03177364480787202  0.03338961558331893  0.03515556336157419  0.03700274324197763
  0.03886916936847817  0.04075279154455011  0.04267394654495174  0.04471161672093002
  0.04692581312599640  0.04935891540819349  0.05194563118876352  0.05458565136127864
  0.05724856228021984  0.06001402283942293  0.06287729720243541  0.06588757763760904
  0.06906712246915696  0.07239901858570681  0.07594654673949520  0.07971531694011558
  0.08368090134416560  0.08790274612441284  0.09224554477086838  0.09656971829610368
  0.10097250546948933  0.10561108221321029  0.11065848166170711  0.11620516633386889
  0.12204248482098137  0.12832985898829732  0.13532092790423536  0.14274205315098187
  0.15060844881367369  0.15853928848661389  0.16673926981292980  0.17562510103731038
  0.18543550888283789  0.19617478515544071  0.20797660449343883  0.22046325272281772
  0.23403451542292655  0.24889695970648262  0.26511480680634186  0.28276788719873014
  0.30193064565056371  0.32266494146747021  0.34578656643040306  0.37214908078034536
  0.40362361057118501  0.44598739242257140  0.60028624721954549  1.00000000000000000
 -0.00234076698168073  0.00871666564153947  0.01871180119699994  0.02906299668427896
  0.03859508327984199  0.04809856487227528  0.05728433632616581  0.06666870968537413
  0.07637958105031156  0.08576889743673999  0.09503033254335710  0.10443882392513008
  0.11394843192360848  0.12353653566837300  0.13316009238528587  0.14274016912489640
  0.15219529974681253  0.16184062991168363  0.17069519766308835  0.17894169538103585
  0.18742815535425797  0.19635479182891008  0.20595335125032740  0.21589891190188903
  0.22574404105927692  0.23544197141295142  0.24504131470726609  0.25471500295977861
  0.26456556185748220  0.27475659536299618  0.28511632490424871  0.29558235825958967
  0.30598348951097493  0.31642198083576689  0.32697864108923097  0.33779963471930896
  0.34861802341197384  0.35944079514256161  0.37038773872430175  0.38126667630206651
  0.39210007628318772  0.40280877729918224  0.41363320820490945  0.42441227484165611
  0.43519954752883072  0.44611382712567099  0.45731907311410563  0.46864012336047417
  0.47990749594816545  0.49124280489393229  0.50197011003245562  0.51236954589557693
  0.52289987821325179  0.53397870281370452  0.54588826555193115  0.55790323460867375
  0.56930299279661434  0.58000199403005681  0.59020766942001901  0.60054318093340542
  0.61191162302374347  0.62320055162166454  0.63482817913226741  0.64663250806893813
  0.65840135732708427  0.66971511282697449  0.68062552941616317  0.69162966752960331
  0.70288962397025023  0.71429863878144961  0.72582824689732983  0.73721403507829530
  0.74788171581901919  0.75835699668376610  0.76890402683267600  0.78009910915814296
  0.79124618819219117  0.80236919207078006  0.81373321955927980  0.82523632433477656
  0.83673489547929347  0.84810819671169058  0.85948454207577851  0.87087521340892848
  0.88226053795292847  0.89367105683899228  0.90487667539059102  0.91558584775452978
  0.92607839256602131  0.93589398498944298  0.94564210105584057  0.95638965375027929
  0.96660712469853050  0.97723302042720528  0.98880721336068578  1.00000000000000000
 -0.00230939182732994  0.00911153018340099  0.01996212800108140  0.03045115801551843
  0.04108083916808598  0.05150372104094735  0.06206208262665559  0.07286675740815970
  0.08368723830163377  0.09499946261273665  0.10604319874722201  0.11459188751508072
  0.12361275427001572  0.13284342436828595  0.14295143052840098  0.15437772537662198
  0.16520692122185415  0.17535906146978303  0.18563994825342331  0.19595310550737727
  0.20670121098584987  0.21737338894399960  0.22800580369434703  0.23883490496210627
  0.24983642833653796  0.26057250906403623  0.27114444627194878  0.28187871815314697
  0.29295050140709189  0.30409014944953622  0.31525948829094036  0.32644271277141157
  0.33765566083266746  0.34824127495015522  0.35865521751081586  0.36882352231526089
  0.37964873303271074  0.39059807030197929  0.40175763905902312  0.41270292940988296
  0.42328052959008422  0.43397111245710612  0.44498386159006448  0.45616182537878630
  0.46730024417332638  0.47814650370412337  0.48918302953946846  0.49989843710974330
  0.51016331695212602  0.52025505819092999  0.53049258803635246  0.54103992687427216
  0.55119370270815360  0.56132451160990415  0.57124286923698619  0.58162690543932982
  0.59186328117754672  0.60236329741072980  0.61301743444623280  0.62384785230062656
  0.63466210380469534  0.64544560299026210  0.65648538366846643  0.66762868289842348
  0.67889855940356769  0.68938734844151794  0.69924874930338676  0.70908213399896336
  0.71932319454166527  0.73014538971027332  0.74078278021213961  0.75147473948658017
  0.76255417039643814  0.77345220641459034  0.78416600161623817  0.79452248612782495
  0.80485002228517499  0.81509237604112605  0.82512606174169922  0.83543421020534625
  0.84615059417914107  0.85617660835836096  0.86617484103114806  0.87607664661457185
  0.88666661839997396  0.89756982562091703  0.90849353307286407  0.91943480609327000
  0.93040074096885794  0.94135598038555979  0.95200792917580512  0.96172629082022454
  0.97077805557811248  0.97985391600745753  0.98840142793353758  1.00000000000000000
 -0.00158250506990031  0.00682516424288355  0.01616606097925024  0.02551999974446258
  0.03523415135538306  0.04495649299267578  0.05406859510427562  0.06311516774023916
  0.07173980808284783  0.08038412740435862  0.08886323226482536  0.09798375032035936
  0.10791352720052383  0.11781960343200627  0.12731134861841853  0.13653159420067201
  0.14578819717511662  0.15531426166379914  0.16510424271891674  0.17491295492509379
  0.18464466084897427  0.19429747692538080  0.20382129280848679  0.21357870578774041
  0.22340618186830616  0.23334385073662486  0.24323036709480617  0.25320385969154280
  0.26358935472117767  0.27406107608131802  0.28423470098253556  0.29415959056411695
  0.30418727482284325  0.31457763144674405  0.32520758822967866  0.33591286295486911
  0.34657711898440857  0.35721114987702607  0.36782678440500138  0.37848994717012208
  0.38934476648425931  0.40035036063707363  0.41137018086163840  0.42226397341755356
  0.43301372003751115  0.44395436270850436  0.45512271990224978  0.46616039621445038
  0.47686911367968066  0.48759822030332950  0.49855143921164657  0.50963393450882111
  0.52063380047057117  0.53174596521030415  0.54305125979248436  0.55453877154853137
  0.56617516069169127  0.57802717687440863  0.58931522089920629  0.59989384225477815
  0.61054408479337618  0.62171500936969304  0.63329678013065460  0.64485005468658885
  0.65610842961570592  0.66698658093527841  0.67780529025333325  0.68884906603289053
  0.70012057408540318  0.71123225539894586  0.72235717360143148  0.73369375522504454
  0.74478293089666459  0.75554459359178772  0.76631270529980966  0.77711659828915747
  0.78862570685659827  0.80030130498012009  0.81192180703905759  0.82349287773123880
  0.83499526600647467  0.84610178233334965  0.85664894980785300  0.86681664794813207
  0.87690594088583462  0.88729791908865852  0.89812643889536847  0.90937848184116321
  0.92092376443366863  0.93237733400883505  0.94392987397390127  0.95551796436594116
  0.96706660742719397  0.97780917390742894  0.98908663102147187  1.00000000000000000
 -0.00232170068448284  0.00919737012719462  0.01940038845629504  0.02969395578912628
  0.03862087786551680  0.04846071828425759  0.05888981209921908  0.07007730283386911
  0.08091577065970966  0.09160325510736957  0.10220911894058304  0.11290293764635949
  0.12334192961189844  0.13352029567033130  0.14379511454100050  0.15403837986017271
  0.16478720916521680  0.17559459851354531  0.18667602210597964  0.19723170257690514
  0.20762623593486668  0.21789258310931703  0.22879895441919920  0.23969516378939626
  0.25062273010574565  0.26110678647861596  0.27160748266356799  0.28215223216702950
  0.29308611249613920  0.30414169793571172  0.31488281784527949  0.32534786574118213
  0.33556407030808899  0.34531411221783515  0.35539058925853401  0.36577978425602087
  0.37629029496354022  0.38701339558015102  0.39753562847650897  0.40808593887573918
  0.41864235384663345  0.42948029630688206  0.44049031962664797  0.45120714212733315
  0.46186849239460476  0.47258323424978693  0.48385989314440747  0.49513316444809874
  0.50614641086929868  0.51690917796264846  0.52761702886248030  0.53835221001612232
  0.54905043067379000  0.55959059828847535  0.56978126289022291  0.58003296450770714
  0.59053907348290269  0.60162003114816487  0.61273891296157645  0.62377565121215128
  0.63450410493037734  0.64507422187914343  0.65567278509526083  0.66626876669101087
  0.67565090800577587  0.68507674630919124  0.69442701128112516  0.70461830232550582
  0.71516618193642245  0.72610061970321615  0.73725220962224924  0.74723733135784254
  0.75712694071885445  0.76671545917091843  0.77714939967582852  0.78806847853829898
  0.79849633938185138  0.80872095767143592  0.81913474280939591  0.82999024686469247
  0.84106675426083599  0.85203985437976137  0.86244592532982611  0.87269516093403698
  0.88290624085200042  0.89352165979552944  0.90397071357466685  0.91425684380688643
  0.92477184672746116  0.93568631060639007  0.94662536007178533  0.95729167894028633
  0.96804745501893918  0.97881868475447920  0.98934518650221837  1.00000000000000000
 -0.00235898084811071  0.00949618987766996  0.01977372479731063  0.03074840344315109
  0.04163503438706498  0.05244118930267538  0.06288431084602762  0.07323222677075655
  0.08373950316344038  0.09449667960871815  0.10533069335233756  0.11615076026108673
  0.12712672935060543  0.13780361638535416  0.14769846830756858  0.15787944177400126
  0.16793278939467701  0.17881235402801168  0.18967004729048956  0.20050797011191951
  0.21118010132371415  0.22190951391071884  0.23245867977660117  0.24314424502970261
  0.25370347571538171  0.26423614659912220  0.27456611180536650  0.28506360829666649
  0.29573638423354759  0.30639723864828200  0.31702068084999063  0.32785028932637494
  0.33885672826022978  0.34999024094516734  0.36115149373314920  0.37188455352180805
  0.38250496440778459  0.39255846906971653  0.40310534280145571  0.41370638552652000
  0.42425585589647735  0.43416880937967611  0.44367219642122963  0.45391501089347080
  0.46423297291735321  0.47494313806698263  0.48581150586996369  0.49703672094282442
  0.50787500095948179  0.51885626294991205  0.52974455524646991  0.54068861763183385
  0.55101112791242757  0.56141263642224337  0.57201394543389916  0.58309486626519946
  0.59403602236196185  0.60422618251795890  0.61457527045982607  0.62504722530243317
  0.63560210260411554  0.64596478988211636  0.65637693155409249  0.66689278096308025
  0.67791556073837811  0.68893946545669327  0.69997496537174508  0.71098802269485206
  0.72202270038590832  0.73277586902921765  0.74270962067105695  0.75246002946599833
  0.76170046262474977  0.77146814348221826  0.78228045852857053  0.79310473396870518
  0.80363865119234257  0.81428903869333569  0.82485219631111151  0.83566825492615660
  0.84650916463529757  0.85712518946966565  0.86733678084959576  0.87753559554785376
  0.88771175274756053  0.89816492871509290  0.90868268013650377  0.91869027570003781
  0.92832746907040009  0.93835714769726897  0.94809776014781333  0.95917979261839581
  0.96961426470386147  0.97974482774094529  0.98990280204186787  1.00000000000000000
   1.2540548781050893E-011  -1.0000000000000000     
 F F F F F F F F F F F F F F F F F F F F F F F F F F F F F F F F F F F F F F F F F F F F F F F F F F F F F F F F F F F F F F F F F F F F F F F F F F F F F F F F F F F F F F F F F F F F F F F F F F F F F F F F F F F F F F F F F F F F F F F F F F F F F F F F
  <DiscreteSampler_grid>
  grouped_processes
  1 # 1 for a reference and 2 for a running grid.
  10 # Attribute 'min_bin_probing_points' of the grid.
  1 # Attribute 'grid_mode' of the grid. 1=='default',2=='initialization'
  0.0000000000000000 # Attribute 'small_contrib_threshold' of the grid.
  0.5000000000000000 # Attribute 'damping_power' of the grid.
 # binID   n_entries weight   weight_sqr   abs_weight
    10   10   6.002257374258845E+001   1.293363176599041E+004   6.002257374258845E+001
    16   10   6.002257374258846E+001   1.293363176599042E+004   6.002257374258846E+001
    22   10   6.002257374258844E+001   1.293363176599041E+004   6.002257374258844E+001
    28   10   6.002257374258846E+001   1.293363176599041E+004   6.002257374258846E+001
  </DiscreteSampler_grid>
