  0.00944432893302340  0.01506991828287885  0.02457228909330581  0.03682155114122560
  0.04813923027295623  0.05928012264611940  0.07034805094362297  0.08219617182763739
  0.09343575383011897  0.10464077945820968  0.11518875093006095  0.12594545652893016
  0.13631129006182319  0.14686114225945665  0.15765977408797516  0.16854001470038485
  0.17897152588940732  0.18954206415142633  0.20060000514423529  0.21158777210862281
  0.22176663885510572  0.23212522545499673  0.24298097771597491  0.25335028558761902
  0.26211128211935192  0.27142596125020652  0.28054509400418254  0.28996997873486952
  0.29976060994023995  0.30987548035715051  0.32066955429158001  0.33160753619296940
  0.34200341888268221  0.35221651205913634  0.36235496181795607  0.37247732351584201
  0.38244074039281373  0.39217872571853551  0.40165777884227943  0.41103861493545474
  0.42067297446193175  0.43066692144542995  0.44061526263240863  0.45023826928609539
  0.46020915178394323  0.47104376999243636  0.48228872515889892  0.49353502642053171
  0.50487243520783331  0.51631989117948962  0.52779063673707982  0.53954182798321959
  0.55142803051648881  0.56329852104550393  0.57487246643136791  0.58609411582866233
  0.59705914483779488  0.60794210016108408  0.61863770166738641  0.62989359184850890
  0.64136723106484161  0.65303200705328002  0.66481462133635616  0.67697830405239778
  0.68934379272656532  0.70154484327666156  0.71338501269273602  0.72479295444953462
  0.73572994615685139  0.74620218874300315  0.75631722314779726  0.76635938529618830
  0.77650983663787221  0.78678719200306302  0.79754438149313833  0.80885615148748524
  0.81985209348401489  0.83026957027158532  0.84059188754401604  0.85103464205006385
  0.86114729581983740  0.87139064623112461  0.88190853426141169  0.89268943234962095
  0.90313238026302201  0.91330427219472143  0.92378655190255599  0.93411160233815405
  0.94373174594677045  0.95266507685624835  0.96146970360681039  0.96987265135434197
  0.97813879091701361  0.98629476760530366  0.99017065554942119  1.00000000000000000
  0.00939794880065596  0.01544087635366598  0.02427562767231061  0.03456376806919205
  0.04504202461960782  0.05589848651101632  0.06711011146001464  0.07832812089989138
  0.08905877719012897  0.09989670352116375  0.11091894158598291  0.12217371781389354
  0.13328269102719179  0.14388614929341006  0.15402590112421832  0.16462135903645372
  0.17555942967091082  0.18657401620347724  0.19707502455300696  0.20777802056166653
  0.21817757482530908  0.22852193181303904  0.23858482818212098  0.24851319170105390
  0.25844580034304182  0.26863344104274994  0.27913262540678596  0.28953095110217392
  0.29938942650343991  0.30898283999580911  0.31873998539855453  0.32796712985229381
  0.33752043273844612  0.34722362877754231  0.35788045716856948  0.36902743808461247
  0.37982092685000585  0.39054770246935677  0.40100959887564558  0.41133155183432818
  0.42205667269581354  0.43255465264188264  0.44317212082423535  0.45315897276968820
  0.46270232720797250  0.47188407260746101  0.48152176612389741  0.49166772158493860
  0.50169425422295488  0.51143685399964733  0.52168946886542633  0.53272973545728819
  0.54378841044980686  0.55405150763244115  0.56387523374133308  0.57289165464762282
  0.58201236390904099  0.59118165403758394  0.60055050478958250  0.61023430889880548
  0.61988182279200432  0.62968248103592406  0.63992418072386226  0.65017001159773580
  0.66025523166445732  0.67070885694865334  0.68174253127555084  0.69278803892845475
  0.70360650155051585  0.71447286062701687  0.72568892235301019  0.73738631099434981
  0.74920813007475751  0.76070985361033883  0.77201128409873254  0.78323458169443183
  0.79453785008844691  0.80570295087031274  0.81687212427131706  0.82805795460175813
  0.83886207625328568  0.84959644550657032  0.86005265508241269  0.87065975223543213
  0.88150673928187040  0.89261800145979164  0.90380822515860748  0.91447790289309550
  0.92396005399346059  0.93311395359695737  0.94293989681152812  0.95305128259885707
  0.96307166259287214  0.97297447581382135  0.98503045257680477  1.00000000000000000
  0.05706038147010255  0.05864171322406991  0.06076515043335910  0.06326236973617499
  0.06601972328298382  0.06982933523374656  0.07378856991313204  0.07764021979066869
  0.08159489913707134  0.08561089768796397  0.08975376600043816  0.09391946826884955
  0.09812044448469794  0.10250619149541669  0.10693945708064737  0.11137842450946416
  0.11593397515896031  0.12055555303917727  0.12524759551992137  0.13003377557793191
  0.13490935447588137  0.14050195515699301  0.14536031375261757  0.14861524424034750
  0.14933343645694919  0.15060878847229889  0.15176476608198733  0.15349666090076985
  0.15585578305962441  0.15820613544898568  0.16055792002577421  0.16293444939176635
  0.16532687577098035  0.16773468737133052  0.17014342362223109  0.17254036484638779
  0.17495699533386438  0.17738824104807446  0.17984954627791319  0.18233399264284508
  0.18482888606066422  0.18734044349994330  0.18988339576098148  0.19246965745210004
  0.19508565668327865  0.19769802100173203  0.20036897426549899  0.20306266386593777
  0.20577989002347319  0.20853018533278234  0.21130302469082418  0.21412365289202687
  0.21696034243839396  0.21981626237121354  0.22265905503160816  0.22555702646660378
  0.22851487556106606  0.23156126025966212  0.23467615236797668  0.23782435364990870
  0.24099481339360534  0.24420611797877168  0.24746599277715808  0.25076794571904987
  0.25413759114876894  0.25758429613308170  0.26110885147171992  0.26469699300833610
  0.26830956096635095  0.27195618220533152  0.27570668175649576  0.27955269526408105
  0.28359377672761510  0.28777312641038699  0.29211612690535405  0.29656589368181469
  0.30121231185964731  0.30593788857337945  0.31078291911092232  0.31585009264319530
  0.32123110016342171  0.32694139728361210  0.33298497200612570  0.33939504444552487
  0.34628754021892244  0.35382187643736140  0.36209154926642634  0.37130638279771955
  0.38174700209332080  0.39383291233329709  0.40867888289460563  0.42734365266959207
  0.45320744786399697  0.49433605779147555  0.58773196536006611  1.00000000000000000
 -0.00299070111022584  0.01216842762130776  0.02489898721831402  0.03799311403825558
  0.05110964926845838  0.06326966427077541  0.07582044712745523  0.08718976571168237
  0.09777990499966129  0.10846896735272921  0.11844622594519663  0.12877074780274855
  0.13893590036052830  0.14968736587240714  0.16139131863295292  0.17322863120556001
  0.18537546851693293  0.19753312312035584  0.20995929234263472  0.22273943659261866
  0.23553935746521285  0.24810010992476123  0.26028791150808939  0.27162326559512961
  0.28170263751404567  0.29177769264755182  0.30227872045825382  0.31317687652333082
  0.32386607369119291  0.33496553930347939  0.34661468921323541  0.35777381144118825
  0.36802895968325494  0.37776370271649706  0.38720601194911353  0.39634399295653400
  0.40511129282653813  0.41389102564079294  0.42306868156538363  0.43249508034296091
  0.44189781600728345  0.45110758056507860  0.46077289700205765  0.47128282500000196
  0.48168224515957275  0.49142547487994093  0.50093559509586283  0.51049841680558239
  0.52036083556277946  0.53045546116493580  0.54059571802907214  0.55086431022229998
  0.56136062054194868  0.57218298436068782  0.58336356943530909  0.59483247893144309
  0.60611931145627118  0.61657187697978255  0.62675695139020315  0.63694552972749197
  0.64688688419366447  0.65704462136395325  0.66747116049255473  0.67836220099414468
  0.68943608794409705  0.70050778696798666  0.71105201529657813  0.72110850113482450
  0.73123577102802972  0.74132409459690241  0.75106292457250223  0.76057059393990600
  0.77005357188127121  0.77964255099519220  0.78903117971887471  0.79821864606029536
  0.80756150882546052  0.81693517355609335  0.82659862846944587  0.83655125230985194
  0.84666941205248569  0.85660412644577755  0.86569582361893382  0.87489745580954859
  0.88449324735242529  0.89405016429695883  0.90350858057284666  0.91308406462294700
  0.92319094479216590  0.93367218862337620  0.94382035820216925  0.95377585045671320
  0.96436912725007651  0.97542503132813119  0.98748469774184777  1.00000000000000000
 -0.00228198865924444  0.00989618546387004  0.02022888945529256  0.03058700576085625
  0.04105949576808253  0.05143960950662686  0.06208377602436937  0.07296631995190334
  0.08445882904783057  0.09492445504499350  0.10508030165914900  0.11527038916023248
  0.12561262375017146  0.13451020304708158  0.14346081444666020  0.15257854006577343
  0.16203330935806146  0.17177256501690757  0.18185561688067162  0.19265676569966136
  0.20461149748322061  0.21622543233664462  0.22789923200874571  0.23845132829688950
  0.24917337555875094  0.26016738993941857  0.27102160783281898  0.28150753709271104
  0.29176602608771035  0.30326144770839858  0.31438125645429132  0.32462047282721490
  0.33524895903102936  0.34633545647798714  0.35697690814757627  0.36731106855309109
  0.37806755952366800  0.38972147486577186  0.40163578149904272  0.41348694246645623
  0.42520990686403010  0.43685058302286228  0.44686661890811669  0.45689845168632071
  0.46645078273576313  0.47577731221336977  0.48499519643392208  0.49393978385635878
  0.50308506054353275  0.51283949658006156  0.52356480985604381  0.53547804461351112
  0.54701347618386886  0.55779403097153091  0.56836151581348371  0.57893287324583942
  0.58920714181246425  0.59954538337042385  0.61014579834945970  0.62072676399271554
  0.63111807714176826  0.64161508666750000  0.65250389794054942  0.66378440121709803
  0.67457420136545576  0.68489738407731016  0.69511189656001660  0.70498415278633741
  0.71506112427347723  0.72472114695351819  0.73470226414002426  0.74486964673524292
  0.75525075353124393  0.76614144711039245  0.77689447120124533  0.78736837122606718
  0.79811957294178437  0.80910127128790121  0.81973645610373769  0.83012483607814869
  0.84043876876482115  0.85121156428013867  0.86231921765234854  0.87376229565826902
  0.88517247843033386  0.89673925008667477  0.90823937343643035  0.91921771315615675
  0.92908156047122348  0.93865338872760262  0.94940146416898474  0.95976722630412048
  0.96941075868009652  0.97910836735822682  0.98939178339790146  1.00000000000000000
 -0.00270890229944155  0.01184063778081956  0.02366026816148214  0.03602747123771186
  0.04793612651127002  0.05898518105314177  0.06966700399956086  0.08015355594057846
  0.09077184856851143  0.10155481299823507  0.11251123318577992  0.12365230662447850
  0.13448752503974834  0.14542986055796991  0.15653951681999106  0.16813724943183739
  0.17879263973711701  0.18964667973644625  0.19910452970196835  0.20858573696576505
  0.21810618239846943  0.22802941571396801  0.23843150112160982  0.24877641002586542
  0.25912913446267738  0.26974554296319553  0.27968487000840064  0.28944693932348664
  0.29886656740134077  0.30803682714013808  0.31692970797085757  0.32512245892089614
  0.33362686893687438  0.34233274279850373  0.35119797954922849  0.36031554468147137
  0.36975476897885612  0.37957288825519336  0.38991515719702552  0.40019759456755427
  0.41014058990753699  0.41998257754095469  0.42946786901209322  0.43834370731362199
  0.44693696421697671  0.45554711796339187  0.46499435574779185  0.47553386229256361
  0.48641961997597294  0.49705980935611022  0.50730541614161750  0.51719931423631238
  0.52758020427966967  0.53883971723142010  0.55008896691782561  0.56116878892810229
  0.57247198692051582  0.58380064423564393  0.59546891775975097  0.60658250350364107
  0.61698724747165112  0.62732552488593485  0.63779224830416714  0.64815107491859247
  0.65801974979932243  0.66761706339741111  0.67736238281660710  0.68742150866846496
  0.69775589852712960  0.70787429535279756  0.71756512697967478  0.72765650644499635
  0.73858689550000955  0.75020552671161689  0.76146598404165078  0.77290663852690311
  0.78447549985169907  0.79544205672974011  0.80534942642657659  0.81535788876526738
  0.82545267835101332  0.83544278771959157  0.84560365158861606  0.85666380580806056
  0.86896115579966760  0.88071912555730714  0.89182422725096155  0.90278035304713733
  0.91373832863925952  0.92531950813722674  0.93697838361481089  0.94896540154825648
  0.96042920252959907  0.97326408907589823  0.98647865300970550  1.00000000000000000
 -0.00236123425291882  0.00969207607095639  0.01963325197368383  0.03015053686040804
  0.04083701973635111  0.05121025978504622  0.06074230745828367  0.07065374773966691
  0.08078216681142901  0.09190364795744070  0.10281344896723696  0.11361884664203485
  0.12451413209830016  0.13436133803036002  0.14410737147381794  0.15354684096883209
  0.16362553677704017  0.17479293330907736  0.18650028429441134  0.19756019772686029
  0.20850533038339572  0.21881805575059660  0.22938778122864420  0.23979899640957791
  0.25018633368297399  0.26068233278567027  0.27138214197644256  0.28208661677029911
  0.29285048456897267  0.30385664395209577  0.31524227296035950  0.32708628027821329
  0.33867920365390164  0.35014936908134159  0.36068143765385197  0.37077514017281998
  0.38094089031554756  0.39088513848202444  0.40130669253600265  0.41185277367727013
  0.42282223253822510  0.43383635689448546  0.44430912340947243  0.45489873914376217
  0.46583904363543455  0.47689360399050179  0.48707812562847302  0.49684278610713750
  0.50712625727527028  0.51766148038830162  0.52770946661570761  0.53763238349819198
  0.54812368792336874  0.55962419760249571  0.57086926732760834  0.58157541461749496
  0.59161695573392314  0.60160307297601567  0.61206199725689492  0.62252082502619344
  0.63279952347311119  0.64293241581106042  0.65366117462231232  0.66479527451471743
  0.67479520625720657  0.68455070599470980  0.69451506516297212  0.70408081331747352
  0.71416546741208153  0.72443961895644071  0.73519128303481862  0.74532013477460268
  0.75491782753485437  0.76452504061162141  0.77454050221401216  0.78443624326129935
  0.79456743640984107  0.80536444835494736  0.81629670651914654  0.82741437495857983
  0.83829480336319395  0.84888314237968765  0.85882244176476330  0.86821693788344723
  0.87768666741234713  0.88735706510733570  0.89732105995980360  0.90751713366029019
  0.91818625605227822  0.92916816260113289  0.94015016395396422  0.95097347771495044
  0.96217852128049186  0.97460254980999017  0.98698667695371711  1.00000000000000000
 -0.00198449062985809  0.00842542033649850  0.01755286225802967  0.02771375272627823
  0.03792954067522650  0.04779365530120090  0.05811415574459837  0.06891902853982883
  0.08061070364340676  0.09109137428133800  0.10136276087771956  0.11097967339237787
  0.12044296312914059  0.12971158089043816  0.13905573381880967  0.14861360077333835
  0.15814609387667267  0.16727009740080331  0.17637297945093072  0.18557989275794751
  0.19509268506569338  0.20462082710508142  0.21393182562234575  0.22338539564984555
  0.23377914836704256  0.24530769843774389  0.25693629997133982  0.26831853482859724
  0.28011495101017481  0.29179764812471476  0.30297247601236743  0.31368677094424152
  0.32423759652214673  0.33489727193343694  0.34564431913282068  0.35613965449199680
  0.36616458703673577  0.37603648881627094  0.38621790977042864  0.39692583615623184
  0.40782397442470758  0.41843772483038288  0.42869275146349994  0.43932654176014962
  0.45030495751304439  0.46135447285577391  0.47198857201050282  0.48290477684341609
  0.49449130878758463  0.50659978142797379  0.51932998964083699  0.53222011287625370
  0.54494166377837772  0.55741357186167473  0.56907724294293593  0.58036592424337285
  0.59091304235455633  0.60114993780047532  0.61098377487322997  0.62148969932158105
  0.63230053102887540  0.64351123891493867  0.65514519267600679  0.66740547970860220
  0.67906818810589553  0.69045598042747425  0.70191053531515724  0.71321017947004972
  0.72481335148096293  0.73672083262946331  0.74839820107986255  0.75924943366292552
  0.76976564647077661  0.78012067233174154  0.79050394788285550  0.80086682931316877
  0.81137411409138049  0.82187319640942835  0.83199002010252199  0.84192783842317076
  0.85196824034495688  0.86224396685951166  0.87230048804148563  0.88259448138585783
  0.89289134227324574  0.90256156042174562  0.91181260178985235  0.92105259685386076
  0.93047276572726145  0.94011099697549871  0.94945676403310675  0.95911423996833267
  0.96986756128120311  0.98038259589243482  0.99039267849109203  1.00000000000000000
   2.1874675419110123E-008  -1.0000000000000000     
 F F F F F F F F F F F F F F F F F F F F F F F F F F F F F F F F F F F F F F F F F F F F F F F F F F F F F F F F F F F F F F F F F F F F F F F F F F F F F F F F F F F F F F F F F F F F F F F F F F F F F F F F F F F F F F F F F F F F F F F F F F F F F F F F
  <DiscreteSampler_grid>
  grouped_processes
  1 # 1 for a reference and 2 for a running grid.
  10 # Attribute 'min_bin_probing_points' of the grid.
  1 # Attribute 'grid_mode' of the grid. 1=='default',2=='initialization'
  0.0000000000000000 # Attribute 'small_contrib_threshold' of the grid.
  0.5000000000000000 # Attribute 'damping_power' of the grid.
 # binID   n_entries weight   weight_sqr   abs_weight
    10   10   1.250840254598690E+004   5.415355339070513E+008   1.250840254598690E+004
    16   10   1.250840254598690E+004   5.415355339070513E+008   1.250840254598690E+004
  </DiscreteSampler_grid>
