  0.00002150660853980  0.00005076150723407  0.00007146635041259  0.00007950842243007
  0.00008558801842278  0.00009174781788043  0.00009839801321176  0.00010628900292363
  0.00011496760665773  0.00012466296101907  0.00013566224306070  0.00014698533197532
  0.00016386582848902  0.00019316058885797  0.00022775477011928  0.00027025568022129
  0.00032529219577209  0.00039701931542918  0.00048899044349420  0.00059985470057366
  0.00073123627431855  0.00089234985348237  0.00109099396387598  0.00132231584855836
  0.00159725615552122  0.00192812412135272  0.00235124553219379  0.00287967949284659
  0.00353362644268831  0.00437587566521374  0.00547059370586959  0.00697766309461756
  0.00918092610684578  0.01248024023796873  0.01789814779893343  0.02645335541637205
  0.03867584184718403  0.05446021280804581  0.07244817759062683  0.09177604985367749
  0.11185180908484606  0.13225309231430196  0.15287485181501242  0.17351545698609069
  0.19413290408773953  0.21488273697662280  0.23548470366963392  0.25584345392612307
  0.27629683863913490  0.29691579628489956  0.31758892406864331  0.33812776140297168
  0.35864255700634151  0.37916873287875991  0.39943943669215687  0.41971590849117602
  0.44023246359213974  0.46079192408699443  0.48115737809212100  0.50149348196289789
  0.52196606289202152  0.54250003598139729  0.56293414297649769  0.58324437619828706
  0.60352564510025586  0.62390586530120673  0.64429291375414621  0.66456400911826519
  0.68468954312430685  0.70469463701546609  0.72472381986116652  0.74478786581992718
  0.76470484354853763  0.78447160543138095  0.80418673687389497  0.82380499392281226
  0.84324294337060079  0.86247666226885356  0.88133405454467673  0.89962202360350463
  0.91713467678816252  0.93368072819152148  0.94893119258595204  0.96213871614464297
  0.97286348416662138  0.98115575293543389  0.98719003633267999  0.99140392982143843
  0.99423935158764509  0.99613457896270452  0.99744601650942044  0.99837151154592529
  0.99899083944318223  0.99940415102706637  0.99972266059998538  1.00000000000000000
  0.00001662336234932  0.00004791586348077  0.00006803234897361  0.00008000247516919
  0.00009033083656741  0.00010180919988359  0.00011470635971469  0.00012822723804927
  0.00014887941438223  0.00017767176045488  0.00021400790157405  0.00025721600613219
  0.00030886130202356  0.00037143461518761  0.00044806251481797  0.00054420009544905
  0.00066572145981160  0.00080868890200422  0.00097283898685104  0.00118627115984637
  0.00147397745755564  0.00183231207614597  0.00226628783120660  0.00278882815785303
  0.00343238006379452  0.00427234783223687  0.00541465387775476  0.00711564900781413
  0.00977632366226324  0.01386586105880883  0.02006161673517764  0.02924953477273627
  0.04196471922761739  0.05786484943322159  0.07579621184965650  0.09503903066212832
  0.11521533615100779  0.13575278474427308  0.15626073416840139  0.17659649504390640
  0.19718889603255488  0.21783649944605557  0.23847184587945600  0.25899692046488998
  0.27950681597211108  0.30018101455104396  0.32095699103231351  0.34176146114589001
  0.36250537523961013  0.38312396384900438  0.40375628220954185  0.42436605629924062
  0.44479348772763860  0.46526314423423343  0.48586468619665213  0.50651483754987825
  0.52719703167660426  0.54782449114397325  0.56826150182652735  0.58859336404578799
  0.60891590988851929  0.62907419679820586  0.64930721876245490  0.66947072689247067
  0.68941657537643020  0.70955803528055261  0.72962078031395328  0.74966781157118878
  0.76961252124732882  0.78942989217347359  0.80925261940210369  0.82898638431841143
  0.84847358982916798  0.86761320273997433  0.88631019077132323  0.90456506036095452
  0.92208453283644165  0.93840905522509088  0.95321944165674177  0.96600170576163946
  0.97617568357662932  0.98371477990973555  0.98882892953269008  0.99226626336117818
  0.99463921337668171  0.99633098793181496  0.99752557209556592  0.99829267730482607
  0.99879650748445281  0.99920176971525243  0.99942638156144026  0.99957899487866220
  0.99970691254647770  0.99980686030609311  0.99990421424856002  1.00000000000000000
  0.00084246865761610  0.00107901996786879  0.00121342904672224  0.00137269920923637
  0.00154082112647636  0.00172363778097279  0.00190492324281798  0.00202610664028642
  0.00219924879170589  0.00244816923453310  0.00271537961278730  0.00300195717910488
  0.00331328281266476  0.00365516827604288  0.00404155286092702  0.00446462350175734
  0.00494354530146646  0.00547503860584889  0.00605001138594617  0.00665141568722743
  0.00727118554761200  0.00790008219438789  0.00854075224543487  0.00919809812992445
  0.00988163555549819  0.01059476383983243  0.01133025647490803  0.01208632965637594
  0.01285232464669635  0.01366172523438110  0.01453682002746633  0.01539862984192074
  0.01628623990329556  0.01721754624171626  0.01819555973795714  0.01922318398215953
  0.02029778440514952  0.02145097084245235  0.02267258696390292  0.02394999027951073
  0.02528932754048334  0.02669617005552961  0.02817350927531716  0.02971422422459301
  0.03133972489173145  0.03304655490473153  0.03481091436629052  0.03663306857687931
  0.03849540218072166  0.04043899486748965  0.04249127922027842  0.04468894990914608
  0.04705622818700783  0.04955827294140230  0.05207543486604820  0.05453655681908894
  0.05703110367248620  0.05967142028805088  0.06255202498182424  0.06573488574329496
  0.06916513811081788  0.07275361087403093  0.07649670458036872  0.08036316161732589
  0.08435829260308988  0.08864024473056538  0.09326904109420200  0.09821735240376814
  0.10208178641156043  0.10579849343344394  0.10978247245234438  0.11357788797356574
  0.11836419798438153  0.12418164654930978  0.13053364154973804  0.13776783080441798
  0.14585358796857242  0.15452419301744530  0.16376786973843882  0.17368400290860622
  0.18426628441661669  0.19549388412571517  0.20753749227324164  0.22058405163410455
  0.23485194216227132  0.25009996890115582  0.26585377812072891  0.28280751999006487
  0.30132639744923928  0.32233504887779740  0.34486684135534312  0.36981844497046068
  0.40023211769706690  0.44099580819456191  0.53898092665103270  1.00000000000000000
 -0.00242151880130403  0.00922962026425445  0.01973846890075353  0.03051762369874582
  0.04065986911185936  0.05136702539051208  0.05834196146279952  0.06565882327169688
  0.07315456113358755  0.08071489890788767  0.08962966961408353  0.09958203195415295
  0.10929917835246410  0.11870045070773931  0.12777876026765278  0.13696569587356772
  0.14631857068461696  0.15605827491705423  0.16566953623171687  0.17531930759066561
  0.18507986084083505  0.19495529748068877  0.20459654807030206  0.21415018677544331
  0.22349187880029794  0.23304885948519694  0.24271510163481613  0.25282441837790148
  0.26298558144392781  0.27324585472993251  0.28363024708234658  0.29411175012517832
  0.30438277018694143  0.31469229102806567  0.32496327179565154  0.33548826488563760
  0.34607949189180953  0.35671829947466505  0.36734116108267739  0.37797020615709537
  0.38872364065727566  0.39933395701559887  0.41004678000018074  0.42068187134706070
  0.43150504419927588  0.44247788207184763  0.45356830933322750  0.46489072820549848
  0.47638974545508683  0.48784530480364313  0.49909643767997297  0.50998878981194207
  0.52108565338724444  0.53275714477447700  0.54377772752386466  0.55398074910244699
  0.56429693519695823  0.57468476447069161  0.58611036597026867  0.59792927215712166
  0.60939950853383751  0.62103315561676387  0.63271130977768786  0.64420729642871899
  0.65594936039267648  0.66750463589316444  0.67871141642194355  0.68962894379651951
  0.70077434621155388  0.71226385049999930  0.72407511239986522  0.73580547427631882
  0.74763274587047956  0.75890004576022974  0.77016037951597116  0.78119343682170872
  0.79261387376109216  0.80408387127802095  0.81552687466379814  0.82720460566371112
  0.83839041842118045  0.84833536927492170  0.85829349284222578  0.86812920240498137
  0.87888309094786921  0.89048036332216063  0.90178147608607373  0.91306469495913123
  0.92421305816793076  0.93523743813628468  0.94606676990780059  0.95679663437186591
  0.96686722546135262  0.97757033067504306  0.98807819186068058  1.00000000000000000
 -0.00218572947380190  0.00877701900725086  0.01936682337020180  0.03035098995939026
  0.04129363764302445  0.05208774406698394  0.06242954936061215  0.07256002128488311
  0.08276656864320253  0.09324992909144141  0.10401557964426750  0.11480964048173249
  0.12547261141124097  0.13606796669094889  0.14654190078021023  0.15730955592024570
  0.16817249555884656  0.17925855000602270  0.18985734305031512  0.20013784829154690
  0.21048811384620869  0.22138981544961819  0.23260346440115220  0.24388468283261358
  0.25414426696398668  0.26352849813498003  0.27323696623578159  0.28304827361865631
  0.29379467436280760  0.30514121905877695  0.31650396469198588  0.32731603698015166
  0.33779301458221733  0.34816006983255304  0.35887936977607637  0.36985221738973589
  0.38084923659784942  0.39188144988179557  0.40291671861376438  0.41404414689880226
  0.42498698986972938  0.43590079385511860  0.44674645289840476  0.45772928141588659
  0.46859162280029265  0.47893883667894560  0.48893187932706550  0.49896015907780972
  0.50981619863415262  0.52114423745479832  0.53232577630752964  0.54337243851295081
  0.55419587694671713  0.56501005572812979  0.57580069877746676  0.58653705722761140
  0.59721412231126991  0.60783109750770614  0.61843536617195871  0.62919575334572264
  0.63997810272189826  0.65087320191808373  0.66174355147088659  0.67267976165986176
  0.68356822095228020  0.69330376457575860  0.70164073752580025  0.70987682431383337
  0.71779621149333017  0.72597378610404029  0.73640612628274282  0.74648692481195711
  0.75674875777936745  0.76727128949457490  0.77818688628357113  0.78911149196370300
  0.80008082704677730  0.81108040425728190  0.82222036968057999  0.83321481826640031
  0.84404002971612768  0.85477950452638662  0.86566901508196548  0.87671223986258529
  0.88759904229819642  0.89829647756649844  0.90889622844849516  0.91947103305059574
  0.92993858069245638  0.93983480767918326  0.94968834009756542  0.95950370933811513
  0.96921112979526136  0.97969666495416885  0.98974399321427242  1.00000000000000000
 -0.00185907189916836  0.00772122332171517  0.01694372009919651  0.02747379444526393
  0.03525625076279425  0.04285567867341601  0.05044182184242459  0.05778605863607245
  0.06645722553967273  0.07659920228422686  0.08652861286881926  0.09611051434022660
  0.10556127735181196  0.11507686441332232  0.12483119022104297  0.13483809354036755
  0.14493313858151433  0.15479482440767853  0.16431419241868220  0.17380161286327933
  0.18352549174890403  0.19347285481984325  0.20350454504029761  0.21365912155956426
  0.22386941873631044  0.23394185041782584  0.24393079467272807  0.25407487542368129
  0.26442517827298639  0.27471152024440593  0.28480471276176594  0.29462278622368820
  0.30411230762163194  0.31373906268713647  0.32366097860673210  0.33409727018301716
  0.34476384794513515  0.35534116457588610  0.36598829583177894  0.37661359988037996
  0.38729553477948142  0.39806585370994035  0.40896687555515127  0.42007623314232889
  0.43132968723448067  0.44272525350499675  0.45412284451921592  0.46541612027780127
  0.47664446837380670  0.48780290677494853  0.49888298956149574  0.50978678187543225
  0.52056937697178374  0.53141127609483529  0.54244795706546811  0.55364060203680754
  0.56482560378659596  0.57590337792531576  0.58710859963239459  0.59854886750757952
  0.60994036837703680  0.62099215499154159  0.63189951478669937  0.64285418992277199
  0.65413973340281573  0.66589419166005881  0.67791570909680055  0.68991020271448866
  0.70135596160395131  0.71236866455946590  0.72350785953510444  0.73500051769509811
  0.74652135575040846  0.75755924213948522  0.76852571443169937  0.77980689837901229
  0.79139113382479198  0.80242925016040378  0.81324663018483867  0.82425825892491367
  0.83570643307307790  0.84722815977023525  0.85871652883293115  0.86973934247552998
  0.88070145629968177  0.89171805089435985  0.90325988442004079  0.91455259347024864
  0.92568678484499300  0.93698938251774422  0.94879420251943714  0.96023894449789438
  0.97044554953287798  0.98044863959634865  0.99043102552967044  1.00000000000000000
 -0.00256054004370655  0.01023212941573191  0.01986403498887339  0.02868092032234720
  0.03796396500387957  0.04782438119691694  0.05856859795675945  0.06944529945367747
  0.08016662438748925  0.09110401897270765  0.10217037556635310  0.11326782106043493
  0.12435031578928976  0.13500866187124522  0.14564188063544795  0.15628318712647024
  0.16680272385142203  0.17743248981905349  0.18809750146533982  0.19913094498355211
  0.21003347583829776  0.22080708537509486  0.23159456361277989  0.24148125991418992
  0.25179690668127136  0.26225129947163034  0.27355056868666172  0.28490174229091425
  0.29589783218985938  0.30670396238223235  0.31714448851109467  0.32784243163850679
  0.33824162093625332  0.34863772309779845  0.35885204216364425  0.36950861824748737
  0.38010026290697829  0.39052716433937434  0.40101486053821506  0.41170843472045565
  0.42279346801111806  0.43367361433959761  0.44430439537061867  0.45468007049838571
  0.46508495418928247  0.47585387934298601  0.48642177797623226  0.49713065238831189
  0.50804764754574638  0.51934661175212571  0.53072523984490572  0.54122631587787706
  0.55069097858666316  0.56030289088212204  0.57027872455485973  0.58046605298682097
  0.58911667043556137  0.59746000410279099  0.60573847219688537  0.61378117410470356
  0.62327070172913779  0.63414136231786666  0.64489623142317887  0.65597528888628442
  0.66722484811102512  0.67837854222478877  0.68943229036053999  0.70046821662581815
  0.71157289765652365  0.72260640020990996  0.73342895902501382  0.74416499762658306
  0.75482077267013703  0.76569984122375834  0.77669964439048833  0.78781783374065362
  0.79885303935490826  0.80977152482756476  0.82062554991212711  0.83136783077072918
  0.84195124837124957  0.85255824762733001  0.86305089690602976  0.87376411553259314
  0.88413363621165186  0.89420082928996636  0.90397843505903341  0.91392012071509732
  0.92472628888018849  0.93553845239622724  0.94629368396271341  0.95709710723106689
  0.96757578768065566  0.97848627106853747  0.98826563721940663  1.00000000000000000
 -0.00228035585874646  0.00908138566876232  0.01883563307678136  0.02963304312073786
  0.03976431421857372  0.05023664693182302  0.06152031856705539  0.07278360571618601
  0.08407097559190466  0.09502917492513188  0.10593244686788898  0.11684512786896913
  0.12751302469751472  0.13806451274976503  0.14852579093629709  0.15921732813350795
  0.17008040010165071  0.18092308876101362  0.19183160980780412  0.20252314998251894
  0.21336273234947689  0.22366849797565933  0.23397647000017155  0.24389930972978208
  0.25439688053396803  0.26515670539232239  0.27633466485891167  0.28764171436056746
  0.29894365043467669  0.31019189632225275  0.32150926912966726  0.33254467159690915
  0.34256848394126765  0.35229655929739023  0.36213507203595702  0.37265963978916233
  0.38351352375489872  0.39415790969272529  0.40475853890898578  0.41540190164820751
  0.42630869363972718  0.43730754112707915  0.44824790042471901  0.45912535653053949
  0.47003997479076981  0.48111434809846276  0.49226073319401065  0.50353820926446713
  0.51489783249492005  0.52621894388706225  0.53734801503347307  0.54821175389777210
  0.55883573211866699  0.56942768278634903  0.57991836206837610  0.59038053802579871
  0.60097464392193434  0.61179281567456789  0.62250657337122228  0.63229742699156599
  0.64175015754560327  0.65182410239577626  0.66273053743695198  0.67375839182532815
  0.68444342339674680  0.69481023775052841  0.70519128660632624  0.71572655156984188
  0.72636415598070236  0.73674622282081048  0.74677706621978623  0.75681076656906521
  0.76708858729766471  0.77773906963249562  0.78847566904705513  0.79924093801217977
  0.80992536349810129  0.82065191999031317  0.83151590536515263  0.84243007532282965
  0.85341154196275237  0.86432853062674220  0.87420534960107588  0.88236696952465798
  0.89059065080202393  0.89858781132149090  0.90680020702385744  0.91681296731354778
  0.92649782043272833  0.93546812715493244  0.94629318473913515  0.95759009962597164
  0.96868203817721799  0.97939565264379602  0.98974880022022815  1.00000000000000000
   1.2344350933033710E-011  -1.0000000000000000     
 F F F F F F F F F F F F F F F F F F F F F F F F F F F F F F F F F F F F F F F F F F F F F F F F F F F F F F F F F F F F F F F F F F F F F F F F F F F F F F F F F F F F F F F F F F F F F F F F F F F F F F F F F F F F F F F F F F F F F F F F F F F F F F F F
  <DiscreteSampler_grid>
  grouped_processes
  1 # 1 for a reference and 2 for a running grid.
  10 # Attribute 'min_bin_probing_points' of the grid.
  1 # Attribute 'grid_mode' of the grid. 1=='default',2=='initialization'
  0.0000000000000000 # Attribute 'small_contrib_threshold' of the grid.
  0.5000000000000000 # Attribute 'damping_power' of the grid.
 # binID   n_entries weight   weight_sqr   abs_weight
    10   10   5.628256473080977E+001   9.420441526534938E+003   5.628256473080977E+001
    16   10   5.628256473080977E+001   9.420441526534938E+003   5.628256473080977E+001
    22   10   5.628256473080976E+001   9.420441526534936E+003   5.628256473080976E+001
    28   10   5.628256473080977E+001   9.420441526534938E+003   5.628256473080977E+001
  </DiscreteSampler_grid>
