  0.00900803385710539  0.01662633715454944  0.02765287277449878  0.03957357617218487
  0.05098748833179946  0.06231931934252025  0.07373128958105869  0.08462308395763474
  0.09571834415155241  0.10674153149401491  0.11803692996987765  0.12951678764445923
  0.14055109097519788  0.15178629280236430  0.16244703119229872  0.17267889422050214
  0.18326769049037153  0.19429170602466694  0.20603518076599991  0.21758595814287651
  0.22871977962333706  0.23913236204357760  0.24917645454278395  0.25952216997364225
  0.26996600274978860  0.28043196977695584  0.29096784745940646  0.30146835303603281
  0.31210031154398526  0.32282418985363914  0.33345031628474492  0.34409033270507561
  0.35472187387049725  0.36522168316625314  0.37566253150071505  0.38608985544803937
  0.39659048674506653  0.40683336222345684  0.41716187619890305  0.42793468545870150
  0.43949381822535349  0.45110199577215809  0.46233701943813482  0.47258849260710234
  0.48239382310747320  0.49149724756770835  0.50090348302204435  0.51063520298525322
  0.52039630373887802  0.53003881091010130  0.53984489283016535  0.55036396102618679
  0.56136562172448046  0.57212899029665187  0.58301137758305455  0.59411143262908062
  0.60510293564305218  0.61573505015306096  0.62622729404231425  0.63669177731757598
  0.64707228498822844  0.65720972044039216  0.66762197125934508  0.67805130940568292
  0.68803689496730702  0.69845680020418111  0.70923803276456887  0.71999671462108072
  0.73045057650167222  0.74071612131428333  0.75079384785626113  0.76034050062429781
  0.76971688201529853  0.77908476830934681  0.78852423339950928  0.79801436707519713
  0.80757666352355928  0.81718857635836162  0.82661755396932368  0.83688398696165067
  0.84676491089865480  0.85662811819654905  0.86577929541527199  0.87584808668113145
  0.88731078575127675  0.89841543764181953  0.90915107121676353  0.91972323712248583
  0.92974754873025378  0.93984723245303703  0.95021877078228389  0.96045907523193197
  0.97084334613541279  0.98125655073901641  0.99134669637446482  1.00000000000000000
  0.00904880900928489  0.01648466081724718  0.02659231010793396  0.03797000425727145
  0.04922234743232445  0.06095675735027782  0.07139323016359608  0.08167526535460760
  0.09049762702298049  0.09933735465969366  0.10793377783131773  0.11653045009867655
  0.12531389181591426  0.13431575984611072  0.14334144786607830  0.15330650746749652
  0.16386728535642975  0.17485067382651812  0.18598848007698632  0.19710718940674099
  0.20815483959693712  0.21890635125476637  0.22982383271592649  0.24125993858759498
  0.25287742011789111  0.26432058052624341  0.27520508273424665  0.28568167400485422
  0.29612980153246343  0.30601149442137271  0.31572651499896520  0.32541777659400301
  0.33551411357808469  0.34628032637041017  0.35724979853009275  0.36781979733539494
  0.37795265969747516  0.38812115461715135  0.39860819929666336  0.40920206318193264
  0.41973323022988801  0.43036418885200295  0.44094627235084083  0.45049932656756397
  0.46093842669891733  0.47091132592964641  0.48091835031517960  0.49099770811996069
  0.50147113957671241  0.51259389675661515  0.52376852155443521  0.53435586932293155
  0.54463826926231662  0.55492982719892225  0.56539945882364373  0.57611802504473120
  0.58709990418468261  0.59865402093362308  0.61008684696446003  0.62130051409948073
  0.63223603740590795  0.64343067827028344  0.65460876615087937  0.66602498990145398
  0.67705184819115449  0.68794390266635241  0.69903579272245231  0.70987224190581688
  0.72011335287807476  0.73032766007900862  0.74093290994626415  0.75204000761022061
  0.76310606068011366  0.77361203294370418  0.78394259851506909  0.79392873948453468
  0.80346068781677715  0.81269205788578813  0.82154422008002215  0.83074347670164006
  0.84016027123508996  0.84969452583334892  0.85902453939708889  0.86833229272778589
  0.87780887829446763  0.88750652323708057  0.89803040707058823  0.90931379664529632
  0.92060024418124919  0.93161047948604547  0.94284334969330341  0.95438465079289059
  0.96568359684825511  0.97710044733568779  0.98836619936907899  1.00000000000000000
  0.05735861429370177  0.05821684250021853  0.06003588024840589  0.06224305494764835
  0.06469250334274952  0.06853623724528665  0.07228342822718807  0.07594281265066211
  0.07972149130589092  0.08355999198358702  0.08753031980007397  0.09151339621172104
  0.09551124033965529  0.09976891647674677  0.10405592185198100  0.10838011257761627
  0.11284633878942898  0.11738843146654550  0.12205056628357024  0.12679547756897203
  0.13170738075608265  0.13714290505744259  0.14230549301103057  0.14640852555626577
  0.14830729582931673  0.14964553794709165  0.15081009096445802  0.15199941603525940
  0.15384346459568252  0.15643784675326552  0.15887461346530657  0.16129404172182366
  0.16369358753260624  0.16608920263827828  0.16849477632697651  0.17090086091957152
  0.17332590518572794  0.17575637357832280  0.17820287427194303  0.18065313867440833
  0.18312744205230755  0.18565109259808185  0.18820858733317780  0.19080270282931622
  0.19341700802517828  0.19605048273697107  0.19870958869522873  0.20139645390446628
  0.20409990963130040  0.20685749370772222  0.20967660538289110  0.21253883283282307
  0.21542498306841484  0.21834056824178752  0.22130165247200959  0.22431433199877232
  0.22735121436450401  0.23041464270062795  0.23351681264916260  0.23668551993998371
  0.23990240647531852  0.24317336747391999  0.24651996439906496  0.24991311104626418
  0.25336554503594882  0.25683822850844124  0.26034780880150016  0.26393439189896423
  0.26759170572708146  0.27129559682113186  0.27507423364983791  0.27893998627300837
  0.28293453275596442  0.28708520342354055  0.29141724288075704  0.29591346931636997
  0.30059398999395581  0.30540385962676936  0.31042116378894941  0.31568664800275553
  0.32118310266238964  0.32694092689999771  0.33301197539362021  0.33949257288919049
  0.34653691256923003  0.35422927181961683  0.36266428763806424  0.37207807893249922
  0.38267063567211163  0.39493922467277492  0.41003502551048537  0.42888525624849411
  0.45563933620384262  0.49834515353939107  0.58479834872275094  1.00000000000000000
 -0.00334079529220870  0.01316135199335568  0.02602488125381839  0.03843277180928599
  0.05092255239008826  0.06258098774822335  0.07335810325293833  0.08388903745823670
  0.09586960931773711  0.10778688984639226  0.11933016111969118  0.12993027051021491
  0.14049137033006914  0.15076795015732586  0.16094751791462189  0.17145514974554993
  0.18246822558250989  0.19357732776232900  0.20456784740623063  0.21553149703829233
  0.22631717011209102  0.23644926761190757  0.24634874623041922  0.25629374583682174
  0.26659094340776768  0.27693323797411562  0.28684987244788707  0.29633270706558718
  0.30537677500631510  0.31456630219982651  0.32416166752744069  0.33401164925490628
  0.34378823772839279  0.35360168355887789  0.36372735556792962  0.37429061162103067
  0.38496095582403744  0.39576307884142264  0.40658412029101809  0.41745031887246109
  0.42759267005940582  0.43762038372463358  0.44665712165970733  0.45532684785196315
  0.46407284512427621  0.47305041237395368  0.48240142383350587  0.49246802842911042
  0.50285471285982597  0.51399928035661702  0.52471163057719050  0.53451646949344656
  0.54476980856312385  0.55538846288984733  0.56579258767392560  0.57605374811601107
  0.58639526039037670  0.59695709579034184  0.60760734553222218  0.61816895535644711
  0.62792192514496104  0.63697163957295000  0.64598249798175378  0.65563401838450974
  0.66596266895230372  0.67635863458592949  0.68685462553653731  0.69760334647488098
  0.70820877641485158  0.71835158832145529  0.72833568160260098  0.73847669723445553
  0.74874704247540125  0.75890271646050911  0.76867831096899153  0.77804523061333997
  0.78722093804736715  0.79695502709878063  0.80698251162058754  0.81719106496617333
  0.82736597502720033  0.83798331505007961  0.84955880919585436  0.86182568094287715
  0.87404877152273452  0.88540798913458285  0.89613548601704640  0.90712045712746159
  0.91851385594762047  0.93002856385915100  0.94236353655048988  0.95523143377344955
  0.96697362753512850  0.97795906700411384  0.98885772831603436  1.00000000000000000
 -0.00254939268741983  0.00932321743993094  0.01940420651159612  0.02959074640160009
  0.03968340485134044  0.04978527906091651  0.06033513319803516  0.07127206317577331
  0.08179869305072759  0.09230231779062231  0.10271509465744325  0.11258741397247950
  0.12202419142571232  0.13179918505253851  0.14180574036532537  0.15202118386555610
  0.16210738499510319  0.17274628488867391  0.18396139188350680  0.19513957326783402
  0.20635456473660377  0.21773673604101107  0.22947529069546962  0.24092649482733855
  0.25191242943827147  0.26331002824211813  0.27516607518036290  0.28746868161639744
  0.29915759320076757  0.31017427005715864  0.32075115618716699  0.33097969898141849
  0.34129248102046783  0.35175128473200867  0.36255167163987351  0.37374849493901807
  0.38545417295821011  0.39683290043526581  0.40739476956179782  0.41771121993965865
  0.42816394514139500  0.43862199686809417  0.44879066755813046  0.45867146976115575
  0.46857571881446458  0.47867403766451383  0.48938100212906183  0.50042225341684443
  0.51146845458820411  0.52244096552331432  0.53343064228668746  0.54378684497711194
  0.55410164035353926  0.56482396596190543  0.57562668849861320  0.58618830862720250
  0.59648050877896741  0.60778521737080571  0.61995621807235735  0.63096836540896650
  0.64176240956682584  0.65133447817624390  0.66043244547002278  0.66923609773082093
  0.67792832802071956  0.68678999504208538  0.69647200793867814  0.70614581007912358
  0.71624295018187756  0.72673365139009394  0.73738710317640255  0.74819849285632178
  0.75829871895529533  0.76786428712218779  0.77702981438638508  0.78631663791047657
  0.79579112784168493  0.80561968914932269  0.81552349925380940  0.82647453359551470
  0.83768417090881231  0.84946608922732936  0.86074652367507098  0.87178579895837316
  0.88186822881435223  0.89159121250717066  0.90156418210503131  0.91171274666794977
  0.92192588821477450  0.93210824013806293  0.94266269996183083  0.95421794272287697
  0.96552818171411836  0.97688747594334513  0.98841324293506694  1.00000000000000000
 -0.00270876921945732  0.01085462167322845  0.02212435433077551  0.03411201061293393
  0.04581911301545013  0.05629192646294300  0.06726072243619570  0.07904503537570613
  0.09106187130658015  0.10241636766830325  0.11487852427585281  0.12720385266171139
  0.13909727351286841  0.15056158801915925  0.16165430392288346  0.17245993955470904
  0.18322231906760852  0.19401461711654991  0.20513816656129269  0.21636347790257729
  0.22722760224578920  0.23666705778507571  0.24560485304857704  0.25460538187112380
  0.26376363615324544  0.27289031372416572  0.28226095070815971  0.29190302212680558
  0.30211151376982076  0.31257001804931372  0.32275767037120978  0.33281279475029474
  0.34300325847761748  0.35319277174453079  0.36276271969887075  0.37207592569775927
  0.38128868355341328  0.39054792865907040  0.39995090407592931  0.40934155621176871
  0.41931821071974462  0.42957437789759290  0.43955235131553477  0.44925919223035643
  0.45885758632424634  0.46839501606875172  0.47793038771999685  0.48740394467139098
  0.49698653682412303  0.50625757276396444  0.51498156550102381  0.52362342181936172
  0.53237385656684311  0.54175475413347463  0.55194994941408648  0.56233534733077584
  0.57250510854966319  0.58259092678593627  0.59270868081259298  0.60272449528954875
  0.61277646677338371  0.62311912328621244  0.63367014082947637  0.64453789500811953
  0.65530932182017243  0.66630513569083172  0.67749781630574679  0.68852123751258321
  0.69822394247440489  0.70837491219145821  0.71916994045613514  0.73034889811607129
  0.74056041715955701  0.75029220272833175  0.76065931055369518  0.77162638616158785
  0.78298478133704008  0.79430004039678059  0.80544430149305568  0.81670358366322449
  0.82812526344636261  0.83939398319793379  0.85015687612001789  0.86128058651400341
  0.87291641780876372  0.88498742153306398  0.89692535967263431  0.90845296065787329
  0.91955260006930106  0.93082819104613834  0.94262616095059615  0.95521129736860033
  0.96683339299468274  0.97821829883707034  0.98917428621222603  1.00000000000000000
 -0.00291512651834640  0.01104023582046284  0.02273565881934967  0.03369363926505037
  0.04479253531298707  0.05596277691941441  0.06754531401446565  0.07918672005198336
  0.09060936441632211  0.10178721161048802  0.11278884361404576  0.12402693165213653
  0.13550716795946297  0.14691849042640218  0.15765962820535853  0.16795374503765065
  0.17817536335936487  0.18802549948822214  0.19762230387738217  0.20744491126055176
  0.21817456089239026  0.22889806221420450  0.23927669814749519  0.24955220202367895
  0.26006342787146403  0.27057312350863599  0.28081235430905266  0.29095065997808195
  0.30084425355462618  0.31053662867614612  0.32021921404731496  0.33010290329789183
  0.34016041329518326  0.35049014899352882  0.36068729069972372  0.37107437584654512
  0.38092248457336880  0.39064809154054675  0.40060319390477922  0.41064311234510642
  0.42080895847550814  0.43174515722813450  0.44293685064004396  0.45401135576020923
  0.46463669419904663  0.47505637294699082  0.48501099751588128  0.49455389632171026
  0.50396236856828969  0.51334334552665928  0.52265754998985281  0.53163270579525401
  0.54031998050650920  0.54957621950303026  0.55904021561767980  0.56872403007135708
  0.57869402883477294  0.58890962531261437  0.59925434489606944  0.60929820306642413
  0.61890482552836557  0.62884624863230321  0.63926356002585161  0.64986771117555397
  0.66080731865196429  0.67145560319519304  0.68192569415874882  0.69259732699786725
  0.70351247716584220  0.71412185580931109  0.72419246488022926  0.73468317755388712
  0.74554039330789967  0.75619623881868736  0.76692393528618819  0.77792756327400125
  0.78905874782895680  0.79999123070582068  0.81078765982308687  0.82185308805785728
  0.83330962536259878  0.84514235099014701  0.85704076222821879  0.86844449365452414
  0.87914670599872002  0.88906632124775797  0.89922985290798108  0.90971656927733147
  0.92083525095289376  0.93176916327112003  0.94299008894828173  0.95482241039490734
  0.96650351558796399  0.97786209282379177  0.98908136385688117  1.00000000000000000
 -0.00321077990575306  0.01134886061077872  0.02253778529035018  0.03265586130711293
  0.04271042524487526  0.05192598218869621  0.06107815088679833  0.07023098742595088
  0.07985752453148035  0.08976551035932695  0.09952602739483588  0.10965215379906089
  0.11987467733418748  0.12937039417198595  0.13867538388861014  0.14894732322636450
  0.16009610551468634  0.17123029197182010  0.18203007127885201  0.19259395234142088
  0.20440284823624127  0.21572108433057816  0.22772002360727772  0.23973710422893885
  0.25141281354758499  0.26232796402289849  0.27354209226825865  0.28434687758136556
  0.29498602969652865  0.30511974447152401  0.31518544534425785  0.32610427370173534
  0.33674407161268194  0.34621243633679788  0.35580753073437621  0.36550593052113728
  0.37547041954402344  0.38553257958443571  0.39562742990438426  0.40670836622719869
  0.41821332703901309  0.42958059323250852  0.44087039161886565  0.45077103584479494
  0.46075162479610443  0.46950051796746972  0.47861687674155745  0.48790604698601503
  0.49735846385368893  0.50692223051799279  0.51641436302152077  0.52590311426791647
  0.53534861146822210  0.54480116975549064  0.55417375788880929  0.56399714071923690
  0.57441029314919445  0.58525445626172679  0.59637509820747725  0.60717819756144276
  0.61773554346862036  0.62829658118864862  0.63868739501967642  0.64896647940685626
  0.65941862634666348  0.66992473136846986  0.68054643925686842  0.69137426591400253
  0.70281394197554936  0.71465890505353258  0.72594095488537624  0.73646740437594227
  0.74675703780915581  0.75747365189123783  0.76876295291897834  0.78000852130653409
  0.79102951739959604  0.80196141163011714  0.81271268341740488  0.82342042525460946
  0.83444536003132219  0.84588782824749309  0.85714857284805568  0.86811419528034839
  0.87929126642139765  0.89074016440336801  0.90229361502378436  0.91364207568843248
  0.92472176530830552  0.93575942595360473  0.94698795678921244  0.95875687317814151
  0.96914480024381411  0.97953009956749870  0.98960962397306673  1.00000000000000000
   2.2353992014509268E-008  -1.0000000000000000     
 F F F F F F F F F F F F F F F F F F F F F F F F F F F F F F F F F F F F F F F F F F F F F F F F F F F F F F F F F F F F F F F F F F F F F F F F F F F F F F F F F F F F F F F F F F F F F F F F F F F F F F F F F F F F F F F F F F F F F F F F F F F F F F F F
  <DiscreteSampler_grid>
  grouped_processes
  1 # 1 for a reference and 2 for a running grid.
  10 # Attribute 'min_bin_probing_points' of the grid.
  1 # Attribute 'grid_mode' of the grid. 1=='default',2=='initialization'
  0.0000000000000000 # Attribute 'small_contrib_threshold' of the grid.
  0.5000000000000000 # Attribute 'damping_power' of the grid.
 # binID   n_entries weight   weight_sqr   abs_weight
    10   10   3.290566188233980E+004   4.208265979529723E+009   3.290566188233980E+004
    16   10   3.290566188233980E+004   4.208265979529723E+009   3.290566188233980E+004
  </DiscreteSampler_grid>
