  0.00957846337307429  0.01453450407380634  0.02230480239995848  0.03165845374066486
  0.04110104940848421  0.04995947356097996  0.05856602759009254  0.06770103214719712
  0.07713960067255625  0.08685148294770548  0.09652592819814729  0.10639210109755615
  0.11776377371394298  0.12905232839488645  0.14040060859528630  0.15184073753577679
  0.16345513283186816  0.17417065712560931  0.18426601655057126  0.19424913605079411
  0.20436662141300307  0.21478758941800138  0.22548761998004890  0.23652880041604193
  0.24769691550590081  0.25868960337742442  0.26935487378127426  0.27955361993133521
  0.28973348200839327  0.30068200468035605  0.31187309128688906  0.32213081093540058
  0.33185811440041085  0.34135750426282890  0.35098544357415429  0.36030816993642811
  0.36893413559503713  0.37763914757792044  0.38689541586477488  0.39612551702593674
  0.40520914494752891  0.41421260159876622  0.42358266491994545  0.43350684727853933
  0.44374671206431537  0.45416749810319995  0.46460022842996196  0.47492389570789539
  0.48530158236156701  0.49585604889767920  0.50644010995094768  0.51727997473269394
  0.52880514559020320  0.54073940865109904  0.55261058334979607  0.56392613974667394
  0.57461667590291954  0.58504876708012798  0.59590466863170000  0.60737290200883798
  0.61919799873678427  0.63032481222867098  0.64092919254764025  0.65105250680108295
  0.66083078698081310  0.67081453006100644  0.68087913096468433  0.69100096923143606
  0.70094585581576330  0.71105892081290822  0.72202220998613542  0.73292828638087371
  0.74328543895983290  0.75379038599769177  0.76397264193652792  0.77384138678535364
  0.78373902303639986  0.79351823731868465  0.80345407937037694  0.81375344896337432
  0.82452457731978379  0.83518557097905044  0.84530822144639683  0.85565898339893298
  0.86678133487642328  0.87793213570022399  0.88910121666723352  0.90039917675986658
  0.91180589039302129  0.92336259368635243  0.93501375831556000  0.94666073394687889
  0.95806404573564252  0.96916608950103245  0.97989098260953678  1.00000000000000000
  0.00905933662009216  0.01667544143354111  0.02742130578007810  0.03852682931339795
  0.04896982232040243  0.05868949694510671  0.06859410075060544  0.07858182309445390
  0.08914090007489942  0.09981331044230198  0.11100352678933662  0.12258051150064424
  0.13357195599758939  0.14471836813628181  0.15588511992294646  0.16701155803800613
  0.17818959512735785  0.18952418347159994  0.20161665789371730  0.21359329703379154
  0.22553845328476571  0.23732150600011770  0.24864335927502465  0.25903332890497038
  0.26893803294406821  0.27896240925172655  0.28888488960040837  0.29863378778968913
  0.30826503285834833  0.31863612513654982  0.32944173742331800  0.33896336493727036
  0.34789865060216701  0.35697120624808309  0.36600758946103962  0.37509862133162186
  0.38395819282052424  0.39299286641698711  0.40250747822922045  0.41239822343669413
  0.42180778565059573  0.43088004297746979  0.44034542714314795  0.45004511404327885
  0.46006239261691939  0.47047281083504106  0.48074320875610488  0.49211573222042121
  0.50278616639204643  0.51345505236993072  0.52328444139383912  0.53260015210045486
  0.54199426276696216  0.55089915797953848  0.55989651166801901  0.56901074018756548
  0.57859381564629753  0.58757774695308185  0.59782981984844685  0.60785978151859010
  0.61861831679329904  0.62911441602277485  0.63956377134795572  0.65024883971532899
  0.66082039981819207  0.67190036060481506  0.68258252179414269  0.69362501758928341
  0.70485945528124683  0.71574412602656989  0.72638023992076051  0.73692227036417857
  0.74762966011806198  0.75834711797631538  0.76908903858554201  0.78000111422773843
  0.79086990811761815  0.80135616916229946  0.81159410843541213  0.82169199181178154
  0.83191497877509690  0.84274482410195450  0.85380715715947875  0.86426123458554205
  0.87428503449965167  0.88448150587139229  0.89492668221066318  0.90547068613549575
  0.91612294571009023  0.92754451587068287  0.93970984135027891  0.95175796209707841
  0.96386509542409216  0.97577097600487328  0.98799182661619223  1.00000000000000000
  0.05709625732231266  0.05780198071974745  0.05944692867554516  0.06192436360692927
  0.06458902417579210  0.06790858220632720  0.07174431953455083  0.07546772120539184
  0.07923430347624100  0.08310115590872034  0.08709617756061790  0.09115021743363667
  0.09523102942198011  0.09946269776745534  0.10384628597055348  0.10828091820947662
  0.11276282298810414  0.11733008774894081  0.12200477942047853  0.12674747420654495
  0.13162155816742760  0.13710467863295400  0.14278795367103345  0.14751883836672938
  0.14877985945077446  0.14987456061705112  0.15110009213251754  0.15247212835674454
  0.15457343126403558  0.15701222066506393  0.15945381521819832  0.16189016583944404
  0.16434073891839091  0.16679881176670361  0.16926932977060050  0.17173240641168397
  0.17422171898276351  0.17668912984107721  0.17912449022715471  0.18156603017887452
  0.18404102101221598  0.18656759224844777  0.18909569723366668  0.19164566269993191
  0.19424700074079659  0.19689279059666953  0.19958348256703490  0.20231403821776839
  0.20506224861139788  0.20785312227586067  0.21069654810886626  0.21357056011681258
  0.21648604570388394  0.21943539254495242  0.22239159754064036  0.22537595877998193
  0.22837914856596617  0.23139749887795028  0.23447410929372131  0.23760431921804687
  0.24077795986864325  0.24401157243508489  0.24727643283132411  0.25055846533514509
  0.25390051808332476  0.25734610617670028  0.26093206416796388  0.26459293912132981
  0.26828134024678746  0.27201518894741988  0.27586494361517383  0.27981244633305768
  0.28383357815107929  0.28794632295449235  0.29215384781375886  0.29648237082963053
  0.30097131595946114  0.30564521502547431  0.31056501023812882  0.31572156712724853
  0.32114425819649217  0.32686788845379561  0.33300963514044601  0.33956114032832380
  0.34656868071706304  0.35416788281383682  0.36255989558486695  0.37194841068883755
  0.38249457963146838  0.39460873247019240  0.40984251232306695  0.42865424530394930
  0.45539536391340629  0.49872568826101693  0.58626441028243137  1.00000000000000000
 -0.00297870519498927  0.01071028588863504  0.02244509676147227  0.03410342580485819
  0.04611785591802201  0.05814802852610009  0.06966587682849829  0.08130783245394806
  0.09346324476468659  0.10562505191501026  0.11747008305422708  0.12978473056657364
  0.14263200723061692  0.15413059522621725  0.16438877845120237  0.17451296088502938
  0.18466064764665752  0.19464370929309496  0.20428028212182933  0.21423505794426659
  0.22456158189569206  0.23466416979632806  0.24445881323306876  0.25426011562159823
  0.26434334097264317  0.27432183748502775  0.28418443646778041  0.29439583477934406
  0.30441862805681608  0.31420839764809266  0.32385874137025045  0.33369944678249941
  0.34378354899755187  0.35369294732544743  0.36309442449976265  0.37227099897737848
  0.38169527836222500  0.39137379147442536  0.40105067382609916  0.41070331405380661
  0.42034646136640919  0.43001866411941975  0.43985246342886331  0.44938710253257613
  0.45851822553477434  0.46729978002168376  0.47614627907546425  0.48530599527629997
  0.49464361760475717  0.50400214935096654  0.51353294526843973  0.52326558809569013
  0.53280581372133540  0.54230830184345358  0.55174506743631946  0.56136325942066401
  0.57121123265809415  0.58138031401621937  0.59208808938147117  0.60316092755690254
  0.61433476439591017  0.62553099836758730  0.63674125247852220  0.64766813121972799
  0.65786380560647173  0.66747511238446955  0.67672450253913297  0.68610271840024439
  0.69566375020322102  0.70564478089100335  0.71600192350091363  0.72678319342497733
  0.73758860763125134  0.74877469533574437  0.76027531871790310  0.77186266763954647
  0.78267375560089747  0.79365659581041115  0.80401243683574108  0.81476715082649309
  0.82581562134600683  0.83733999510035406  0.84931308861341903  0.86075765914475777
  0.87200762651384145  0.88291083398859194  0.89430383978231998  0.90582324472260578
  0.91764194364007823  0.93038656445985635  0.94283721202480020  0.95537139019048622
  0.96750788439747071  0.97911496243456897  0.98976639108876818  1.00000000000000000
 -0.00234101623554789  0.00900040923289311  0.01822848660185915  0.02750092853772257
  0.03701834865591671  0.04744570697878417  0.05868776801107389  0.06893217626118220
  0.07915615856168115  0.08909745043841272  0.09958296903184040  0.10931049203092630
  0.11914162447349139  0.12957542281308926  0.13940610272921339  0.14883464045602801
  0.15760459038087246  0.16711423233745823  0.17752574440859803  0.18799425858180310
  0.19811005614011859  0.20857642204480181  0.22011744324805427  0.23168346507071921
  0.24250507605028362  0.25327053712570818  0.26384944283229111  0.27391447786675710
  0.28345700228748322  0.29310250331786020  0.30332873265988664  0.31430786408844702
  0.32606675386904332  0.33799492036109124  0.34977948794164870  0.36156259641156913
  0.37320144928199045  0.38440760298120663  0.39498584312321050  0.40538886619832359
  0.41571652184805680  0.42622028272598828  0.43734005387763702  0.44845180244717875
  0.45985894307240710  0.47119075969906421  0.48252610926445538  0.49334670444296552
  0.50485061865441117  0.51658591055747205  0.52753639054828805  0.53789053569827572
  0.54802857054488785  0.55816305675991074  0.56828350286812679  0.57832102518342388
  0.58866991791373413  0.59894369174394291  0.60964696124912965  0.62006193684166044
  0.63151586643335500  0.64349868364424323  0.65537955331753095  0.66652287939390764
  0.67677178054028231  0.68667317024437646  0.69634115864420687  0.70628309148967738
  0.71606362017049940  0.72595168380235209  0.73677147334592086  0.74773101156105615
  0.75806895694947984  0.76803865996829557  0.77778361166664811  0.78734624996566938
  0.79711268987866968  0.80722086590675057  0.81859818624573788  0.83045499221510155
  0.84256174963988961  0.85489280989617056  0.86718052417176827  0.87919726325944891
  0.89081482044104043  0.90145222122790258  0.91129977197805867  0.92093830739188354
  0.93062023650610570  0.94046965554627593  0.95018416700343289  0.95996041117785036
  0.96986895019850217  0.97992756008390625  0.99001101018107462  1.00000000000000000
 -0.00295381002588478  0.01205575413976340  0.02424135313816253  0.03556842634336595
  0.04668133856284452  0.05714398412406349  0.06821439483917160  0.07951749174561114
  0.09065786679552730  0.10174960305143178  0.11324945754001517  0.12503887304597663
  0.13676361850397445  0.14874478096304930  0.16101333824681496  0.17303715756885846
  0.18479767729728058  0.19637166787370974  0.20811201616508213  0.21995145888932049
  0.23173840581448502  0.24315629986832768  0.25460958251978005  0.26491122517491722
  0.27544411880940600  0.28555878157921238  0.29525830515290269  0.30489614690034522
  0.31455692234672167  0.32475852993764476  0.33498236539412574  0.34569239506533295
  0.35636241239658661  0.36626084101680628  0.37609009108874253  0.38522439463344932
  0.39480768342195904  0.40425150323729520  0.41406309434968985  0.42371001205345316
  0.43336743854749510  0.44259754357389658  0.45177354314284973  0.46096949248265989
  0.46977750157834131  0.47853030213509729  0.48712377186418704  0.49558402374056892
  0.50445156649534495  0.51413949576916462  0.52416632203929447  0.53456939305443085
  0.54481855583720107  0.55511583335098336  0.56542386319535398  0.57571330861733816
  0.58576630008873642  0.59543285489678521  0.60507610983824034  0.61444190101036777
  0.62370941163561677  0.63319881229499120  0.64266668594911325  0.65214026104336331
  0.66140920042575035  0.67150972464274439  0.68278726066109185  0.69401517187004191
  0.70473104458790203  0.71546023609341569  0.72617808398244488  0.73697456628884761
  0.74732030306155806  0.75770570804338544  0.76844401096130255  0.77925686274922623
  0.79020674875522612  0.80142070751828776  0.81256289811478155  0.82322531782522845
  0.83301339852121215  0.84223922668770346  0.85141668670931792  0.86141822931537559
  0.87085678737132399  0.88078813683727974  0.89089337819623382  0.90160785130168208
  0.91278283893757706  0.92410082099889668  0.93571274203021915  0.94874483331273818
  0.96100669230288149  0.97337631581178730  0.98600528536771659  1.00000000000000000
 -0.00263613398088302  0.00995324664566774  0.02024326592794043  0.03084203977358068
  0.04102302688306729  0.05145458025377293  0.06215216976775371  0.07310390926118134
  0.08431688243524378  0.09648359199227806  0.10795624063938257  0.11898288157354708
  0.12984660263104139  0.14072571324887592  0.15099136644434749  0.16100031196734685
  0.17159560947939759  0.18245604602181431  0.19290594090225821  0.20273359992638471
  0.21262503297146521  0.22281715065253094  0.23361254140312906  0.24505147546482101
  0.25650222287112795  0.26717640665340087  0.27736680605939595  0.28762395134510921
  0.29787205290343599  0.30769381021136016  0.31727525349387525  0.32712543134706812
  0.33740926551943273  0.34789623323045665  0.35859718097208254  0.36949219724779836
  0.38006916985093259  0.39025426795029050  0.40026558986470467  0.41014564501570272
  0.42020116770403237  0.42993010243638968  0.43963951393677880  0.44948072994478810
  0.46013355338305389  0.47175314699456750  0.48272868171490468  0.49271194008046781
  0.50260593580247326  0.51248053633922575  0.52229999368883007  0.53200677754037917
  0.54245348184619691  0.55419578916087686  0.56624884815495391  0.57764301001040441
  0.58862930969917182  0.59941405380071811  0.61016015347126307  0.62118935654544793
  0.63248752850451417  0.64354335950048169  0.65427866403980073  0.66475257207474570
  0.67488168174692398  0.68487386831301422  0.69438678234854612  0.70336633156356099
  0.71218497976093698  0.72104971173813082  0.73011137308253871  0.73942981123115725
  0.74918340879768464  0.75969167122067560  0.77067757206099419  0.78134245049572926
  0.79191018451256512  0.80260494681195627  0.81270240619022993  0.82328412544180796
  0.83413209777550945  0.84487327451451300  0.85546765886437048  0.86605934126879447
  0.87686668401859869  0.88772624153690205  0.89872570563583087  0.91005550898513310
  0.92126367887941862  0.93201046033370527  0.94270110146831154  0.95377022503554731
  0.96507462645569186  0.97653304569552579  0.98838844439425988  1.00000000000000000
 -0.00233111026661955  0.00883347918158937  0.01878601729252717  0.02995180361852775
  0.04113327599054293  0.05156751049438104  0.06187088298077446  0.07215119469379214
  0.08230297156447398  0.09239822704755041  0.10308719683693557  0.11383441592044682
  0.12460880185360122  0.13539866454146485  0.14603201742164729  0.15642705306448049
  0.16700769794965944  0.17894709579124765  0.19124976852354442  0.20392537123802004
  0.21427869670964109  0.22375054217031087  0.23279734196609159  0.24149158622825828
  0.25045828134416726  0.25942221206213689  0.26860372916693048  0.27795150630230903
  0.28715293775772338  0.29685949351863317  0.30711864174885090  0.31740382404991657
  0.32777373378302543  0.33860321902725532  0.34999201788831552  0.36134871798896273
  0.37253458339583068  0.38384298989142562  0.39546808553536933  0.40721887516964805
  0.41855455832685762  0.42890307618139034  0.43890761704855652  0.44925685390129338
  0.45967104565349881  0.46983598333083815  0.48003471299467071  0.49072501617188197
  0.50211805217229311  0.51381085000809079  0.52565454794120658  0.53781642520663619
  0.54965252120775332  0.56156860112385076  0.57246025409399226  0.58259844752911771
  0.59261240432765439  0.60252032639808517  0.61243848235209530  0.62227904201701467
  0.63251940886465075  0.64257050950544559  0.65213533573500448  0.66171032407415342
  0.67148754655188514  0.68127063265979670  0.69087234721424573  0.70020822774664593
  0.70969881397957180  0.71902241915965437  0.72846624673748017  0.73818705024287812
  0.74809847281300457  0.75801180350120012  0.76805749655297861  0.77848892876333109
  0.78937707834260051  0.80054724793005949  0.81173885141466873  0.82296678333677276
  0.83389625981995541  0.84432710870996253  0.85508252783744521  0.86636385642211866
  0.87801403388938271  0.88917843872288760  0.90030470695529008  0.91157523353402325
  0.92289503765013836  0.93455806584458412  0.94601886488596920  0.95759829232317772
  0.96864104424832820  0.97927147629588041  0.98992993964271281  1.00000000000000000
   2.2368420050966506E-008  -1.0000000000000000     
 F F F F F F F F F F F F F F F F F F F F F F F F F F F F F F F F F F F F F F F F F F F F F F F F F F F F F F F F F F F F F F F F F F F F F F F F F F F F F F F F F F F F F F F F F F F F F F F F F F F F F F F F F F F F F F F F F F F F F F F F F F F F F F F F
  <DiscreteSampler_grid>
  grouped_processes
  1 # 1 for a reference and 2 for a running grid.
  10 # Attribute 'min_bin_probing_points' of the grid.
  1 # Attribute 'grid_mode' of the grid. 1=='default',2=='initialization'
  0.0000000000000000 # Attribute 'small_contrib_threshold' of the grid.
  0.5000000000000000 # Attribute 'damping_power' of the grid.
 # binID   n_entries weight   weight_sqr   abs_weight
    10   10   6.468680213085706E+004   1.023898804966229E+010   6.468680213085706E+004
    16   10   6.468680213085706E+004   1.023898804966229E+010   6.468680213085706E+004
  </DiscreteSampler_grid>
