  0.00001780594931385  0.00004841913884119  0.00006912070615570  0.00008410253632427
  0.00009800667585618  0.00011255746128818  0.00012917155283051  0.00014891889823871
  0.00017168347521905  0.00019659770026407  0.00022474211692035  0.00025701161148551
  0.00030561117795418  0.00037560445360348  0.00044965587061031  0.00053833319173462
  0.00064503295449741  0.00078525800523981  0.00096923068166778  0.00120371513263820
  0.00148455207080517  0.00182144306836865  0.00220327423626205  0.00264253838581161
  0.00319821113064252  0.00395358952941760  0.00502441273669718  0.00649097923360573
  0.00841021747100160  0.01106781632048754  0.01520367975743675  0.02142269218114283
  0.03039376549979247  0.04292365946783432  0.05884282779577230  0.07665594206145293
  0.09517024013910051  0.11389170781267002  0.13265856654184252  0.15175503184206274
  0.17140726873607209  0.19113102955402919  0.21071393769590721  0.23043750646839184
  0.25028614881046402  0.27012381115888351  0.29000090372751991  0.30980410089464833
  0.32917791566725990  0.34852839574015332  0.36776942883986619  0.38719686297487493
  0.40708568805443335  0.42673382552738548  0.44619540563350935  0.46579318704753914
  0.48555943128589646  0.50521214453416929  0.52475128743879840  0.54426905009295601
  0.56378023184619286  0.58325304415464330  0.60264382225642743  0.62207425371563763
  0.64161901342385219  0.66112460744012203  0.68051242411397739  0.69986616775597787
  0.71914292506713995  0.73835026206268517  0.75737257703112215  0.77619597603594703
  0.79508255831671271  0.81412945950012205  0.83287679505010881  0.85059957058939450
  0.86822923485801795  0.88615291710588551  0.90341287512743751  0.92006256737447700
  0.93587732488526532  0.95024967912423774  0.96254788092873000  0.97234374940019297
  0.98004375554872714  0.98583388416137863  0.98999880920007488  0.99285847104196023
  0.99492890289753999  0.99650495635712633  0.99764967438884322  0.99844968405362944
  0.99902159817367309  0.99942644880388520  0.99973533048335772  1.00000000000000000
  0.00001731850171686  0.00005001156372681  0.00007072614104869  0.00008523347300695
  0.00009871996836081  0.00011331181735707  0.00013171076059721  0.00015565265669591
  0.00018537414558002  0.00022176304076583  0.00026746637070014  0.00033100666352742
  0.00042014000661055  0.00053546396609622  0.00067851088651580  0.00085687611301640
  0.00108562493071668  0.00136822148317663  0.00168550320192165  0.00206650158424928
  0.00255797567732767  0.00320645517737840  0.00404240336188171  0.00512535906337580
  0.00659912248788258  0.00864581456574571  0.01165677585256021  0.01676513713732912
  0.02485103650556298  0.03701417378186911  0.05277527608177689  0.07103828984067435
  0.09043046296050744  0.11065112510830426  0.13134115831582202  0.15205289892462939
  0.17298140802018944  0.19413248835701480  0.21539635200833068  0.23657958364569068
  0.25763602343333436  0.27865005550564753  0.29975459071137422  0.32082206829880500
  0.34153139193765386  0.36221968243493941  0.38297006447340065  0.40336330284047839
  0.42352761703040087  0.44422608100415273  0.46521175522395947  0.48611203166163452
  0.50658587274295563  0.52694033708868548  0.54754004735625672  0.56838787702926952
  0.58931959343303453  0.61015560904957911  0.63077064525954052  0.65134874058536896
  0.67192444406240193  0.69248021631447654  0.71308187593034755  0.73362948495332714
  0.75397364689214674  0.77417488622446140  0.79442145452727209  0.81462643344254060
  0.83454035524828629  0.85420625830810826  0.87365426172387828  0.89255376371625539
  0.91081570966565961  0.92819417539890958  0.94431330728994567  0.95835772425273891
  0.96954318221890778  0.97842397980201212  0.98499617076863955  0.98968021429472552
  0.99296966743940362  0.99516783786298380  0.99664597005277833  0.99774965283420780
  0.99854048693246478  0.99897495865364949  0.99925384040491250  0.99943123838844705
  0.99955162684889487  0.99964261426567635  0.99970511873411982  0.99976828941603568
  0.99983566050088990  0.99990572310552606  0.99992513556864882  1.00000000000000000
  0.00152016251991411  0.00162489103271029  0.00171711004511346  0.00179675547546870
  0.00186168783586160  0.00199684078228672  0.00217810003614388  0.00235600426565832
  0.00249866332528609  0.00264772307736670  0.00290052987119705  0.00321859889228816
  0.00356446888293078  0.00395971593241815  0.00440220947466200  0.00488788417810499
  0.00542196456783100  0.00599667529292804  0.00659267005464023  0.00720289531924085
  0.00782586441540760  0.00846088092998848  0.00910854170257716  0.00977253763319529
  0.01045888832121438  0.01117091137060095  0.01190822505908828  0.01267259839533526
  0.01346314311271339  0.01427955606020898  0.01510598017216605  0.01594712524722939
  0.01682263232378487  0.01775576817038067  0.01874952828729691  0.01980113004099226
  0.02090164055682993  0.02205392050581539  0.02327042477656702  0.02452926255992881
  0.02581667587548778  0.02712402463979984  0.02844998645825056  0.02983777041263604
  0.03132015556058537  0.03287453888023310  0.03450375074873005  0.03618807865234417
  0.03786300655984460  0.03958456681402801  0.04148423609959122  0.04359439786366124
  0.04584382843914123  0.04805133626429031  0.05022435737473917  0.05240848536295542
  0.05476098559328650  0.05725406497389710  0.05982774362995762  0.06257120677525935
  0.06557199510590053  0.06886387203774892  0.07233102770359541  0.07595804023344634
  0.07984104784019462  0.08391328895800071  0.08827241322335999  0.09289217057429082
  0.09798842533431222  0.10284912327222473  0.10734622815644808  0.11187617858958745
  0.11670380258520455  0.12294847364340496  0.13011284802232753  0.13721448630210481
  0.14437199331751538  0.15226935653470350  0.16126885977464797  0.17105879463170523
  0.18150977138133784  0.19256528623835825  0.20428865356233522  0.21688378677341197
  0.23053985041779804  0.24552869608500805  0.26189783063541261  0.27943107116379057
  0.29807197760876081  0.31814514384831905  0.34069224671544557  0.36691058405865218
  0.39871119546502082  0.43872330266615905  0.53445055009827613  1.00000000000000000
 -0.00223125079609193  0.00825947637841060  0.01757565530661225  0.02748177567308966
  0.03769261484732880  0.04791256259539586  0.05819485818695951  0.06818420928362395
  0.07804057650514080  0.08783031637457950  0.09746643605227158  0.10685871974178174
  0.11603087829834544  0.12540627029658030  0.13507275281413983  0.14460352241659791
  0.15330016464315835  0.16127561397854437  0.17003282895207195  0.17961629323182896
  0.18931443162913278  0.19902163150113875  0.20844498057878272  0.21793914389285268
  0.22712240038827719  0.23665849181560022  0.24642607370499531  0.25652142487255730
  0.26673192261732187  0.27705002420159730  0.28726187062135855  0.29763465981881959
  0.30801719393626537  0.31828169235400788  0.32838236569501428  0.33833843117428930
  0.34858342655761759  0.35922656378974782  0.37002520219709401  0.38143604417083371
  0.39283419217200910  0.40371252598782614  0.41441021614765988  0.42538116899642087
  0.43630840463102111  0.44703648625866155  0.45773298227689496  0.46867890934870815
  0.47960375751809059  0.49036810095985484  0.50126055444187345  0.51242809748440799
  0.52426296778207160  0.53570162771669727  0.54519576138755244  0.55431349805942953
  0.56335149560176223  0.57289583114186604  0.58407352832534531  0.59546834705437279
  0.60661524487472807  0.61794067273070163  0.62952476251919876  0.64116274989027777
  0.65275841373282173  0.66443514193317299  0.67616799735245081  0.68766921390411384
  0.69876658483117227  0.70952686896585881  0.72018664250169917  0.73138815748166597
  0.74309274045932883  0.75506892342214627  0.76682092671250968  0.77854930914214215
  0.78998563420984180  0.80096765241035472  0.81177582064576437  0.82279993944390895
  0.83400199885612714  0.84540240442439829  0.85666627748729529  0.86801851013688247
  0.87900783152991557  0.89043148853454812  0.90158717727076476  0.91297805287312239
  0.92271750218841619  0.93254363497307791  0.94353828540846263  0.95426417346085279
  0.96505954154567009  0.97693699536493339  0.98849931635881882  1.00000000000000000
 -0.00227322767729167  0.00900711085606491  0.01991636204339409  0.02980319504404283
  0.04022840450341329  0.05042766766994754  0.06121082038580236  0.07180012185044156
  0.08262892137505917  0.09360824830207573  0.10429182909531230  0.11501916065147827
  0.12592040536687382  0.13743693658702494  0.14890521998316775  0.15928936854873901
  0.16954016046217915  0.17988935238641979  0.19113670662835061  0.20246206144189563
  0.21379965896639486  0.22456384077114294  0.23524714637393226  0.24504246561648224
  0.25532502455680323  0.26628717040382438  0.27435497211090148  0.28225148596762173
  0.28996387943745927  0.29807319374879648  0.30769819317203784  0.31776720279072923
  0.32757354885404827  0.33730100295905541  0.34743152524556564  0.35817757425585472
  0.36904471979993669  0.37968156412843662  0.39020208766331838  0.40056614931540574
  0.41103856558928076  0.42178860225439596  0.43272359463462212  0.44383338814411122
  0.45455731546478317  0.46501327804995746  0.47523336189221382  0.48539950676002019
  0.49581437144430307  0.50633331783894575  0.51688912641257201  0.52749445626334890
  0.53821837894241553  0.54893928365871669  0.55942317232367877  0.56995349638146964
  0.58085340434296817  0.59179731435673122  0.60269092390138712  0.61350419071737894
  0.62445547554618863  0.63571855269903843  0.64700969636970740  0.65827467395603034
  0.66930945677843867  0.68042022732141938  0.69149275488565365  0.70263494451476971
  0.71366771441039090  0.72470080479546972  0.73570909489721814  0.74678008254511452
  0.75778334774169487  0.76858096425530520  0.77920997510985346  0.79009129053932614
  0.80127256656696377  0.81266520369404904  0.82370871559725312  0.83463997406613188
  0.84510440309824197  0.85529788128850537  0.86552249388793334  0.87583343066185848
  0.88664342534128227  0.89729306394511832  0.90765898045053761  0.91839966179754906
  0.92920144439837304  0.93960101172728028  0.94947679721579004  0.95921368205505242
  0.96932470668308346  0.97930675657538502  0.98915937216338001  1.00000000000000000
 -0.00121861645052269  0.00576107496440879  0.01410041386243261  0.02232055465346022
  0.03056983297678445  0.04007958097089607  0.05082678126553612  0.06138567009659343
  0.07177884048009947  0.08207900935169711  0.09228600889664067  0.10229623866336153
  0.11191487620895327  0.12117161849068998  0.13029215711979666  0.13971494107781474
  0.14954762063728774  0.15964948985733374  0.16977339468128747  0.17972738923751919
  0.18946069448308742  0.19900617371007046  0.20853831144375035  0.21808127831916094
  0.22738419347220215  0.23655461548181150  0.24572919261207876  0.25555991087398372
  0.26597872968480729  0.27646014410298547  0.28677115851602908  0.29717046009754727
  0.30762007791651413  0.31825332363161335  0.32896094191477837  0.33985388432296898
  0.35081921289890344  0.36175392100607678  0.37279655145658303  0.38400063674522439
  0.39524193726542350  0.40621271524628116  0.41682612753424364  0.42732445003021402
  0.43798640383052445  0.44896063747063109  0.46033142976110913  0.47179055874141274
  0.48320526446757245  0.49415912934237005  0.50478826330296023  0.51575293786058396
  0.52698993717316767  0.53889209162719087  0.55044119458094642  0.56232116945887811
  0.57277570240627351  0.58410350677557044  0.59534749131327025  0.60636422041265192
  0.61683471620671526  0.62756848765160644  0.63918270049102388  0.65093241836434146
  0.66285668117373664  0.67446539275956119  0.68556845349131568  0.69632815164476436
  0.70700121310852315  0.71783125555924188  0.72901029855390365  0.74048958016289101
  0.75189631024893155  0.76319986869401357  0.77468079329656780  0.78623133799656908
  0.79738430712251407  0.80780204754208984  0.81814055700468813  0.82885497286454768
  0.84020988861038426  0.85165930373265375  0.86280107130096428  0.87341171176413723
  0.88379876490373488  0.89467577945890009  0.90549764970027791  0.91623605979543632
  0.92706239810201163  0.93752589247683582  0.94827480185701407  0.95900845971496562
  0.96910927420783310  0.97919174409779453  0.98959387078335592  1.00000000000000000
 -0.00240439596002158  0.00950140476767144  0.01963793680579040  0.03105732061431276
  0.04184765755941745  0.05226063784628752  0.06267509816900385  0.07321926646810380
  0.08409448097351499  0.09488464450333468  0.10568776739116435  0.11672263507593972
  0.12679775483881081  0.13695131315708417  0.14713893606301501  0.15764323373412925
  0.16848313923394720  0.17933639313438107  0.19019772524341561  0.20107621204444850
  0.21219865665402474  0.22361000780732887  0.23496359339319778  0.24592159665935553
  0.25624849171250308  0.26640724635940422  0.27660911761375556  0.28705700697091174
  0.29778052742837147  0.30865331737081397  0.31955845862337051  0.33045266612754765
  0.34121969501990662  0.35191300045768642  0.36247896630954668  0.37289939353910673
  0.38353406675897794  0.39433799091440436  0.40556481853884657  0.41694042662576719
  0.42807363980473317  0.43872533371246469  0.44917050659866931  0.45966614621207302
  0.47012089679048219  0.48038663432389656  0.49058091201862397  0.50104803301956746
  0.51180443432577383  0.52240201641202055  0.53289976948231943  0.54306116165399565
  0.55326254625934879  0.56362445936301930  0.57427217697485522  0.58501217045948373
  0.59577897617785835  0.60659847261459465  0.61738896977585334  0.62783888939048027
  0.63824125083273753  0.64892382191290399  0.65972496450760321  0.67029831732321643
  0.68072174900447213  0.69153490651277494  0.70274194447032645  0.71398844897184011
  0.72509280949428789  0.73582520272537955  0.74589752208903992  0.75402819332744608
  0.76209480754028769  0.77023889953334534  0.77898120892084410  0.79043674539174691
  0.80149491623337299  0.81259760975736972  0.82345441479017401  0.83412000381898588
  0.84450379086654603  0.85475140363815172  0.86489978447741644  0.87506767969840660
  0.88550948204998192  0.89528766531437365  0.90503817588494395  0.91489845125264613
  0.92562257823180083  0.93636362667435702  0.94680687025572507  0.95697046794654106
  0.96669009999085487  0.97820211465095686  0.98895793696423917  1.00000000000000000
 -0.00222084159061333  0.00886167085905655  0.01882317460068918  0.02954498506231917
  0.04024700320768441  0.05105219125859932  0.06203846335783702  0.07297413274157312
  0.08439067701840798  0.09549074283368794  0.10666088121604064  0.11741180003954194
  0.12808647808032458  0.13875882254538280  0.14888604394137933  0.15928795387928552
  0.17002855245924933  0.18077707429064208  0.19164507829776109  0.20254412126939722
  0.21387777835445629  0.22522872938138225  0.23641545671054046  0.24734557419221484
  0.25807721956907237  0.26808759511730035  0.27843230644915806  0.28885753566554251
  0.29969557860465712  0.31058936442911250  0.32088526733003497  0.33096841453785231
  0.34061370807701391  0.35064215775787044  0.36097342587251713  0.37084433213915036
  0.38088068448475176  0.39067284759090704  0.40084802398348879  0.41184858726074663
  0.42290328053625881  0.43165750929462843  0.43963703362157697  0.44760532598073538
  0.45570905683846064  0.46537814516693354  0.47562692241464660  0.48604568889765987
  0.49647803772415899  0.50703012272860448  0.51754986818275861  0.52797065325278991
  0.53860205967572805  0.54894213078196841  0.55927084584603726  0.56986977780443537
  0.58071811790003824  0.59192641396886547  0.60292967892320737  0.61354300788812621
  0.62419343257929927  0.63481100373701704  0.64536105228126761  0.65602354581852240
  0.66702723947079512  0.67818628280876569  0.68911889178786090  0.69984394942442207
  0.71054050937956603  0.72141015034634970  0.73237515803777331  0.74336877517805888
  0.75441676568843363  0.76553992626194822  0.77676940959761398  0.78779866549418043
  0.79858574111420999  0.80933720823301503  0.82012623760693171  0.83118839863617333
  0.84226006632394501  0.85335202236192553  0.86415490049042298  0.87481983105913652
  0.88526706370831088  0.89598600879287482  0.90699053846622646  0.91809732422530610
  0.92891569071455204  0.93964183927492828  0.95023862370773737  0.96096399200587324
  0.97118849000824525  0.98062051830057662  0.99054932195516132  1.00000000000000000
   1.2291904165152087E-011  -1.0000000000000000     
 F F F F F F F F F F F F F F F F F F F F F F F F F F F F F F F F F F F F F F F F F F F F F F F F F F F F F F F F F F F F F F F F F F F F F F F F F F F F F F F F F F F F F F F F F F F F F F F F F F F F F F F F F F F F F F F F F F F F F F F F F F F F F F F F
  <DiscreteSampler_grid>
  grouped_processes
  1 # 1 for a reference and 2 for a running grid.
  10 # Attribute 'min_bin_probing_points' of the grid.
  1 # Attribute 'grid_mode' of the grid. 1=='default',2=='initialization'
  0.0000000000000000 # Attribute 'small_contrib_threshold' of the grid.
  0.5000000000000000 # Attribute 'damping_power' of the grid.
 # binID   n_entries weight   weight_sqr   abs_weight
    10   10   1.666803862354363E+001   7.782057202484366E+002   1.666803862354363E+001
    16   10   1.666803862354363E+001   7.782057202484369E+002   1.666803862354363E+001
    22   10   1.666803862354363E+001   7.782057202484366E+002   1.666803862354363E+001
    28   10   1.666803862354363E+001   7.782057202484366E+002   1.666803862354363E+001
  </DiscreteSampler_grid>
