  0.00921677633618960  0.01596916222912768  0.02689503343978142  0.03904005495599955
  0.05075387039381125  0.06207961595543315  0.07212564261599530  0.08236986934506439
  0.09209039025088882  0.10194196847117032  0.11169642256075306  0.12162492653838032
  0.13165211664128926  0.14213400726088637  0.15247936596311992  0.16264198268770219
  0.17210789924262704  0.18108669930116869  0.19044691358120103  0.19995822457936074
  0.20926959469111553  0.21836121608752426  0.22766811071460069  0.23754128166610244
  0.24775104030405198  0.25798719687377364  0.26845289853436904  0.27911764313639070
  0.28964017854937840  0.30038269350357821  0.31125684240092627  0.32181384414437580
  0.33205185106357255  0.34261151083200608  0.35338509319882871  0.36361799620148888
  0.37345801331302608  0.38334034988783755  0.39362160168343058  0.40417842150819577
  0.41466774242948223  0.42512496772151304  0.43570172114911926  0.44582749513063386
  0.45592694451066762  0.46602006557183157  0.47573257110710798  0.48575448655899967
  0.49611570542898570  0.50771424824034284  0.52000111430286833  0.53106684321451836
  0.54152553155079475  0.55139322743481167  0.56120556643619990  0.57122851267108232
  0.58145057624951713  0.59252789704923292  0.60364189893732723  0.61499506391056435
  0.62643828231473742  0.63812668627769908  0.64886903545980712  0.65899186313158209
  0.66915343345262901  0.67951442607471157  0.68990750136901291  0.70032256960338268
  0.71075393718681223  0.72193829739175019  0.73245236466342711  0.74262482395583940
  0.75275988254342652  0.76297430860563531  0.77312174896556063  0.78337523856310598
  0.79430987842234113  0.80610943918072231  0.81759202459334090  0.82804562544016291
  0.83877388487542259  0.84925971999994798  0.85948638963974910  0.86921697953924826
  0.87946502625681877  0.89062125261036673  0.90203502872240504  0.91288095150875048
  0.92387238321559251  0.93460028039503151  0.94527779044889415  0.95563624941542891
  0.96606302518718534  0.97673658735300029  0.98806690591992963  1.00000000000000000
  0.00887385980371712  0.01755596480576691  0.02735403362848274  0.03926980771105455
  0.05054139232589420  0.06209785778862433  0.07396523156348074  0.08597648537166214
  0.09780031825443676  0.10871777830870556  0.11910826779324474  0.12961967573085850
  0.13989673560648233  0.14978585915819814  0.15964380585500421  0.17004343755466261
  0.18137154536325192  0.19279888708333623  0.20464405183614706  0.21533360478856509
  0.22531682379024282  0.23541623016366317  0.24613202190864886  0.25741825518694134
  0.26854515759928865  0.27919697356264134  0.28950911285871372  0.29956606776439754
  0.30961859940188224  0.31901157405406300  0.32843531210124721  0.33825761949647626
  0.34881867012975448  0.35909094437633876  0.36919608153460387  0.37986022594004903
  0.39124869624933345  0.40280466033532403  0.41432496643145528  0.42552456529736182
  0.43650861048979728  0.44765919590878200  0.45840567025419104  0.46822276173903804
  0.47788602309396450  0.48766482245398490  0.49713701685189471  0.50672935097595651
  0.51618932301262288  0.52598904187156803  0.53630120714098928  0.54557818297726002
  0.55441273055388385  0.56342761180539513  0.57259952412437698  0.58192039954097374
  0.59148335644374939  0.60125278445989561  0.61145772448095126  0.62177889057702462
  0.63194697856538862  0.64240870890941193  0.65321576466396236  0.66374672656501821
  0.67399980322857234  0.68413590606070851  0.69490232363883775  0.70597489962519466
  0.71680956517749628  0.72748663515048173  0.73821100237991177  0.74915054099395273
  0.76029219084675292  0.77148810165660697  0.78273606517486083  0.79376139466557227
  0.80441549453093164  0.81472235527384951  0.82449242393298616  0.83378200714777773
  0.84290383782338574  0.85235478569719014  0.86241969153139697  0.87272812194787108
  0.88347124914927944  0.89513458129184931  0.90713618000429996  0.91883988909367520
  0.92964525161790634  0.94016376946109526  0.94996281266429283  0.96066662851453599
  0.97119893462577467  0.98159950643535743  0.99148762536730017  1.00000000000000000
  0.05614001408963126  0.06026962332165094  0.06422883157325758  0.06755345805605217
  0.07100655605957086  0.07460213747314515  0.07828717994301215  0.08200300865668893
  0.08576006424001460  0.08964449218741932  0.09358535893751982  0.09757123198786102
  0.10160432019979027  0.10567759015469863  0.10987912654930758  0.11410178684455942
  0.11835504882206813  0.12285179891450530  0.12731934128214528  0.13180300498968062
  0.13689974274455757  0.14241297424084495  0.14730194693023779  0.14858773319813626
  0.14970766007931405  0.15093865201736081  0.15217017168469943  0.15407621277048877
  0.15655301117834233  0.15889331118167280  0.16124737693118787  0.16362314067145728
  0.16598892994730516  0.16836554158417322  0.17073399034914480  0.17312189534845399
  0.17552530425823126  0.17794631853892526  0.18036905716779836  0.18279217959689284
  0.18523660885982213  0.18773036552396852  0.19027929558910783  0.19286406262137462
  0.19545656412028076  0.19806243259145553  0.20070032363514473  0.20337335364376111
  0.20609220796696126  0.20885158010955726  0.21165752158569223  0.21448005128477909
  0.21735142358322754  0.22023571423857499  0.22315178414053230  0.22610560578112260
  0.22908066296380020  0.23209781855877321  0.23517418906332666  0.23829413912513070
  0.24145647167867249  0.24464852417805338  0.24787608599677896  0.25117318988161552
  0.25452935298390844  0.25792680360350279  0.26140740146937880  0.26501932055315958
  0.26871030347420466  0.27241958468561572  0.27617604752494967  0.28001010762714634
  0.28398013978457937  0.28810799021205563  0.29239491616898650  0.29681270606203652
  0.30137557517999847  0.30610297857837909  0.31099824736224940  0.31612194243680497
  0.32147209885997619  0.32712056277538548  0.33316272656564827  0.33963324714405096
  0.34652972499304568  0.35405520105417265  0.36233042059818077  0.37156575506119843
  0.38206186641231027  0.39432611273756191  0.40915177837421679  0.42757974189117842
  0.45371308608717187  0.49547271666609255  0.58455956393381003  1.00000000000000000
 -0.00234423775148042  0.00999706602105124  0.02069682624322563  0.03187584573715387
  0.04339657055235594  0.05476643955363213  0.06594093717749855  0.07595695406092896
  0.08548297771242501  0.09491015808450133  0.10491948152500515  0.11531712298927844
  0.12575151025917050  0.13618014707450593  0.14709998505824839  0.15840020706290184
  0.16933766898017946  0.17969584446211517  0.18995817217477129  0.20095215500656891
  0.21161526989021753  0.22164149021421570  0.23143022862378965  0.24096093252175471
  0.25062453572564219  0.25959188098195884  0.26857252827073474  0.27789700839739490
  0.28790625220288113  0.29769747835122384  0.30719255050800603  0.31632023147971111
  0.32553343678241070  0.33458499724633134  0.34434477171248606  0.35352578024438414
  0.36401685931181643  0.37411718508074238  0.38390444203944907  0.39366055179840925
  0.40337630992329443  0.41299611419548543  0.42222934889911679  0.43128928616501910
  0.44126359745094512  0.45206823794463963  0.46323615025526926  0.47475483185628170
  0.48485394057219988  0.49404237412434665  0.50317694212601949  0.51206048175109142
  0.52118845331134533  0.53062477533330688  0.54003986725180442  0.55034601562786600
  0.56067862175147010  0.57081155425857666  0.58100940146496693  0.59135020543615535
  0.60192280068980453  0.61256722510251294  0.62307670055895670  0.63314091043342779
  0.64298511988098328  0.65297345099089865  0.66296761641419621  0.67303374972447227
  0.68340530221118012  0.69434984200212146  0.70573793644182004  0.71650803373647587
  0.72716757231072016  0.73819876831763453  0.74915216184975275  0.75999648134216335
  0.77049034058191213  0.78182066803599015  0.79282768844148122  0.80344061489289753
  0.81412367569535926  0.82493515465749512  0.83626683432261306  0.84758536610529156
  0.85920952526002592  0.87096091623322125  0.88283978024710086  0.89524086048101259
  0.90814643422029484  0.92131485479816655  0.93426529917951207  0.94663131907326314
  0.95955208478012965  0.97262818025382303  0.98643263150351956  1.00000000000000000
 -0.00253454242661426  0.01028746683011216  0.02168069052880120  0.03344730530138641
  0.04539620374802651  0.05772946316685928  0.06955946427874277  0.08123363326126809
  0.09191519894211356  0.10246395836183099  0.11271356015337919  0.12299173702537511
  0.13346937269643183  0.14424224304416491  0.15583606420662219  0.16710307377673339
  0.17739820292091554  0.18710077779030207  0.19669794125775250  0.20659644572411512
  0.21681512900710181  0.22682364946505063  0.23726845079034745  0.24793166360624599
  0.25776034333085068  0.26703277889823318  0.27614628234978139  0.28532332064017468
  0.29492857840736242  0.30507121104627322  0.31508504741477794  0.32633322910440254
  0.33744617998607135  0.34865929742761487  0.36042884556369736  0.37248998024160196
  0.38377860312208456  0.39527990578181560  0.40504209619540099  0.41547822285409108
  0.42544250284606749  0.43591963743467749  0.44567631138129693  0.45570280254689793
  0.46515679047289415  0.47466199796349384  0.48404272821554983  0.49271944796792083
  0.50157980955586468  0.51084411860971735  0.52034612254856472  0.52952543624147141
  0.53849370006951158  0.54769395601837867  0.55729333216873256  0.56650739805805739
  0.57563570880842374  0.58488779067607655  0.59462040284490902  0.60439700684630449
  0.61455920294566357  0.62438472472032602  0.63571401384953352  0.64671319999960397
  0.65729548236305269  0.66776978608000481  0.67842807655671211  0.68964070572142466
  0.70108396402690076  0.71276987258724600  0.72441173117256097  0.73523691829489868
  0.74568954790800934  0.75621712256017359  0.76703876652677117  0.77794821260357716
  0.78879521107538630  0.79971461893687368  0.81074567789959295  0.82198584559069710
  0.83337528158408081  0.84523935212997625  0.85671283065054959  0.86715765250496468
  0.87797798609177413  0.88830566529058497  0.89847453350192075  0.90875555551447196
  0.91963306403242795  0.93127877543282034  0.94285969477894982  0.95492788583669019
  0.96646949215689104  0.97797501377861507  0.98867508499482459  1.00000000000000000
 -0.00251973364589802  0.01052761801885594  0.02158813168187444  0.03257813603011621
  0.04323579969842854  0.05337830535795020  0.06371162897207845  0.07467364173333671
  0.08584529503626753  0.09695734254593470  0.10778013722078945  0.11877723599104283
  0.12971360087814243  0.14065685378617379  0.15204340884788742  0.16323849511479027
  0.17411160780472978  0.18504356763764293  0.19657888784796509  0.20779908059356678
  0.21795273722491848  0.22750854439259680  0.23688292510167888  0.24617346642068769
  0.25488600001181871  0.26345190322530282  0.27259948177844434  0.28341347935751071
  0.29420097646716981  0.30443645846967765  0.31470368464435339  0.32592355560401698
  0.33714182852124663  0.34825703951047210  0.35889544254012096  0.36946915682723103
  0.38013821760695043  0.39112085251387985  0.40228960183391305  0.41325742353693512
  0.42399842460957526  0.43455690865182989  0.44541888839486793  0.45633224444637799
  0.46639434241571642  0.47585061113554056  0.48505685849422830  0.49446111155989786
  0.50424639816309302  0.51331217589609501  0.52219401774625485  0.53124311629510634
  0.54075025988164471  0.55029133556508913  0.55968797366245959  0.56934861102088596
  0.57907243759310179  0.58872786851452275  0.59848378491342313  0.60912801878030720
  0.62059367400436438  0.63120296738248516  0.64136270763114811  0.65140617120224487
  0.66145174029573062  0.67136436618369544  0.68142993897124737  0.69228886162793957
  0.70327449705042877  0.71393454624962582  0.72474506708589126  0.73593884089157557
  0.74762842310467792  0.75903913213461316  0.76995031576646689  0.78008099199096370
  0.78979883000229156  0.79941663058415247  0.80932611537912269  0.81998488791463686
  0.83095608078720018  0.84195721176544425  0.85291836851527114  0.86372861301828552
  0.87526237258734652  0.88699956069523234  0.89876342706967338  0.91047616738521653
  0.92236191127734268  0.93423822842660775  0.94549826372838741  0.95622855949317898
  0.96672298139203428  0.97712298852899315  0.98823428387129753  1.00000000000000000
 -0.00238786264186140  0.00913335085728839  0.01845662822793369  0.02829330471030159
  0.03891042346553020  0.04970585703576799  0.05999326085618488  0.07147154760429229
  0.08328623105205984  0.09536648581853088  0.10685546353790873  0.11766418463584578
  0.12817579966118939  0.13852107921041223  0.14893483524102341  0.15947644514960094
  0.17051625335337278  0.18184689048601241  0.19281627624307007  0.20334474066824001
  0.21367653707253462  0.22406036408710092  0.23473947390796093  0.24564764919693530
  0.25639662652800788  0.26671980520983263  0.27682993190165289  0.28695946000023703
  0.29702489503530327  0.30724167111439876  0.31786672065194704  0.32889611797436508
  0.33990066900053267  0.35080855744069284  0.36145165724018102  0.37177071151614066
  0.38206159839239301  0.39256823012967679  0.40302697808801613  0.41340828467134499
  0.42423490270385611  0.43577538884759709  0.44772912890239036  0.45939833655422396
  0.47041770519530685  0.48110719413488678  0.49124072404148378  0.50180924522851866
  0.51248885976922287  0.52326811436701337  0.53324913615827685  0.54339396447131627
  0.55307928695931752  0.56284675201451706  0.57251907500227117  0.58240514106712371
  0.59264388129920575  0.60323012017932987  0.61397979420700233  0.62460088334219410
  0.63454174342482039  0.64406682298466422  0.65337630239966205  0.66299533501902330
  0.67330127217050506  0.68308295056529023  0.69298540868939007  0.70343010696459163
  0.71483384451342791  0.72666533088466179  0.73750871194618473  0.74830824435267895
  0.75811443009447810  0.76770508924373437  0.77718931459528706  0.78645181294876609
  0.79645554354302894  0.80671105385087805  0.81769792632318772  0.82917880240211661
  0.84019092736877399  0.85131637200265142  0.86262743913570761  0.87329458364324375
  0.88368114800900366  0.89404946812257657  0.90465611135448221  0.91549194231940867
  0.92627615049626411  0.93675803217970266  0.94716920791475812  0.95751651928145731
  0.96821696484250908  0.97887875498021104  0.98940722371845091  1.00000000000000000
 -0.00241137655402508  0.00977174085208362  0.01953414521109179  0.02993350236392071
  0.04049619278061401  0.05051351597442019  0.06042607344852004  0.07042600548687843
  0.08066843680714146  0.09088377877264207  0.10126673301649182  0.11252973096094594
  0.12408275932547751  0.13413512888121548  0.14407603009062223  0.15413146671515338
  0.16438328535032437  0.17467931246038781  0.18486491679459671  0.19551474216690912
  0.20657501299194761  0.21703521353285724  0.22691125667381551  0.23691516724412087
  0.24685651566919631  0.25721503900849818  0.26757478642257210  0.27808366671971735
  0.28896687841878083  0.29971071485877321  0.31075369883077730  0.32199649027617033
  0.33350052497692900  0.34476263660631706  0.35566404753511016  0.36552846308988157
  0.37538405004424474  0.38553272269960653  0.39561705955739845  0.40562048830936109
  0.41560815636710574  0.42641423940924289  0.43759562762822130  0.44912889830385683
  0.46090570703927480  0.47227953352059782  0.48324912316114504  0.49359249813105055
  0.50383080204931141  0.51372006213445365  0.52392478143673282  0.53406624349667331
  0.54429596308425521  0.55408217780303926  0.56378707753608903  0.57362171141039797
  0.58397192849875168  0.59502410163839026  0.60614656712015613  0.61767612435552022
  0.62862691200371290  0.63901406723058929  0.64952165134812923  0.66041313249148170
  0.67196777733307222  0.68378494366812981  0.69555809174049121  0.70728557921171820
  0.71892035588999637  0.73038994523968948  0.74189449884524605  0.75356504750920028
  0.76552908358428484  0.77779533258024369  0.78992182596031346  0.80158171896219765
  0.81280753969291808  0.82362847128575944  0.83402983917720686  0.84378196374876591
  0.85307653289800123  0.86213767646712069  0.87109290763882463  0.88044197069146468
  0.89006995347698892  0.90025778565948100  0.91067823671194603  0.92061581659284109
  0.93009285750621995  0.93947433841803385  0.94861249446042084  0.95814071627358310
  0.96812656668720054  0.97826591997683610  0.98909257649669524  1.00000000000000000
   2.1840164580909424E-008  -1.0000000000000000     
 F F F F F F F F F F F F F F F F F F F F F F F F F F F F F F F F F F F F F F F F F F F F F F F F F F F F F F F F F F F F F F F F F F F F F F F F F F F F F F F F F F F F F F F F F F F F F F F F F F F F F F F F F F F F F F F F F F F F F F F F F F F F F F F F
  <DiscreteSampler_grid>
  grouped_processes
  1 # 1 for a reference and 2 for a running grid.
  10 # Attribute 'min_bin_probing_points' of the grid.
  1 # Attribute 'grid_mode' of the grid. 1=='default',2=='initialization'
  0.0000000000000000 # Attribute 'small_contrib_threshold' of the grid.
  0.5000000000000000 # Attribute 'damping_power' of the grid.
 # binID   n_entries weight   weight_sqr   abs_weight
    10   10   3.381735357095396E+004   6.044314742172857E+009   3.381735357095396E+004
    16   10   3.381735357095395E+004   6.044314742172856E+009   3.381735357095395E+004
  </DiscreteSampler_grid>
