  0.00019255287651008  0.00025644324379433  0.00028833488496804  0.00031552364837425
  0.00034840346499700  0.00038732192108317  0.00043810372826656  0.00054643045303475
  0.00085856241772378  0.00132436887403463  0.00170991486528368  0.00207885655213495
  0.00251238331413661  0.00301668084970805  0.00359785219729167  0.00426188315706804
  0.00503261316568759  0.00592080536005269  0.00692144579012016  0.00802372745066871
  0.00923413701657622  0.01062375685420151  0.01227887194614279  0.01418273612277856
  0.01620682553276890  0.01836877986516084  0.02082216598176225  0.02375933255642868
  0.02734255909006322  0.03147098851716845  0.03596543333370905  0.04084954029710564
  0.04594354036803806  0.05083876327726867  0.05487764495109422  0.05798057707434853
  0.06023837419104432  0.06181407669434289  0.06292953225448124  0.06375429014449192
  0.06438540012563587  0.06488308436933536  0.06528810254679686  0.06562753639208245
  0.06591976125665465  0.06617366935961734  0.06639249575843227  0.06658805451239111
  0.06676850935476000  0.06693543244225547  0.06709015879444334  0.06723574174863067
  0.06737500989486002  0.06750975699805839  0.06764103222591938  0.06776968881102087
  0.06789688067356774  0.06802383519097191  0.06815186655390731  0.06828208629827381
  0.06841572414303229  0.06855451128571524  0.06869993534725569  0.06885335761374406
  0.06901592771231252  0.06918922825826838  0.06938613310580667  0.06960413422647423
  0.06984736116415734  0.07012462376446330  0.07044629667449095  0.07082465619691571
  0.07127545606092592  0.07183275301707263  0.07254546467340874  0.07347241066007240
  0.07471691437557748  0.07649455610795405  0.07913700728088467  0.08299669801172416
  0.08853134133633613  0.09619887382730086  0.10695507481909802  0.12170874937076941
  0.14183301097814416  0.16713448361355024  0.19969119545061231  0.24156935532003093
  0.30270915517558827  0.38534030578714468  0.48725645157512987  0.59378647284665020
  0.68324964519244658  0.79751702756420362  0.90868496644336183  1.00000000000000000
  0.00013441253905238  0.00023814619137163  0.00030361943391542  0.00035186512401041
  0.00040622139503886  0.00051525174700734  0.00081378384218267  0.00130299491826531
  0.00171778377425717  0.00214467106402688  0.00264346413323454  0.00321226266819379
  0.00386866570736113  0.00464488067349969  0.00556133880916658  0.00657856968659439
  0.00769197786456094  0.00894300364290961  0.01038298911598553  0.01204044067280501
  0.01400950332683521  0.01634600073720379  0.01904845781032399  0.02221389286183019
  0.02578114604273252  0.02998253170207537  0.03477765527764941  0.04021035433772142
  0.04580654118449712  0.05097048689781926  0.05521368127080086  0.05835477766394752
  0.06055454951221920  0.06206591982966473  0.06313017400967422  0.06391378183071147
  0.06451756757491704  0.06499706011601109  0.06538809235116412  0.06571571087299695
  0.06599667882377246  0.06624094543387561  0.06645646687471278  0.06665090209417983
  0.06682958679762915  0.06699569513647761  0.06715117758938853  0.06729758627232023
  0.06743738501014762  0.06757334444106852  0.06770586093047055  0.06783592862208626
  0.06796422713988215  0.06809314395881798  0.06822451931052821  0.06835847112761104
  0.06849682613015903  0.06864171860655088  0.06879419319707114  0.06895616884556498
  0.06913069872573337  0.06932080624351943  0.06953039020280960  0.06976545346992565
  0.07003380067253893  0.07034460712887741  0.07070829003222218  0.07114157601804337
  0.07167449553074957  0.07235188720455037  0.07323482066573392  0.07441723650816567
  0.07606982450940680  0.07856068977212054  0.08234192803056767  0.08793022299300624
  0.09597894367867850  0.10693131065025763  0.12114854373001306  0.13936693270275466
  0.16323296348087291  0.19558563078629820  0.23756021722135251  0.28945099966692500
  0.35565977116109376  0.44122448786181534  0.52793823625325209  0.59578648082793606
  0.64058051891211110  0.67419346391728885  0.70887907178195531  0.74430492745847188
  0.78596550950764565  0.84876138956261393  0.89456660830646562  1.00000000000000000
  0.00044851588577705  0.00074141530219609  0.00094888852875929  0.00115406105698591
  0.00138492944334058  0.00165940012445696  0.00194233315617577  0.00225528443967092
  0.00259383876800486  0.00296082277426022  0.00335688031600582  0.00377778607199443
  0.00423950473607927  0.00474870694701706  0.00525839106602434  0.00573539986150979
  0.00619707004746636  0.00666267254976927  0.00714275599839720  0.00763643383804673
  0.00814909773881557  0.00867820566448804  0.00922292734888498  0.00978527988831338
  0.01037182533759871  0.01099077640354554  0.01164630090346275  0.01233780424832860
  0.01306816182067762  0.01383824280496905  0.01463184185085469  0.01543289505088189
  0.01623075257947216  0.01705262729798057  0.01791956418855813  0.01888078133473662
  0.01990640223610386  0.02099775386047184  0.02213462802791052  0.02329522257715499
  0.02449454327276966  0.02575641579671397  0.02711313736562886  0.02852289285986531
  0.03000877402315172  0.03157112276464767  0.03321800966852103  0.03492372449280200
  0.03668168322282957  0.03852404976822785  0.04046552605574946  0.04249261024626164
  0.04463038766532734  0.04692606185746022  0.04940491077581839  0.05195190131417086
  0.05454615295708819  0.05724569548922324  0.06013128079516120  0.06316099951418294
  0.06637969714410730  0.06966379389324687  0.07308833010160039  0.07665315205001559
  0.08046556649046017  0.08448215479934459  0.08877793672370884  0.09318740006661486
  0.09785770585919765  0.10228096030093561  0.10722675257979056  0.11240049907680540
  0.11810315714249953  0.12427128335468877  0.13106239474992751  0.13844224347924436
  0.14670295760232191  0.15555147800173705  0.16533781980544393  0.17572561213272478
  0.18704044808732082  0.19923078292649732  0.21254307908860615  0.22674333894407261
  0.24138630007093695  0.25657433148173586  0.27252541721466111  0.29011614105290595
  0.30922337508263642  0.33031428430026016  0.35376092465406772  0.38055749419459267
  0.41319570968526292  0.45632742490247996  0.55516857811539644  1.00000000000000000
 -0.00209423358047797  0.00771779773883562  0.01749675507404321  0.02690680800985124
  0.03660173539144043  0.04664311212289134  0.05621240118277852  0.06559004071546506
  0.07483408113348153  0.08439357348556306  0.09414140040996524  0.10359047386144936
  0.11280179784394181  0.12222329528859187  0.13189266085495341  0.14167853568498684
  0.15139769317674512  0.16116365731772730  0.17114916204680666  0.18124973603329547
  0.19144421220735350  0.20156239787283425  0.21157529068313524  0.22135918604523860
  0.23093561797504386  0.24038633670298218  0.24967532036491102  0.25880975340989054
  0.26795905812026016  0.27715373894671380  0.28689530291881171  0.29692335631254740
  0.30658055834096398  0.31646245902509823  0.32697865339863891  0.33701432417264765
  0.34681791643992255  0.35669608500464967  0.36719855775944432  0.37818506051639034
  0.38911546559972421  0.40001815560969511  0.41062430785722781  0.42101044941572979
  0.43141841588419627  0.44212585076032496  0.45307861806262828  0.46435168841115404
  0.47553452488082770  0.48644156010651884  0.49724243655912886  0.50800127118201654
  0.51901594263467099  0.53008095721946047  0.54132450898742823  0.55269692329581710
  0.56384281501003430  0.57482347865910488  0.58607444040034695  0.59770025472956367
  0.60956813230864981  0.62111743367816041  0.63218966430534207  0.64314335477007423
  0.65391472808900608  0.66524141790087610  0.67649195476194590  0.68803217871810574
  0.69937442111104986  0.71085336555423129  0.72226818974347839  0.73386478109145559
  0.74550300592827545  0.75742444362474259  0.76930986979631422  0.78085861437061754
  0.79175920029554858  0.80253650403419841  0.81351018623963656  0.82468062576440138
  0.83555816551576767  0.84627893673061017  0.85728421941233213  0.86840045299216173
  0.87939360341284378  0.89061340676444434  0.90156459888233154  0.91225657046324338
  0.92255111678607393  0.93349105801833143  0.94453934653832383  0.95594832531893181
  0.96703473909885573  0.97815807513974906  0.98871694535132815  1.00000000000000000
 -0.00221689288117283  0.00836284268118181  0.01897705783599237  0.02959254813384514
  0.04042931386360555  0.05079841881964786  0.06123605668327282  0.07136032315199062
  0.08133595320055251  0.09126980141101569  0.10201178630732013  0.11268358742958118
  0.12342929388583379  0.13399020868207095  0.14451707509734771  0.15514346466417003
  0.16569208370768798  0.17634400899015792  0.18708433597216736  0.19785728092027444
  0.20854008736204585  0.21903361679796035  0.22949053399882074  0.23987210537902656
  0.25028302158795590  0.26078567175025480  0.27136836906253120  0.28176627576753782
  0.29207365239548233  0.30250860513210986  0.31323889243652164  0.32413283226536371
  0.33522415613021456  0.34607577334737510  0.35636755361799394  0.36639440212985985
  0.37646768320614210  0.38694924805910852  0.39730986527682738  0.40757886463062382
  0.41794752373815930  0.42868391671916695  0.43930404440995030  0.44989383005396283
  0.46065742545823046  0.47141758430793812  0.48218035971255047  0.49271611099707069
  0.50322052334485823  0.51386707536847986  0.52493142888944977  0.53593851649762814
  0.54658692759310479  0.55675555027365142  0.56703431093636514  0.57715086572302854
  0.58749683171303368  0.59787518668235007  0.60825253750509800  0.61850313124090062
  0.62871679437933670  0.63905872408018327  0.64977699080163631  0.66073623357305000
  0.67128740574754620  0.68201913572105244  0.69286975367452397  0.70337020843165032
  0.71390824359496641  0.72421650898715806  0.73445417859722428  0.74454009640386543
  0.75466802606575023  0.76522264075584967  0.77617543932504851  0.78654402328991424
  0.79676078699737773  0.80694726962553132  0.81750449989892382  0.82821673968479625
  0.83864280005436231  0.84892389229505549  0.85959439762170509  0.87038895627754786
  0.88129967702925949  0.89219202163831779  0.90294053675896879  0.91360968593106839
  0.92433274616373062  0.93507167248896250  0.94599097405222365  0.95687257766916756
  0.96788542413764589  0.97857856489032313  0.98927109621312392  1.00000000000000000
 -0.00226453981512959  0.00908488847477437  0.01901420882364348  0.02883232893279659
  0.03851224890331223  0.04736504655559760  0.05703601541734855  0.06678454292534480
  0.07582551856038633  0.08465813165388103  0.09376257642728461  0.10299823604680679
  0.11233804472452931  0.12137721898243896  0.13016710698505901  0.13885680944357834
  0.14801687121077686  0.15724723534683949  0.16652384331322845  0.17586219878445283
  0.18550587502337787  0.19534338368406323  0.20516118456161042  0.21498794177807345
  0.22458776581603529  0.23443879944201748  0.24448285402256731  0.25492885546167204
  0.26541863793230180  0.27594445802325340  0.28630948079507251  0.29674410820923025
  0.30732452638733415  0.31792539859626673  0.32845873233841416  0.33901155351191037
  0.34935916612031354  0.35960026554349023  0.36989294616109397  0.38061167077889196
  0.39159014419449756  0.40270278007797145  0.41378765291953434  0.42460872084974571
  0.43528778044180261  0.44603633665842446  0.45703002860005348  0.46760928998291829
  0.47818582403311444  0.48889141006328690  0.49989916551721181  0.51142741728478092
  0.52284784209153468  0.53435504902695841  0.54584560136815807  0.55719589975631956
  0.56841307505281946  0.57946435465480473  0.59057449761813052  0.60171873794543362
  0.61308999867677261  0.62451516446738975  0.63595219802023373  0.64735023678816483
  0.65886237497371847  0.67063425176025959  0.68239427907253014  0.69425778982068065
  0.70598496689137447  0.71768993348813614  0.72933656983264572  0.74097686975827504
  0.75264373959326958  0.76405008708555389  0.77547164611888730  0.78663348745662331
  0.79800003048096457  0.80864148553563009  0.81897594269796981  0.82935571381091089
  0.83990590409943078  0.85010398365594642  0.86047653561321624  0.87101200358992592
  0.88201015033772967  0.89216521545534244  0.90207720967095939  0.91219620173866034
  0.92335027523654734  0.93452868899742225  0.94530809898978974  0.95634620493035227
  0.96798920312106662  0.97923703784891736  0.98986564846436287  1.00000000000000000
 -0.00246146360492242  0.00928098920421330  0.01965041838944587  0.03052392511515794
  0.04076728193288457  0.05115364547098223  0.06133839594951070  0.07143054825305512
  0.08163103356630705  0.09230386613409132  0.10315750008439321  0.11388479033537965
  0.12475845792939348  0.13565400211659542  0.14655429904490314  0.15731848682304397
  0.16818307620076961  0.17931819213598574  0.19030296580670022  0.20143259409027958
  0.21177448625782624  0.22158363190482847  0.23157236635699605  0.24064950581644362
  0.24965064050999397  0.25844029975552679  0.26811899348279838  0.27825434009730898
  0.28853501272066534  0.29868732967774325  0.30898991273418602  0.31949533936698388
  0.33019671054200284  0.34092399360244430  0.35121783259320738  0.36139614875136694
  0.37149937862188348  0.38196319233979159  0.39268798004616179  0.40373001066440600
  0.41489060611438811  0.42590227480003184  0.43680322381787973  0.44762863554283311
  0.45827225578348857  0.46843789227685478  0.47832571818000696  0.48856896527945087
  0.49928284086795571  0.51030979928228482  0.52156810266035714  0.53289803379962009
  0.54396191047082032  0.55441176317413354  0.56472804501369334  0.57531034269075731
  0.58596384904087473  0.59666552560360631  0.60720602363184117  0.61785060678088610
  0.62816947044064020  0.63827531618450362  0.64865361081192352  0.65902733208761544
  0.67008504316776796  0.68082070262898853  0.69184393366573205  0.70271198346068042
  0.71346026994706935  0.72370905866122071  0.73409228991713771  0.74457213657374910
  0.75515036772859900  0.76576395195857627  0.77655751667830519  0.78705057423368030
  0.79735687116677012  0.80727089630634685  0.81716770772062042  0.82701537726286867
  0.83735572127813751  0.84810213957106129  0.85911049762715597  0.86996669123079717
  0.88110572829498757  0.89234030436949241  0.90340087776542555  0.91415462521866619
  0.92482699327350526  0.93508269236453767  0.94563131959700708  0.95616616585243430
  0.96757289627784426  0.97833166842014485  0.98944496202299803  1.00000000000000000
 -0.00203908761073917  0.00821451969181735  0.01884661511028581  0.02898057284644606
  0.03988532508425952  0.05065204141399937  0.06139277676887255  0.07241029891280198
  0.08341216008883165  0.09496677744237432  0.10532069411774808  0.11598308434779440
  0.12663819105889837  0.13713136616055291  0.14799915987406884  0.15723396488087812
  0.16667355364790948  0.17652606502223273  0.18684950473240292  0.19782495678844236
  0.20870105715641990  0.21943958989398249  0.22997641543134636  0.24059499505512710
  0.25122796737379743  0.26180479560365599  0.27205851332560410  0.28248756266898767
  0.29286872435051964  0.30299630890579182  0.31316981496591234  0.32302086946944197
  0.33317858477999868  0.34352245489920147  0.35424905057371947  0.36537526622058214
  0.37622829336564506  0.38663626731973422  0.39687503529167539  0.40733176487951622
  0.41811244547899368  0.42863746904332983  0.43868553506616831  0.44884192353138663
  0.45911990150666510  0.46982964047136994  0.48084886746757521  0.49220360390825224
  0.50358716069245280  0.51487690220858706  0.52608308695974693  0.53703954329417247
  0.54776164018882101  0.55814163195730648  0.56846670637198449  0.57895444933115925
  0.58928261627643852  0.59960093460108532  0.60982603105442501  0.61974703407777954
  0.62977142416561316  0.63970726965821478  0.64999909739338113  0.66031811666411888
  0.67075604384612664  0.68075336197986636  0.69063267476037560  0.70064026364427656
  0.71082534669393316  0.72156521093091142  0.73233650539042749  0.74321506475806332
  0.75401409853884216  0.76427175409402193  0.77461205214680207  0.78524249044626970
  0.79615135067079279  0.80706438910134126  0.81780555847831304  0.82816123394002095
  0.83879647039329330  0.84958287326728732  0.86055384999669493  0.87129819052700441
  0.88195761401431971  0.89252145259041615  0.90275504755854841  0.91292851262216046
  0.92322446455759177  0.93414073154119159  0.94503959849424146  0.95620738923146154
  0.96713262104779962  0.97855734346920609  0.98892603269982393  1.00000000000000000
   1.2045467353026275E-011  -1.0000000000000000     
 F F F F F F F F F F F F F F F F F F F F F F F F F F F F F F F F F F F F F F F F F F F F F F F F F F F F F F F F F F F F F F F F F F F F F F F F F F F F F F F F F F F F F F F F F F F F F F F F F F F F F F F F F F F F F F F F F F F F F F F F F F F F F F F F
  <DiscreteSampler_grid>
  grouped_processes
  1 # 1 for a reference and 2 for a running grid.
  10 # Attribute 'min_bin_probing_points' of the grid.
  1 # Attribute 'grid_mode' of the grid. 1=='default',2=='initialization'
  0.0000000000000000 # Attribute 'small_contrib_threshold' of the grid.
  0.5000000000000000 # Attribute 'damping_power' of the grid.
 # binID   n_entries weight   weight_sqr   abs_weight
    10   10   5.916722019371597E-002   1.124711823966255E-002   5.916722019371597E-002
    16   10   5.916722019371597E-002   1.124711823966256E-002   5.916722019371597E-002
    22   10   5.916722019371595E-002   1.124711823966255E-002   5.916722019371595E-002
    28   10   5.916722019371597E-002   1.124711823966255E-002   5.916722019371597E-002
  </DiscreteSampler_grid>
