  0.00021590521302671  0.00027466225410834  0.00030887393093547  0.00033965439467052
  0.00037593823438761  0.00042163539178413  0.00048509156477423  0.00066906554495306
  0.00108982150386804  0.00148153433814100  0.00182138339863440  0.00220954922530984
  0.00263523067448317  0.00311283300609157  0.00367837495696950  0.00431312873313938
  0.00503209761589879  0.00587118318116038  0.00681347619324092  0.00786145196426161
  0.00899996651207278  0.01029270866430817  0.01175427564755710  0.01332467650851964
  0.01494991341199822  0.01681501484743882  0.01920490298334809  0.02216580876356602
  0.02548688006693877  0.02907008674834904  0.03324778689962036  0.03814299527206248
  0.04355977652919527  0.04895022916787576  0.05368501343024597  0.05727730463165617
  0.05973668966295844  0.06145304500477453  0.06267501648368407  0.06355847270532625
  0.06421667951949953  0.06474271888237267  0.06517244036611967  0.06552810102447783
  0.06583179111161133  0.06609726754985622  0.06633258706225457  0.06654297036866019
  0.06673273947553079  0.06690656315500532  0.06706845944826025  0.06721918145637158
  0.06736216624742035  0.06750029279580737  0.06763488677857395  0.06776730008258076
  0.06789836643264349  0.06802826112521969  0.06816010219138505  0.06829567063068492
  0.06843481669141424  0.06857855586689278  0.06872820587576629  0.06888600784863400
  0.06905671846140177  0.06924481731804835  0.06945210020018268  0.06967915884051673
  0.06993502572573844  0.07022728706991672  0.07056753945909047  0.07097186960225502
  0.07146301705458429  0.07207014612459574  0.07283546514500071  0.07383638988187038
  0.07517664151719673  0.07708313223853303  0.07985852650624825  0.08376954412323787
  0.08938090689004861  0.09758930704442625  0.10903167871387195  0.12434814933821633
  0.14442882670365487  0.16912285412365549  0.19804314482409299  0.23390473003287199
  0.28427297202740404  0.35017533641985810  0.43266013722533309  0.52312805515615490
  0.60945680099986410  0.69691530215426811  0.79012289570502614  1.00000000000000000
  0.00023405600822010  0.00028819201924627  0.00033255859336547  0.00038133834529192
  0.00044045068018262  0.00058187208099201  0.00094986324679494  0.00142890931371622
  0.00186564399739515  0.00233140155225480  0.00288551594042096  0.00348693210076177
  0.00410970883409312  0.00475377547815405  0.00546000695476801  0.00631131193161575
  0.00728800254419371  0.00849645176581847  0.00989283112489064  0.01156013545389998
  0.01347875759809401  0.01554595616750642  0.01780248845790595  0.02047250832881349
  0.02364849374668864  0.02725905951891189  0.03134634332202938  0.03613390274922076
  0.04152766795968324  0.04704856614760625  0.05208676773511144  0.05609150038213751
  0.05893272234364402  0.06091113850415668  0.06230754602101543  0.06330894671161078
  0.06405221777111167  0.06462366471918299  0.06508263226480941  0.06546642608253678
  0.06578919910954484  0.06606240875560360  0.06630068841873214  0.06651389919735129
  0.06670809937482376  0.06688719921082026  0.06705310157715623  0.06720815721133931
  0.06735552663161086  0.06749832461701064  0.06763711683481813  0.06777243550120916
  0.06790674045306413  0.06804151262103801  0.06817741657435443  0.06831604675131041
  0.06845981408464172  0.06861047753055415  0.06876822030939451  0.06893345424279841
  0.06910661490054761  0.06930067923234733  0.06953200413086270  0.06978271548998186
  0.07006253947123406  0.07037971057837014  0.07075237522018889  0.07121160396905053
  0.07178801550571846  0.07250884163564818  0.07342934878162884  0.07464989238975990
  0.07633743044221962  0.07886886628934721  0.08275926925946285  0.08857123657616923
  0.09700943626361921  0.10884768396612238  0.12445778551954841  0.14499612239212351
  0.17144035159949339  0.20394968170875249  0.24269676848948096  0.29712960678976374
  0.37036602698730481  0.44830607503783881  0.52148093098154791  0.57938452447087929
  0.62266796816140002  0.65833138234604383  0.69320313569141145  0.73069954104135837
  0.77563498570697509  0.83557486316976515  0.89463946549041595  1.00000000000000000
  0.00012451295773426  0.00063712112712158  0.00093707743571172  0.00118854983866672
  0.00146445666712588  0.00177555970536530  0.00210516968422492  0.00245488981247646
  0.00283203329831415  0.00323958935108395  0.00367426328299788  0.00414110597914361
  0.00464205929541500  0.00514448301967681  0.00561561180943310  0.00606302729461982
  0.00650604699718763  0.00695196635751382  0.00740837874766708  0.00787336111945701
  0.00836154906107687  0.00886713400574925  0.00939360601314354  0.00995210989825437
  0.01054694112996971  0.01116595626343286  0.01180493381611803  0.01246930348848589
  0.01317444420649419  0.01392358348124814  0.01472793636380352  0.01555308087785964
  0.01640691226925561  0.01730483587912009  0.01822345128461563  0.01924531959011288
  0.02026627221101732  0.02135997503695036  0.02251753851269600  0.02370573512041356
  0.02496280942816806  0.02625570779393549  0.02758091941998151  0.02900959339098833
  0.03055313615878765  0.03217551690589714  0.03387436570375535  0.03564663311529239
  0.03746914881375879  0.03941136723807605  0.04140146903965059  0.04345307185115916
  0.04559382281385285  0.04787447563370351  0.05031640717835858  0.05287682135023352
  0.05556142308362655  0.05843949882578670  0.06153006917558385  0.06478972394614670
  0.06819319896992845  0.07175762482752149  0.07553724125551553  0.07955109971710483
  0.08376790426847858  0.08809095636361210  0.09241336316099662  0.09681527280159474
  0.10154252861234207  0.10676108004328584  0.11232440903201053  0.11806467811527888
  0.12395316739454258  0.13020447807656327  0.13704243662373786  0.14461683747115184
  0.15246996376790090  0.16038942592621189  0.16889690037392807  0.17882460410383838
  0.19041371412423064  0.20307953457560712  0.21648649775091908  0.23062316479445161
  0.24555911909673941  0.26132491692562426  0.27762639965551039  0.29446028823880793
  0.31231236551830077  0.33164658775107575  0.35419809457408874  0.38081243555035893
  0.41261706588581704  0.45310381074987377  0.53770949009304214  1.00000000000000000
 -0.00171455068942931  0.00631139953051025  0.01511169020479161  0.02515158916014730
  0.03537999363611259  0.04559374670050374  0.05563033842540150  0.06572114534822114
  0.07529156807366498  0.08481733593138012  0.09423599746363905  0.10376893301333237
  0.11314527739968994  0.12234677794808439  0.13161411924761210  0.14065748818667176
  0.14985014792162035  0.15906368955496195  0.16827206895450353  0.17766816334058105
  0.18721041266906521  0.19708536549968339  0.20702766083341315  0.21706608984463069
  0.22692692169585801  0.23684012818869893  0.24659630845846717  0.25631820314293224
  0.26603118310896595  0.27586093496965441  0.28611863988581415  0.29635478750616462
  0.30690552274303917  0.31741136840100487  0.32768024097141929  0.33789555359085643
  0.34834988053595783  0.35924335895432907  0.37036991510386930  0.38106557634146948
  0.39140119523091998  0.40154928598169087  0.41145655971603384  0.42154951895824072
  0.43170904939365334  0.44244720215305694  0.45383932025604440  0.46518172930948853
  0.47624646087902306  0.48740330593839343  0.49856623542833983  0.50915215496950117
  0.51959812755132984  0.53023652586064896  0.54099440248549346  0.55165384938876816
  0.56206370788574500  0.57306017887111016  0.58411987963578371  0.59535509062067604
  0.60692743369038227  0.61878158958224383  0.63070919711386075  0.64220678112152096
  0.65340288672901337  0.66443788791982816  0.67569342618385086  0.68717229908208155
  0.69852069829214314  0.70980025155441473  0.72077859158184288  0.73138422062925346
  0.74231704526305864  0.75356969023142262  0.76497899142760706  0.77544234058695305
  0.78640200594283249  0.79750917226656559  0.80891443076903835  0.82064002930532109
  0.83183847725584659  0.84240870699088910  0.85292265592915151  0.86424857436128666
  0.87599575701227572  0.88766243018873459  0.89940410197560239  0.91029580125724208
  0.92052507176490039  0.93129847557682077  0.94162832536893437  0.95321069201739350
  0.96481891324015967  0.97633575327484279  0.98784614386449454  1.00000000000000000
 -0.00241456710862860  0.00950979514460186  0.01837782078737730  0.02890916065814107
  0.03932758224892546  0.04826859885025513  0.05774193348322207  0.06742797316302968
  0.07777141845606297  0.08938550038277718  0.10047834142382064  0.11143484029592295
  0.12184703862083945  0.13229693601921563  0.14286931590616556  0.15344536919313709
  0.16419812743909062  0.17485767570300514  0.18564132970442637  0.19648103700456704
  0.20700019493139155  0.21753959617100879  0.22797585218180194  0.23833131794967419
  0.24872261021558828  0.25909420311303899  0.26990125097322609  0.28098526135116270
  0.29193522305075525  0.30288207799171379  0.31401947788155815  0.32528878051741583
  0.33650238103148478  0.34774217878259578  0.35904019077893262  0.37024326756812292
  0.38123336024233162  0.39185619218916834  0.40240314533564758  0.41311069750970331
  0.42340814779444003  0.43319314199422670  0.44276958556990287  0.45212432302573696
  0.46156760011440462  0.47141657311254304  0.48174352537072890  0.49230971071874569
  0.50292448717934368  0.51326229830665782  0.52347614802461007  0.53380204866845171
  0.54428316936587828  0.55493256012044356  0.56564638994536842  0.57639761048103111
  0.58798413235955937  0.59953019872581337  0.61045762970968753  0.62087076159662113
  0.63107868310711968  0.64116424188226073  0.65153893170622368  0.66143729449681232
  0.67124327054438215  0.68104900368570342  0.69072001750046808  0.70104421389081961
  0.71198003253566622  0.72267244548607235  0.73301957644614246  0.74392887965896493
  0.75491224145691360  0.76581800460771565  0.77649417827209699  0.78724219997404765
  0.79826793310426125  0.80937010789550434  0.82005651652043410  0.83037433161934893
  0.84017487496231313  0.84967139753779153  0.85954168342518855  0.86984307303594810
  0.87979557720992063  0.89075087794296159  0.90167342936881800  0.91185041357985508
  0.92246205855984220  0.93285013187752708  0.94352902964933472  0.95471677850924408
  0.96573216418348373  0.97697050621635551  0.98850051896326618  1.00000000000000000
 -0.00231411676587131  0.00887089205667278  0.01909548829834749  0.02956225613279771
  0.04026542339556771  0.05067918588138108  0.06064473588719232  0.07049982426305514
  0.08059777603269284  0.09053552982339093  0.10064738239636097  0.10988253404507593
  0.11831737045217093  0.12672997102244432  0.13480423682484857  0.14449556382533096
  0.15475411056677202  0.16497206096545980  0.17502380355355540  0.18485042165653856
  0.19472460964044788  0.20478957795365790  0.21489782655612785  0.22518157858720381
  0.23562199239038301  0.24618515425258439  0.25691412094066252  0.26771265891056567
  0.27840774778802446  0.28901137685079997  0.29958513466881986  0.31024477519621352
  0.32096283536408493  0.33159180631582330  0.34215348741176893  0.35273702060043682
  0.36346499223897749  0.37397034894326858  0.38409352469602343  0.39415520335997867
  0.40464203432730600  0.41562360207494781  0.42681236813542039  0.43804211447796804
  0.44927782827746060  0.46026686863421845  0.47068920588549612  0.48056236512029088
  0.49027787468773987  0.50028726651343192  0.51122970031698334  0.52247468977940559
  0.53368609827163349  0.54508701381796787  0.55621485024817030  0.56693380454041942
  0.57737647090383926  0.58796523682825319  0.59904318033651782  0.61040518807062671
  0.62136181136037272  0.63192066840470940  0.64244276207187856  0.65346175723926303
  0.66471533162359853  0.67612910235279744  0.68752265159821613  0.69887791709077607
  0.70988340219579527  0.72066967536006254  0.73139932326979673  0.74252468298580632
  0.75342729622339699  0.76418227807810402  0.77466176841203760  0.78466386915628106
  0.79454817381822185  0.80419049605856840  0.81423692890300892  0.82472699782783165
  0.83591302023517677  0.84733815835387649  0.85850190930006764  0.86961638486034232
  0.88016437898405364  0.89058576811061796  0.90053387078182479  0.91061504586118869
  0.92168625062215792  0.93228613439503616  0.94308543120285659  0.95542772278406618
  0.96590781797882841  0.97732673265734960  0.98687469686316553  1.00000000000000000
 -0.00237427600268488  0.00939383354703965  0.01922280591858120  0.03097712881777974
  0.04151368826712758  0.05236238134277738  0.06290465446210446  0.07374902360749996
  0.08475405584494611  0.09573481637434669  0.10662280171328758  0.11745566073733571
  0.12829763419695756  0.13911660262420728  0.14960001381152321  0.16052567726250824
  0.17137807931475202  0.18266345545208379  0.19366838511438583  0.20393536289222761
  0.21400158969910579  0.22425236316540140  0.23359259627545384  0.24348402154116494
  0.25423631209123132  0.26527831229622345  0.27616930126417483  0.28704640736339998
  0.29777929816930826  0.30824560591799305  0.31891105414662052  0.32956972038043952
  0.33976415846885089  0.35001177248973381  0.36062717311231729  0.37118124805775282
  0.38138156336820273  0.39136706996272347  0.40173517474731069  0.41255725836789825
  0.42330477203213690  0.43393785168487103  0.44459027077102170  0.45518940971205524
  0.46581782854115600  0.47654460257226278  0.48744375902779535  0.49803913374503295
  0.50736731188050632  0.51610233140092021  0.52546790846390368  0.53575177567075416
  0.54582402683052700  0.55490462581628586  0.56388148090175050  0.57330505585620517
  0.58343544698449634  0.59415462125268470  0.60470667272488510  0.61559730341287877
  0.62653476574573463  0.63707916360147920  0.64763849934087647  0.65800027152350138
  0.66896326054815169  0.67998623394230528  0.69132155768132353  0.70272147267627971
  0.71358535411609758  0.72442934110924506  0.73500348588974862  0.74498221212546623
  0.75499522460813562  0.76500152376287778  0.77575908865651655  0.78680596542924741
  0.79775724811149096  0.80875014141237611  0.81930147930078245  0.82998716777820103
  0.84047609227451103  0.85108967282784975  0.86174237103239260  0.87234957310634487
  0.88330329254449413  0.89378941822515823  0.90411412671346181  0.91468555081962455
  0.92558446540254802  0.93653686036991091  0.94743841729139999  0.95802657636518418
  0.96841612700657997  0.97887203547968449  0.98932770155519900  1.00000000000000000
 -0.00256264653404297  0.00925360599546811  0.01986293307955140  0.03063070130200854
  0.04133832002618255  0.05222177767466181  0.06318059455859473  0.07416081233831541
  0.08500838859538004  0.09571839322220567  0.10630752345486981  0.11672742861088996
  0.12706926222204537  0.13731627002609939  0.14835800783293837  0.15980928923273216
  0.17088015322696706  0.18179415685241992  0.19256457022627282  0.20342926963533192
  0.21418087046632772  0.22491858784178168  0.23564152270463959  0.24644754416623194
  0.25712654535781465  0.26764519516666935  0.27805100341667666  0.28872804497021992
  0.29952217705183265  0.31004616582846445  0.32025089567381959  0.33030964703349203
  0.34046411584387481  0.35084806995629331  0.36131604218736024  0.37180016347059436
  0.38219127595117419  0.39248269981866862  0.40302522031243665  0.41389645261264735
  0.42489369429064011  0.43592929791440660  0.44694407387857765  0.45783903481621591
  0.46867709549992453  0.47929063345115641  0.48969434275114498  0.50000575203016662
  0.50996776983121972  0.51992590736366795  0.52978784605887841  0.53944293120756093
  0.54949509266777108  0.55967632804857159  0.56986260524273347  0.57973082410339050
  0.58975133477961994  0.59963713354646231  0.61033121712202087  0.62164186918770881
  0.63270504047306209  0.64366947667453855  0.65475833305678743  0.66576000814448388
  0.67664867174917365  0.68747624347576253  0.69840392221431580  0.70947419125463895
  0.72011267742594209  0.73052604314245584  0.74095226289901872  0.75192675994674329
  0.76297492369339848  0.77390080866128586  0.78471189107913852  0.79547096635475800
  0.80619316831697196  0.81697220824288619  0.82795227868051480  0.83901399752879902
  0.84957560059741311  0.85943877938677948  0.86893312180598259  0.87888699875809195
  0.88971435948517508  0.90010817758525818  0.90964874905268733  0.91898349651546207
  0.92853556634693390  0.93834569807961898  0.94798407096417547  0.95750223442295868
  0.96714765133555203  0.97900258999605561  0.98940080338164949  1.00000000000000000
   2.3594134917440992E-011  -1.0000000000000000     
 F F F F F F F F F F F F F F F F F F F F F F F F F F F F F F F F F F F F F F F F F F F F F F F F F F F F F F F F F F F F F F F F F F F F F F F F F F F F F F F F F F F F F F F F F F F F F F F F F F F F F F F F F F F F F F F F F F F F F F F F F F F F F F F F
  <DiscreteSampler_grid>
  grouped_processes
  1 # 1 for a reference and 2 for a running grid.
  10 # Attribute 'min_bin_probing_points' of the grid.
  1 # Attribute 'grid_mode' of the grid. 1=='default',2=='initialization'
  0.0000000000000000 # Attribute 'small_contrib_threshold' of the grid.
  0.5000000000000000 # Attribute 'damping_power' of the grid.
 # binID   n_entries weight   weight_sqr   abs_weight
    10   10   1.365950616635187E-001   7.100100167677971E-002   1.365950616635187E-001
    16   10   1.365950616635188E-001   7.100100167677972E-002   1.365950616635188E-001
    22   10   1.365950616635187E-001   7.100100167677967E-002   1.365950616635187E-001
    28   10   1.365950616635187E-001   7.100100167677968E-002   1.365950616635187E-001
  </DiscreteSampler_grid>
