  0.00915951412719121  0.01598659523424219  0.02560682975098886  0.03604955672752815
  0.04610087215868629  0.05627949286665854  0.06646597839268804  0.07591244636448786
  0.08603855812936724  0.09632155644345985  0.10653115574529368  0.11649897083584987
  0.12684920147766246  0.13822453804533855  0.14919357645746414  0.15945914023589641
  0.16999077449311789  0.18105468818617920  0.19193905844067199  0.20246252507361256
  0.21306207511552944  0.22370408450331231  0.23418045444640329  0.24469788951460453
  0.25535759281901810  0.26608895154935791  0.27679920475109243  0.28765131024381146
  0.29803980226547427  0.30802398238363493  0.31836683040367408  0.32892112708426452
  0.33891013524615876  0.34831992186621169  0.35783309351077874  0.36805307853701880
  0.37863254911569394  0.38908912000697921  0.39963920452534996  0.41063450043952471
  0.42234190877840655  0.43440340877544548  0.44604763872555142  0.45691505086526729
  0.46723183243447397  0.47729010431627478  0.48735008150166831  0.49748564849534083
  0.50777574427283978  0.51807502065576161  0.52810755381545849  0.53768431267696093
  0.54714223859933264  0.55634918045353399  0.56559058466444190  0.57492801289880391
  0.58473707073032977  0.59549713962804529  0.60688693639991853  0.61880286130862416
  0.62970197217112234  0.63963429056608201  0.64923719986137662  0.65881063989499866
  0.66843941772283555  0.67841554863618259  0.68881253559035649  0.69995490500637603
  0.71143864529203504  0.72239938946290994  0.73315754165421021  0.74385696762043563
  0.75450441918966094  0.76486678671707486  0.77502421273219657  0.78538751538109763
  0.79573890580887197  0.80582436614545327  0.81558836634557930  0.82512634367577620
  0.83481944917681383  0.84440090791288802  0.85394228200286260  0.86338704297361135
  0.87322749368158192  0.88380827137134754  0.89458736417879636  0.90550918673728342
  0.91662990282270662  0.92803734633070445  0.93990880923604525  0.95170670006484659
  0.96333011747168507  0.97511536384288799  0.98731618652324116  1.00000000000000000
  0.00949515173685863  0.01548269127223374  0.02437076570211132  0.03354525574099289
  0.04270860347227517  0.05239789896137672  0.06226865458075485  0.07259505330941907
  0.08332126973949762  0.09453282225679001  0.10533556564250164  0.11493782335884185
  0.12442986573312971  0.13427537534615175  0.14422135324239560  0.15390250453665041
  0.16366282364657048  0.17410516765970796  0.18506315186503880  0.19587441373977865
  0.20690118075745967  0.21850112721542797  0.22983558585109029  0.24057998585687465
  0.25102313749927813  0.26128188361342636  0.27161233366540982  0.28220305299129989
  0.29284024573634698  0.30330784513664594  0.31360952473340720  0.32370882858198818
  0.33373290556314922  0.34376396388394392  0.35405445946284514  0.36498941153937675
  0.37641472759757250  0.38825750385183277  0.39985768492131052  0.40988750098234400
  0.41996136592703243  0.42973266381565017  0.43958022695823112  0.44952442423082178
  0.46015898545604250  0.47199258930128835  0.48397435007923884  0.49511011256804910
  0.50588695805176676  0.51607130064957552  0.52631846256351800  0.53630399489093838
  0.54651920095928230  0.55687561812234232  0.56765643554279011  0.57857769300212902
  0.58923750806976594  0.59938789574586593  0.60935383980342106  0.61937686654989921
  0.62960417774733912  0.64010916820414310  0.65068039239243125  0.66120543469478099
  0.67156987350882380  0.68223562343865540  0.69296941476339036  0.70363408218885060
  0.71435543331938955  0.72497005302111983  0.73530328477135054  0.74547015631331981
  0.75587001850192015  0.76688482280089310  0.77832061077117232  0.78989953709468708
  0.80168059031407679  0.81357406118422892  0.82582971806657623  0.83770600203675205
  0.84906309531635371  0.86088516126929637  0.87231908842419614  0.88326612775631064
  0.89326255321958004  0.90290596487219021  0.91229714854046884  0.92173998296947246
  0.93122411928859850  0.94094046498617367  0.95085614241454264  0.96121097952317636
  0.97188252482710691  0.98228427760761061  0.99135153596721437  1.00000000000000000
  0.05672089390346432  0.05845956848854819  0.06075803111512718  0.06344838474064167
  0.06628613337634411  0.06979290636179686  0.07362283038638391  0.07738125236765428
  0.08121809715679891  0.08515047461115972  0.08922588052297790  0.09333279886856297
  0.09745217458304914  0.10180175043511021  0.10626424864243669  0.11070219386857866
  0.11523667012252531  0.11985369815370801  0.12448863024705095  0.12927234946845251
  0.13428570457207994  0.13997660867358977  0.14502916389344547  0.14826814103354405
  0.14920081676275479  0.15043714001382655  0.15162530505703484  0.15315286544932963
  0.15559771538751910  0.15798225360402288  0.16042454227628619  0.16287356739603187
  0.16532068849863155  0.16775286520291380  0.17016417459829769  0.17257541657432915
  0.17497232988846567  0.17736258159093679  0.17974574776547483  0.18216249911083521
  0.18463375284657543  0.18715749541029747  0.18971319921792340  0.19229875595341928
  0.19491001409386111  0.19753022638564194  0.20017244703148013  0.20284357024108118
  0.20555212102575354  0.20832234070124064  0.21115349393527555  0.21403170916497063
  0.21697154839284416  0.21989556515957551  0.22284451611201889  0.22581321127471476
  0.22884483512952900  0.23191030345704747  0.23502250114794349  0.23816912017587932
  0.24135755505747897  0.24459543573469711  0.24785941223497820  0.25117405078851024
  0.25456020425276060  0.25800435330319998  0.26149036300654016  0.26503600356148210
  0.26866179231024390  0.27239268223149010  0.27622248428501178  0.28012657215191356
  0.28410788938824660  0.28825683855647671  0.29253461630740168  0.29692270959463646
  0.30148836031030385  0.30623371760387458  0.31115998833860697  0.31625827689963054
  0.32161300555655820  0.32731798910097637  0.33342724548091845  0.33994491320761017
  0.34691984408165139  0.35442364334543353  0.36264870717101272  0.37193623785385171
  0.38250812028197290  0.39454987301420696  0.40935090729345636  0.42781375290043122
  0.45391759989878067  0.49725143572353020  0.58657503944544065  1.00000000000000000
 -0.00234916845606750  0.00952787177302229  0.02000146887652628  0.03158153842423993
  0.04263166674707375  0.05556851436659672  0.06685537602917985  0.07672774484985738
  0.08669826110929446  0.09674634286055438  0.10642687376032617  0.11556681883782641
  0.12525451082092454  0.13622288889301101  0.14715490482307866  0.15739932470147805
  0.16777962516548287  0.17943390057508979  0.19167876216186455  0.20384173720722135
  0.21557031655066633  0.22643428138895855  0.23741816627847367  0.24804844603662038
  0.25846067918554716  0.26866718827680769  0.27957806457105855  0.29069070907823613
  0.30173545223292464  0.31232039311871418  0.32302847642190624  0.33359195530590208
  0.34352502477351260  0.35339844029498024  0.36354147697792982  0.37403506354816762
  0.38443002515183938  0.39520858489294891  0.40680537499155622  0.41858058318119129
  0.42912259705101624  0.43971486156976863  0.44958073063341913  0.45924242469479420
  0.46902497803187465  0.47871224792036887  0.48952754911495627  0.50005364965224575
  0.51172839984542418  0.52308721256530422  0.53388447063281230  0.54370137688153630
  0.55308142333001376  0.56262420120644374  0.57219846847845623  0.58133562216581380
  0.58981150591241538  0.59827410255559244  0.60710628113891141  0.61637244979876782
  0.62534921140463184  0.63480453030057693  0.64453246667465003  0.65499137172756827
  0.66570466771293813  0.67655556037835785  0.68729980709693528  0.69767008083906146
  0.70805247860172205  0.71864029083965475  0.72955224939687058  0.74033498357298444
  0.75096683795211994  0.76115947228893166  0.77109627118998580  0.78075642280259749
  0.79107313149588421  0.80194068455107337  0.81247326679370258  0.82231763246277034
  0.83218316821566962  0.84235696616342925  0.85277211073906367  0.86321227763619124
  0.87335015020238749  0.88339728639410309  0.89349526945787383  0.90427426443963843
  0.91485412189193882  0.92561124394063377  0.93606850472564229  0.94846718729260848
  0.96073962372244670  0.97322980941734005  0.98638125569786417  1.00000000000000000
 -0.00228093592426215  0.00907737381730313  0.01912856667895486  0.02954261848418883
  0.04000320243950817  0.05084144789489560  0.06180419977590171  0.07244672843114705
  0.08333232781807191  0.09520742828059370  0.10623891426640782  0.11629812882760278
  0.12619042992846755  0.13618799155836700  0.14604370466780400  0.15512993146190859
  0.16399681992152645  0.17370746815638163  0.18376016159768288  0.19337604518038570
  0.20259263111774975  0.21258515714873347  0.22367172476903888  0.23445029336880202
  0.24473113237791680  0.25569896078384846  0.26757605655228672  0.27878425255135053
  0.28945088500076227  0.30028518743380639  0.31146596426163370  0.32224167927655512
  0.33249180436644044  0.34268085336641807  0.35321565246187703  0.36406737463294092
  0.37479211087099168  0.38494185775614215  0.39480071472738193  0.40474518857041686
  0.41471606185417675  0.42474399479859759  0.43481755711012482  0.44580724161188184
  0.45769438679632379  0.46888919543420865  0.48029746865869788  0.49058317750501823
  0.50099840805077522  0.51098765715529471  0.52148170230725610  0.53224278829160987
  0.54299364483534662  0.55284917106992648  0.56283329303798635  0.57316686287605467
  0.58387493733517770  0.59474704889736063  0.60551361857601360  0.61606014210267779
  0.62659138278132887  0.63758337787558683  0.64880196538446633  0.65918171886872667
  0.66918003279088789  0.67934709010140715  0.68942592969414784  0.69952611761139194
  0.70967328448735578  0.72173920084224596  0.73295605275530096  0.74370217236110525
  0.75385319554129815  0.76433036454031622  0.77448466047899001  0.78407046278793879
  0.79338224206984109  0.80265605133399831  0.81229713267944403  0.82231738682906230
  0.83240400500855183  0.84214872168519961  0.85210906720375901  0.86280961131170075
  0.87432293309305931  0.88633187777343503  0.89833353347497347  0.91096272230228093
  0.92312874925499289  0.93486223069330798  0.94621196057109458  0.95738869493826728
  0.96756410552841876  0.97826692487003297  0.98907399897472204  1.00000000000000000
 -0.00314997886252067  0.01304749787283715  0.02572196209418274  0.03859140639532337
  0.05100014016176819  0.06324799281639763  0.07609546157713143  0.08830072835657089
  0.10043698711350613  0.11177050054413253  0.12270568072068010  0.13299658423659275
  0.14349283448669359  0.15413555899191911  0.16477315728319403  0.17527185246833635
  0.18571091110379412  0.19598486866933254  0.20623833108877432  0.21634907601753228
  0.22674975457067884  0.23740612502085359  0.24847977019980449  0.25903535278609524
  0.26967069385559606  0.28061474238341894  0.29160326522260799  0.30229831208805763
  0.31274316404970653  0.32279420925158897  0.33305220342211200  0.34297668229213701
  0.35289178897269324  0.36270655911055882  0.37212797680367687  0.38190568568995975
  0.39159488423646904  0.40246198717389736  0.41390344227545861  0.42441490551247557
  0.43434493268187396  0.44376796883233710  0.45315887015363077  0.46257943825872982
  0.47178549474411074  0.48090017476023966  0.49018863641113114  0.49956107432320707
  0.50927557672870039  0.51882925047393447  0.52908169954424089  0.53940431367377772
  0.54955481719085830  0.55973465779056575  0.56997497211573689  0.57990003215085284
  0.58971980505912280  0.59951478968801097  0.60931060070601661  0.61911033668852888
  0.62865944429126364  0.63812499427853120  0.64772517289469556  0.65719918673365241
  0.66638416254589239  0.67550517442311420  0.68483131538334208  0.69455002704863933
  0.70462477355770736  0.71501087945236175  0.72544459566171948  0.73568029110205535
  0.74622060979008265  0.75774457283266228  0.76991276243669415  0.78140348032219553
  0.79223427174616479  0.80225208873581721  0.81204129618969378  0.82205765100834061
  0.83238697219855440  0.84294110517949761  0.85362388760464614  0.86453563097689423
  0.87540012478167895  0.88559927730347177  0.89564695330854227  0.90625248908333311
  0.91775530069122335  0.92985608771150496  0.94188786635833588  0.95375442057231063
  0.96551815602148550  0.97720209140723080  0.98866059825586305  1.00000000000000000
 -0.00228327378027562  0.01024124007189735  0.02040905455862943  0.03041017345691446
  0.04029940782829305  0.04984050962798671  0.05869931029238297  0.06766036632559441
  0.07730711195169679  0.08734645942494980  0.09755526693048203  0.10762185028149378
  0.11752787675167377  0.12721233659087772  0.13687501545979003  0.14697497250720773
  0.15758215585327506  0.16844496324534680  0.17968569644463933  0.19091301715752121
  0.20155774974571308  0.21212887010782791  0.22315295112215577  0.23455928309080701
  0.24650009277378920  0.25849395980197548  0.27001157809848819  0.28069330056721226
  0.29116722080826130  0.30221669732395257  0.31307645617713042  0.32314203796487601
  0.33271903107518125  0.34219246974809808  0.35154898090461489  0.36084608417315533
  0.37027573963262561  0.38007163432021518  0.38990062636463907  0.39998809968144333
  0.41043227603023408  0.42105994781220130  0.43187361525339801  0.44265164286069458
  0.45324242698293826  0.46360676810711965  0.47382746676883364  0.48412749558770457
  0.49456133105598354  0.50551545334453429  0.51688623119807708  0.52812968728204845
  0.53905600504461737  0.54971644732306857  0.56043254711865242  0.57150614117434162
  0.58269107728383063  0.59387558644792315  0.60513334817299314  0.61614341071200851
  0.62681430577957176  0.63714493718645038  0.64736829000390295  0.65739828112012677
  0.66758995626280337  0.67765160461715213  0.68823352754257427  0.69869544437525211
  0.70914775385861695  0.71972327705296901  0.73022798830474511  0.74118581000627037
  0.75209712984297328  0.76320080979253524  0.77396210524683295  0.78409606686954680
  0.79441987563766236  0.80562425747140454  0.81682130417060728  0.82819626946244884
  0.84010581659796502  0.85214418626384525  0.86361694655082699  0.87474650581420976
  0.88470379805447286  0.89478265898974452  0.90511031294335886  0.91603456209466494
  0.92704551790602074  0.93751279211012861  0.94817888722000687  0.95873694271021204
  0.96896067696732768  0.97920592994158717  0.98966500358966569  1.00000000000000000
 -0.00267292424510359  0.01032463818603067  0.02198827160183671  0.03383640201728768
  0.04564156781043326  0.05718796404249989  0.06835249515750663  0.07965700729896670
  0.09117247638818669  0.10276733796228935  0.11385456039161151  0.12450657173220482
  0.13498412171287993  0.14529963688735922  0.15583779610333981  0.16642071542005779
  0.17694782584164309  0.18703371501154270  0.19707887898703463  0.20742209611680140
  0.21795304806945801  0.22882834284770781  0.24065741919959466  0.25282098897301564
  0.26460876518653070  0.27577689129605071  0.28651123300514403  0.29708728100332227
  0.30762134505024058  0.31833791401491940  0.32914473569294728  0.34032010954615438
  0.35209546100771716  0.36422835137404558  0.37651647390409715  0.38861088406395133
  0.40003951871965399  0.41070860311775786  0.42081633754768616  0.43053579088693111
  0.44026788273246470  0.44983250934515118  0.45938072007687114  0.46936485927048133
  0.47992702585238534  0.49162853270424250  0.50274049719276237  0.51279489130517508
  0.52266289792588305  0.53303295639584103  0.54399339516139500  0.55489017573174604
  0.56527710426710720  0.57485439878812039  0.58437334648617234  0.59403330439470636
  0.60388729356085580  0.61339201450766390  0.62289729402382477  0.63311571426873214
  0.64384492572568308  0.65390573766310922  0.66345970628643436  0.67305369528971670
  0.68270248537179756  0.69241892863913856  0.70240824227933174  0.71258989419005359
  0.72269882765089610  0.73245911652608742  0.74198063295012384  0.75193287789825769
  0.76195376260746484  0.77208636045228207  0.78218219768088226  0.79253828618199995
  0.80331019215902377  0.81393724427608272  0.82407664689188165  0.83403030904260433
  0.84317674514847707  0.85280908022161983  0.86206560913764729  0.87135298658926119
  0.88074931848862681  0.89047335429534547  0.90041985618636211  0.91066619516801595
  0.92088479128001133  0.93162543296527489  0.94281177445662989  0.95395598395777759
  0.96503224277068400  0.97576229935529402  0.98762281720692791  1.00000000000000000
   2.2272752936055469E-008  -1.0000000000000000     
 F F F F F F F F F F F F F F F F F F F F F F F F F F F F F F F F F F F F F F F F F F F F F F F F F F F F F F F F F F F F F F F F F F F F F F F F F F F F F F F F F F F F F F F F F F F F F F F F F F F F F F F F F F F F F F F F F F F F F F F F F F F F F F F F
  <DiscreteSampler_grid>
  grouped_processes
  1 # 1 for a reference and 2 for a running grid.
  10 # Attribute 'min_bin_probing_points' of the grid.
  1 # Attribute 'grid_mode' of the grid. 1=='default',2=='initialization'
  0.0000000000000000 # Attribute 'small_contrib_threshold' of the grid.
  0.5000000000000000 # Attribute 'damping_power' of the grid.
 # binID   n_entries weight   weight_sqr   abs_weight
    10   10   6.494253166460126E+004   1.504949331360689E+010   6.494253166460126E+004
    16   10   6.494253166460126E+004   1.504949331360689E+010   6.494253166460126E+004
  </DiscreteSampler_grid>
