  0.00026671674980260  0.00031490767227402  0.00033921855694531  0.00036922019117317
  0.00040874722569915  0.00046269177636250  0.00061072347845128  0.00096848322949961
  0.00142546823550028  0.00181662392709507  0.00222173321600145  0.00268357824323685
  0.00319133111445563  0.00375767597797445  0.00442623510355997  0.00516226350041379
  0.00601514525754954  0.00701977112688093  0.00808404452001044  0.00913422083755301
  0.01038326972992471  0.01189076439175818  0.01350857013825417  0.01524857954106407
  0.01732430839643058  0.01995437508096498  0.02316893623733086  0.02684050152106696
  0.03093041905590988  0.03544636379551405  0.04039822350775985  0.04564846688937954
  0.05078993479190099  0.05505647932577812  0.05809778775237415  0.06025614107513006
  0.06179232780215635  0.06290627264658351  0.06373970349517558  0.06436593576820711
  0.06485257608237886  0.06525324400073845  0.06559056632441078  0.06587747377620680
  0.06612506593826234  0.06634629158029723  0.06654542901948356  0.06672706166370476
  0.06689524869377224  0.06705280659107475  0.06720096491229080  0.06734042128636998
  0.06747356665071405  0.06760341032690630  0.06773143749504507  0.06785806499985306
  0.06798373997792054  0.06810930788266001  0.06823643674951857  0.06836677765011689
  0.06850124780007713  0.06864229851447373  0.06879159562115419  0.06895087507082526
  0.06912202032404201  0.06930666956062770  0.06950905731368727  0.06973477510656372
  0.06999180498879687  0.07028935812199776  0.07063535776322087  0.07104528419080114
  0.07152926752035763  0.07215503764089391  0.07295742148381303  0.07399948161947126
  0.07539216991687042  0.07736809626365831  0.08039933569260126  0.08461352875752515
  0.09097033952682473  0.09996631240099545  0.11240497445668636  0.12820409126057972
  0.14923198984382297  0.17744197169218895  0.21421244727728450  0.26287368481518353
  0.32716868453828496  0.41547664861782702  0.51815093442021909  0.61793979214464356
  0.70378572850534349  0.81175034369385612  0.90428342997023781  1.00000000000000000
  0.00001766479619742  0.00003981830481853  0.00007219141122109  0.00010361837353826
  0.00013841797143791  0.00017963135782635  0.00023641619957394  0.00030784932465675
  0.00039618862666349  0.00051017100590020  0.00066267823052849  0.00086305290051861
  0.00110968656298228  0.00139911604432544  0.00176143894751117  0.00226585542928980
  0.00295848659134149  0.00383934871159595  0.00496558146722642  0.00642682844168772
  0.00850040859443258  0.01176666979229410  0.01668347215822099  0.02389180121060979
  0.03403681594618924  0.04722735566549822  0.06265639028496663  0.07925381916575104
  0.09663769922464421  0.11464550258243542  0.13281549711337828  0.15092533687410528
  0.16904325031711481  0.18730630946417653  0.20574265876722225  0.22427475799592569
  0.24267525906022805  0.26105138483444595  0.27946242754681266  0.29786123423806787
  0.31629407748022215  0.33451011362666105  0.35252893087494352  0.37057778088210375
  0.38876375507560218  0.40719534617176206  0.42561448712220240  0.44377813435928881
  0.46169609349625196  0.47981358096483706  0.49823392145654921  0.51638484577675603
  0.53435972380031016  0.55254235840040700  0.57075755114210047  0.58877495098564092
  0.60666084643913509  0.62455317273584166  0.64238542027875811  0.66025421057772982
  0.67827474212343586  0.69634998072475840  0.71430824993499753  0.73206638758096276
  0.74975218471088012  0.76737579145037571  0.78485422651787518  0.80234288775705997
  0.81971650276020869  0.83680113999099948  0.85355508102438749  0.87011619977586796
  0.88647582336506092  0.90246170849771645  0.91795016837171739  0.93276829594662602
  0.94651737758978138  0.95883405372477659  0.96924660890070780  0.97757935259750295
  0.98391634603087474  0.98832630719195436  0.99150990204888723  0.99394457292509586
  0.99568260257309360  0.99686842936536291  0.99774271470170450  0.99840131828181111
  0.99894032539303446  0.99928399125010625  0.99949389504850816  0.99961425304936846
  0.99971390444439834  0.99980775805890232  0.99990200962126030  1.00000000000000000
  0.00043145471854050  0.00073910935266210  0.00092513116962118  0.00112208807747986
  0.00134365370719861  0.00158767605607007  0.00185116534340784  0.00213192856951801
  0.00243296745591785  0.00276089123137297  0.00310982057115279  0.00347175467842510
  0.00386972033737822  0.00432335934165819  0.00482237445354283  0.00535115644652449
  0.00589385785559096  0.00643457434560441  0.00697248656071361  0.00751574658651687
  0.00807329434011110  0.00864128415271955  0.00922368941382072  0.00982996853083614
  0.01044388179320738  0.01107030054380437  0.01172476996527922  0.01241927893809261
  0.01313759338769571  0.01388522387891161  0.01464605689589671  0.01543366832384916
  0.01628431361096598  0.01716748197256915  0.01803846600282510  0.01894908143327519
  0.01992663433205405  0.02101426274988169  0.02216471619511896  0.02335213708017103
  0.02454527075282841  0.02580245574427857  0.02713527096417793  0.02856277006741864
  0.03004746599042172  0.03158471758545698  0.03320321467994453  0.03490939012342618
  0.03669144830468493  0.03852207072613344  0.04041296979066350  0.04243703605790381
  0.04458582060889907  0.04682952324334699  0.04916453287480291  0.05157160789699530
  0.05412014477961977  0.05681515954787288  0.05967618481867862  0.06272047093483292
  0.06585459955586020  0.06908089363347386  0.07239669013609133  0.07594645126097960
  0.07975533293200786  0.08382217162261296  0.08821509069286668  0.09284329863225788
  0.09771252954564304  0.10282006529669710  0.10797102313185580  0.11329541540097755
  0.11886636696377879  0.12486871010274593  0.13121587705973217  0.13794295374954435
  0.14509699447322941  0.15320920200805885  0.16237179617485881  0.17215720532796858
  0.18243250216384696  0.19385838998378413  0.20643219276602506  0.22008693893252815
  0.23468100561883345  0.24930918157921228  0.26483132971367968  0.28158396355699683
  0.30092418782945596  0.32221050520668021  0.34540432383716202  0.37162928304895604
  0.40301885617601346  0.44388415291593258  0.52823663130500575  1.00000000000000000
 -0.00214260783424435  0.00864631348611994  0.01889860094418025  0.02827548821033966
  0.03841632387956245  0.04734822945022153  0.05666823886686164  0.06568980567912711
  0.07507456414478922  0.08475113920293099  0.09444426571215481  0.10422194487901024
  0.11380603540685505  0.12321274131326544  0.13250603239279476  0.14195961595391238
  0.15133796214504547  0.16080432641319961  0.17007079363786498  0.17923923010718870
  0.18852941204794907  0.19783573975173768  0.20759444984173131  0.21743564419700434
  0.22742185713526442  0.23756340015433494  0.24769329865317607  0.25775911343576802
  0.26774364300774328  0.27791077752579918  0.28811453760016864  0.29845924209256103
  0.30898885260911091  0.31953310399258983  0.32936611974413343  0.33845086203536545
  0.34711079445706577  0.35628969276507699  0.36653315453481466  0.37767761094669994
  0.38873345174652241  0.39940087368416355  0.40993944574816016  0.42040316015424845
  0.43097327260525659  0.44192993211277148  0.45297506941804400  0.46404637656769970
  0.47529831074387940  0.48635302024084398  0.49741227405917404  0.50837145500572234
  0.51944817757717521  0.53065482889687721  0.54194217649163556  0.55336078198416150
  0.56464669330907291  0.57599054954857953  0.58753652776857490  0.59917730736103603
  0.61063594676536592  0.62186940717955053  0.63320994390424845  0.64451840697205498
  0.65574263832917801  0.66671582137949015  0.67800207949087044  0.68950947826135212
  0.70111440821693927  0.71261674180438839  0.72390162353761733  0.73535611455085159
  0.74602492033785806  0.75658692030213104  0.76692695845565351  0.77841713604919416
  0.78950468221644854  0.80069342308660740  0.81164599533385440  0.82245176697726730
  0.83348944421033411  0.84430283317529720  0.85572755978999027  0.86633755688799441
  0.87712112728524638  0.88703517888889061  0.89803372805444903  0.90930077420514344
  0.92073006726141515  0.93201864529842571  0.94304809979012638  0.95465922724940000
  0.96574348084379136  0.97705167016726602  0.98871091916244269  1.00000000000000000
 -0.00227450742191503  0.00916621253196758  0.01965930547454090  0.03102297423897211
  0.04162990914392280  0.05143000566071030  0.06095109245349754  0.07112980486173189
  0.08178717536548541  0.09219519897046530  0.10265147289243848  0.11331665212222065
  0.12456715974690748  0.13542266520710564  0.14622419147070154  0.15700809975027247
  0.16805094797803244  0.17903193756330368  0.18997601193237537  0.20077554050816027
  0.21144508313106217  0.22206468941419996  0.23266589850924110  0.24343201037420978
  0.25437904880453388  0.26528697492227415  0.27625240552289654  0.28722266761889986
  0.29830692337598880  0.30950565772679178  0.32079019928456770  0.33211141251722309
  0.34251137859487812  0.35234821795398941  0.36200060252013655  0.37215484311260461
  0.38255393204787269  0.39314164382341527  0.40382013358943314  0.41459386095867096
  0.42530854903710119  0.43581166291452411  0.44608593546207187  0.45623676577009969
  0.46673353998406203  0.47746346914064747  0.48836157971237770  0.49914152582074117
  0.50979224683303370  0.52045556607679910  0.53112747608885180  0.54178892543003176
  0.55235565912656059  0.56289488646478381  0.57317300279740901  0.58338547677270780
  0.59349588534975706  0.60359696427232723  0.61376069865681637  0.62395230465327078
  0.63428703544581833  0.64478303860876962  0.65518354703334458  0.66518623560596279
  0.67478858818215759  0.68429677429385538  0.69448021155638973  0.70521887919187864
  0.71590954379039129  0.72639325828927148  0.73680688312399945  0.74712855749084173
  0.75760308513981878  0.76810558337271206  0.77894545899847112  0.78972734774241693
  0.80054761808883801  0.81120773777717636  0.82187044862696079  0.83250134090535044
  0.84326193740184852  0.85394979492719769  0.86446616113762775  0.87495074527849392
  0.88576253067887223  0.89705735988258761  0.90794526985336388  0.91836311589176456
  0.92853803190712825  0.93731673537521731  0.94712206509456520  0.95701569995629443
  0.96792262107327698  0.97866166087737627  0.98959870447774279  1.00000000000000000
 -0.00221879493203144  0.00862182892009711  0.01800811622978317  0.02868456763814550
  0.03788848741335635  0.04717572638011693  0.05682754348058261  0.06673437375997908
  0.07677005886597478  0.08652536851071269  0.09671599134637762  0.10652879441313683
  0.11654390186798412  0.12616074457088899  0.13572493251911100  0.14521127511365758
  0.15463302041873700  0.16420122659581099  0.17384562002380979  0.18345204345081309
  0.19295350037412998  0.20266282853861828  0.21263545714950513  0.22272112277821535
  0.23285109216902802  0.24289595412063048  0.25310163703670358  0.26349043557825108
  0.27405136531701979  0.28449764469659450  0.29486452330716439  0.30529008184722595
  0.31586873862236281  0.32659895336481143  0.33711510196839528  0.34763977036610788
  0.35831005231528534  0.36918053124811556  0.38010241748563367  0.39095685230259009
  0.40175222093425400  0.41250420154245782  0.42313467613374722  0.43376473845113800
  0.44437067604517971  0.45512463669225195  0.46598698221433027  0.47711855591159563
  0.48832587350966106  0.49928233338228956  0.50990103923845098  0.52041891309606736
  0.53131419626141507  0.54241390671301437  0.55356143824912452  0.56478955859225066
  0.57576680551017478  0.58633194513355502  0.59669986352467741  0.60685794964954620
  0.61772958124188249  0.62915710727152208  0.64046194992040706  0.65128880424643076
  0.66223161035890177  0.67296830062979474  0.68457813410706814  0.69557960427780785
  0.70562550164960292  0.71577869208969480  0.72654234924980698  0.73814121863628090
  0.74962652629356985  0.76100421041592370  0.77214353568018790  0.78325452873108470
  0.79424389832878750  0.80502949854418804  0.81599688688561767  0.82710040256524564
  0.83835567011784251  0.84939693532873906  0.86028595920613460  0.87102477697962910
  0.88139867404768912  0.89157388161289330  0.90157883365488811  0.91190135469060274
  0.92233502854396132  0.93246852406273595  0.94318403333332623  0.95425633139400268
  0.96594529868374535  0.97705224710840166  0.98847212442209431  1.00000000000000000
 -0.00231422384748712  0.00903207208109626  0.01894523045172929  0.02952158642168093
  0.03978461219346062  0.04985914157592711  0.06041587750078185  0.07050174376994696
  0.08115726549541151  0.09145287152919933  0.10145347247940555  0.11070914283804317
  0.11996421016908371  0.12883597469016511  0.13871683284546582  0.14858467766028025
  0.15932676450590388  0.16998427613267961  0.18051752720666334  0.19150868046389549
  0.20286968843535810  0.21407963684948284  0.22433848530371403  0.23419096217964810
  0.24426939541333090  0.25465457660022028  0.26461760583252142  0.27456212754977211
  0.28492504616686160  0.29605809381396642  0.30725782521026651  0.31799981247581133
  0.32763250431904051  0.33751106926249252  0.34755617052864446  0.35842368942012298
  0.36988365274790874  0.38106907924959854  0.39206057413426065  0.40308310104626988
  0.41424305092963243  0.42530233087781466  0.43564172439859983  0.44585366173861229
  0.45561062922446360  0.46598062501198301  0.47674777645568539  0.48758620879841813
  0.49848863714795005  0.50950254218499569  0.52035716568103718  0.53125973312230967
  0.54214578165081462  0.55318476111463233  0.56379336097897337  0.57389801763694259
  0.58394962566512043  0.59465478661974225  0.60558223130346744  0.61637967232493174
  0.62687561340815878  0.63752655664628055  0.64834746838291923  0.65932299838243646
  0.67036865650950739  0.68166971268309562  0.69284196321210845  0.70381941871968690
  0.71474395389217671  0.72550027657965355  0.73616472603203920  0.74685867746466783
  0.75771525229948378  0.76872426215500422  0.77905859632378294  0.78948959061213542
  0.79981987833074264  0.81081900390077299  0.82169110956165103  0.83221465535200012
  0.84273351564101184  0.85293201788916884  0.86363886796023648  0.87437566086768204
  0.88452171265856583  0.89441676014709637  0.90413024084601623  0.91403439305195389
  0.92475443835858984  0.93553355261647730  0.94634032348095298  0.95710368182919592
  0.96766872404885451  0.97843668802955897  0.98928024285607263  1.00000000000000000
 -0.00246630164741027  0.00982414895405098  0.01962592962547884  0.02979090004238812
  0.03997706666211880  0.05043314206576718  0.06076411875753027  0.07044224938837289
  0.08045815669597450  0.09106808538832260  0.10200513900239144  0.11305920906962857
  0.12395915800403397  0.13497855712218138  0.14560714292067328  0.15626081379876613
  0.16698257592429766  0.17784666981772859  0.18850605604866899  0.19901768753807103
  0.20962107917154466  0.22053455791935295  0.23118978768424059  0.24147653831343979
  0.25175977965292928  0.26227859529774916  0.27297787665619794  0.28331218317478685
  0.29334538300476498  0.30319491051486969  0.31317186207713010  0.32337764091584287
  0.33396410553731126  0.34498949649136562  0.35605693144049921  0.36687048294656421
  0.37752163128229510  0.38813884409064936  0.39905074733161527  0.41012543400446910
  0.42117361495696437  0.43178882001396213  0.44200091088241295  0.45207099940834294
  0.46209104859073802  0.47289110306662607  0.48386285120097672  0.49499923419471081
  0.50599973666537257  0.51655368734550222  0.52672502262135956  0.53669339150796336
  0.54675319253578902  0.55711449932546431  0.56783002108222425  0.57843950060848770
  0.58897568877984308  0.59953512043384549  0.61032005604277562  0.62124754245338654
  0.63200840437319505  0.64271212462085558  0.65338195738084348  0.66423382511358520
  0.67527298595843388  0.68584156307341104  0.69641121640936032  0.70694721497522273
  0.71783154106843361  0.72862964551040565  0.73906553235801808  0.74949791227926010
  0.76003841709074216  0.77039220946113129  0.78001475383276309  0.78921898149698322
  0.79871085343820947  0.80909763670047952  0.81967658492928464  0.82949317014630042
  0.83953215189289188  0.84982636444067661  0.86044542045450190  0.87155326605497019
  0.88269259287057111  0.89351427594917865  0.90412399539815380  0.91461490803478529
  0.92545969273211437  0.93666364216101106  0.94746779715860285  0.95813502146563301
  0.96855395436512259  0.97912458875608599  0.98970867848070576  1.00000000000000000
   1.2085524607929334E-011  -1.0000000000000000     
 F F F F F F F F F F F F F F F F F F F F F F F F F F F F F F F F F F F F F F F F F F F F F F F F F F F F F F F F F F F F F F F F F F F F F F F F F F F F F F F F F F F F F F F F F F F F F F F F F F F F F F F F F F F F F F F F F F F F F F F F F F F F F F F F
  <DiscreteSampler_grid>
  grouped_processes
  1 # 1 for a reference and 2 for a running grid.
  10 # Attribute 'min_bin_probing_points' of the grid.
  1 # Attribute 'grid_mode' of the grid. 1=='default',2=='initialization'
  0.0000000000000000 # Attribute 'small_contrib_threshold' of the grid.
  0.5000000000000000 # Attribute 'damping_power' of the grid.
 # binID   n_entries weight   weight_sqr   abs_weight
    10   10   2.205866737371967E+000   2.065708770979768E+001   2.205866737371967E+000
    16   10   2.205866737371967E+000   2.065708770979768E+001   2.205866737371967E+000
    22   10   2.205866737371967E+000   2.065708770979768E+001   2.205866737371967E+000
    28   10   2.205866737371967E+000   2.065708770979768E+001   2.205866737371967E+000
  </DiscreteSampler_grid>
