  0.00901348289676990  0.01652614256240367  0.02701237843564006  0.03832311001140334
  0.04877751903437416  0.05928541752864142  0.07051740882755311  0.08215316631552753
  0.09300682743099573  0.10303287189991855  0.11254605806455685  0.12197857404966328
  0.13098260122107017  0.13970361155475014  0.14900951785197133  0.15930179778475209
  0.17004221905406738  0.18099516419834513  0.19225062521238906  0.20380127026698180
  0.21578764537132780  0.22741718042002226  0.23807839580752793  0.24824845826119188
  0.25847991461136871  0.26872444730485967  0.27841973674935949  0.28742423329494948
  0.29670580382876094  0.30603799025050282  0.31581013397412028  0.32525885574386693
  0.33493522275292120  0.34571150736767103  0.35722295536276866  0.36818631369923577
  0.37913536829574712  0.38976334237284271  0.40125245547382643  0.41259896466517532
  0.42380785491410722  0.43497105036863404  0.44602846010918440  0.45762536433557000
  0.46957977501423920  0.48103895923921547  0.49168012294130653  0.50183829451533246
  0.51167458875830174  0.52124125702056190  0.53070969446080341  0.54029283982869536
  0.54982585073917833  0.55928342007793364  0.56905311978798168  0.57945378424422145
  0.58984487961123244  0.59990639717063743  0.60941820649591483  0.61881257058738659
  0.62834877680339185  0.63815345115480904  0.64791576676428719  0.65802355759382303
  0.66812804822270033  0.67842448911772446  0.68828123175362177  0.69770628864853634
  0.70702606524887091  0.71674154129978962  0.72656659460984063  0.73692199987676588
  0.74747211412758785  0.75822108459488879  0.76965647407133886  0.78185201221638312
  0.79424529856033388  0.80617994407287752  0.81743825671399228  0.82820336458291077
  0.83842560795402010  0.84806970534302173  0.85790404448121416  0.86762324329296980
  0.87731564950486507  0.88750350553646618  0.89799580460051942  0.90903294799097367
  0.92034587978410054  0.93112033001338612  0.94161183928554448  0.95174986812597051
  0.96220377395995249  0.97412289926801943  0.98666947312870279  1.00000000000000000
  0.00921293060224700  0.01582579660811867  0.02612043939771422  0.03772569443049148
  0.04864969934704850  0.05935611730316351  0.07022012656925178  0.08049618468216824
  0.09092447981082974  0.10090419526373146  0.11133149049358732  0.12210041264952089
  0.13297085865823552  0.14387345180728706  0.15443973926636076  0.16471388111941221
  0.17464461157623215  0.18442207499353677  0.19485813722785628  0.20577511574250268
  0.21688879474985531  0.22777400881968873  0.23904670097698247  0.25060901618301601
  0.26214851317146426  0.27360731087461598  0.28511646238263472  0.29636101668822817
  0.30720451469140236  0.31792209813965466  0.32869479013354219  0.33922292523636494
  0.34977303138032234  0.36039109121696633  0.37051237469917475  0.38006223081525020
  0.38932902520881535  0.39939667310179561  0.40996043537336929  0.42082460043612002
  0.43130765045647823  0.44223684094620136  0.45364933669425589  0.46531254941823563
  0.47712252052361248  0.48883093707655062  0.50061707778290554  0.51243081828482295
  0.52386428099958560  0.53473841292680857  0.54492164829911693  0.55427555104982129
  0.56340127697297171  0.57245929439169629  0.58130528381166413  0.59023717133765929
  0.59931762575589109  0.60951169984121523  0.62018986192593817  0.63096015578399078
  0.64134757979177359  0.65170971818938661  0.66154482276631621  0.67180695480147434
  0.68216152717480194  0.69326587195432854  0.70442750524860132  0.71573232570547873
  0.72684762374962841  0.73757433907653736  0.74838146175442455  0.75930815135547869
  0.77036389090075141  0.78109923353966382  0.79177362288963860  0.80242915801632930
  0.81277085059513710  0.82239861138371650  0.83190907786232815  0.84117795744056945
  0.85027667525439765  0.85910368369856194  0.86812011110384735  0.87752180252359435
  0.88797151492314497  0.89868338450779495  0.90979130316919699  0.91999555242102637
  0.93043206786257893  0.94056432521998645  0.95156386148599303  0.96226779166203535
  0.97249178045674201  0.98239350505332390  0.99126069078414381  1.00000000000000000
  0.05725787901590038  0.05866087506487812  0.06073228899745486  0.06331092031648787
  0.06633475474213898  0.06996556893137018  0.07387733499599330  0.07771152309244023
  0.08158494276498936  0.08551663700195948  0.08951450659855339  0.09355213036363545
  0.09767485196003685  0.10190173218365112  0.10619057229504925  0.11052194839517979
  0.11495578187847243  0.11947350133339810  0.12405526453363638  0.12880367153707803
  0.13370985083477677  0.13928061419707144  0.14407458620835606  0.14753562456542860
  0.14895072569997292  0.15013408018939606  0.15134878782964017  0.15269002749495705
  0.15504227415660699  0.15747235366822496  0.15985549660021720  0.16225128923986259
  0.16465677850144506  0.16706978948452939  0.16948890839792705  0.17191860417792870
  0.17434074114148135  0.17677679229200693  0.17923090770597666  0.18171130114309342
  0.18420905315375111  0.18673705877377830  0.18930101965253113  0.19191560801900284
  0.19456851968919286  0.19722276258887464  0.19986440913396403  0.20250999792834723
  0.20518711143603116  0.20792620258314298  0.21069836817173143  0.21351340880468972
  0.21636729169043309  0.21926222252613811  0.22218955671517951  0.22515142133820537
  0.22816939191206478  0.23122375003429116  0.23434390880488418  0.23749441346083464
  0.24068175411739645  0.24390675566266429  0.24716309458332308  0.25048508299739641
  0.25388446121523534  0.25736966478428591  0.26093024310674051  0.26457436426247782
  0.26829215916506471  0.27206145849302510  0.27587200154899527  0.27976774002513688
  0.28377977881743638  0.28792434103823328  0.29218743087127924  0.29659396281854777
  0.30115695175283907  0.30587907041405776  0.31082402603051940  0.31601154856351615
  0.32144433255782290  0.32715744037572392  0.33322794584233467  0.33972355048543046
  0.34666608634212143  0.35418450534419404  0.36251512556123744  0.37190711044713326
  0.38243961188832781  0.39451433534172559  0.40954751021026214  0.42827909238020023
  0.45484530308294779  0.49787517537382664  0.58500237377497510  1.00000000000000000
 -0.00254188997804785  0.01118667562337889  0.02238300918864698  0.03355494790997435
  0.04480617897214050  0.05595298516926336  0.06645280774309449  0.07649729746219076
  0.08643717722973732  0.09690492181600635  0.10806335875655322  0.12011827998270956
  0.13268953697640318  0.14495322108338668  0.15656259158445582  0.16771313340918165
  0.17870499679866869  0.18929019568265193  0.19951777468048326  0.20986990446310352
  0.22031353372359061  0.23036071544071476  0.23989247915744741  0.24950571307412495
  0.25961309453858211  0.27009226211959886  0.28055243276594000  0.29097712179711049
  0.30159219681920862  0.31232122030913939  0.32284086010023538  0.33305406393279863
  0.34326236378590619  0.35341077397626486  0.36370157243748696  0.37443784737965691
  0.38464782897867311  0.39459160736181087  0.40422768923549790  0.41371045178895749
  0.42300772019254174  0.43194040782535692  0.44090601156549963  0.45029385151473733
  0.46007187032155766  0.47034407709087478  0.48079588520625510  0.49172064626786843
  0.50266539453151815  0.51319998574880332  0.52344088216079032  0.53317030999059967
  0.54325665022750436  0.55350511515476575  0.56384097157793911  0.57412582724403216
  0.58459619139700680  0.59485799514141968  0.60485790969989306  0.61463333143737942
  0.62453693949132294  0.63465600365275054  0.64457848542494989  0.65422356148581018
  0.66394102655394138  0.67371126695083261  0.68348778819022937  0.69321109880993459
  0.70286903744524976  0.71304207756872717  0.72329572320000768  0.73415724171806884
  0.74546631168865907  0.75610246911327683  0.76603608567219117  0.77578793047320127
  0.78561927032751733  0.79540195662597646  0.80553168212833903  0.81620463599272064
  0.82787822783110121  0.83907924233214648  0.84986180634350905  0.86083552810442765
  0.87218100692887413  0.88333101347693721  0.89407845486817128  0.90529881464868001
  0.91730985737597681  0.93011626500685118  0.94290274582618749  0.95539616679617367
  0.96742905717003214  0.97901945414890668  0.98963904814373005  1.00000000000000000
 -0.00307207700939480  0.01185819839314752  0.02381588125756486  0.03449651252730678
  0.04514369962208318  0.05576099558184405  0.06622183299799626  0.07660218470676211
  0.08685152462618444  0.09720559863031859  0.10749017725220979  0.11757965421774981
  0.12742153309757409  0.13739902211589791  0.14776247538831891  0.15885465278383390
  0.17011267656525311  0.18139764436249897  0.19265795771391042  0.20355615989059911
  0.21400196011959088  0.22441300015421808  0.23528593422428126  0.24644937015768345
  0.25712031745665298  0.26749208932088542  0.27817949711211265  0.28905508177538192
  0.29964745967594963  0.31020565570573028  0.32153387242495496  0.33292288152596877
  0.34266310943723793  0.35156214467241537  0.36048827693269581  0.36979920538147387
  0.37937297737020326  0.38863139531123014  0.39884042047309520  0.41016202380503580
  0.42154929851706219  0.43266644050716407  0.44380278144708823  0.45548527611630985
  0.46774945848913202  0.48018150583268177  0.49239777067621915  0.50443190975272068
  0.51653044247750757  0.52884075244085094  0.54066371691618509  0.55139754115855422
  0.56126885458897569  0.57096403996362965  0.58097533785318967  0.59141123206283808
  0.60184676921548741  0.61228982155288036  0.62251242099333359  0.63228593998860194
  0.64195141615177231  0.65170575395220709  0.66129493814243046  0.67088764536882917
  0.68042060201547427  0.69015928472246013  0.70044592793255778  0.71126782933063304
  0.72202654970396729  0.73194280601174599  0.74104632927083547  0.74997011417490944
  0.75920448699806964  0.76845332261302313  0.77795841942324329  0.78771500918210069
  0.79841625893351986  0.80934346671500901  0.82032847811463627  0.83047797640273935
  0.84128001103269068  0.85226416486367063  0.86263207243114215  0.87260518246681695
  0.88320552607951541  0.89440994362043647  0.90535119937221353  0.91583395807928258
  0.92682551982036576  0.93805701863898883  0.94931377421005081  0.96029251913268410
  0.97012265284046750  0.98031374736882693  0.98985912200360682  1.00000000000000000
 -0.00240143634034403  0.00983174210226760  0.01981851901109048  0.03050940000637520
  0.04135704395937800  0.05260605846516721  0.06408947244125204  0.07822752409964874
  0.09030586770191414  0.10142945706721103  0.11228012851992333  0.12307216669494969
  0.13393259500875196  0.14441685315792910  0.15615593778842599  0.16825336772928892
  0.18002395833783880  0.19060012667724505  0.20037006824357140  0.20985618189468841
  0.21895124136142474  0.22817720915967893  0.23737750457853388  0.24630485738936717
  0.25566096473613126  0.26531923071258606  0.27610911634440233  0.28778567479663303
  0.29858045493759783  0.30869186274914079  0.31822336012235924  0.32727455011772261
  0.33692207762594556  0.34644970948683451  0.35599391256891066  0.36564300773432201
  0.37540831560054266  0.38648714008352048  0.39725533906861094  0.40754362405428535
  0.41707720733108433  0.42664144527785269  0.43652116088886805  0.44685152222476254
  0.45734041207793619  0.46750832391922992  0.47778328703841272  0.48883335896772623
  0.50028056518770880  0.51182800776442305  0.52288071705341721  0.53361897259391677
  0.54432590079854959  0.55516327467006132  0.56557742672541556  0.57531840445694138
  0.58516524308822426  0.59499681979260921  0.60446348083035772  0.61367917887464107
  0.62281876699463390  0.63277038063984481  0.64313766222023738  0.65331029505434246
  0.66345665480239846  0.67359315637659611  0.68400176084543574  0.69538619956460856
  0.70678029136690612  0.71749869797312715  0.72762473801122451  0.73761601490180395
  0.74788446724035185  0.75843822615977730  0.76927700523159026  0.78053219135614427
  0.79179173898295496  0.80276909833102894  0.81361043643221365  0.82410864127463346
  0.83447323109990623  0.84461852153333261  0.85502561173484282  0.86621874913179975
  0.87723216932309878  0.88757216772239311  0.89781016284587711  0.90807860305134169
  0.91795965648691913  0.92739312563454401  0.93731141154966280  0.94887486555554035
  0.96138035165084224  0.97321890742959005  0.98621926364477508  1.00000000000000000
 -0.00253716926943912  0.00981608884118001  0.02001330026832151  0.03091329219825285
  0.04194123022884692  0.05183808615881640  0.06164139127164789  0.07051036017753098
  0.07960269332923423  0.08885916648640192  0.09831019147555868  0.10800203187302673
  0.11792350744686460  0.12776507607140739  0.13749114488364836  0.14741081076118606
  0.15784985338401497  0.16832627508275955  0.17871309942418920  0.18938960981725653
  0.20041060546695127  0.21154689383087910  0.22232414571246467  0.23337741925605313
  0.24493781786968999  0.25654525039570075  0.26789152049843795  0.27892579263865480
  0.28967867836068040  0.30044220000558014  0.31123197214240528  0.32146721931054700
  0.33107733199332140  0.34007709876567099  0.34888033008725006  0.35818590650967030
  0.36781753325247107  0.37785212187413519  0.38896754708230297  0.40055644875698182
  0.41204649305357727  0.42292962857763533  0.43375930575222943  0.44376630223025754
  0.45377269042383050  0.46403900894644795  0.47464005781046337  0.48509635166376430
  0.49511794072420423  0.50552642541485515  0.51597166560528118  0.52612149330628066
  0.53607815957242910  0.54662112538979091  0.55712799910952793  0.56713800739119047
  0.57720917137115402  0.58734844698575450  0.59772297362628424  0.60806685794071280
  0.61869497596508927  0.62943210478846412  0.64027783406105310  0.65159836906525714
  0.66305193251839012  0.67352052978923693  0.68329538509182897  0.69320583494901955
  0.70304931439783325  0.71270259679808146  0.72185169672936589  0.73188338627985239
  0.74301433003914918  0.75403036596359130  0.76468399929491071  0.77541921777454847
  0.78643623947884833  0.79744170132959014  0.80823408447702794  0.81935549183883205
  0.83081978153659619  0.84217738878588422  0.85360840740055444  0.86533348866871107
  0.87693410284774287  0.88772306982051574  0.89870819756039255  0.90942165942405195
  0.92050335391051641  0.93111190867997395  0.94135821662774299  0.95196017454814119
  0.96291806388226930  0.97505816246286214  0.98750810596805971  1.00000000000000000
 -0.00265072625071678  0.00963788808241047  0.01996599993521452  0.03120197723212526
  0.04273792274886920  0.05413685335883849  0.06551241668051680  0.07705193716653101
  0.08782127291516655  0.09790562707039434  0.10785717220816782  0.11784196191583456
  0.12769714081438555  0.13763060661855772  0.14798840582933925  0.15897274054573643
  0.16964726717843903  0.17988396554573682  0.19035527211104097  0.20173212124413170
  0.21354321716066241  0.22537732951441378  0.23716027116583011  0.24894127330535962
  0.26083800942084967  0.27305622369740828  0.28537913492634648  0.29727722590246958
  0.30854210910102881  0.31909529801226000  0.32923420479544979  0.33972665713694555
  0.35028633276717813  0.36110105470473419  0.37203532078665807  0.38371872599952300
  0.39600329250766569  0.40800633921279250  0.41931770390659068  0.42978215588070001
  0.44009346787461812  0.45059570677667637  0.46089718393415247  0.47081661755677634
  0.48074913278117432  0.49098986639802533  0.50117446990454440  0.51107783322185518
  0.52117964528643423  0.53213006774267335  0.54317092986297755  0.55347516720076262
  0.56337935640223724  0.57337674476511891  0.58368364121323413  0.59442267503000901
  0.60529993184117070  0.61586242149466763  0.62613488540226192  0.63628018570423750
  0.64648264145986301  0.65640308561223770  0.66599143152023843  0.67547722883431194
  0.68471748875720873  0.69387758794302390  0.70325680487356867  0.71367153991073473
  0.72432183330601807  0.73477624993109558  0.74479139900142821  0.75464763840540194
  0.76472656049710330  0.77508952765957784  0.78614831988015355  0.79754817988619642
  0.80874185149734334  0.81930702588029403  0.82917610667541519  0.83859206336490422
  0.84768238846196742  0.85676157455671575  0.86583579654999887  0.87544351817046073
  0.88557731459970623  0.89588546773490885  0.90684466118728269  0.91785988219578840
  0.92951996130455827  0.94043456003189330  0.95082968617469643  0.96070000519255883
  0.97039199934738551  0.98019069740757359  0.99006469591886792  1.00000000000000000
   2.1905689583096863E-008  -1.0000000000000000     
 F F F F F F F F F F F F F F F F F F F F F F F F F F F F F F F F F F F F F F F F F F F F F F F F F F F F F F F F F F F F F F F F F F F F F F F F F F F F F F F F F F F F F F F F F F F F F F F F F F F F F F F F F F F F F F F F F F F F F F F F F F F F F F F F
  <DiscreteSampler_grid>
  grouped_processes
  1 # 1 for a reference and 2 for a running grid.
  10 # Attribute 'min_bin_probing_points' of the grid.
  1 # Attribute 'grid_mode' of the grid. 1=='default',2=='initialization'
  0.0000000000000000 # Attribute 'small_contrib_threshold' of the grid.
  0.5000000000000000 # Attribute 'damping_power' of the grid.
 # binID   n_entries weight   weight_sqr   abs_weight
    10   10   3.838229360489941E+004   4.870595844270777E+009   3.838229360489941E+004
    16   10   3.838229360489941E+004   4.870595844270776E+009   3.838229360489941E+004
  </DiscreteSampler_grid>
