  0.00912513646114717  0.01617407136590829  0.02714952873192865  0.03933107792549981
  0.05064003935714152  0.06156574670431064  0.07268744405305688  0.08400973304243156
  0.09564732015188275  0.10667758115551375  0.11622577215169382  0.12588288874108028
  0.13592709757485608  0.14646773309743072  0.15636013907265683  0.16647386159869057
  0.17757024715932557  0.18965860859329034  0.20159784994764623  0.21352627965002083
  0.22539052279798882  0.23680186186337809  0.24770861227132615  0.25852387621596662
  0.26946466720386703  0.28016973854512384  0.29050875008580018  0.30069657822163265
  0.31092447295302467  0.32117758688133158  0.33154684370258047  0.34252731160729166
  0.35393542046361703  0.36533870925303291  0.37621993853107849  0.38637660148115344
  0.39667079957807116  0.40740187283504214  0.41764515830865911  0.42716060044148602
  0.43669769446857903  0.44687962110902762  0.45740685195679187  0.46787199707228833
  0.47854878463248873  0.48941437575065477  0.50010629564435494  0.51082892121752377
  0.52182369582015398  0.53327615255134742  0.54453601228218051  0.55536255564840920
  0.56623360148762425  0.57703989370903352  0.58759651000075774  0.59796812654365983
  0.60857455786514447  0.61947777990033681  0.63038556752508457  0.64117486689959657
  0.65150589429373518  0.66136292915874162  0.67099361712429562  0.68043205536839979
  0.68968997340920546  0.69877862614213282  0.70771810205640939  0.71686626196858394
  0.72616500324186295  0.73580808197834557  0.74572716539201878  0.75577407470525326
  0.76577362781648761  0.77548489868567760  0.78494189890777333  0.79474403108324343
  0.80566470605189533  0.81616835927964126  0.82658293381936454  0.83675304835790776
  0.84694546299402362  0.85652419494636101  0.86592155945948979  0.87542147062221232
  0.88484711323506060  0.89402083462183368  0.90306584386018829  0.91216383567127812
  0.92159605750018414  0.93152723145958827  0.94233787199391128  0.95467884354032262
  0.96662127118493257  0.97796560117963949  0.98896316672998885  1.00000000000000000
  0.00967171434071554  0.01468001371539671  0.02300749829536419  0.03262453002744424
  0.04278153355030882  0.05364838822030086  0.06469021883550262  0.07519212983167362
  0.08583117630035378  0.09640843446710884  0.10653061035135714  0.11641704178158181
  0.12663382529281803  0.13758997168089637  0.14858956679646612  0.15919131548463789
  0.16912696303396443  0.17839503926769243  0.18769530115293265  0.19724667091639300
  0.20714860417878522  0.21756863887215722  0.22806503182940291  0.23848344637272642
  0.24884893557759891  0.25906884104962191  0.26913010920591790  0.27898954413123145
  0.28883928813045145  0.29919133154481625  0.30992417438799147  0.32068843887737430
  0.33105555437169243  0.34057069865456552  0.35010402704405008  0.35998380131875157
  0.36995431270647733  0.37974720065868911  0.38919518787354368  0.39952100302020893
  0.41109311232936258  0.42319934262526665  0.43540470977499779  0.44735223572912602
  0.45892025975499745  0.47029100571150206  0.48111718256497166  0.49107136168564203
  0.50084429551716225  0.51049808706621169  0.52027394207543198  0.52973204313006073
  0.53903240425999488  0.54858751811373507  0.55841122398694187  0.56810673150615476
  0.57748264848010722  0.58679287715677786  0.59661240947582328  0.60719374559247341
  0.61845893668149865  0.62935088714095222  0.63931026263674395  0.64930069627291565
  0.65928259437160086  0.66917122695931364  0.67901002028094093  0.68953868553495890
  0.70082069455974072  0.71188524672685127  0.72257116369367413  0.73345496978273006
  0.74462436728569881  0.75569170841414401  0.76659457051201829  0.77812970726832242
  0.78968324014898739  0.80136954789635961  0.81291028918109409  0.82461132536959647
  0.83621776555668392  0.84735292179416366  0.85788843978538587  0.86800466280336130
  0.87830037233509017  0.88861088394149035  0.89887069737933700  0.90891582206095312
  0.91941811337993684  0.93050545781868288  0.94171535072910773  0.95358526643007702
  0.96480821347322876  0.97638329970283999  0.98791183316883324  1.00000000000000000
  0.05668526647856761  0.05777257807766059  0.05969383094543309  0.06190226654439650
  0.06448641475767644  0.06840276481731503  0.07218589262609412  0.07588646208599586
  0.07972824932361813  0.08363322568189259  0.08766059884717464  0.09171749741160731
  0.09580795930018726  0.10009195735642679  0.10440283103992355  0.10874022331877822
  0.11323740812421601  0.11780211891203701  0.12246137348252079  0.12721897614718447
  0.13218258216678963  0.13767082181638021  0.14287008313239480  0.14680811232253968
  0.14852788962421515  0.14979854687233440  0.15097342714408496  0.15217152038746842
  0.15411627035165518  0.15665508277165971  0.15905888614295779  0.16147912599919242
  0.16388791515743351  0.16630978275214703  0.16873775923565365  0.17114874384019643
  0.17357570748617313  0.17600853133499392  0.17847407595032794  0.18096671645080686
  0.18348388583368277  0.18601523435288828  0.18855458512691198  0.19112212845431079
  0.19372201335401598  0.19634075007093446  0.19899010826100236  0.20167090844113306
  0.20438629143474349  0.20715230300237836  0.20996349594300251  0.21280948158516491
  0.21571640127237254  0.21868457755820997  0.22167420415783640  0.22465210978452368
  0.22762444804491608  0.23064762664206051  0.23372774048219883  0.23686783944400933
  0.24005278547155443  0.24328359031444402  0.24655443300422628  0.24986048385168919
  0.25322692623636961  0.25665554897263432  0.26016042075323431  0.26377186397888436
  0.26746401257801811  0.27123032787525153  0.27506227279862466  0.27899440697792954
  0.28304959363872495  0.28729842613582135  0.29166504656020009  0.29610955222627505
  0.30069402207229773  0.30543143322516564  0.31036042383744433  0.31547408954580447
  0.32082661399230444  0.32646591553818871  0.33250566320146002  0.33893928966573117
  0.34584879885001307  0.35328837112101458  0.36145850951528102  0.37055597370562443
  0.38092865023248734  0.39313445109582423  0.40810846863861888  0.42675562468845119
  0.45274951411001751  0.49448406811970469  0.58299183297831569  1.00000000000000000
 -0.00252434564164610  0.01001112923172979  0.02025423193440892  0.03220194556416656
  0.04435187624959248  0.05838926001149344  0.07074369216905542  0.08209058282140722
  0.09307694445916304  0.10386030610796210  0.11436073052634238  0.12529154385099739
  0.13690150668109791  0.14954645298670113  0.16172171961567366  0.17383489112681069
  0.18518599729170221  0.19685249055183868  0.20878013760287836  0.22127036462711780
  0.23360589103897594  0.24572209723360183  0.25754264401883836  0.26926768816558672
  0.28063747823774815  0.29117444252241481  0.30105804333742614  0.31114858117806293
  0.32186964109106014  0.33257897871631692  0.34271583275952677  0.35271054679231162
  0.36324011521471578  0.37408865897104743  0.38454663230708774  0.39456221270728042
  0.40409466754256157  0.41334824326850472  0.42292962176979226  0.43240990825109588
  0.44137483372655656  0.45001343278317807  0.45881102692085324  0.46827638881014949
  0.47769445276400568  0.48626279652626175  0.49457478565127649  0.50327751112721208
  0.51232774642158407  0.52134100408836925  0.53003761108368286  0.53861815536460500
  0.54809989662159486  0.55836031838960909  0.56779497943539348  0.57683992412273899
  0.58573294891443284  0.59454805769138863  0.60349764470657785  0.61251463489051017
  0.62155108717830132  0.63153460455451316  0.64257470226670033  0.65412216046986105
  0.66601260192458245  0.67780268446537517  0.68920636484230213  0.70002381061810015
  0.71051468561684172  0.72087766071071702  0.73106509294781952  0.74114347196687935
  0.75134674586411965  0.76241999882708233  0.77361150468398976  0.78466964929633121
  0.79556420450625187  0.80637165145994072  0.81671619269725593  0.82639767174326684
  0.83589678557559577  0.84547658538864445  0.85471567972718843  0.86388818746221763
  0.87382722449646855  0.88522301883844645  0.89767697821632075  0.91001586205758600
  0.92169274203138607  0.93290988874216729  0.94394049348910192  0.95480294506623897
  0.96558274647146425  0.97669983103151758  0.98840250802426133  1.00000000000000000
 -0.00244111220784683  0.01034005814238460  0.02067049690370523  0.03164520660722757
  0.04220498078792941  0.05367628329485698  0.06492706406931682  0.07563870983288565
  0.08651170971604685  0.09734795619083304  0.10767944294709099  0.11702392525924388
  0.12668377299870565  0.13611260882173168  0.14546379071662804  0.15472539325768442
  0.16377710476879659  0.17286393542103298  0.18180972695143000  0.19118654818386707
  0.20133822234620447  0.21158703769473922  0.22174605639664577  0.23189548662274564
  0.24212880535543035  0.25213398463116965  0.26252588022059470  0.27323204746650542
  0.28370650302668482  0.29382378343890136  0.30394568151707990  0.31419487156688891
  0.32423221999109691  0.33443190623784214  0.34512070948881279  0.35576890918268955
  0.36654034334453628  0.37757509690766416  0.38927461818522202  0.40133524730564030
  0.41315851800342174  0.42427696322358172  0.43511290492101290  0.44620899315489893
  0.45728219473090076  0.46786964408301024  0.47860264665703200  0.49015789815409411
  0.50203885524139236  0.51351754114822690  0.52465615918762432  0.53599722287210516
  0.54735173428213169  0.55853814073601449  0.56956841066108754  0.58048189495959635
  0.59126159006796208  0.60170729297713199  0.61127979165109447  0.62059013425837617
  0.63013031423018062  0.63962787575634761  0.64871649514493945  0.65743290866095483
  0.66642305683691772  0.67659315773285444  0.68741507472813868  0.69823247962209622
  0.70920296502887359  0.72038699556650709  0.73139090033280341  0.74232135700163027
  0.75328530135102378  0.76411903774535206  0.77520307372674280  0.78607438415187791
  0.79734597146140995  0.80866649957033121  0.82013175532946425  0.83153096412157712
  0.84282521635881580  0.85398876133962531  0.86438929177156509  0.87482745687733920
  0.88432095026167201  0.89368288780935146  0.90305811190525087  0.91232083582792356
  0.92191419581481315  0.93191852668275876  0.94210048800238833  0.95324748608592935
  0.96443278895331153  0.97614412011061824  0.98800467403230552  1.00000000000000000
 -0.00253672605161575  0.01061074321634959  0.02190894182115181  0.03340623427654073
  0.04434198260430552  0.05453595780786796  0.06530668538924428  0.07732029691892274
  0.08994310126732798  0.10212671885802856  0.11350059404162577  0.12460434901335610
  0.13574592455610276  0.14632429596511837  0.15608272079348920  0.16580817171412301
  0.17595454051926554  0.18627103777028028  0.19654217270848126  0.20649565736940256
  0.21641573528900390  0.22637422916447225  0.23625466529849665  0.24615904698803359
  0.25567336488659359  0.26536969567431662  0.27531576986043604  0.28610114406804016
  0.29687517257579127  0.30737378135979532  0.31767842078431735  0.32801626973019427
  0.33853062384413801  0.34911675754206606  0.35911321986232014  0.36857692829762756
  0.37811458678786669  0.38795459389936815  0.39775163643646538  0.40728801694388617
  0.41707647492223676  0.42746597905041112  0.43782732996553014  0.44780488975341842
  0.45770496639643549  0.46776850483660365  0.47804477967375686  0.48845180345354661
  0.49892384973151999  0.50947144075866080  0.51971826076316796  0.53059442561036674
  0.54121328742641062  0.55095580736035066  0.56047667729279771  0.57015452722111637
  0.58021539942025890  0.59050596860486193  0.60025291288671601  0.61007790029409070
  0.62057702119468072  0.63173330344218748  0.64300006851442570  0.65352625208443560
  0.66349674130953351  0.67322607660424871  0.68311304643591197  0.69268791901859883
  0.70183718994654942  0.71057444974072592  0.71917430799458626  0.72800675955336569
  0.73724613226211089  0.74666539194462189  0.75600493951898562  0.76552489469982432
  0.77555074000364710  0.78620834796135775  0.79637012734956036  0.80652315862861657
  0.81705880673541453  0.82787992973882663  0.83891736206629397  0.85020655860603644
  0.86133377702882630  0.87218754032155277  0.88351470265967180  0.89585182294272592
  0.90827864409430936  0.92094113660798216  0.93330388919967333  0.94574590689673776
  0.95871799981392047  0.97290195521720935  0.98675497958326253  1.00000000000000000
 -0.00263352550406211  0.00997882813536898  0.02151907990365244  0.03297587003455771
  0.04475885049011538  0.05644770892954076  0.06726231954962185  0.07731940671967948
  0.08729956222425378  0.09643791255517747  0.10583776569175057  0.11520937147774064
  0.12450044742205954  0.13480323251832532  0.14540685156793801  0.15734876982075616
  0.16906886167776958  0.18041654738613022  0.19124623796492407  0.20288314982051806
  0.21323414639082039  0.22326495654484396  0.23283902541209398  0.24246843687956002
  0.25160681087165310  0.26024237058547900  0.26868948255767067  0.27826606275444710
  0.28851849479573771  0.29878753297027438  0.30882762199634128  0.31942470121345562
  0.33058484947535816  0.34184638607874768  0.35293067620171337  0.36371981949012511
  0.37469223277243274  0.38610860442972450  0.39770081483093761  0.40959919378915915
  0.42139100563208448  0.43328099792720393  0.44486054411613579  0.45597705259072263
  0.46699471655438424  0.47847153404623688  0.49022566164110382  0.50180884623536626
  0.51301912869498356  0.52403862766768550  0.53539716694246098  0.54625267111160891
  0.55656169448636572  0.56668392257688582  0.57644947878744068  0.58596825981122047
  0.59524014867760955  0.60440380719213349  0.61359307165613175  0.62292763582700694
  0.63291847266679024  0.64306083455419250  0.65263171066428616  0.66220566761712307
  0.67213109322796394  0.68275280472490851  0.69294812582338650  0.70293505920697008
  0.71263197890769769  0.72263311853278034  0.73280899742909478  0.74341470864273063
  0.75378926095922527  0.76428818068776272  0.77548848066966269  0.78773877609587062
  0.79955334859962390  0.81049333913557253  0.82148669443840061  0.83242821150763924
  0.84378867181433548  0.85500990279375411  0.86605061655263982  0.87708426276659213
  0.88844550764355790  0.89951973218882131  0.91015015439773161  0.92025195802706949
  0.92994652594091076  0.93972632806966516  0.94960176449681843  0.95936887397461912
  0.96966123419801642  0.97949364392274851  0.98991496711754279  1.00000000000000000
 -0.00265017583631204  0.00902129051934662  0.01993342618690269  0.03132550663255045
  0.04323907223973131  0.05526227341738089  0.06641757184616801  0.07699517358369816
  0.08728020032488996  0.09744783371100685  0.10789397482391554  0.11838724417266677
  0.12906153647310836  0.13982482272105107  0.15132833945809601  0.16353464555420605
  0.17460811945651153  0.18493979003672226  0.19561171555520004  0.20625617033636695
  0.21604919139179804  0.22528635572911040  0.23506274308775740  0.24521667504361719
  0.25540356774036937  0.26517346510434253  0.27526247521267538  0.28564931721378906
  0.29617043980055974  0.30684729813094147  0.31727963175903795  0.32728224378734666
  0.33752023942627279  0.34818236178000417  0.35931542201556210  0.37052672885867788
  0.38184136394560697  0.39341731087138793  0.40478096996874502  0.41632784854407973
  0.42787708530824581  0.43894860957415122  0.45011324936743385  0.46083471091923378
  0.47146807979925304  0.48222223082410226  0.49335695653905959  0.50520570006799015
  0.51711899985941079  0.52870837555827355  0.54006949408471805  0.55139272974681686
  0.56252829546008287  0.57278426722653797  0.58239208112110474  0.59151555533840117
  0.60047541054009590  0.60992588890421484  0.61991887915922728  0.63047872870835564
  0.64104360220139223  0.65155342799122784  0.66205303056541775  0.67175100908046681
  0.68063425550067003  0.68948399180958930  0.69833039249466489  0.70718957839765650
  0.71600657264222456  0.72433920794706785  0.73344740118958174  0.74408284380062661
  0.75471170187503367  0.76539964899213875  0.77612596299428360  0.78717215627113357
  0.79824491053651747  0.80999579889365103  0.82139999766750804  0.83244943389576631
  0.84312985490169223  0.85369054607795547  0.86458157175125516  0.87552225050573051
  0.88711813477475154  0.89853356081809532  0.90896862769180842  0.92013605382644170
  0.93113386084013938  0.94138310139827974  0.95090232293953936  0.96049957105889661
  0.97169781593805249  0.98170390604535829  0.99122510781913686  1.00000000000000000
   2.2029376156376270E-008  -1.0000000000000000     
 F F F F F F F F F F F F F F F F F F F F F F F F F F F F F F F F F F F F F F F F F F F F F F F F F F F F F F F F F F F F F F F F F F F F F F F F F F F F F F F F F F F F F F F F F F F F F F F F F F F F F F F F F F F F F F F F F F F F F F F F F F F F F F F F
  <DiscreteSampler_grid>
  grouped_processes
  1 # 1 for a reference and 2 for a running grid.
  10 # Attribute 'min_bin_probing_points' of the grid.
  1 # Attribute 'grid_mode' of the grid. 1=='default',2=='initialization'
  0.0000000000000000 # Attribute 'small_contrib_threshold' of the grid.
  0.5000000000000000 # Attribute 'damping_power' of the grid.
 # binID   n_entries weight   weight_sqr   abs_weight
    10   10   4.108262794212037E+004   9.482223399650944E+009   4.108262794212037E+004
    16   10   4.108262794212037E+004   9.482223399650944E+009   4.108262794212037E+004
  </DiscreteSampler_grid>
