  0.00003290529804230  0.00005211160737282  0.00006665141022178  0.00008158574990366
  0.00009725945478571  0.00011445518345081  0.00013457670439540  0.00015678199664029
  0.00018393124879288  0.00021671605223290  0.00025901891749865  0.00031795791233108
  0.00039150219115261  0.00046917057676228  0.00056106377706294  0.00067178030271211
  0.00080483673529212  0.00095963645982387  0.00113738303847039  0.00134746940128154
  0.00159884140844658  0.00194199616702319  0.00234758544869639  0.00282316676424649
  0.00344597120340603  0.00429575115562432  0.00545937280514751  0.00708440366710228
  0.00933232717015493  0.01272101929438795  0.01801708755707443  0.02614409134943182
  0.03759309082196477  0.05176932294283450  0.06805914728159025  0.08559454209736798
  0.10441343521206309  0.12340855808820472  0.14239307346284857  0.16153129124785845
  0.18087089388801808  0.20025453294444828  0.21965127496797690  0.23906946340140064
  0.25855032274584250  0.27790308809077041  0.29710653954232924  0.31641610920450924
  0.33582520593813919  0.35524483039838983  0.37464044964646898  0.39402060816440954
  0.41332022611259711  0.43244238532501400  0.45161088631925445  0.47087192827463081
  0.49007278504034685  0.50919158488640637  0.52831208351101167  0.54748802221372894
  0.56676368452502457  0.58591218851277915  0.60488927091777289  0.62381612242491769
  0.64268289960134284  0.66154133106358948  0.68047461103595430  0.69946085153821969
  0.71830791843337038  0.73697484066358687  0.75569573355356423  0.77436004662793589
  0.79278585550539649  0.81106625972303581  0.82933579650987332  0.84754442889603299
  0.86549074777686597  0.88316664492421326  0.90024945596750516  0.91656406957620684
  0.93211725666513134  0.94682429194408779  0.95997343655775813  0.97086879332950637
  0.97930161719858744  0.98554423275051428  0.98985869213880184  0.99273323034711558
  0.99471324032268860  0.99622691880660785  0.99741868876734863  0.99831877049364381
  0.99895578777881378  0.99938598929830480  0.99971447454301299  1.00000000000000000
  0.00002027510814105  0.00005171659721884  0.00007044114845779  0.00008529722766333
  0.00009956375987537  0.00011497757219922  0.00013293223879341  0.00015526290394113
  0.00018394104947904  0.00022409262043459  0.00027928255103672  0.00034471655633036
  0.00042041646397539  0.00051478722078739  0.00063272650688418  0.00077954154131328
  0.00095303155695712  0.00115479571743128  0.00140084023575477  0.00170413118358900
  0.00209712459540286  0.00259301550971464  0.00320033535303630  0.00392614502467317
  0.00495227483687537  0.00654626809927687  0.00902088121892284  0.01286097051705333
  0.01910814667263893  0.02852531156296359  0.04101205460767127  0.05602501651490178
  0.07356561176212817  0.09288930089249983  0.11281447175759046  0.13292947816511902
  0.15309314772888069  0.17351101229446683  0.19412420561870861  0.21463055166251666
  0.23504054283643766  0.25559030318983655  0.27621328081437457  0.29682388968578177
  0.31738626399903080  0.33800981071347336  0.35861396523241001  0.37913625638934240
  0.39958116877064470  0.41983590525208958  0.43994609988094163  0.46016641681612980
  0.48040857195778119  0.50084917205280410  0.52118190420593791  0.54051366540743506
  0.55940931923104353  0.57845221067979702  0.59876116885656927  0.61892604140316587
  0.63903817204927393  0.65916935283723466  0.67911814973710660  0.69900969957058567
  0.71897660067178903  0.73894627106498068  0.75876867870950049  0.77847173779558188
  0.79800891324258516  0.81727903401097701  0.83645433328533580  0.85555136800310549
  0.87433024104659929  0.89277016779758056  0.91073235028440414  0.92781000025183713
  0.94347949723518576  0.95749801055952988  0.96922321120644750  0.97817700330102042
  0.98475142491947887  0.98943166491083012  0.99277595537680829  0.99512175145501991
  0.99677508438030527  0.99792431261317160  0.99869033999164580  0.99912705999644758
  0.99935038595981251  0.99948657834031007  0.99958892381893882  0.99967107240322228
  0.99975181262364510  0.99982765606249124  0.99990977461611952  1.00000000000000000
  0.00165235337954904  0.00185717264004787  0.00201384751804778  0.00217659606708859
  0.00234638707351837  0.00241095184080812  0.00247313748074466  0.00264387645167011
  0.00287274840850449  0.00313430084657594  0.00345521692589999  0.00378742384111419
  0.00413517173769812  0.00453665963226084  0.00501131800462568  0.00555591279941578
  0.00614806893575817  0.00676080472937291  0.00737899665917748  0.00800141323696668
  0.00863325316279091  0.00927737061118219  0.00993578978212999  0.01061423061660806
  0.01131344640168714  0.01203306022690145  0.01278154381831364  0.01356527734899085
  0.01439920417622192  0.01526162314938971  0.01614861550330465  0.01707821737264348
  0.01804491160814352  0.01898785234976288  0.01989571303729498  0.02084107083080230
  0.02183303712684668  0.02295551578298520  0.02420838896657921  0.02548268736293192
  0.02676710773282652  0.02812402751347992  0.02955168876650026  0.03107290117233088
  0.03264232105838482  0.03425327141343713  0.03594541044779134  0.03770564650630456
  0.03956086022698021  0.04153992457770048  0.04363918590750989  0.04584668933185461
  0.04813826650217567  0.05051004750001176  0.05298994848952938  0.05559289332418199
  0.05828686856977873  0.06099635520223976  0.06371932693442936  0.06652666218379308
  0.06930147154711055  0.07248347899456620  0.07584604070133279  0.07951113882292191
  0.08348870598831576  0.08770482053106149  0.09201007218307694  0.09655790532762920
  0.10126212946069570  0.10631336307763899  0.11167434954570327  0.11728663747605625
  0.12321062370298633  0.12971709391824418  0.13661573039423147  0.14407512429554292
  0.15204350307459735  0.16041953766038072  0.16913877454612161  0.17845049786137776
  0.18871167244088721  0.20006429410423060  0.21232831574168212  0.22524933303309091
  0.23895548475743289  0.25364795181940458  0.26973647644900961  0.28738271089873646
  0.30681976334789940  0.32775263802652416  0.35057306903904578  0.37679689808154126
  0.40855290986014237  0.45111957282639298  0.58087012486541134  1.00000000000000000
 -0.00247982687618235  0.00966248891115026  0.01992913229884260  0.03090090566824501
  0.04029864783242566  0.04944521684486081  0.05819139194348813  0.06674808716410233
  0.07602113737599794  0.08543336564256135  0.09471377134693205  0.10466285900706526
  0.11418990902931099  0.12258128969619750  0.13149425322423186  0.14001560143869390
  0.14844390399222551  0.15768592695159345  0.16752677364263510  0.17731048043839007
  0.18733308130748266  0.19724309911345256  0.20676715012288174  0.21626271451895326
  0.22599216767049837  0.23629755529296265  0.24682611135660740  0.25716700918260244
  0.26734547002968240  0.27748169887547514  0.28769309371591817  0.29795516037123249
  0.30809790638831264  0.31795207637407474  0.32775389693819773  0.33784504294068840
  0.34834563277430719  0.35916107056951846  0.36960940413587762  0.37935970034796135
  0.38864450293015590  0.39841311457687156  0.40909522404032989  0.42020199595115376
  0.43141759524258039  0.44253874648296948  0.45351463067194475  0.46443429671693898
  0.47534562304947214  0.48600457063696006  0.49650570638049640  0.50728520071382954
  0.51870710948435239  0.53047104978283266  0.54196058334242758  0.55327026868794171
  0.56471537995148302  0.57622211591442019  0.58701891511113613  0.59731755138511844
  0.60767936498521846  0.61864790710564621  0.63014029667590088  0.64155538242479671
  0.65304251951481251  0.66437900261927574  0.67574543288221900  0.68720695396784481
  0.69883055482336165  0.71074058277104335  0.72241541592716840  0.73411133920216687
  0.74578026062383340  0.75718219361685990  0.76840623237558370  0.77943493145170073
  0.79065724466460874  0.80159853826254235  0.81224407662208054  0.82307029382207242
  0.83400004757776969  0.84472494817028709  0.85522605035404642  0.86562988258244467
  0.87626351261442170  0.88703542125246715  0.89829596547067936  0.90885364683644887
  0.91949750954191578  0.92998485133910080  0.94028409707469618  0.95214151138157088
  0.96357915137892813  0.97594422817181536  0.98789980094841789  1.00000000000000000
 -0.00232612852770290  0.00923312390863776  0.01953199113786550  0.03046293274418908
  0.04117778009614784  0.05194440440523536  0.06255230890226114  0.07338233329879180
  0.08408723893095688  0.09482014264982905  0.10536858117453890  0.11581134815526672
  0.12628110888063054  0.13712460633580070  0.14848401713549311  0.15995920116597548
  0.17121336993484490  0.18235766783102417  0.19352469846348250  0.20469502944993259
  0.21536565174210459  0.22580128813560837  0.23613189301690740  0.24634330183944156
  0.25644117631450303  0.26669716592645071  0.27734607918777393  0.28845738688890077
  0.29924482381384004  0.30928493605471719  0.31933543355043748  0.32948092857536293
  0.34020463951813584  0.35116374381772114  0.36191721721551656  0.37263571281584940
  0.38344242625092634  0.39453143746260377  0.40479826554152643  0.41425514687792270
  0.42362232206606348  0.43265566460144589  0.44187217564160436  0.45153282553665014
  0.46182254403308420  0.47237154316474850  0.48253735070902720  0.49242118874009633
  0.50256442487859188  0.51329158266137809  0.52414994570023077  0.53493901168239477
  0.54521855507325101  0.55505777565150050  0.56464940428045307  0.57419077597251045
  0.58456304304976325  0.59531476065405642  0.60626538234579053  0.61702884609958375
  0.62773959706513294  0.63858489514261341  0.64902839145686753  0.65871852591812530
  0.66848843663502511  0.67864078731630395  0.68924089491897556  0.69996539704526017
  0.71055848902168650  0.72125406808310100  0.73202624014701900  0.74286179328099555
  0.75377674658499838  0.76479849749312545  0.77579221391326092  0.78655030741610510
  0.79710057738051354  0.80691959937995461  0.81700933115592167  0.82731012187176411
  0.83826474112773264  0.84914986505556045  0.86017797011521968  0.87121965132622625
  0.88173259683796812  0.89206430000467818  0.90204618301082562  0.91303940045616061
  0.92385878104156005  0.93557032862979617  0.94680007844056513  0.95761775366464585
  0.96831263223584874  0.97869331516014690  0.98958654859945427  1.00000000000000000
 -0.00249902127870678  0.00962887664361940  0.01953909123718294  0.02975405178077474
  0.03936023466934012  0.04956737622120850  0.05948092242793147  0.06890644625198952
  0.07813490753026928  0.08745954630830455  0.09720346744925017  0.10720923086631835
  0.11697892396310812  0.12648992504577494  0.13582710667378756  0.14503748252731560
  0.15448269042759874  0.16409589200234387  0.17360338003295192  0.18311287898375703
  0.19269846818331335  0.20258970002037810  0.21230093647155499  0.22162360626623567
  0.23079999409255528  0.24020837598995681  0.25002089325585125  0.26011051908722538
  0.27025003287427768  0.28051608709892273  0.29080445638155950  0.30122452298087071
  0.31169808438012692  0.32222840682679105  0.33285878840250599  0.34369892924065698
  0.35463377486114223  0.36556348011688439  0.37648585679170282  0.38746710811509305
  0.39853269601704144  0.40963331476636539  0.42076634467268026  0.43181419894749912
  0.44273387504233996  0.45327403568645608  0.46339407364135804  0.47335661272715623
  0.48355814819479925  0.49430570795077650  0.50545683996776580  0.51671754826058769
  0.52813074812430871  0.53961286211332493  0.55111642027055208  0.56268813798155382
  0.57410206068540826  0.58450549225522763  0.59441712008320990  0.60432040611068649
  0.61511634051835118  0.62645411452549593  0.63749116154927821  0.64812684462169035
  0.65888731037202475  0.66947099263049648  0.67957077677942601  0.69042583063562502
  0.70181741319973501  0.71324612455824099  0.72462134061199490  0.73601366964761550
  0.74744475260217857  0.75878103916634398  0.77004463268020040  0.78091866091369688
  0.79164440729241892  0.80242785257522009  0.81354236580108041  0.82446085748814724
  0.83520606012897058  0.84512531734252894  0.85521478278863439  0.86556888706952617
  0.87603988891156426  0.88759209688770380  0.89908430045790644  0.91077003044748506
  0.92207511481789906  0.93238812655177850  0.94284671660107622  0.95338337215693369
  0.96514892364174831  0.97672252083886579  0.98825958664249625  1.00000000000000000
 -0.00242958425356468  0.00929957678204284  0.01984438001060679  0.03056753720232949
  0.04169919941120991  0.05226894042786804  0.06264148153240501  0.07314412122227482
  0.08365401833089223  0.09503511776928307  0.10605309635898667  0.11669644333379846
  0.12693112408738039  0.13733378570692995  0.14797371678171353  0.15905750901999438
  0.17004463076794146  0.18012291629082366  0.19033651918386810  0.20073476868027781
  0.21161613721374045  0.22201799086576743  0.23209782693735251  0.24212588006272004
  0.25247607430413660  0.26306348817575742  0.27324837008073011  0.28347812428292968
  0.29384312056379641  0.30471854646151375  0.31578994872373312  0.32679775188570004
  0.33751277187621254  0.34729569967229196  0.35620325281833171  0.36526881685849150
  0.37448007539030059  0.38462804341103507  0.39549341548937106  0.40589753792099464
  0.41667978160787672  0.42738751741251924  0.43814299404767715  0.44867614111016624
  0.45895172574762461  0.46915477752599088  0.47960713609688166  0.48987623260313101
  0.50036088711459237  0.51093429005726998  0.52187198878598240  0.53302646864587844
  0.54416671251484527  0.55515444750079457  0.56564552700981441  0.57614780409632138
  0.58655910194134286  0.59715050990463758  0.60720485715731654  0.61717132971600519
  0.62727897183653580  0.63792072075634099  0.64838607018263961  0.65878559659004376
  0.66900451940289607  0.67939766182109174  0.68985952619190849  0.70067665701071091
  0.71179568519776515  0.72295269497022463  0.73374961917833337  0.74450144818048114
  0.75539316559426861  0.76639875061351359  0.77666427455236275  0.78674180553850481
  0.79700406118049583  0.80753304542563564  0.81845227538613463  0.82912446984020083
  0.83990328761919697  0.85055222984227563  0.86135649832123273  0.87230585441966502
  0.88304040182801635  0.89331564448519873  0.90347959092747931  0.91364976017157040
  0.92453932690558072  0.93507122846924462  0.94587004436576450  0.95682678782679709
  0.96763020820249590  0.97858480442445939  0.98894782712795715  1.00000000000000000
 -0.00210525004888552  0.00828990433464156  0.01875879361341236  0.02906349485597301
  0.04020884728434589  0.05147003045559236  0.06230132517937014  0.07331256580574819
  0.08390582372952998  0.09483726795064677  0.10583349718551280  0.11687631733356929
  0.12827387289321973  0.13861007931618710  0.14857216975477411  0.15851808597942435
  0.16907447298114200  0.17973599915232238  0.19018751600313055  0.20047730786096557
  0.21125843875203190  0.22232381046796751  0.23348797523425269  0.24464368997327759
  0.25585398539976451  0.26684754716472814  0.27752691530698498  0.28779243097781271
  0.29785475635992287  0.30813624451404265  0.31858849369610920  0.32960021571279052
  0.34062346398663917  0.35105514651646158  0.36123541878507892  0.37139057067920617
  0.38162650012443278  0.39216600856427952  0.40251140684882292  0.41310875633436878
  0.42388482403013700  0.43490634182677279  0.44594745849043133  0.45672696570622845
  0.46716322001979843  0.47756315301079283  0.48814764964307444  0.49906952785217629
  0.50973971067848256  0.51988704821322662  0.52975613627782447  0.53952025340695564
  0.54991202278505524  0.56063820898198147  0.57158359465019548  0.58242717370792552
  0.59268826274373199  0.60271045807319268  0.61288679750276154  0.62344852302157494
  0.63450911781085795  0.64545796475837225  0.65628026827077790  0.66702720612661393
  0.67767040963146785  0.68830474883426618  0.69899323015524917  0.70971589027672377
  0.72058861079597469  0.73126842039834172  0.74202482340817477  0.75278811707427529
  0.76372927559328641  0.77476272254864065  0.78545005899538989  0.79571786794859845
  0.80588624502777528  0.81634431666373997  0.82693608789830497  0.83750375131229027
  0.84806716252845693  0.85905171228480692  0.87013208702036360  0.88119684978967427
  0.89220874692279328  0.90320538943784134  0.91400417776542298  0.92457587725593238
  0.93503804450101224  0.94550920481724821  0.95568874864683717  0.96501400091038114
  0.97364286663027477  0.98262689881242671  0.99167783191151493  1.00000000000000000
   1.2545520285016968E-011  -1.0000000000000000     
 F F F F F F F F F F F F F F F F F F F F F F F F F F F F F F F F F F F F F F F F F F F F F F F F F F F F F F F F F F F F F F F F F F F F F F F F F F F F F F F F F F F F F F F F F F F F F F F F F F F F F F F F F F F F F F F F F F F F F F F F F F F F F F F F
  <DiscreteSampler_grid>
  grouped_processes
  1 # 1 for a reference and 2 for a running grid.
  10 # Attribute 'min_bin_probing_points' of the grid.
  1 # Attribute 'grid_mode' of the grid. 1=='default',2=='initialization'
  0.0000000000000000 # Attribute 'small_contrib_threshold' of the grid.
  0.5000000000000000 # Attribute 'damping_power' of the grid.
 # binID   n_entries weight   weight_sqr   abs_weight
    10   10   8.862854812276217E+000   1.849599135323071E+002   8.862854812276217E+000
    16   10   8.862854812276217E+000   1.849599135323070E+002   8.862854812276217E+000
    22   10   8.862854812276217E+000   1.849599135323070E+002   8.862854812276217E+000
    28   10   8.862854812276217E+000   1.849599135323071E+002   8.862854812276217E+000
  </DiscreteSampler_grid>
