  0.00951126811755516  0.01505684171865460  0.02304121362401371  0.03186580098205185
  0.04129110720559304  0.05102674806050583  0.06122294489008916  0.07221181133114049
  0.08338265483592963  0.09384287569419762  0.10404922578261265  0.11457181232990918
  0.12509622148302924  0.13558321769036066  0.14614779748185305  0.15700175090516191
  0.16751361880571899  0.17675774652561052  0.18542130197408452  0.19425665112361165
  0.20336520067407107  0.21283342272617856  0.22227885548382598  0.23216300355884323
  0.24291430308209988  0.25375520928650341  0.26452617574141912  0.27534548313860202
  0.28614059854009316  0.29631872890947264  0.30573548032511677  0.31504440206070183
  0.32458576725846766  0.33440801450098351  0.34431201652103721  0.35470787387759095
  0.36587499674541835  0.37725862033642754  0.38851483580531382  0.39955670535610099
  0.41036262928327882  0.42089958555186341  0.43140701762623901  0.44182315529443972
  0.45181187215510210  0.46273493449607284  0.47400278338174928  0.48500887751292282
  0.49562989110358024  0.50685700150471791  0.51819907627404216  0.52936324369882426
  0.54011423501339273  0.55064443350785885  0.56133268756198518  0.57287794848610585
  0.58477218837373457  0.59641778201558993  0.60781526634653249  0.61885009232526300
  0.62965485051239367  0.64055147315522509  0.65110712974670815  0.66228482329563554
  0.67329437749497500  0.68505395618404474  0.69521218819882447  0.70522415319242993
  0.71528543949285728  0.72552183731271636  0.73625274856700118  0.74655514747828688
  0.75852138256357071  0.77030873131543964  0.78111982173565986  0.79161139939426983
  0.80105314001267225  0.81014459325105115  0.81947241494456291  0.82848344557779952
  0.83745167589018321  0.84688380671223340  0.85659569976018657  0.86772141610825659
  0.87856291540509157  0.88914060742660983  0.89935165552550045  0.90962295944506322
  0.91972798773190223  0.92978758438510367  0.93953012960012250  0.94976029656419947
  0.96002018213542906  0.97047774235608297  0.98085519283834699  1.00000000000000000
  0.00969559023673093  0.01452685619993450  0.02289679920936774  0.03242523861611001
  0.04245825380433133  0.05256431872716496  0.06307824727135951  0.07412643525632567
  0.08548223477653208  0.09716540299489476  0.10931081157615383  0.12136866281824980
  0.13211985546808935  0.14193662076378422  0.15129912465130538  0.16046350901379006
  0.16986503025657670  0.17940483672836302  0.18939875648996338  0.20016782940626132
  0.21068900062931872  0.22112710473967265  0.23142796553426404  0.24172098272445874
  0.25212698398217476  0.26242160556599498  0.27258968085920993  0.28281103264132423
  0.29347794738012972  0.30458122933458692  0.31547158906198597  0.32603964658301793
  0.33678398898943201  0.34825244891320351  0.35958393910109593  0.37079559258337424
  0.38200021001993262  0.39308541487036625  0.40353301226068117  0.41351030897576729
  0.42387114092461531  0.43476165701193614  0.44601373002813804  0.45757193783843469
  0.46796422452646647  0.47812853527927734  0.48834080490879722  0.49824164228412388
  0.50765952759853072  0.51689554491999212  0.52680310770582683  0.53713548051052418
  0.54705549783475227  0.55680644979243477  0.56717663246344507  0.57879397206416239
  0.59068794016758897  0.60228944807827789  0.61370461364514017  0.62547641291081557
  0.63503393441406075  0.64488330593657728  0.65451995564438137  0.66443696449866241
  0.67435325302716187  0.68448793659898788  0.69555475989086868  0.70712049453309445
  0.71843832720665091  0.72968364060857960  0.74094300865897011  0.75227741835970696
  0.76282208056718770  0.77344416856082265  0.78384876027949668  0.79413936476158475
  0.80428515398970735  0.81476929950088928  0.82581507948001631  0.83667836166764875
  0.84671296233527027  0.85638572996826734  0.86556900757419797  0.87513462712938750
  0.88478626008100392  0.89458720853891749  0.90444771293751558  0.91454676045197913
  0.92489680860307166  0.93515883043090464  0.94506412186546007  0.95442136137084466
  0.96568493365797781  0.97674317166412694  0.98843791709416395  1.00000000000000000
  0.05636495663940164  0.05896219343725807  0.06164009231597136  0.06440103753892897
  0.06740043752258983  0.07075976805293729  0.07449056885076753  0.07817024269720005
  0.08188656902292139  0.08573580201209770  0.08968164389264463  0.09368566104858539
  0.09774549540595398  0.10194970759744407  0.10627755287655527  0.11058997642815967
  0.11500661793443179  0.11954611074736615  0.12413101777569720  0.12886818810979012
  0.13384032909287746  0.13948826524499808  0.14438360325693317  0.14752889202958816
  0.14910614565401678  0.15020484396588324  0.15143489846196725  0.15276572836053134
  0.15527015565174127  0.15766516299686398  0.16008799420976086  0.16251586772568768
  0.16494599858064141  0.16735477760071132  0.16977457475428454  0.17218831110197183
  0.17460971296794381  0.17703398191885403  0.17947519558796440  0.18192359576725464
  0.18436676702749477  0.18682472378231801  0.18931924562749886  0.19188256310152751
  0.19449552848806398  0.19711817345899124  0.19974622688390636  0.20240069151157272
  0.20508697811995541  0.20782895206384527  0.21060651344289891  0.21344841094157402
  0.21630870014142431  0.21921543782787498  0.22213544416239875  0.22513006925456383
  0.22815724574760538  0.23122244850213955  0.23432632800269892  0.23744076248646920
  0.24058631056589774  0.24380605972748176  0.24711250797968656  0.25049250586443922
  0.25391997603391497  0.25737193334392811  0.26087274583123188  0.26446949241690060
  0.26817315197639585  0.27194202351186741  0.27580718033994212  0.27972029874740789
  0.28372508027443982  0.28781575936026471  0.29203502153877037  0.29637575274879913
  0.30091274430990061  0.30563324186197605  0.31057780905382265  0.31574346660438285
  0.32112652904958400  0.32677770214991375  0.33280921100907906  0.33922071943680110
  0.34609466822539176  0.35361610651113212  0.36190605922960717  0.37109968775781249
  0.38145219807239711  0.39343631826207881  0.40810035515969267  0.42657868132479154
  0.45303156970062347  0.49485478854187870  0.58554854758967623  1.00000000000000000
 -0.00302375479290205  0.01220891954891987  0.02446551039509405  0.03725823370332684
  0.05003066882262285  0.06359554109081418  0.07662079136776342  0.08894251210188071
  0.09966531609040050  0.11095707854814758  0.12232043754221865  0.13285992900829482
  0.14295890760785354  0.15336962978159135  0.16368827376505118  0.17390502589829668
  0.18420310881889471  0.19483660021901208  0.20551945333153113  0.21543945138384824
  0.22502646127660117  0.23532989445342178  0.24626798823192683  0.25725224705410249
  0.26793170906349623  0.27878357040614327  0.29004188157411026  0.30129040399872753
  0.31210787517786759  0.32234898985933536  0.33219010948921474  0.34200330717868099
  0.35169493262022877  0.36137918043259876  0.37102417664496573  0.38121512552297632
  0.39183492665934438  0.40232824828114222  0.41292285651266425  0.42271678730750162
  0.43309162207481672  0.44354456078812771  0.45375794976086398  0.46341119853328244
  0.47245953745038211  0.48164017156034156  0.49099875730472070  0.50056404264361498
  0.51031546534409611  0.52008999086172580  0.53038082372108108  0.54039542301963595
  0.55112312169582223  0.56175277486634412  0.57248915213620777  0.58320755572068117
  0.59387180636771320  0.60464837338499899  0.61568244663214611  0.62698021633001044
  0.63837056259415370  0.64947232917590259  0.65993309690810009  0.67041087171270697
  0.68077524339089934  0.69166773224453848  0.70233845134291462  0.71283340839337916
  0.72311054997850255  0.73343305936300718  0.74350403170407475  0.75317660024812128
  0.76259144849049376  0.77216874956255599  0.78138539336486712  0.79082155363492102
  0.80062393163649093  0.81084801181917121  0.82115975136576791  0.83118113171834040
  0.84109771806191758  0.85136803346081247  0.86242052973538519  0.87392199915532054
  0.88488659744592346  0.89515391049623139  0.90492109568666113  0.91470892609387222
  0.92470156830822392  0.93476783517022388  0.94493066024684380  0.95539526783720030
  0.96649056006522505  0.97776854832107440  0.98850416576691680  1.00000000000000000
 -0.00274628344368314  0.00987677851016288  0.02143419971447877  0.03351562155184400
  0.04591068947359868  0.05818129823041791  0.06881225608304899  0.07896647675557819
  0.08902135392331278  0.09926155726508962  0.10924858491990309  0.11891976810528267
  0.12919903302808078  0.14006009307291853  0.15107623734981740  0.16172005868925221
  0.17210057228672535  0.18222744159481027  0.19215102711904147  0.20201143850377948
  0.21185792809618151  0.22140652770035490  0.23082652036193818  0.24026320069542281
  0.24999033214706703  0.26001423622793540  0.27017017586103892  0.28055837363685010
  0.29106997609564961  0.30126443605578906  0.31116790191688187  0.32088790116618293
  0.33097459687597491  0.34188562313633036  0.35293000603813968  0.36407051362224324
  0.37492917427540473  0.38488080847419098  0.39450140069510886  0.40424120177565642
  0.41437850219794808  0.42531648006059114  0.43611872639409177  0.44746093643314927
  0.45851637763238307  0.46913180070636734  0.47927061918182701  0.48855804904212918
  0.49762860581588048  0.50698127677394156  0.51665423201240113  0.52600481653695541
  0.53493084788510648  0.54433017714580623  0.55414647212907975  0.56382500218478415
  0.57318729772315713  0.58279834713775924  0.59317238469600142  0.60431415434905367
  0.61642029781047714  0.62893299741632447  0.64143902030390021  0.65370097338396171
  0.66521201443352418  0.67584436696577488  0.68618603373569320  0.69626076822851646
  0.70643515174048765  0.71636221940417899  0.72633703332418698  0.73644862221526730
  0.74669241214196680  0.75722764032428858  0.76779210573132561  0.77794616908682712
  0.78795934506171339  0.79843309095799053  0.80958427307913550  0.82095528583384980
  0.83246873955790879  0.84432647136859595  0.85610024199144452  0.86731285756049192
  0.87829573407568096  0.88932479867124781  0.90021896834411863  0.91090948716425457
  0.92139059047387728  0.93192109111723720  0.94295763489768347  0.95441511010564539
  0.96603815560368367  0.97729224037411400  0.98847131256964638  1.00000000000000000
 -0.00288713194243102  0.01187340078892552  0.02469250101485458  0.03869290715966994
  0.05156647004202685  0.06388302492382732  0.07575277672524981  0.08672702578924514
  0.09766604143734516  0.10776379268349159  0.11778274223442339  0.12755035149427479
  0.13789048789414132  0.14847077169089570  0.15896254453678885  0.16899871205723407
  0.17938474864203946  0.18984310075789043  0.20060443803268704  0.21194934242907210
  0.22370841297915814  0.23531089367763222  0.24666135499321173  0.25800014022062945
  0.26919520253799673  0.28032162617750706  0.29075450711595613  0.30064470894614043
  0.31008315978656703  0.31924999942829541  0.32789058123092613  0.33683994707743320
  0.34619403526057463  0.35598775383691206  0.36638480574069576  0.37690786712037233
  0.38759145471142603  0.39786737166579073  0.40768975956974601  0.41736921231164353
  0.42721945666115513  0.43707599298684413  0.44677335533481899  0.45611914606524745
  0.46485957532775696  0.47316703852693331  0.48137999573977580  0.48965573077674290
  0.49825398925095332  0.50742717809528393  0.51666292541126091  0.52730055365847350
  0.53849859190776850  0.54954194605344731  0.56034330704924817  0.57088720840730089
  0.58133288315897658  0.59172992964266247  0.60228906138105121  0.61307565998514257
  0.62371590793068687  0.63348200659066112  0.64286000099197504  0.65205454868585233
  0.66160895455304369  0.67119402797285943  0.68066228228909020  0.69048113342827422
  0.70076068006702530  0.71155990978568950  0.72290397869228196  0.73353673952328891
  0.74367358958927787  0.75430806562014918  0.76478545470948811  0.77477423281106628
  0.78432393987593763  0.79452269495336048  0.80600072476794304  0.81674708457118794
  0.82671702987792739  0.83695440802517018  0.84768225964412058  0.85863872973227884
  0.86974385088975192  0.88139565922062724  0.89282126358835279  0.90369249084151104
  0.91457184162668670  0.92564281338180288  0.93685282432705996  0.94865180868732213
  0.96056448748991008  0.97384516217987693  0.98674952528285809  1.00000000000000000
 -0.00250623917719128  0.00902093538250936  0.01976633396337021  0.03064950631032630
  0.04187530447896129  0.05281300120443784  0.06343967639220778  0.07396168471167933
  0.08473035260730126  0.09554850824542424  0.10676355609648250  0.11858809237947110
  0.12999073530482150  0.14081655691646325  0.15093929402050113  0.16080750781890157
  0.17066952428743146  0.18035865372495297  0.19013013190681818  0.19968235486498859
  0.20927045512388026  0.21929195777620392  0.22934159972959575  0.24019706691874870
  0.25071112370412624  0.26145386351395561  0.27174172065458518  0.28135740380404228
  0.29074522672428638  0.30016136470727933  0.30999936760489538  0.32051754416820089
  0.33053910518194096  0.34145095938516434  0.35266767655568876  0.36382484510580432
  0.37517995447560110  0.38699392389953313  0.39883323173112167  0.41046656927031427
  0.42213268648298075  0.43376876043935708  0.44568174567553187  0.45713561291344706
  0.46805685261113911  0.47868844758633522  0.48927113527260474  0.49938628260475404
  0.50868889081873692  0.51772113162677436  0.52700529756171988  0.53635294948646561
  0.54618716785341181  0.55609868602576518  0.56683390710353665  0.57838666864937893
  0.58971165683219651  0.60113840776054173  0.61254086581252676  0.62386888354418391
  0.63426187756440733  0.64463403917973117  0.65532624349954394  0.66646273333264994
  0.67772952371607287  0.68900102891702752  0.70062631869171166  0.71128992420269199
  0.72106877513090628  0.73064467940313105  0.74003068898303281  0.74925858821212721
  0.75807333384611653  0.76686064911665608  0.77693386216386306  0.78783298030991500
  0.79870715514408663  0.80971258323112905  0.82166476801709543  0.83345192489287334
  0.84383385916329312  0.85409589842526246  0.86427925891719815  0.87495223195652172
  0.88581397613389701  0.89724907326934678  0.90812467630178095  0.91870538449016859
  0.92878731348292876  0.93892715302400054  0.94911148377609456  0.95937364123547864
  0.96977939635132893  0.97979831723383104  0.98987395183819493  1.00000000000000000
 -0.00262254728451685  0.00985938037401169  0.02014872343919594  0.03148102717577781
  0.04262154493256340  0.05361653489444792  0.06459108496948993  0.07570129799773836
  0.08699436006015725  0.09853594401842972  0.10920571705644169  0.11929297080260358
  0.12928573716201044  0.13896794070020582  0.14837443845221249  0.15744527170457664
  0.16718500409361700  0.17755339836459519  0.18788090659293208  0.19778864888513847
  0.20796105199864925  0.21882510927440324  0.22996720444077254  0.24029688894303475
  0.25046575049783676  0.26060381996844717  0.27104723344257592  0.28149521547174255
  0.29181543273976368  0.30203795175645032  0.31219368678390969  0.32209128615889998
  0.33182138158096769  0.34166025084112162  0.35153937200840824  0.36151190263857175
  0.37159625141605490  0.38132814765874101  0.39081224462494174  0.40019144594789935
  0.40982591285554093  0.41971107882149233  0.43017158701554264  0.44111999583750305
  0.45291848429848619  0.46410505092810195  0.47485290120226414  0.48514349721810673
  0.49567964784710189  0.50641784150742575  0.51724751126303070  0.52799696140730323
  0.53870621076242065  0.54957688015717598  0.56064887604208813  0.57161206029302647
  0.58281251543780732  0.59552209214301621  0.60745219209272283  0.61930772914668542
  0.63069990391434383  0.64287035654929992  0.65415523880666571  0.66542188347447917
  0.67691755497729444  0.68860929598724130  0.69914939987046032  0.70948894852984756
  0.72014818509867884  0.73105519581710221  0.74218117189419996  0.75298576566323672
  0.76398565926633222  0.77468420553789830  0.78507343888854197  0.79543172115542382
  0.80580608852935021  0.81637933346320246  0.82704922888043764  0.83744468344226730
  0.84729120593750284  0.85698180902053800  0.86705869188865636  0.87744513923745338
  0.88851740167735471  0.89873682400484367  0.90897246179506797  0.91964185858995540
  0.93012125139768553  0.94028127574481468  0.94988526636941650  0.95941584698633753
  0.96982907640292249  0.98011363487611625  0.99004566094025126  1.00000000000000000
   2.2198930333735240E-008  -1.0000000000000000     
 F F F F F F F F F F F F F F F F F F F F F F F F F F F F F F F F F F F F F F F F F F F F F F F F F F F F F F F F F F F F F F F F F F F F F F F F F F F F F F F F F F F F F F F F F F F F F F F F F F F F F F F F F F F F F F F F F F F F F F F F F F F F F F F F
  <DiscreteSampler_grid>
  grouped_processes
  1 # 1 for a reference and 2 for a running grid.
  10 # Attribute 'min_bin_probing_points' of the grid.
  1 # Attribute 'grid_mode' of the grid. 1=='default',2=='initialization'
  0.0000000000000000 # Attribute 'small_contrib_threshold' of the grid.
  0.5000000000000000 # Attribute 'damping_power' of the grid.
 # binID   n_entries weight   weight_sqr   abs_weight
    10   10   1.442073103421834E+004   7.181728926214018E+008   1.442073103421834E+004
    16   10   1.442073103421834E+004   7.181728926214018E+008   1.442073103421834E+004
  </DiscreteSampler_grid>
