  0.00880090113914545  0.01738351662303817  0.02855368854452704  0.03976458570539858
  0.04978483003329839  0.05973420297083787  0.06991214235123153  0.08048720949832110
  0.09110172450395441  0.10162860332613914  0.11229702185868726  0.12368145532471435
  0.13539264659699557  0.14679072764883122  0.15848638480633759  0.16980794823413228
  0.18125485514936232  0.19234108086367624  0.20352972593262955  0.21397952827234049
  0.22414617117807792  0.23493133751966552  0.24585753610244249  0.25589522541887449
  0.26524174071701601  0.27460009677310726  0.28422087930309992  0.29372920292416116
  0.30338193498943594  0.31337530007821668  0.32383638527379682  0.33443507085818835
  0.34448561749113027  0.35423670256755413  0.36418206348012749  0.37485923404756688
  0.38598222244883623  0.39701398516848402  0.40762167174072739  0.41822552647385813
  0.42844778266764416  0.43854675580378755  0.44809770326312615  0.45779862750003958
  0.46780373163557004  0.47765116360521481  0.48844998559686703  0.49956784454121644
  0.51170371155832073  0.52283652676759784  0.53355903359198231  0.54386144574830653
  0.55406259284713533  0.56450217277953407  0.57484808328087900  0.58530619954394847
  0.59608016979280676  0.60664149508433518  0.61769998485539146  0.62889683488177195
  0.64075263399540816  0.65280094823783985  0.66444026011184076  0.67593062698501594
  0.68734326061629381  0.69920920887271931  0.70988126332787194  0.71918571507632056
  0.72795462563180058  0.73662933913315931  0.74545047408042386  0.75465632408666106
  0.76351745896893664  0.77253300171534789  0.78321936044827156  0.79366353769282616
  0.80395713349411058  0.81436315042847041  0.82421672010137836  0.83420670698365773
  0.84369617154956156  0.85351652499042263  0.86372198601180883  0.87388920948602389
  0.88374688601477047  0.89342811242023001  0.90332127968658071  0.91345558343275779
  0.92408934990157565  0.93520723207913303  0.94667209573410060  0.95840854782748408
  0.96977695071245262  0.98059006359436751  0.99157391393228378  1.00000000000000000
  0.00923217871324616  0.01637853424714589  0.02619686317250525  0.03618117379958730
  0.04566846294538055  0.05494487960554598  0.06441424965519810  0.07420557151032073
  0.08473244605387423  0.09605951706297811  0.10791796060721454  0.11851036979462350
  0.12911339327958626  0.13839505637648619  0.14780152441379854  0.15690694489160925
  0.16576135357033153  0.17454318038126174  0.18376420990669173  0.19406950372615120
  0.20428987913317673  0.21382127347398922  0.22335429617956745  0.23344126691148878
  0.24431543099128655  0.25499961045028019  0.26571411418043989  0.27574724845557458
  0.28531610990361911  0.29470137224377463  0.30403664911612577  0.31347922736947370
  0.32398451008197993  0.33513539656650382  0.34603147101579129  0.35639067718192075
  0.36663380546204749  0.37697940170866251  0.38726368770012970  0.39769013102229994
  0.40931741110495384  0.42069208839847633  0.43112391853112880  0.44127164612925912
  0.45137354114688011  0.46205800029200028  0.47327209936451498  0.48523062628086633
  0.49742041827170969  0.50878964111381531  0.51952444442188683  0.53018264886343769
  0.54073045329090685  0.55124493952000742  0.56174003968633079  0.57209019429212093
  0.58231738070421168  0.59238033282581393  0.60251018266953393  0.61286460345721061
  0.62336218938505383  0.63416576118771639  0.64503263169687053  0.65547087882281130
  0.66586836295653751  0.67624331804565496  0.68632740070808529  0.69612253951310676
  0.70595764485694845  0.71627046862296628  0.72656964988501804  0.73664466327275979
  0.74648742279551450  0.75698559891153105  0.76794847609163253  0.77908043652860526
  0.79038215583473359  0.80194461451804888  0.81345253963643449  0.82443490897262872
  0.83523347665745251  0.84620914367526412  0.85704145287201150  0.86799495945138261
  0.87950479344907806  0.89133491856446556  0.90309236873030152  0.91449364602675431
  0.92523512897234628  0.93550682009833586  0.94595633523331668  0.95612353198474964
  0.96615967453307294  0.97612619480213436  0.98753414945769158  1.00000000000000000
  0.05682937091843820  0.05922562119374961  0.06170450759254580  0.06430055980440938
  0.06720053656909035  0.07068160295011958  0.07447664410492488  0.07818318427165508
  0.08197108330587913  0.08587375802791143  0.08987986272377149  0.09393164407892565
  0.09805711592342863  0.10228614162351213  0.10657213123461909  0.11088122947038856
  0.11531866802650136  0.11984345783722641  0.12439973607611346  0.12912220486630016
  0.13399446111581129  0.13946345302248903  0.14418210948490595  0.14760046116050779
  0.14900692849355487  0.15017094634520850  0.15139452149703619  0.15274655157457387
  0.15511366543942173  0.15753985055844374  0.15990919820902441  0.16227767681979274
  0.16464581232250719  0.16701446058592098  0.16939097150229943  0.17178699315564386
  0.17418953451682972  0.17660869691096501  0.17905524684568916  0.18151516258071135
  0.18398999419495618  0.18648403531996965  0.18899459204166438  0.19154069630231974
  0.19411913337074430  0.19672219912918287  0.19937825977135976  0.20206823295943763
  0.20477333554710175  0.20752003233704447  0.21030692073291293  0.21313747730350316
  0.21600117775233058  0.21888954028128144  0.22183178942614210  0.22484789318061593
  0.22789268959038089  0.23094870825185659  0.23404249166231705  0.23720714234888174
  0.24043076844655736  0.24369685895006984  0.24700369729885299  0.25035336112990419
  0.25374522840986641  0.25717599095018795  0.26064908440172829  0.26421768831995973
  0.26787712231737970  0.27164259738170171  0.27551013070700575  0.27945885714678997
  0.28351851352339641  0.28767248520801486  0.29194678638778732  0.29637354225829288
  0.30099477440300326  0.30575673791006763  0.31066317912218172  0.31579075395218487
  0.32117424660414429  0.32680562807209868  0.33277344447686863  0.33916135660654989
  0.34610406326336163  0.35371786155802487  0.36206180588277836  0.37121203108830630
  0.38156254400641898  0.39376450813074387  0.40863851612685509  0.42703409088605593
  0.45274364526809308  0.49426202428848165  0.58273539675965236  1.00000000000000000
 -0.00289438087912837  0.01138116541610097  0.02315316246682236  0.03524532653387590
  0.04733148322996118  0.05959574942615394  0.07173649701473561  0.08381497632635257
  0.09590232940544106  0.10770227372145677  0.11903554747959205  0.13060479566400207
  0.14230672255219534  0.15405667339304013  0.16549575657756851  0.17643704146453928
  0.18733610393720482  0.19813558451547922  0.20827667646885045  0.21791731197178102
  0.22780029681370334  0.23885272606518987  0.25065598962199553  0.26263537198688985
  0.27466762275185008  0.28648392646892312  0.29773885269773143  0.30841427596039389
  0.31873769334570384  0.32864646319159824  0.33815293647169453  0.34721372632162023
  0.35635156453508937  0.36560593187393908  0.37526125240310332  0.38514952293785465
  0.39510579317480193  0.40487628610254633  0.41470000267982643  0.42432225022360409
  0.43403430190060388  0.44349826559086336  0.45281362249959772  0.46208271220935004
  0.47127361698372416  0.47997426996927112  0.48834646267015042  0.49696261256923213
  0.50604755675240842  0.51498942164758443  0.52435692422210034  0.53395559965938433
  0.54412580074582984  0.55456155958358033  0.56445321933688308  0.57368338449566958
  0.58293332588922464  0.59211400084420129  0.60138339692521170  0.61076837979921006
  0.62038700886351839  0.63039432092971481  0.64078277203730594  0.65165520788404385
  0.66279217451380956  0.67405015081264752  0.68554376690733398  0.69751892808512705
  0.70923445576757871  0.71943036472051825  0.72891069439378520  0.73797005385305003
  0.74703736101991214  0.75660455643539370  0.76658915461819244  0.77681013915542063
  0.78739552437957538  0.79855166597667782  0.81009263427527189  0.82133040490405207
  0.83246119161844756  0.84401153886903335  0.85511425643719352  0.86539623849506320
  0.87574829446001501  0.88664211416521010  0.89754637673032134  0.90838380993636469
  0.91998867393691153  0.93198085542365861  0.94360017257042450  0.95481543774927502
  0.96604171381311954  0.97736708823503582  0.98846300376786589  1.00000000000000000
 -0.00212352849324185  0.00838224357832480  0.01734149708418713  0.02733366787655363
  0.03737962335515903  0.04775408391444770  0.05749455094795237  0.06836991204121279
  0.07996474169519648  0.09160066594469683  0.10355676768083082  0.11590933160451811
  0.12827791967682173  0.14050743889392212  0.15155825602938899  0.16180036546205484
  0.17173532576139558  0.18153038625366869  0.19121871478823813  0.20071496729053551
  0.21050128476225766  0.22074721524561142  0.23097868681667175  0.24125435749084920
  0.25171589137655093  0.26250986047833902  0.27334745045797232  0.28359285333590389
  0.29321897811443975  0.30221960962926603  0.31129797762436745  0.32099891070030279
  0.33090946311189973  0.34107095169228785  0.35091150333644056  0.36186968621299492
  0.37329194714679448  0.38439908967105513  0.39578964331023475  0.40739312752157608
  0.41913219585214273  0.43025850869308491  0.44121018840453463  0.45221362640335888
  0.46305774600982458  0.47405070015866663  0.48476592639797789  0.49554982582751483
  0.50611324142427438  0.51625790308389197  0.52626151920490460  0.53600716491087275
  0.54595750457008418  0.55617927206467621  0.56669171077952274  0.57796097960042336
  0.58872712417426476  0.59987028464603565  0.61047692523565689  0.62089874493412289
  0.63064807227689657  0.64054527637169678  0.64991106169832003  0.65912257444797162
  0.66833747793246434  0.67823999132857926  0.68827963879330178  0.69866098109933295
  0.70905506560955223  0.71949040463372704  0.72975773914245323  0.73999842283756045
  0.75045292654901319  0.76186997419614311  0.77364101382172357  0.78570136632944809
  0.79729318461693577  0.80878764313370932  0.82012058690729484  0.83157098376911864
  0.84316766509270957  0.85445601833537321  0.86540915485346803  0.87640952223120450
  0.88701023402284063  0.89729963326706896  0.90771231618798098  0.91907100506515305
  0.93156238669546920  0.94341751394088602  0.95433559275994562  0.96411115748840925
  0.97345917974945073  0.98241593769778202  0.99123162033769718  1.00000000000000000
 -0.00236132630023799  0.00964438408630540  0.02038995887662560  0.03211842548119420
  0.04384103600199782  0.05624295780211885  0.06901843591075113  0.08175488547122980
  0.09383274195626308  0.10530817852995379  0.11660244478616598  0.12756576791795946
  0.13826502025159823  0.14885903175376883  0.15914217581282536  0.16927722225979391
  0.17957191564130273  0.18991747734249714  0.19992319763554386  0.21002263039001365
  0.22121859101489416  0.23236491742765508  0.24293018344299691  0.25377306636513541
  0.26532824772523272  0.27736194725726870  0.28914036025868511  0.30024228449538271
  0.31091052872206298  0.32147858252853423  0.33206496470529706  0.34253898815993694
  0.35325245390293747  0.36441147270217988  0.37552739248436418  0.38620949381172276
  0.39676809040917604  0.40750278029759107  0.41838645659350754  0.42848009562750522
  0.43851885464322254  0.44861862180112827  0.45921153522868730  0.46965360479771256
  0.48018885012361862  0.49076039016501632  0.50083941986545943  0.50940165234674639
  0.51806755705032959  0.52741006706016413  0.53663692370389449  0.54619920454049342
  0.55515054210360260  0.56484897131407041  0.57489288141865236  0.58494748706817290
  0.59416682714379476  0.60328712106675730  0.61252574822214323  0.62200383919771840
  0.63186759636873779  0.64219002378824019  0.65313233428906547  0.66430598932661566
  0.67430061950687659  0.68366318915682278  0.69319571916391776  0.70289488816082979
  0.71232803360898023  0.72152753165307848  0.73142404761342883  0.74171999371492880
  0.75200311067121617  0.76183820390116830  0.77170244151946410  0.78133284358653909
  0.79124499387212710  0.80128069288306891  0.81115124262662663  0.82022927462608852
  0.82936246575319739  0.83944108264173267  0.84974395349928500  0.85976638362712055
  0.86969588459969072  0.88100904122509405  0.89367131183065673  0.90580315962695168
  0.91797836034764169  0.93018211474317691  0.94238123739035595  0.95431621206537420
  0.96597665733136739  0.97742863715183637  0.98870091076026967  1.00000000000000000
 -0.00258969733065301  0.00980682998196687  0.02003158555605660  0.02945480976142954
  0.03903685780599639  0.04887152085134461  0.05879958107351018  0.06855659977660666
  0.07844324639623890  0.08848774109552530  0.09901946028798156  0.10950366473514300
  0.11990816347156560  0.13011057248709143  0.14062071848861310  0.15186614945818516
  0.16411427327150274  0.17513015454457748  0.18579858300317148  0.19586744310240495
  0.20586891957203862  0.21596903301373166  0.22573645685244639  0.23516033888341342
  0.24435636446889222  0.25391918452936257  0.26414590324700987  0.27448202845407432
  0.28430228823116449  0.29387113385092761  0.30363236298025992  0.31366543616430498
  0.32377408705497152  0.33386675779502323  0.34391777087539210  0.35417206302297977
  0.36503521125852706  0.37613315869583425  0.38689710278650846  0.39756515484564625
  0.40835942464258818  0.41925905788101131  0.43021076421537247  0.44152234209706898
  0.45312976357701795  0.46463038202924206  0.47622034469921121  0.48821980397242426
  0.50046621401127012  0.51249216549653431  0.52394451144893739  0.53474594341486359
  0.54508722443204738  0.55459393080409147  0.56399598503969228  0.57296646916378169
  0.58168251081781608  0.59060908825972880  0.59968307203235949  0.60996346665599166
  0.62112475218801988  0.63198187790890592  0.64251925315223135  0.65301663280808442
  0.66362435255669361  0.67421125083020172  0.68463782452189836  0.69530861010182909
  0.70640208206180366  0.71794889685859042  0.72957725097970927  0.74094973135409647
  0.75220402104714712  0.76351530398706124  0.77472921441026688  0.78573345887075186
  0.79727737952848510  0.80913307443852889  0.82094854471702106  0.83243821993898015
  0.84354372097148311  0.85483867123777224  0.86581317599641194  0.87692987891089791
  0.88690382944578483  0.89690559842894968  0.90726584043516678  0.91749127751426784
  0.92730559184031081  0.93681690800105588  0.94697992454197821  0.95748692002421998
  0.96830759210054318  0.97877027406350103  0.98926497388415024  1.00000000000000000
 -0.00253445724998197  0.00971048268516050  0.02001769810200555  0.03084307289667816
  0.04158476531152323  0.05321586899802903  0.06397128146443284  0.07364193154562915
  0.08329559437042924  0.09324095131166482  0.10307242742256037  0.11270500890995543
  0.12226103678917893  0.13249253691584331  0.14320377479547602  0.15448241269541743
  0.16614511097586468  0.17804047831098890  0.19012745278646193  0.20228020763115245
  0.21440927192925802  0.22641360270428038  0.23744608557782870  0.24814986247911683
  0.25910854630350094  0.26943365146191639  0.27926224515035042  0.28856620625560520
  0.29878476969476664  0.30915430161542784  0.31970632034187302  0.32953318676708399
  0.34018267765892402  0.35115592392865536  0.36280131355643974  0.37487284072995003
  0.38619277408476443  0.39683193187396876  0.40678964353730956  0.41706440620071089
  0.42769942186546323  0.43817277918261677  0.44860687066502819  0.45904143623180882
  0.46938769648122430  0.47967537338413346  0.49000683368154718  0.50036436687335506
  0.51012565302587509  0.51944611639397231  0.52935070742067480  0.53964893788400159
  0.54941697773092324  0.55853170318056056  0.56794923101261208  0.57793674602931833
  0.58790785658170874  0.59800060934053489  0.60822565766765746  0.61853716999335007
  0.62874919010384889  0.63925629504121551  0.64980975075118497  0.66054772636651482
  0.67169402806838774  0.68307642950369196  0.69393375652775424  0.70456549397315127
  0.71633159186037454  0.72841352971419848  0.73956319310480167  0.74972867622879602
  0.75947936015944295  0.76914369399267135  0.77877043138772373  0.78850665031895362
  0.79852816329138887  0.80891522298547480  0.81940182759482538  0.82998033292812101
  0.83965138670142281  0.84920368260322565  0.85902756331841579  0.86941635592472111
  0.87953917655455438  0.88928190538781482  0.89922580628389859  0.91027841493018646
  0.92151523160090010  0.93222830354065789  0.94297333065378930  0.95338668062603349
  0.96407580822402994  0.97532253848672890  0.98739948589908721  1.00000000000000000
   2.2277666551506284E-008  -1.0000000000000000     
 F F F F F F F F F F F F F F F F F F F F F F F F F F F F F F F F F F F F F F F F F F F F F F F F F F F F F F F F F F F F F F F F F F F F F F F F F F F F F F F F F F F F F F F F F F F F F F F F F F F F F F F F F F F F F F F F F F F F F F F F F F F F F F F F
  <DiscreteSampler_grid>
  grouped_processes
  1 # 1 for a reference and 2 for a running grid.
  10 # Attribute 'min_bin_probing_points' of the grid.
  1 # Attribute 'grid_mode' of the grid. 1=='default',2=='initialization'
  0.0000000000000000 # Attribute 'small_contrib_threshold' of the grid.
  0.5000000000000000 # Attribute 'damping_power' of the grid.
 # binID   n_entries weight   weight_sqr   abs_weight
    10   10   6.404486219428627E+004   8.356277127342123E+009   6.404486219428627E+004
    16   10   6.404486219428630E+004   8.356277127342130E+009   6.404486219428630E+004
  </DiscreteSampler_grid>
