  0.00915812261073895  0.01642132171568822  0.02597262193707723  0.03618403318691189
  0.04597838248931346  0.05539798032903032  0.06485833162939070  0.07438619182461073
  0.08411827075305224  0.09387355797184309  0.10362223025109543  0.11341269061838093
  0.12317310919573844  0.13277454941055308  0.14221456055153670  0.15182912641501711
  0.16185493192183267  0.17243785100324702  0.18357172929941840  0.19486719672680780
  0.20606680238620118  0.21705663775627496  0.22823561085482005  0.23998100661856714
  0.25195764221709910  0.26371787558391269  0.27520544145473913  0.28647604923210107
  0.29720880990317955  0.30731482989472614  0.31705592661353460  0.32599968976050209
  0.33502823171240581  0.34375915059264933  0.35267567458211330  0.36178071143312257
  0.37108290200774341  0.38064672465322391  0.39031279531526991  0.40036200666556965
  0.41099676922422929  0.42189390188485232  0.43260293573272274  0.44287988293044339
  0.45255192916414305  0.46231786150347470  0.47168643691896933  0.48148217015371692
  0.49107418996059687  0.50136044465396545  0.51152265765404625  0.52147678565208000
  0.53093504018014481  0.54058587889114140  0.55088770935592046  0.56162829888026822
  0.57179627804248434  0.58163260838139885  0.59196375499739851  0.60260566146250372
  0.61336127858200595  0.62421166605580036  0.63500480039722607  0.64562344169099728
  0.65618952280071563  0.66652781837198494  0.67673379472569528  0.68664364827369384
  0.69766946501604232  0.70889134878281823  0.71964227147132565  0.73089469238185178
  0.74235660995124830  0.75384770799055734  0.76445418403677423  0.77462895880709692
  0.78474301798728774  0.79506617946196245  0.80546542525424059  0.81640336573645467
  0.82763187348366263  0.83867683896070300  0.84951550709924706  0.86037703150094280
  0.87138561166115147  0.88252611968882710  0.89386142206726293  0.90513422857078241
  0.91589838077379437  0.92661189874335526  0.93708416657923554  0.94746616875765888
  0.95800294080314308  0.96926620936422303  0.98021452611516968  1.00000000000000000
  0.00925970078284472  0.01559718055702745  0.02493575586737890  0.03609355713511564
  0.04650939644807195  0.05680285189696379  0.06789851280956556  0.07921687629658493
  0.09018694804227302  0.10071060110779254  0.11073216268801822  0.12039065922826087
  0.13011033324456506  0.13970384907152972  0.14937249453062235  0.15888852499589445
  0.16864154876985177  0.18021604938359559  0.19148081723168547  0.20222533586116498
  0.21255010060113178  0.22359326759513981  0.23432442947497820  0.24505668513817747
  0.25589746511767669  0.26690010565977523  0.27731446180116842  0.28768309678990717
  0.29876401656431534  0.30963562010184165  0.31993951182928365  0.32994066899404206
  0.34023251754027267  0.35104902147669792  0.36186876822790509  0.37244964612897552
  0.38285983192194240  0.39328699551431406  0.40407300584615041  0.41492309141316014
  0.42569998169507323  0.43609437749891328  0.44655749197816214  0.45668729436039079
  0.46648910952875894  0.47645355952188584  0.48719806172226976  0.49776059714890103
  0.50787806914566103  0.51744890774738339  0.52903441467654555  0.54150786877975643
  0.55459605058417738  0.56660640669785223  0.57767424485630081  0.58856271309211605
  0.59982574891339124  0.61135268360121486  0.62261144145451275  0.63398785922285061
  0.64548541145647731  0.65700219755389511  0.66873945284417458  0.68063050463678976
  0.69240099455175652  0.70377622025078157  0.71521836270319739  0.72637566972174883
  0.73679767992583634  0.74635910890787005  0.75590203776726161  0.76544067130602711
  0.77517679546509499  0.78492705188835110  0.79460017259620253  0.80382001014917370
  0.81304073901316420  0.82253610386137677  0.83222108701053066  0.84178932618781721
  0.85174113773173699  0.86322206421687675  0.87505558866031297  0.88575501559305903
  0.89580369252274705  0.90534145666543753  0.91457494983600585  0.92377981248423913
  0.93307681127393416  0.94226276183536106  0.95155411745914520  0.96139848636723502
  0.97214153033034623  0.98266499355967862  0.99119405286183948  1.00000000000000000
  0.05722102282877011  0.05792775237035856  0.05998343392340451  0.06232239821504168
  0.06489392254241461  0.06877577049574293  0.07254254445779849  0.07622300690195564
  0.07999189704492839  0.08383232461783795  0.08785766661719034  0.09192442513138105
  0.09602730029649470  0.10041219480394692  0.10480475382699861  0.10920527062012278
  0.11372228776730871  0.11832062372800113  0.12303911867717163  0.12771275656036485
  0.13259091604073900  0.13813664326497410  0.14384494662205541  0.14817581802013516
  0.14889069945262451  0.15007422165003342  0.15129820686189591  0.15272509948110044
  0.15495721443887409  0.15744295453944571  0.15983826004599214  0.16222985176803242
  0.16463484758055780  0.16706437081297845  0.16951727273906905  0.17195396668562668
  0.17435722481216720  0.17674089938239440  0.17914479332534791  0.18157960771842874
  0.18403440920951122  0.18650387324418952  0.18899564551859416  0.19152491368856767
  0.19409018582148369  0.19668976180665018  0.19935504686638347  0.20207426788505053
  0.20484670566391605  0.20765552302173892  0.21048416014925539  0.21331999996315346
  0.21618462314343961  0.21907668407456207  0.22200382459358436  0.22498553929002618
  0.22801058824678125  0.23107379024040861  0.23420488819828733  0.23739075061184786
  0.24060290492596059  0.24383784211714302  0.24709086211669584  0.25039181850676190
  0.25379105763412024  0.25728715348104009  0.26083093067262147  0.26441863920296971
  0.26807358137981535  0.27179421152626948  0.27562417813226481  0.27953821385888777
  0.28350567936631749  0.28764682136724384  0.29190687146002464  0.29633884703671531
  0.30088559797833925  0.30562992098659941  0.31056503529864454  0.31574326324745083
  0.32116214267812904  0.32684191663225476  0.33288861182302815  0.33940067752603664
  0.34639715190261855  0.35405406880022183  0.36250090565622201  0.37194219046007204
  0.38259310346996439  0.39485968527563675  0.40993499804283740  0.42862846982107755
  0.45553304992330740  0.49893238878152213  0.58455466732521677  1.00000000000000000
 -0.00304691739626868  0.01158224617814811  0.02477669961167448  0.03841665757136343
  0.05119969075244095  0.06318390885098384  0.07538981263014001  0.08694109085054592
  0.09775149604643087  0.10826473251163111  0.11911129311141692  0.13005899864199022
  0.14097802378309290  0.15191916643442008  0.16287272336565556  0.17418959607843246
  0.18524566039433249  0.19650320917434588  0.20747008234792133  0.21965123160023561
  0.23082920996003253  0.24122536876619433  0.25135000684423914  0.26184712734066656
  0.27259863249783084  0.28361355634476071  0.29453325578655748  0.30570110977528819
  0.31619896643901668  0.32641692730275368  0.33636675308675423  0.34645127521449870
  0.35682986387514742  0.36760659385801558  0.37816107825110751  0.38798811059187960
  0.39762824396686064  0.40714814569259483  0.41653620191491908  0.42586175537302451
  0.43513456451102966  0.44474712565385699  0.45465628796281604  0.46433386371742641
  0.47373774466727125  0.48322344752738161  0.49300885916338472  0.50321104636816893
  0.51382386046072415  0.52426297155388291  0.53438898380426714  0.54412813040391139
  0.55339202588172887  0.56251565383425806  0.57139240924092105  0.58019087397335201
  0.58921666644482962  0.59846057450990586  0.60807222918031911  0.61783144783754917
  0.62762961473930345  0.63734404092623809  0.64713377946200223  0.65719040687484997
  0.66738115391747799  0.67743527443904106  0.68747503859468162  0.69786447709283594
  0.70858348061455001  0.71913189289198587  0.72970939498420884  0.74057146700648824
  0.75173596793960218  0.76354613105771363  0.77506318781916150  0.78579884556262347
  0.79678993401981957  0.80702494426742954  0.81693508597532927  0.82667175152407479
  0.83700488950741692  0.84787418190109631  0.85877521862226414  0.86960681396151585
  0.88032004499514582  0.89090858971726750  0.90187240919249390  0.91311341826234871
  0.92388222855749658  0.93440524807593695  0.94506446434221814  0.95624237669216905
  0.96761192741898372  0.97862669377467137  0.98938820892313883  1.00000000000000000
 -0.00280063457286830  0.01019848049144863  0.02145346261481949  0.03319052150104281
  0.04463361267899545  0.05581734124855952  0.06719680858268066  0.07869851027903858
  0.09019253198315742  0.10127754980859782  0.11215263945691366  0.12328967272767097
  0.13453627390071510  0.14557064293078364  0.15663876072572622  0.16795544322550979
  0.17918376853887250  0.19007138002522445  0.20104247393140010  0.21152020211108696
  0.22123614769013683  0.23093231271204592  0.24149042249056660  0.25169838424670476
  0.26169726896232293  0.27139693128142883  0.28089554693804619  0.29037698869880563
  0.29962312880373670  0.30943229008375461  0.31907626022772129  0.32850715404551872
  0.33805561349933877  0.34840818824680952  0.35880966304696993  0.36970453625835786
  0.38115814124168235  0.39255390433099996  0.40321098817278883  0.41373754439803379
  0.42460766549369688  0.43588689149203957  0.44626430989633131  0.45654737991025285
  0.46725984218359828  0.47815645359877434  0.48875371391572509  0.49893298089244137
  0.50913760318611334  0.51948547363605024  0.53034286355890126  0.54146284362041042
  0.55251444857881371  0.56301216646914931  0.57327601650593230  0.58334798411784183
  0.59329503807305706  0.60294727823884342  0.61262400543556583  0.62261118089051670
  0.63339836533066152  0.64482180181223181  0.65577252950782006  0.66616090675298600
  0.67620375904348662  0.68624310539664701  0.69656524646991635  0.70651102724008907
  0.71668018057952132  0.72709043621173131  0.73783519794181207  0.74891827038147596
  0.76028988231950867  0.77160364579307639  0.78294821349266597  0.79412517121991522
  0.80593059094197017  0.81784976007475718  0.82994927231995042  0.84223727020998818
  0.85392274090609499  0.86427447729009643  0.87448365270814177  0.88492515741359945
  0.89494403245419984  0.90468545110402399  0.91462329911765561  0.92506156380063032
  0.93522684995754501  0.94485348988547868  0.95436030400603367  0.96360328236810799
  0.97239543148507790  0.98123595541071484  0.99042383452257354  1.00000000000000000
 -0.00211858315875280  0.00956848591486988  0.01962927264421167  0.03025385622404344
  0.04141988818347837  0.05193188424182055  0.06201011556646480  0.07216013795139387
  0.08236923760382335  0.09311940223569921  0.10436447686000745  0.11648372570127832
  0.12870264245639398  0.14080531893522974  0.15336585395540978  0.16599996927368818
  0.17742316068238373  0.18816274415513870  0.19883084426218015  0.20932872154362675
  0.21961180490805365  0.22988849051233587  0.24076715714163982  0.25210597996501405
  0.26342132110119637  0.27464483605349588  0.28545454815323246  0.29603333958617539
  0.30565477386952267  0.31516224703007667  0.32463139529618112  0.33426927854280930
  0.34367537532296066  0.35280933249841079  0.36180945821522453  0.37100682584456862
  0.38054194426545418  0.38968224937969903  0.39862149359933524  0.40783024827977621
  0.41774394257190250  0.42882060638241387  0.43985562801905587  0.44957332674348138
  0.45881341200710662  0.46805539580774719  0.47740729199332971  0.48654895793780567
  0.49526598704321539  0.50415563509906580  0.51343262050091343  0.52266749822279324
  0.53193937329801744  0.54133518239340450  0.55129775043508600  0.56161801413952050
  0.57198253337681493  0.58254269633373990  0.59300889950225466  0.60332183274624784
  0.61397105128909923  0.62472515528564831  0.63482918993876813  0.64459662376499272
  0.65401285166981382  0.66331507523924371  0.67279436206706988  0.68242911429336095
  0.69241911455803562  0.70249600774780763  0.71247917508850778  0.72248344496626782
  0.73251487697037088  0.74337582675358238  0.75411978048833717  0.76537117258507503
  0.77682842028615684  0.78851754137993824  0.79948698048647227  0.81007616671540783
  0.82092177244273234  0.83215986445586210  0.84335492631401288  0.85455547955091182
  0.86616059177652649  0.87842420234488117  0.89126631056820071  0.90365765846244428
  0.91533225941892504  0.92673648505193884  0.93786249464026206  0.94889688617383849
  0.96007920803979152  0.97311618835943337  0.98647625466544775  1.00000000000000000
 -0.00264721162202876  0.00988542374343528  0.02045243441174944  0.03043527422438316
  0.04056937098394943  0.05021660984267142  0.06008872709446864  0.07005843856742819
  0.08009588181290270  0.09071029110978758  0.10182151291188732  0.11294401487969841
  0.12342495513668059  0.13396587456039596  0.14424196384530641  0.15421858730956992
  0.16372954098915149  0.17328852860142435  0.18302511403470531  0.19311099553489522
  0.20307959702080092  0.21300763241154472  0.22374133674706029  0.23497187757300314
  0.24678916517755642  0.25674117388631157  0.26593858472130466  0.27524767925791416
  0.28463218135499635  0.29409003257704719  0.30335822429133663  0.31282225896969706
  0.32293433975345714  0.33314273429967278  0.34290645968869554  0.35307980315032406
  0.36400210292357160  0.37473123033112710  0.38522594815124667  0.39597872245246296
  0.40758358321315197  0.41957435464856196  0.43140022834861447  0.44284282574326239
  0.45398722281897869  0.46502568887427986  0.47611460137026129  0.48734408742310853
  0.49845347629709136  0.50929921121319355  0.51988860473020981  0.53051646421332044
  0.54137486773640087  0.55252690626001733  0.56378182076341599  0.57362823335588498
  0.58313333097232534  0.59287215289638318  0.60267305651316183  0.61267259223622728
  0.62233255006599730  0.63274437784112902  0.64279886816441389  0.65279365834027203
  0.66299326776942447  0.67367486827776724  0.68465745613561402  0.69599926855791672
  0.70730970343014166  0.71779082122305038  0.72783458350779229  0.73793337697572925
  0.74759844122724928  0.75738125321231642  0.76726642498038355  0.77770561662800208
  0.78856517378130853  0.79942784062261618  0.81045970182161409  0.82100322973287454
  0.83132476411370837  0.84190511783069721  0.85275962932367555  0.86372231091616714
  0.87481162710344063  0.88629728862692558  0.89823547946765880  0.91045686894814926
  0.92265591386417534  0.93438282286777208  0.94566665406813377  0.95665946452020822
  0.96778456064598783  0.97893381616008135  0.98958777339308590  1.00000000000000000
 -0.00274035397160636  0.00990833696197553  0.02117850642553235  0.03274562317762546
  0.04352913637265680  0.05356315965794134  0.06327012502559315  0.07340479154991676
  0.08364689934844580  0.09404884626576934  0.10474655516583291  0.11635818504061160
  0.12759269926353003  0.13849332426616037  0.14882669145815616  0.15895903658491151
  0.16900485351734290  0.17862384783369725  0.18824003531775935  0.19794168017182526
  0.20762072918288513  0.21690600866833570  0.22607609446298135  0.23561623310564125
  0.24525683302225926  0.25489694845864996  0.26437951271387200  0.27433143902829393
  0.28612519442792361  0.29733373687193559  0.30868955811682275  0.32030883798754534
  0.33267996773091885  0.34427465382252298  0.35588555750465384  0.36653620419510480
  0.37709700138608027  0.38693005266836672  0.39678289029656344  0.40701008918644943
  0.41795089495918919  0.42972911138639008  0.44157044015572033  0.45340579576283041
  0.46390107117702040  0.47370885579957150  0.48349769660757075  0.49319449337496268
  0.50298460608844819  0.51223117596419188  0.52175039643380072  0.53177153606887428
  0.54215790712159651  0.55266065441377787  0.56348717142329541  0.57488202194689575
  0.58675239030401283  0.59871915244636076  0.61053358601577368  0.62225000474682024
  0.63401541977603348  0.64586775676560115  0.65718750562748496  0.66814218256142932
  0.67766900940818897  0.68749152962552029  0.69743968583095028  0.70794135088436627
  0.71821799470687209  0.72799327302086636  0.73790844644435627  0.74803180184784090
  0.75764219510460684  0.76721720011114247  0.77668856762600658  0.78652381464620913
  0.79678325889048851  0.80708597678068617  0.81766023815917466  0.82878928759278669
  0.83982639187534747  0.85043329040741478  0.86101634450151898  0.87156270948952386
  0.88277166341951918  0.89313027858681837  0.90344663315960161  0.91389700934842288
  0.92490072414691071  0.93605279995295332  0.94622386169024419  0.95653992635797702
  0.96773529911383449  0.97918411855106224  0.98984317406970013  1.00000000000000000
   2.1941009286477277E-008  -1.0000000000000000     
 F F F F F F F F F F F F F F F F F F F F F F F F F F F F F F F F F F F F F F F F F F F F F F F F F F F F F F F F F F F F F F F F F F F F F F F F F F F F F F F F F F F F F F F F F F F F F F F F F F F F F F F F F F F F F F F F F F F F F F F F F F F F F F F F
  <DiscreteSampler_grid>
  grouped_processes
  1 # 1 for a reference and 2 for a running grid.
  10 # Attribute 'min_bin_probing_points' of the grid.
  1 # Attribute 'grid_mode' of the grid. 1=='default',2=='initialization'
  0.0000000000000000 # Attribute 'small_contrib_threshold' of the grid.
  0.5000000000000000 # Attribute 'damping_power' of the grid.
 # binID   n_entries weight   weight_sqr   abs_weight
    10   10   8.673894534761959E+004   1.370169134802819E+010   8.673894534761959E+004
    16   10   8.673894534761962E+004   1.370169134802820E+010   8.673894534761962E+004
  </DiscreteSampler_grid>
