  0.00001784660866585  0.00005082845326967  0.00007036288673354  0.00008663693124475
  0.00010342538868709  0.00012178085646858  0.00014263192336991  0.00016747923078122
  0.00019798002744683  0.00023634195501357  0.00028474440648372  0.00034253725058451
  0.00041765204112200  0.00051399490309920  0.00063458693207441  0.00078066668192209
  0.00095140300977923  0.00114775552752216  0.00137824392288460  0.00165322979761021
  0.00200413610937184  0.00247425689987764  0.00308667894369292  0.00383258031742764
  0.00476107512426463  0.00594034432385211  0.00754704238425936  0.00981996425844934
  0.01310007343713378  0.01810681646371025  0.02578767907296423  0.03644304924450989
  0.04991298380267421  0.06581884921150499  0.08292020221793867  0.10075693638700457
  0.11912401936222700  0.13769496984870955  0.15647923124495958  0.17522805161228294
  0.19426571718567345  0.21351777677633940  0.23252053563549691  0.25144086119996323
  0.27053104984244558  0.28956788896069852  0.30857064831868525  0.32775678529618130
  0.34696390971099145  0.36592561489804470  0.38471794621968480  0.40359834928893967
  0.42252246991539572  0.44142709685437076  0.46036540453379216  0.47931721480422290
  0.49818229618699816  0.51684875698447874  0.53538005091214247  0.55412370163213887
  0.57319169897265287  0.59234352799485424  0.61142231856457474  0.63039021221714719
  0.64919769284737217  0.66799003785389477  0.68693334289507735  0.70587551755546563
  0.72451812541159499  0.74296864468478119  0.76123474773925492  0.77931217357327642
  0.79771284782246665  0.81610113538938689  0.83437737258367328  0.85209407045577212
  0.86974296408685947  0.88689886367496584  0.90355057111496717  0.91970418571400425
  0.93498995458870449  0.94915630490813285  0.96168811651232478  0.97203319201243688
  0.97999793504648225  0.98574956676084358  0.98981177205464166  0.99273001142372375
  0.99488966225332531  0.99646094183171585  0.99757662810757364  0.99837211185238406
  0.99896432863924345  0.99939383875219467  0.99971410701910690  1.00000000000000000
  0.00026246132634584  0.00031146113643249  0.00033974600647742  0.00037352693830676
  0.00041514299697055  0.00047389265125947  0.00069033795825626  0.00115963797161013
  0.00160036633401532  0.00187421886286826  0.00221263347916984  0.00262309462594376
  0.00319121552642238  0.00389338606822297  0.00468342966727981  0.00562396106903370
  0.00673416273301712  0.00804703617256448  0.00955551400073943  0.01132315164494096
  0.01336200519505133  0.01568206643243501  0.01827754525209379  0.02140884297047672
  0.02516096892593326  0.02955799413355887  0.03415757608415796  0.03895243732363984
  0.04437734212755123  0.04999944364153593  0.05484124945749710  0.05831341338996178
  0.06064092582180691  0.06219810820572652  0.06328424860405803  0.06407624332841744
  0.06467686906828028  0.06514860999789289  0.06553282542565211  0.06585454579640598
  0.06613076044977488  0.06637303293336912  0.06658952696458140  0.06678714983767597
  0.06696622893413400  0.06713001413661768  0.06728439478587235  0.06743254828817376
  0.06757572746939706  0.06771558485609971  0.06785369064221788  0.06799130013936308
  0.06812996847802422  0.06827140529268877  0.06841715313149770  0.06856857216045339
  0.06872733343448691  0.06889647716534458  0.06908113756808086  0.06928445511085958
  0.06950729997910597  0.06975566716208657  0.07003746009294508  0.07036865968900254
  0.07076828923970084  0.07125412706679217  0.07185573039862955  0.07263803056617385
  0.07370016628057906  0.07519203186187891  0.07737584500208905  0.08074336672779825
  0.08602982595748912  0.09418910424830988  0.10591426363672525  0.12114092359596690
  0.14000291268985737  0.16604004307805181  0.20146209991259517  0.24927716324239013
  0.31772190726917982  0.41012093299687619  0.51054793805824927  0.57873415158116603
  0.61725123947587968  0.64184694554048960  0.66285714807967411  0.68364062804696557
  0.70566809883890480  0.72890670210667374  0.75408519120627593  0.78364090439223122
  0.81827664983436033  0.86266464168572832  0.88808118166363292  1.00000000000000000
  0.00048955085451746  0.00088101628334014  0.00111125785948029  0.00131918447305983
  0.00153778544285352  0.00177752479278235  0.00204502951867104  0.00234352437050568
  0.00267294163126769  0.00303072967002619  0.00341389632917237  0.00382645198592919
  0.00427858342027093  0.00477019482119225  0.00528362408141949  0.00579646958526954
  0.00630199339098047  0.00680809933910194  0.00732313731963605  0.00784838265455201
  0.00838760786871944  0.00895002482123179  0.00953789509988272  0.01013556133557235
  0.01073811037377297  0.01135859534505206  0.01201331089200091  0.01271710772111057
  0.01347181825284593  0.01426175559790127  0.01507998136318028  0.01592540993976163
  0.01680569268592570  0.01771753501370613  0.01864645306555108  0.01960301103163046
  0.02061555869296714  0.02166691875494628  0.02279736750768410  0.02400097308500871
  0.02525613595871173  0.02654746599791047  0.02793928577689484  0.02939350887251221
  0.03088737461055018  0.03246824801740128  0.03414266075334248  0.03586928707002142
  0.03763800910678503  0.03952650041153836  0.04152559108331951  0.04367423573894039
  0.04590125344543156  0.04825329562648507  0.05073458403488781  0.05336314169626710
  0.05605372409842398  0.05881611084684453  0.06171009808892317  0.06480917650420476
  0.06816720432512297  0.07167878886566154  0.07495750233127735  0.07803161332817718
  0.08133614117102334  0.08471202785496888  0.08906552979432961  0.09384384589069757
  0.09870456306767611  0.10377046637292160  0.10895786867600869  0.11462429049655028
  0.12080617751588772  0.12747172818062974  0.13451723330018284  0.14160940417530363
  0.14891530867568412  0.15687542095727935  0.16532312233639715  0.17475808030644507
  0.18477513087888559  0.19597381720695553  0.20831048554461637  0.22161413323717929
  0.23586882187992009  0.25138075151879741  0.26741135065658689  0.28425390324379107
  0.30191073377954020  0.32216260141952197  0.34515416788395414  0.37205198812918150
  0.40391052963022955  0.44603065628376976  0.53173659560384035  1.00000000000000000
 -0.00209371787776572  0.00809691756767209  0.01807625910746775  0.02793057921107207
  0.03732903928192794  0.04636599143981627  0.05566552138901059  0.06462781227330958
  0.07330072601754969  0.08231476452012328  0.09188047707745610  0.10173502589289107
  0.11120756310186494  0.12087707227546428  0.13069847867348588  0.14066685036571175
  0.15052533572268456  0.16030793985414082  0.17022497910862661  0.18010054194833486
  0.19004068279291561  0.19981907409411012  0.20973976210645504  0.21961387848109315
  0.22959733144506206  0.23970376921101108  0.24982693235019318  0.25984325478435311
  0.26985512573197012  0.27992955950691678  0.28989839395834405  0.29982194415015473
  0.30986228424053880  0.32046164895233609  0.33137382224360895  0.34222504439040796
  0.35289729971077799  0.36349770078055904  0.37425215909749660  0.38511508652176585
  0.39603563241792145  0.40698118023789454  0.41768390772064834  0.42796065544516049
  0.43809652386569137  0.44865705562280750  0.45955432377645461  0.47043442905056643
  0.48137307056033740  0.49248227062707428  0.50344461671049390  0.51426409728261435
  0.52475683015479202  0.53519272843417642  0.54564320315643233  0.55637933046757504
  0.56755425803186410  0.57897855276372556  0.59049084782745809  0.60202858788802061
  0.61358824729349248  0.62514258806757705  0.63662059479474720  0.64799688415335666
  0.65929733424816506  0.67055106316344748  0.68176752814812847  0.69302608641933894
  0.70431249260111439  0.71571220663240298  0.72725091494580896  0.73901428106443434
  0.75072070613190500  0.76222249610384052  0.77360272188360946  0.78501278941048791
  0.79658240091984567  0.80811361799265935  0.81917289323294240  0.82992979240646181
  0.84059791248654170  0.85162647508192424  0.86296914183156015  0.87454721271517311
  0.88627616822450506  0.89791053070908522  0.90945247798310247  0.92061429115135984
  0.93069017501686324  0.94005626878297810  0.94901393667574030  0.95857695635722817
  0.96874751354093003  0.97865386896169537  0.98874998127693225  1.00000000000000000
 -0.00235457009104321  0.00915826899710125  0.01914774602039459  0.02993899663238580
  0.04000791546599571  0.05049054278408406  0.06096044956970777  0.07125921089099534
  0.08167592999532421  0.09247690080911419  0.10360996215398122  0.11335069790996627
  0.12349037413715019  0.13371259400525501  0.14364979937381100  0.15372390436732283
  0.16416442622642899  0.17494076247280582  0.18573817012514793  0.19598315803630867
  0.20617818488189421  0.21646517128467679  0.22687497128939382  0.23757352353246181
  0.24810069202930771  0.25849676449973819  0.26896451336922661  0.27960961125766443
  0.29041336359278869  0.30120224227182230  0.31173943494545792  0.32209186637364595
  0.33238985636464063  0.34286738323622867  0.35330480466732178  0.36336149521809319
  0.37354099212672337  0.38409514649855836  0.39531707100401237  0.40655511065347821
  0.41736916410220731  0.42801471438870237  0.43818776852758184  0.44833279891839978
  0.45839725246222213  0.46893816239928388  0.47977614127213747  0.49084498957781120
  0.50185999223913491  0.51281410694281848  0.52376673510754224  0.53457079029186794
  0.54363440048704081  0.55234187930637579  0.56146090571283258  0.57069564537569106
  0.58061106261145912  0.59161985561428743  0.60219570907214848  0.61312837243218621
  0.62397075434104210  0.63483284169191845  0.64572943682263473  0.65656085255472929
  0.66743768038634976  0.67825944125140969  0.68887111643214316  0.69933341432369112
  0.70984070125557486  0.72069917050284182  0.73152507162108937  0.74218806978647300
  0.75267410672471236  0.76310833400655675  0.77376618580293077  0.78455549620291509
  0.79515371762561882  0.80560479921815786  0.81609438100557619  0.82657489424332087
  0.83701717947339582  0.84759827787486830  0.85861863264921900  0.86969710342235740
  0.88035801287511206  0.89072491662675612  0.90111098780909915  0.91176586862235676
  0.92258052655768807  0.93351924229755634  0.94456026198654219  0.95585627863594136
  0.96689806524904143  0.97806167030874780  0.98878261946180945  1.00000000000000000
 -0.00207867809896887  0.00807277400509572  0.01914810006539599  0.02711893799058503
  0.03533236195163118  0.04321272854176023  0.05164485269892664  0.06120037794575648
  0.07092539786108969  0.08040298729517795  0.08976801175308396  0.09913123125424154
  0.10855408587046782  0.11800785690020087  0.12748292698831776  0.13698856497080669
  0.14665410565922865  0.15643484146545794  0.16632963133563830  0.17634469358404262
  0.18630507116443168  0.19609537937050481  0.20572120355844750  0.21534250817203324
  0.22510574815430726  0.23502273568632859  0.24490929158346100  0.25475222294082744
  0.26471593645682845  0.27500658033176067  0.28551001566883472  0.29588133780768233
  0.30612198712091238  0.31644763673504489  0.32691245144748271  0.33750384599250227
  0.34820686022322106  0.35893786253963494  0.36963324267556907  0.38023264506012783
  0.39050508916774318  0.40081175769086047  0.41118252392208010  0.42179227644530060
  0.43268447717087954  0.44361331532961679  0.45474807998908684  0.46584829774837011
  0.47696264614128558  0.48808040083869131  0.49912863200376695  0.50983392221194235
  0.52041060565646036  0.53109343214578675  0.54205776601225475  0.55314502163060819
  0.56420308099009786  0.57517295932192070  0.58631402143406808  0.59754691757039913
  0.60890518841286734  0.62027590787208420  0.63155377664571632  0.64280506647953528
  0.65425654683298062  0.66570069864722214  0.67710619353284407  0.68817507636942055
  0.69919704677362071  0.71064416687709175  0.72212322684607633  0.73361581890382499
  0.74517135632574560  0.75656976299960144  0.76827330739371003  0.77967936433350182
  0.79100803393006447  0.80220877108409727  0.81337845950268994  0.82445624866683676
  0.83497997206797081  0.84563252324030469  0.85660063197364922  0.86789045870700987
  0.87927934771807503  0.89056702720192060  0.90204101392894021  0.91340441081263002
  0.92412537154923724  0.93463026722200804  0.94509455163464096  0.95553285285070122
  0.96627501137610017  0.97686619504343053  0.98715495866213521  1.00000000000000000
 -0.00243093121179833  0.00950064663512512  0.01927001487566699  0.02978608784588244
  0.04029464680787762  0.05137827741325574  0.06233351873887569  0.07266316244710228
  0.08320815334567735  0.09334514002974131  0.10424062557434792  0.11474346570171066
  0.12541472655407462  0.13603372271602454  0.14663821055620155  0.15652552900095548
  0.16645540643911438  0.17623350998071866  0.18717966357227189  0.19857101516607828
  0.20958872085599783  0.22025455334626354  0.23090184918613019  0.24185492890624086
  0.25286106941036485  0.26377539556729512  0.27422260994803233  0.28476176064898978
  0.29528105117392367  0.30627319591239172  0.31723370348219121  0.32792589089697460
  0.33835971604877435  0.34860237676552130  0.35939450269202045  0.36975481305481289
  0.38057481615488115  0.39142166500745063  0.40196784285153164  0.41316430448787522
  0.42351511054357771  0.43408640199512982  0.44490853058274787  0.45538031305058185
  0.46698830157327487  0.47582815957475177  0.48496462799998652  0.49418063361792641
  0.50370761084003823  0.51415424672732135  0.52491926121579524  0.53533872563336105
  0.54592506009175756  0.55661024253781777  0.56733787861285156  0.57816273037155774
  0.58913279022708087  0.60014613483804669  0.61074331533899284  0.62110604100024414
  0.63134009631781796  0.64134600196540992  0.65131060084415338  0.66132657111857795
  0.67176090575282021  0.68235535900542521  0.69287500750512787  0.70339614633494085
  0.71417004709376986  0.72498223662898342  0.73573382630117656  0.74645980716124538
  0.75704080482538727  0.76772996894084811  0.77861065277443764  0.78955873805624099
  0.79987172185496347  0.80947565832456247  0.81874259687186668  0.82833187301994071
  0.83871136795442558  0.84933493859432796  0.86017457618849658  0.87093250214366402
  0.88179039573223783  0.89271399767958326  0.90359665070081152  0.91454455766720089
  0.92546694278064012  0.93656027951714194  0.94738528315231485  0.95786709781724433
  0.96792566887372522  0.97837622979960737  0.98899262305418678  1.00000000000000000
 -0.00221194409092804  0.00864961246247012  0.01951256897074365  0.02988820935161789
  0.04086762580146706  0.05150959879276386  0.06196960744918960  0.07214275632184550
  0.08241154085178753  0.09261038724069691  0.10314192860019041  0.11418751631133629
  0.12502562417334295  0.13558485035262005  0.14584205365237077  0.15600443567504682
  0.16611168945556753  0.17638152496977852  0.18724326697221594  0.19794550141059467
  0.20843549382480808  0.21927306483027284  0.23012408629573616  0.24117484719325816
  0.25222408647098876  0.26159877286514194  0.27036149891105227  0.27926247590066655
  0.28853952347286926  0.29922338137286619  0.31026596437919118  0.32062619452306956
  0.33082931857435910  0.34109958831099879  0.35128870237556004  0.36158330267692002
  0.37193439698995845  0.38239626790639675  0.39299132660668068  0.40354330233671359
  0.41415518955725328  0.42480139705433245  0.43544711319808271  0.44579598410907412
  0.45592144314228245  0.46622579666926639  0.47675939709548359  0.48732683269379046
  0.49790216161919532  0.50848760621695666  0.51903944481196262  0.52956005666255934
  0.54007945035329596  0.55071075416796689  0.56140571216233570  0.57233453836827686
  0.58341581952423494  0.59436947581686317  0.60474238581221251  0.61454894941739169
  0.62443188010239881  0.63465043590820125  0.64524197600380295  0.65600237141166073
  0.66680441570832061  0.67764457288333158  0.68844597358823068  0.69920125423525337
  0.70996466293446869  0.72072558313401180  0.73159559628554516  0.74264103359982570
  0.75374661712295277  0.76468927165251144  0.77535918022045858  0.78602198071988383
  0.79689718244231256  0.80800631315817473  0.81914244738455821  0.83026194026572253
  0.84141469859901286  0.85264598301303918  0.86388511035522209  0.87482796047402334
  0.88533615592435411  0.89537146330278372  0.90526035139632688  0.91518957809651014
  0.92529241965523079  0.93530952654133293  0.94546899572577603  0.95553468968077993
  0.96653210457791661  0.97746717590739485  0.98887697723969847  1.00000000000000000
   1.2050315972052732E-011  -1.0000000000000000     
 F F F F F F F F F F F F F F F F F F F F F F F F F F F F F F F F F F F F F F F F F F F F F F F F F F F F F F F F F F F F F F F F F F F F F F F F F F F F F F F F F F F F F F F F F F F F F F F F F F F F F F F F F F F F F F F F F F F F F F F F F F F F F F F F
  <DiscreteSampler_grid>
  grouped_processes
  1 # 1 for a reference and 2 for a running grid.
  10 # Attribute 'min_bin_probing_points' of the grid.
  1 # Attribute 'grid_mode' of the grid. 1=='default',2=='initialization'
  0.0000000000000000 # Attribute 'small_contrib_threshold' of the grid.
  0.5000000000000000 # Attribute 'damping_power' of the grid.
 # binID   n_entries weight   weight_sqr   abs_weight
    10   10   1.792103840889524E+000   1.190099857804829E+001   1.792103840889524E+000
    16   10   1.792103840889524E+000   1.190099857804829E+001   1.792103840889524E+000
    22   10   1.792103840889525E+000   1.190099857804830E+001   1.792103840889525E+000
    28   10   1.792103840889525E+000   1.190099857804830E+001   1.792103840889525E+000
  </DiscreteSampler_grid>
