  0.00924291755743407  0.01581903909169728  0.02579590064230804  0.03747968427540850
  0.04865097935365059  0.05922907629514666  0.06967279229386730  0.08029968633675286
  0.09148361466429887  0.10248535610257489  0.11344875667444498  0.12441856455454853
  0.13532860660429410  0.14648476525356682  0.15670573869714544  0.16698313711143858
  0.17673304101006493  0.18665031542733909  0.19672157177942567  0.20702763898292742
  0.21690924678374848  0.22638581105379621  0.23632351761645054  0.24670239023420160
  0.25668044291286957  0.26617804758510022  0.27563340702554195  0.28568096691458289
  0.29575298547518764  0.30555022236693558  0.31572486296214874  0.32580644609734183
  0.33578306320337159  0.34575380269174222  0.35603103635064909  0.36671704313855003
  0.37760337829323726  0.38852931780774769  0.39962861877189609  0.41040075926244746
  0.42109172123924127  0.43188823855817116  0.44273905754211107  0.45387112924957207
  0.46556667529585499  0.47732104329613673  0.48783697745740068  0.49810963404850517
  0.50864168154153433  0.51885603420532556  0.52934178719836866  0.53973918391437392
  0.55075303920603036  0.56167539192889926  0.57254870108271905  0.58371588148013276
  0.59499154275329591  0.60657378168982556  0.61770004940360446  0.62854497038284840
  0.63928689409274031  0.65056172718759553  0.66255967047996300  0.67466355484934482
  0.68633641125416900  0.69705571956566170  0.70758933761059506  0.71788341330058658
  0.72803457811563532  0.73760815827737436  0.74672574343213127  0.75606776794045694
  0.76593782416838196  0.77584178836175621  0.78545181075912196  0.79547895754526099
  0.80596863541827946  0.81628770745339652  0.82646760394245145  0.83693241186815737
  0.84773038890270280  0.85801842945530327  0.86796080911918039  0.87806932311736863
  0.88850705239204841  0.89959772516305891  0.91098683429411298  0.92131302241199209
  0.93100612654939829  0.94117418076908810  0.95119478705048743  0.96124692931862832
  0.97107333682553409  0.98088331797108363  0.99144229437743325  1.00000000000000000
  0.00917554195204428  0.01619364501598994  0.02570479873665370  0.03740119231993900
  0.04859971548222929  0.05989888487239812  0.07107177057977852  0.08253195544121764
  0.09409496358768350  0.10539707831887059  0.11611383070578322  0.12671968943302128
  0.13759692971072451  0.14852744418445032  0.15943645465086073  0.17030732014231723
  0.18114454656735696  0.19211388053378378  0.20329187698014525  0.21483935770214793
  0.22670533433458664  0.23839358103203900  0.24960664578962158  0.26043063036960989
  0.27137411521199206  0.28254464658058431  0.29301201102077018  0.30230569318312700
  0.31139645618978407  0.32079155747637578  0.33040476990206202  0.33996547933439902
  0.34918343552921988  0.35905190145155191  0.36929359510835136  0.38010983623249217
  0.39064090860423129  0.40054698672501654  0.41009772581875070  0.42011369829253603
  0.43081985493613123  0.44135164328911314  0.45192838752869896  0.46233355176650870
  0.47292952932052906  0.48323553776948441  0.49368574601234733  0.50357771733857404
  0.51318488132749895  0.52324963717911444  0.53401490771905202  0.54462039263669015
  0.55473580020895452  0.56481302892727991  0.57547486906467193  0.58656032133628644
  0.59798088946061001  0.60871624177178929  0.61934253152701002  0.62928139566362185
  0.63952344822002682  0.64992325443525434  0.66018978741926937  0.67032362254040001
  0.68004218270414774  0.68980017844528707  0.69987416227331478  0.70979782458683005
  0.72044436363299291  0.73113395742575216  0.74258541188912053  0.75393654843524482
  0.76515985899467842  0.77656369512139489  0.78734374101697513  0.79775119780241510
  0.80817952976369378  0.81823599213613896  0.82864245360480482  0.83895441749669242
  0.84928143871869699  0.85910784613241076  0.86930614123248529  0.87964604381061307
  0.89018760488105442  0.89981224767519896  0.90884622484759692  0.91794305245669816
  0.92762119348992045  0.93763230203562842  0.94775511663811518  0.95804409514825040
  0.96832521516643688  0.97894131953091812  0.98950982454935710  1.00000000000000000
  0.05698250439027155  0.05965647115782044  0.06250934453701566  0.06591011327880825
  0.06942582841425726  0.07304407239683471  0.07676381901772755  0.08051033330388847
  0.08429497537813958  0.08815474669667706  0.09205998245522323  0.09607128085535026
  0.10011851463334816  0.10419522631568520  0.10848936164293510  0.11277447455395591
  0.11704844079146066  0.12153889422480518  0.12606507256446389  0.13061859982176421
  0.13552997537807412  0.14078455321360572  0.14656423416605024  0.14839508005202839
  0.14940204443418151  0.15066907210605210  0.15192743159831520  0.15375093333091500
  0.15613798233347281  0.15852493064065748  0.16088003342775825  0.16326206888614145
  0.16565279620197790  0.16804611506458389  0.17045217219639958  0.17286868286523563
  0.17530185073355270  0.17775174842568733  0.18020908182092621  0.18270187741732483
  0.18521951603146097  0.18777434446202104  0.19033443825017274  0.19291695536880435
  0.19549772308252372  0.19808043588565921  0.20068344713605310  0.20332011310355375
  0.20601424240417121  0.20877986091562981  0.21160512618001684  0.21444087259439276
  0.21731274576604750  0.22019685136129807  0.22311392773018351  0.22605386457562518
  0.22900158795224054  0.23196691454700710  0.23502909902035457  0.23815669670872530
  0.24130247017866105  0.24450597788269240  0.24776499079912931  0.25111770866973177
  0.25454351625363492  0.25801994370451864  0.26154563030350753  0.26514183212746711
  0.26881524608792501  0.27256591784713707  0.27640745604113032  0.28032880513038227
  0.28432994824445285  0.28848815940267314  0.29274214950130478  0.29713107089065416
  0.30167654944658673  0.30645403340021976  0.31142961901562505  0.31660102250349265
  0.32197551111824552  0.32763128415189352  0.33367350025644371  0.34013194853303458
  0.34706381525035851  0.35460774119695826  0.36285062965459408  0.37203675689664817
  0.38256044594662397  0.39474875072283938  0.40959166071239439  0.42819787853917729
  0.45514229932321626  0.49838957816599028  0.58545164850150389  1.00000000000000000
 -0.00253559667426074  0.01101649638858540  0.02251674055871388  0.03453685566291283
  0.04582565773713837  0.05632994436379055  0.06709299856409395  0.07848766115877781
  0.09026454958318689  0.10214500400001120  0.11371092652790039  0.12491426272926581
  0.13601761572746823  0.14684734191815318  0.15751846617915441  0.16820637806429908
  0.17936028471626397  0.19065631522809537  0.20200021688722941  0.21343006346432875
  0.22452967164254978  0.23540145541021470  0.24611409329966935  0.25686839448572724
  0.26775120309337985  0.27768947695274765  0.28728884147438322  0.29708815512111919
  0.30701179018843872  0.31644505591843597  0.32539958260990598  0.33461115547072590
  0.34463797006949198  0.35486441173987282  0.36482410939518933  0.37483685903969677
  0.38549895102401821  0.39631094450483456  0.40664216334166486  0.41659457833489744
  0.42652781315853883  0.43621424037283546  0.44581446663526975  0.45532018223383380
  0.46513644340412186  0.47490203962085864  0.48473106606533589  0.49429750854936394
  0.50431052392127251  0.51443920623328820  0.52503745402964208  0.53560004209267420
  0.54608871299053685  0.55664253351793358  0.56722584982566848  0.57762354762864432
  0.58777769984624939  0.59785574771959726  0.60784817926489998  0.61802094755018022
  0.62826115785445269  0.63868584547456964  0.64890956131687205  0.65884268041642502
  0.66886185143923449  0.67883750910357221  0.68873051447265943  0.69879168750724663
  0.70899603005145895  0.71943301731866616  0.73040469528456797  0.74161512613344593
  0.75261727664400468  0.76341107240414519  0.77406936253184999  0.78496683167441006
  0.79533526478141781  0.80503262915924945  0.81500139738363842  0.82541114173329755
  0.83588189644806432  0.84594112736302707  0.85645307565257434  0.86811717763039264
  0.87982715316806559  0.89153107444147595  0.90301836182909934  0.91442999722820795
  0.92555137893727657  0.93680327630941906  0.94811914152846199  0.95882043114122706
  0.96889636455744665  0.97891834465677641  0.98940164911987427  1.00000000000000000
 -0.00223570134754473  0.00884487239669244  0.01787429240578182  0.02767123874424614
  0.03766310956230318  0.04760277921333452  0.05768015254233287  0.06777295203270767
  0.07814391778754297  0.08839256927585913  0.09874314199675395  0.10937993065869728
  0.12064264577428588  0.13130697348085169  0.14164636253543728  0.15239928395696437
  0.16328491072405302  0.17422282085587115  0.18512368406829618  0.19577704722274786
  0.20615530997763531  0.21636643250257778  0.22665182307988016  0.23692502025505333
  0.24718616788317718  0.25750513104910194  0.26784433818376768  0.27790553704653520
  0.28786468541725724  0.29802219598506302  0.30860440651464455  0.31965887357649064
  0.33096192942537617  0.34201868483380432  0.35269637071506632  0.36275686911758237
  0.37240393669865007  0.38200810070743080  0.39142796718222894  0.40070984479947536
  0.41012403508967832  0.42006585842018190  0.43021503077899348  0.43995774266450033
  0.44952205001720136  0.45911799430909073  0.46904629207631826  0.47904753829865421
  0.49006098136775417  0.50213302819951589  0.51387195222569759  0.52485822417524752
  0.53563870555403625  0.54645968437048242  0.55782683222890062  0.56925257182619682
  0.58043094700082842  0.59143561735779671  0.60231485254092776  0.61337802415312348
  0.62478573651092451  0.63632917555621504  0.64769549257227943  0.65884117660494756
  0.67000343390279427  0.68138988314066096  0.69260561368429163  0.70372154805340481
  0.71477414836497255  0.72527166459847037  0.73541441992139922  0.74550882910218252
  0.75620074479911159  0.76647470209076529  0.77607676452809815  0.78559362650110565
  0.79543369464270008  0.80552504202213415  0.81612732599541316  0.82773922480381923
  0.83947114289917457  0.85112666728580821  0.86275735818106691  0.87470004109879507
  0.88603042920302888  0.89731763161369260  0.90798811312558647  0.91847262684711362
  0.92900046052668506  0.93993392042380319  0.95075784163382737  0.96157400688909134
  0.97141236496754169  0.98101756140642182  0.99023231193471661  1.00000000000000000
 -0.00260113168070136  0.01041266554021731  0.02122334329147336  0.03186356215914579
  0.04229125171111279  0.05229677904806525  0.06267456180370103  0.07284519379303887
  0.08283704928875588  0.09337931852406320  0.10456571263241059  0.11608011945016516
  0.12765305272892175  0.13936120060297594  0.15077858559489238  0.16153342954708391
  0.17237660337225355  0.18366466114052155  0.19476218044245225  0.20513539046859841
  0.21563656503728737  0.22595918669350312  0.23642775778884348  0.24731897296658781
  0.25893653841320252  0.27092887438645585  0.28184499861298928  0.29259009112293238
  0.30304918059863351  0.31355018432962339  0.32334747334663128  0.33325686002273153
  0.34239074743413439  0.35137811797372731  0.36000528909630342  0.36862929580024928
  0.37762986837908613  0.38723140343070311  0.39702728468018139  0.40679868829205057
  0.41634699691205501  0.42572628377457900  0.43490171591220894  0.44398162175678424
  0.45335772646817274  0.46316819795490888  0.47325515935583251  0.48292614500886416
  0.49251132777075973  0.50219175156705953  0.51168923533825517  0.52119762576970063
  0.53049961007707114  0.53968078955008181  0.54909636936625272  0.55894862123049160
  0.56904242410889261  0.57901408647761032  0.58909137904345077  0.59936825875251265
  0.61034484992472904  0.62101805761953166  0.63177519106511648  0.64230526901676432
  0.65255300323646392  0.66274193125319214  0.67311073154370427  0.68365390186143793
  0.69466609567058246  0.70546213143208292  0.71624139082200999  0.72646112577413657
  0.73683388829700092  0.74670921415981195  0.75702514765947981  0.76760039436678273
  0.77899687338366641  0.79068129044036717  0.80222339060772918  0.81370502537040434
  0.82547478175483247  0.83773347452786384  0.84980771084465256  0.86081712895132201
  0.87105405796471835  0.88165614035859674  0.89288861175667300  0.90446440897683567
  0.91610385638673797  0.92858216381338599  0.94069192987714212  0.95250590935102009
  0.96422440413726307  0.97615203198563849  0.98777192977088912  1.00000000000000000
 -0.00286342948182629  0.01025080815314726  0.02093759845621136  0.03150551746103906
  0.04194457727314395  0.05272692377373555  0.06362654157662251  0.07403040718286429
  0.08414307879616284  0.09407695458495016  0.10367886334284251  0.11345341347028363
  0.12319578566447062  0.13468982922015466  0.14642843127069707  0.15812049247658566
  0.16979481257099274  0.18044591633952878  0.19063941166571355  0.20085020401303430
  0.21083921868676886  0.21999902325448129  0.22910721497277964  0.23878570947332614
  0.24875693224891274  0.25876046472939029  0.26849234056022986  0.27875345604527468
  0.28899083385527663  0.29856840062285273  0.30753560527206142  0.31677018497097414
  0.32640262986353347  0.33650877298020149  0.34719018692390885  0.35771380876987519
  0.36815770935116038  0.37875020985675323  0.38957114084635819  0.40029994263686719
  0.41075950891331231  0.42178287594561814  0.43368049465033587  0.44518786241017066
  0.45612481932275584  0.46713012152990474  0.47808452733704548  0.48843260058508803
  0.49802606873555127  0.50705408767269267  0.51619103836449487  0.52565672367577854
  0.53478510992133677  0.54399731127720097  0.55334899715641062  0.56283967081920694
  0.57387469447322825  0.58488472868602215  0.59601708158607647  0.60702475154020319
  0.61784135782960126  0.62857356089281502  0.63947060705538217  0.65043664635798693
  0.66132548832443472  0.67239978378888576  0.68368328234098130  0.69462034795872840
  0.70543135148900582  0.71616474630740434  0.72669687774938219  0.73674447200966897
  0.74649069525865797  0.75647526176498225  0.76680905112661546  0.77723899972730581
  0.78799336762721606  0.79901882759322373  0.81023172638438201  0.82141496385253765
  0.83269829566692088  0.84430202839195778  0.85591090339926912  0.86715633937179615
  0.87788084646310671  0.88817652265830083  0.89832209499831961  0.90867354102833342
  0.91969368737535473  0.93120805961781783  0.94264802463315189  0.95356082435922918
  0.96453728965024865  0.97601831759961766  0.98786826871252043  1.00000000000000000
 -0.00314656156971350  0.01157426468508961  0.02258969491658309  0.03352867102900807
  0.04427432813141906  0.05556010623103790  0.06726696333002877  0.07908830388937854
  0.09019297280575203  0.10108242073413982  0.11177377888659833  0.12241330911247475
  0.13258416155223549  0.14250436222270269  0.15284054235072236  0.16386230248371636
  0.17549463151635461  0.18696473305028713  0.19696629105780983  0.20679935587174039
  0.21699954223738860  0.22736367649159825  0.23758539885643185  0.24811397674255908
  0.25905953365721335  0.27003214966719707  0.28083031768160582  0.29163695067805484
  0.30249012601146880  0.31325461732822452  0.32381109319284379  0.33425820940377282
  0.34476425788587928  0.35533705981909008  0.36588354452373312  0.37608072939940157
  0.38568440754562872  0.39490964837754894  0.40429035442305522  0.41383647656113098
  0.42376840374155167  0.43408525826866884  0.44500302180039392  0.45622610526753488
  0.46701704584210868  0.47766324067864607  0.48860811949385458  0.49972956342081554
  0.51081397903826187  0.52196758248339781  0.53324589735972339  0.54427164819880547
  0.55513861590893443  0.56617223165825570  0.57771549728323324  0.58973634186394241
  0.60165036376335412  0.61201298740130228  0.62173983011410050  0.63180033784398226
  0.64199305516061012  0.65207891224308756  0.66214402179087162  0.67235409747537389
  0.68246190343466551  0.69190519399386774  0.70122137238907523  0.71092099384303620
  0.72094885570077982  0.73113667474530164  0.74132872607164912  0.75176294602754734
  0.76248627130148039  0.77324548513511149  0.78419066861345654  0.79495010613573669
  0.80581515548128435  0.81656069540295406  0.82683241476944425  0.83661036920393206
  0.84615778064948344  0.85592578615741455  0.86588156870433242  0.87591831734664483
  0.88667069677936616  0.89749279237245072  0.90843295186370687  0.91910312355386603
  0.93025097936267798  0.94053861632683888  0.95071860107411854  0.96106923178892356
  0.97139119989936973  0.98111024104692657  0.99047251806683079  1.00000000000000000
   2.2011139229102675E-008  -1.0000000000000000     
 F F F F F F F F F F F F F F F F F F F F F F F F F F F F F F F F F F F F F F F F F F F F F F F F F F F F F F F F F F F F F F F F F F F F F F F F F F F F F F F F F F F F F F F F F F F F F F F F F F F F F F F F F F F F F F F F F F F F F F F F F F F F F F F F
  <DiscreteSampler_grid>
  grouped_processes
  1 # 1 for a reference and 2 for a running grid.
  10 # Attribute 'min_bin_probing_points' of the grid.
  1 # Attribute 'grid_mode' of the grid. 1=='default',2=='initialization'
  0.0000000000000000 # Attribute 'small_contrib_threshold' of the grid.
  0.5000000000000000 # Attribute 'damping_power' of the grid.
 # binID   n_entries weight   weight_sqr   abs_weight
    10   10   6.747217102910565E+004   1.657677465059301E+010   6.747217102910565E+004
    16   10   6.747217102910568E+004   1.657677465059302E+010   6.747217102910568E+004
  </DiscreteSampler_grid>
