  0.00002082429190642  0.00005728772214899  0.00007428648664719  0.00008875780012964
  0.00010335888916392  0.00011984135673232  0.00013983628858593  0.00016474897686150
  0.00019539933386619  0.00023264986298699  0.00027823599169136  0.00033575884446691
  0.00041107045794775  0.00050476427482795  0.00061059415935026  0.00073716657459646
  0.00088673593820659  0.00106427921287874  0.00127030135967255  0.00150238551013829
  0.00177437504567090  0.00210880275923633  0.00253229306436040  0.00310235770653938
  0.00386492025351102  0.00485846637445642  0.00612327020040415  0.00782313982979604
  0.01026853554399401  0.01409915607791382  0.01984031002873196  0.02824892339422361
  0.03926305252279384  0.05350971150747978  0.07038291626364400  0.08818102709417042
  0.10665349343037400  0.12526427585168456  0.14415535750213676  0.16325007212100595
  0.18239472986648217  0.20154639916068517  0.22070087658760149  0.24003627566825453
  0.25963281196745219  0.27903042296093766  0.29799227894049518  0.31676304460032034
  0.33569973164619998  0.35488644902353333  0.37402088382349447  0.39305509643590608
  0.41216021419831311  0.43140638113203411  0.45066763859564463  0.46984508316530993
  0.48890699201802507  0.50790014308183151  0.52692821533698597  0.54601663824579538
  0.56521604181107166  0.58441276614008142  0.60355929714292011  0.62255118859422898
  0.64135764135730000  0.66021156387360258  0.67880061448164775  0.69732581991867582
  0.71575479795262809  0.73421069953590334  0.75272259915139683  0.77099889505615782
  0.78911088964686638  0.80723535738514862  0.82532343385401508  0.84323773866256546
  0.86092724107364660  0.87843513405103069  0.89563110734995410  0.91224670428727894
  0.92818537207573804  0.94311818457205088  0.95632635089258844  0.96723201676732196
  0.97590435005705933  0.98267363204350933  0.98773748762341218  0.99141737960189735
  0.99406122423502008  0.99593654008439669  0.99727407303875426  0.99823069827854760
  0.99888583265064035  0.99933548928094329  0.99969004832824260  1.00000000000000000
  0.00027375669511359  0.00034475467897444  0.00038653061420350  0.00043343639626074
  0.00052625635719313  0.00079796534999995  0.00126305621633347  0.00170056673065779
  0.00212169504702456  0.00259997721839612  0.00316292571589661  0.00384951491227932
  0.00462322158065606  0.00546884645047566  0.00640941167856461  0.00752399349230851
  0.00893622877035198  0.01056952183682881  0.01237445521601078  0.01444679350920597
  0.01691474997173847  0.01956373988815758  0.02259882038765987  0.02628939614311403
  0.03104978013767642  0.03583701061142335  0.04088429190151473  0.04619221921822758
  0.05164065892388923  0.05618538558974792  0.05927643855411529  0.06126394715306234
  0.06263715692414284  0.06360527083668767  0.06432158849705369  0.06486838607364068
  0.06530729096404313  0.06566898692723522  0.06596791764580595  0.06622844910311557
  0.06645996924332119  0.06666557921154036  0.06685269822826763  0.06702620492983638
  0.06718833192948744  0.06734094071538756  0.06748612481450124  0.06762693848822353
  0.06776523333472324  0.06790221002075819  0.06803907566868463  0.06817739972151063
  0.06831856815704242  0.06846396438332815  0.06861475865635312  0.06877305659736704
  0.06894557384186738  0.06913605480600553  0.06934295182929839  0.06957133166060032
  0.06983000999605804  0.07012599538088184  0.07046893182700718  0.07088148615992831
  0.07139741072350077  0.07204988870240821  0.07289488679019372  0.07402120847135690
  0.07555805416757237  0.07778469225087367  0.08114031759918110  0.08642999165419962
  0.09471528562109409  0.10686552102102323  0.12393977280804934  0.14540416361266822
  0.17319581962413777  0.21112828199621639  0.26521612001141626  0.33584197631526685
  0.42339333495742015  0.51124535905009150  0.57158580169108197  0.60933202498039440
  0.63806315011589598  0.66072708548766546  0.68068809421811383  0.70255550310910153
  0.72431637422778283  0.74434121382153995  0.76570574434210814  0.79033390710407114
  0.81889862990889439  0.85137210607827307  0.89216092943920133  1.00000000000000000
  0.00058627777714221  0.00098610445262198  0.00119951699336533  0.00140799991898646
  0.00164626422786706  0.00191902624253183  0.00222260532565432  0.00255079047495789
  0.00289805582488196  0.00327210812231660  0.00369145676832768  0.00415727973554310
  0.00465686781305408  0.00517843829000145  0.00571142541204506  0.00623646541214264
  0.00674174398600808  0.00724176117570885  0.00775617615358272  0.00828470347005989
  0.00883070225044642  0.00939919518178211  0.01001621497402625  0.01064893210578518
  0.01129336331930191  0.01195882148108151  0.01265457013198175  0.01338334470215189
  0.01415826273763802  0.01496756148939762  0.01580688219556613  0.01667731037643490
  0.01759143345570220  0.01854948749476288  0.01955658368020276  0.02060951401963388
  0.02172850986279181  0.02288254725960753  0.02408230930096355  0.02532317956961866
  0.02661722219278111  0.02792713567756385  0.02930648681988852  0.03075262279983972
  0.03228249818093520  0.03387784032599469  0.03553036232669627  0.03729289982287726
  0.03913067112163700  0.04105874160450293  0.04307862930461376  0.04521620928727862
  0.04737090760312441  0.04951985782196498  0.05172012251075364  0.05419546253059558
  0.05683441129061285  0.05955434215401900  0.06230982867757578  0.06512336712341577
  0.06812446977456460  0.07136162521677467  0.07481053225649922  0.07837616336911063
  0.08216912966529327  0.08620424326841235  0.09066222575733829  0.09537924556888812
  0.10031500763384590  0.10547444205932675  0.11098425495170337  0.11695616022353175
  0.12321950870606145  0.12979858809807093  0.13671946225389672  0.14424532098284540
  0.15238434352389987  0.16096921077666257  0.16992203257313940  0.17962189440896134
  0.19010778002329878  0.20123176738511281  0.21315382326667248  0.22605781108749048
  0.24039561293869244  0.25587859495147525  0.27195951446153904  0.28893981361174409
  0.30745247076304788  0.32797568407545880  0.35164423596019673  0.37832586611212377
  0.40870894226068821  0.44592013934361752  0.52598159714885229  1.00000000000000000
 -0.00211115195477275  0.00846879265664426  0.01812005903341096  0.02817989055736063
  0.03872198400520202  0.04927722453971784  0.05851667651396606  0.06773201044437750
  0.07678441857568165  0.08665632279180174  0.09647363466550710  0.10600094906090163
  0.11561595850937831  0.12519665899549953  0.13471708262118420  0.14407946360332391
  0.15354039622799515  0.16298107681699081  0.17288042435863726  0.18272504328224248
  0.19279774610893025  0.20282497978844874  0.21265588464069562  0.22221440907789114
  0.23194703853073315  0.24141009577377753  0.25097242762938377  0.25994062202050661
  0.26922148093156800  0.27873827958629760  0.28818675210696365  0.29866265902518663
  0.30884053724666721  0.31915719291509004  0.32886223128820036  0.33880352622513266
  0.34890547816817691  0.35942352129700733  0.36999739865727704  0.38049414734468812
  0.39109891380613182  0.40138775234230750  0.41166974756391744  0.42186511834400858
  0.43223415871672222  0.44281392576891088  0.45369559930084269  0.46499544401435056
  0.47618131338493719  0.48721446327745127  0.49813503416417726  0.50931338046468067
  0.52074412944738036  0.53207694906128289  0.54333697695302441  0.55466509662477603
  0.56629270540344434  0.57792051330288241  0.58952809244750182  0.60088623481730918
  0.61191278992865872  0.62288282277786688  0.63395602527034944  0.64530684688680029
  0.65647990302552062  0.66745599991087823  0.67834831722434885  0.68969984604070222
  0.70139252548378550  0.71293467907300612  0.72433472906317531  0.73537320367859960
  0.74651896683914676  0.75793884090350505  0.76934567970613899  0.78059762240722819
  0.79173619434705111  0.80307073717791388  0.81448622956530392  0.82544812538111412
  0.83644472816322479  0.84712783759620158  0.85760774451448019  0.86818875946375695
  0.87876214239686989  0.88899317162348512  0.89919772787541552  0.90961721745004287
  0.92072053861752556  0.93183929618498296  0.94261625811506844  0.95403178333613492
  0.96532161522207083  0.97636343984177365  0.98825927340181907  1.00000000000000000
 -0.00223793535676115  0.00864442536554590  0.01910033499523548  0.02938019083944994
  0.04010966136629386  0.05066924988407835  0.06150813274340122  0.07251427531586478
  0.08366534948322407  0.09484526429757621  0.10596743093230161  0.11685022754450766
  0.12751630806708533  0.13821213119402442  0.14887244133535105  0.15960432831043808
  0.17044435159703519  0.18089430564016884  0.19108926879580568  0.20116531158149983
  0.21153918366299837  0.22237837173486100  0.23335902943160611  0.24450907508295325
  0.25523529793659555  0.26575425396700980  0.27606849389589899  0.28659823150223740
  0.29755049916662024  0.30865935810434203  0.31974897175105232  0.33058007719491195
  0.34106084180613916  0.35156629805878342  0.36232219451049441  0.37347873705718082
  0.38437916025877050  0.39497369438609137  0.40543158277419356  0.41591400989210270
  0.42644258986364614  0.43744053096927032  0.44774188200183468  0.45789817378988940
  0.46838736608977866  0.47891644704228165  0.48963466303087655  0.50049782228078288
  0.51159619801765399  0.52188213373280334  0.53167051023857081  0.54152970756200447
  0.55207372170893798  0.56212856363410535  0.57206257792072956  0.58225483469842543
  0.59311891737807443  0.60315537827408927  0.61324257446547537  0.62345402496461599
  0.63374983650695249  0.64428757737134068  0.65437880176294094  0.66501224079874466
  0.67581814450309941  0.68676542492224768  0.69712550104292770  0.70686773946547710
  0.71661429731127602  0.72704037726379822  0.73788192232438587  0.74816839437444949
  0.75848902768007187  0.76902409029860119  0.77950607536572603  0.79000777059058491
  0.80058287705850473  0.81109057130254691  0.82167140731797828  0.83226521323713931
  0.84308652495361858  0.85370794929645322  0.86401414873724036  0.87435767716502999
  0.88476596009785669  0.89520761681048744  0.90527127131174667  0.91563970005779571
  0.92588879246158662  0.93688514533482170  0.94762412776355387  0.95849358929433381
  0.96926513253258673  0.97973207856188282  0.99003746775239310  1.00000000000000000
 -0.00156687389569329  0.00694913383995513  0.01603658513337742  0.02518812334092532
  0.03510208573978232  0.04495347478686010  0.05485247795196019  0.06495487236577335
  0.07498253486465253  0.08441824011594844  0.09392857530321484  0.10322079013851332
  0.11296710407146585  0.12260731384399472  0.13162943837402388  0.14066383855693687
  0.15006220522456998  0.15983461163009793  0.16971789296205356  0.17958817424365819
  0.18937598640189551  0.19911492071061787  0.20887442149010788  0.21836548078400184
  0.22802838173650566  0.23764473260630975  0.24768734818394791  0.25773100099217877
  0.26778880501645275  0.27806830289094225  0.28847568692188996  0.29892510063697275
  0.30915477127827362  0.31924538591915724  0.32898246813091947  0.33860830131019609
  0.34811989226124240  0.35802042482801638  0.36836050086398259  0.37924413071015306
  0.39021443268994238  0.40119875209928529  0.41218456437964973  0.42325088347793599
  0.43439334019181980  0.44565560470938981  0.45700651431834893  0.46836130031374895
  0.47961459494187414  0.49091123074997156  0.50227729068921556  0.51372353641516244
  0.52484102158078216  0.53551050952547186  0.54603296170846694  0.55688066328928121
  0.56820661166439168  0.57943040639418320  0.59028974988444671  0.60113525364297027
  0.61203353441089658  0.62389112478649289  0.63545692407926568  0.64665530708407959
  0.65777649883588885  0.66937364159447554  0.68103332362547653  0.69266867755263828
  0.70419122345743823  0.71572370028401366  0.72727496587878671  0.73874614533030358
  0.75039112525360718  0.76180532893807695  0.77292421107157960  0.78380646630238249
  0.79470290085454043  0.80600195967022503  0.81727112330656126  0.82829862888751882
  0.83948881515866014  0.85053560983575371  0.86139766266583151  0.87231710710377419
  0.88353273247050168  0.89484534527457937  0.90530181489888817  0.91490707349874212
  0.92438229556348939  0.93470087172118610  0.94541427751375628  0.95624381717101326
  0.96765171595725918  0.97866271699691720  0.98916843902756080  1.00000000000000000
 -0.00225899801132014  0.00902421595499919  0.01975543759087844  0.03055809677653737
  0.04186901402928270  0.05135448704309330  0.06145922757418001  0.07124642916938784
  0.08144924249781596  0.09176798459117855  0.10205635088539372  0.11280620605803610
  0.12385093492414875  0.13497467661660909  0.14579431122124809  0.15647364881290735
  0.16712124972641879  0.17771371568550354  0.18762545289441662  0.19692378976474678
  0.20661454851708710  0.21648546797333806  0.22694342905302958  0.23787632416215373
  0.24885703450519378  0.25975749882490951  0.27024953561421022  0.28060341090665142
  0.29082339165647525  0.30141752866750360  0.31204290025024461  0.32285751153677589
  0.33349812450056465  0.34419246499627731  0.35511845168655354  0.36613361858458354
  0.37722662508969013  0.38817985528276450  0.39910229444114897  0.40927644016933268
  0.41957547236041615  0.42968205339497251  0.44044061262353867  0.45118121341111772
  0.46215200807080703  0.47274993676766225  0.48314728397440587  0.49317996885084342
  0.50320158375578505  0.51351300232723818  0.52406853105542461  0.53477861817930283
  0.54540523716862532  0.55608380852980244  0.56689227820240196  0.57778250612221582
  0.58866022263880169  0.59957162880048209  0.61022917195726378  0.62092699498376613
  0.63171086957422140  0.64278538390772388  0.65384140643338073  0.66472303032995173
  0.67503951776336468  0.68533562816904792  0.69566831946676466  0.70588611674099688
  0.71622458367910125  0.72661680394717520  0.73720309770664194  0.74798666768132127
  0.75810759501811686  0.76818168346328997  0.77826848997873987  0.78832477831743775
  0.79847749404379065  0.80840556299825439  0.81878248983018886  0.82963420311491687
  0.84002372109210244  0.85008794987632286  0.86063184718693553  0.87092266455159040
  0.88163222891555126  0.89231560628446616  0.90337668089824630  0.91376001038487542
  0.92421933210032836  0.93452096661233597  0.94526442343891559  0.95603293880669837
  0.96713104535238459  0.97796262980651694  0.98917803055822939  1.00000000000000000
 -0.00252646816964409  0.01010562370804290  0.01942815046661877  0.02989388454586635
  0.03998110132087244  0.05097026585248536  0.06180117097578951  0.07235755437019060
  0.08306702121019288  0.09388076150308461  0.10430126677023918  0.11472962553200489
  0.12514667503454607  0.13587163127975513  0.14658687801886572  0.15682310958139681
  0.16670430775175440  0.17674432937352152  0.18682851634558317  0.19753666598432829
  0.20822834429117204  0.21893842996271021  0.22957262017899743  0.24011019958036692
  0.25068276677565499  0.26129781849630135  0.27185634362312744  0.28224943604854691
  0.29283896475783039  0.30349645538062076  0.31427850917081074  0.32477669948186677
  0.33516901593653053  0.34568943382920930  0.35614889239107306  0.36667726131547151
  0.37721551970680656  0.38775916620247908  0.39828229634048062  0.40866275528436352
  0.41923676599518128  0.43002520459179960  0.44077895237714249  0.45153131772071353
  0.46225791456132193  0.47305349710478684  0.48375631050023382  0.49452556571217843
  0.50543618069626794  0.51655587808874448  0.52741147477803874  0.53769573269375881
  0.54769343998153885  0.55788210503781688  0.56822296431817121  0.57898696559743690
  0.58980499520772622  0.60066788544015370  0.61134470462057677  0.62177103807198264
  0.63223140224526386  0.64277750579461956  0.65346554816383229  0.66417168039403818
  0.67499745986065074  0.68597514517750990  0.69675390538687032  0.70729038994817539
  0.71756297963556981  0.72799610918499824  0.73845942334288472  0.74897271201089333
  0.75967912929892234  0.77049128678739298  0.78115513437851647  0.79173726241668996
  0.80251731094087086  0.81312265305572495  0.82317491553261279  0.83317483620283839
  0.84389811264282788  0.85484522075103431  0.86523677208470762  0.87507892371137441
  0.88460705541068052  0.89419605866292851  0.90475711461871189  0.91530714887967279
  0.92600376875110291  0.93696128020808478  0.94784049668127368  0.95876894003309832
  0.96995031701426404  0.98058861268143815  0.99045756606097646  1.00000000000000000
   1.2124491140752123E-011  -1.0000000000000000     
 F F F F F F F F F F F F F F F F F F F F F F F F F F F F F F F F F F F F F F F F F F F F F F F F F F F F F F F F F F F F F F F F F F F F F F F F F F F F F F F F F F F F F F F F F F F F F F F F F F F F F F F F F F F F F F F F F F F F F F F F F F F F F F F F
  <DiscreteSampler_grid>
  grouped_processes
  1 # 1 for a reference and 2 for a running grid.
  10 # Attribute 'min_bin_probing_points' of the grid.
  1 # Attribute 'grid_mode' of the grid. 1=='default',2=='initialization'
  0.0000000000000000 # Attribute 'small_contrib_threshold' of the grid.
  0.5000000000000000 # Attribute 'damping_power' of the grid.
 # binID   n_entries weight   weight_sqr   abs_weight
    10   10   1.832953972053999E+000   1.248666262411956E+001   1.832953972053999E+000
    16   10   1.832953972053999E+000   1.248666262411956E+001   1.832953972053999E+000
    22   10   1.832953972053998E+000   1.248666262411956E+001   1.832953972053998E+000
    28   10   1.832953972053998E+000   1.248666262411955E+001   1.832953972053998E+000
  </DiscreteSampler_grid>
