  0.00895365484824805  0.01703015982244771  0.02702714431249550  0.03805572708305859
  0.04903060819213772  0.05995462663274092  0.07065951539268872  0.08106347589784574
  0.09209796089323921  0.10325240912064590  0.11527462178788792  0.12682583408712475
  0.13863919238684630  0.14975270304106558  0.16103413652799775  0.17132564487516638
  0.18129815683463185  0.19113346518916971  0.20086448044018332  0.21098665007026590
  0.22004180055684786  0.22895000766478477  0.23801309004090865  0.24753865450708604
  0.25778048049140251  0.26831652403745976  0.27869118231326173  0.28926050351851645
  0.30052356503058508  0.31222077471363274  0.32275028227983121  0.33246297381732048
  0.34183575819378714  0.35087219761068728  0.36010542221046127  0.36963064880109953
  0.37985002257488887  0.39027123921976647  0.40018683993263393  0.40975787381639578
  0.41957537809899614  0.43021976969368503  0.44056804701708208  0.44991986551580321
  0.45946353237867699  0.46986505826589242  0.48066303444655445  0.49159309722727185
  0.50231458059086176  0.51290463952495824  0.52336106147892958  0.53395172197170881
  0.54457637565039874  0.55497929076170915  0.56566230273067397  0.57659783933955810
  0.58781839310078154  0.59881063878921359  0.61005356620945062  0.62102707238480070
  0.63213318438252164  0.64347563618794112  0.65505991288246967  0.66638052698660655
  0.67713196567755218  0.68754903834251857  0.69806245188029947  0.70854037954824034
  0.71794908270591040  0.72691462160251441  0.73587161037643967  0.74482989100993635
  0.75325456768484611  0.76171448957132737  0.77052040459842708  0.78093451356622778
  0.79232520234521231  0.80375842092234817  0.81458219243227159  0.82442807695154019
  0.83481908286789797  0.84584586909733583  0.85676380678125719  0.86697711697602187
  0.87715025419778203  0.88829461216783356  0.89955969875016140  0.91096547498336811
  0.92279128690357015  0.93489870264318697  0.94666466822191497  0.95790837524120265
  0.96912639995006278  0.97995409302067005  0.99157553484672334  1.00000000000000000
  0.00879727817799386  0.01684415081670527  0.02664671438877027  0.03636493644018303
  0.04604280120437719  0.05580776811486458  0.06603431453020694  0.07604219008892971
  0.08694556184157458  0.09811679470293382  0.10926051870150698  0.12002987279505482
  0.13078212213228063  0.14122502930466516  0.15147448839216601  0.16146181789122480
  0.17142754864744084  0.18126213697737389  0.19131875869609094  0.20182635770299392
  0.21276700446863597  0.22394788544995559  0.23498031276929399  0.24550188804288262
  0.25569831564931916  0.26590408398416721  0.27627566071453963  0.28665769287096715
  0.29641095923822586  0.30574912698819701  0.31525907527668900  0.32518619401314897
  0.33564063161273228  0.34628991711429136  0.35707952638504253  0.36803741860036793
  0.37909415323786122  0.39023049283525446  0.40134824454885032  0.41241007858782658
  0.42357321491573058  0.43477388611326623  0.44588858681168914  0.45704635547807809
  0.46818805381265916  0.47925972964454300  0.48996768314114042  0.50039169841157238
  0.51075938362737294  0.52076897958795443  0.53057381965680461  0.54042766401457198
  0.55049682339702322  0.56055197087950848  0.57010747500245174  0.57964861448886063
  0.58900672541923982  0.59832881151874084  0.60757321926411612  0.61680480455538500
  0.62600204618019917  0.63522745410650350  0.64484803202358221  0.65491392740537657
  0.66508603149310574  0.67542456009332930  0.68592365864362748  0.69653977641659914
  0.70731207231750559  0.71832000322719480  0.72938211248709195  0.74007745190437557
  0.75065559731109521  0.76140342118895155  0.77141939382131886  0.78139386628967100
  0.79148915952095367  0.80199179464035697  0.81279399877381342  0.82338050841756250
  0.83405749201664803  0.84470347058561612  0.85537701877604300  0.86618398004068675
  0.87704362093076960  0.88816460866384650  0.89959952914922714  0.90954919834264014
  0.91988685861784236  0.92972313808791252  0.93977619596109252  0.94932820657362926
  0.95959100193125380  0.97061779152846128  0.98131685778146838  1.00000000000000000
  0.05659627253050382  0.05815384794345197  0.06036220000914534  0.06294216134549853
  0.06555243588003279  0.06911870118614923  0.07301339474484501  0.07677307175002104
  0.08061528005877512  0.08456579647744199  0.08866941167477659  0.09281705344977297
  0.09698504193691510  0.10130518936891766  0.10573390564872784  0.11024294396737837
  0.11480553222579942  0.11944772382414949  0.12430345467368273  0.12922501518582089
  0.13419773756969205  0.13928191284312658  0.14424254589189320  0.14858836860705740
  0.14918678861103288  0.15045936098103660  0.15164491954222478  0.15333968439234033
  0.15564302060944421  0.15801683363746499  0.16038986179703851  0.16275551997218013
  0.16510770204480382  0.16746323204599456  0.16982687057460680  0.17220177751088966
  0.17459330903222195  0.17701032776903608  0.17943854250169758  0.18190066046552320
  0.18439052587671997  0.18691084592745441  0.18945196959242216  0.19201325494554317
  0.19461210052069519  0.19723496577367894  0.19988478089843273  0.20256008428055911
  0.20527972048947812  0.20805997652071653  0.21088135626593607  0.21370443292864919
  0.21655157953130175  0.21945512270135234  0.22240531141011141  0.22540319549239099
  0.22842099037794178  0.23146474681019288  0.23458332039799115  0.23775357293590513
  0.24095015695418343  0.24417184988789578  0.24741909441227170  0.25071842694530805
  0.25411434027141006  0.25761439178881262  0.26116761678245365  0.26477254303517855
  0.26843050428207826  0.27214615356838767  0.27596145366729119  0.27986534314786293
  0.28387140187217452  0.28804220969950234  0.29231714519435426  0.29672436343608044
  0.30130869920068298  0.30602603620000185  0.31089823295220914  0.31601469083412032
  0.32143387796882827  0.32714591512405528  0.33317553089160901  0.33964604018026162
  0.34667024384256045  0.35426562526344541  0.36254966652914294  0.37191740719580257
  0.38256791842273319  0.39480551664290769  0.40983994626896086  0.42864406254269521
  0.45547923013795144  0.49884307374862835  0.58532731758358425  1.00000000000000000
 -0.00262005495405853  0.01019437889656883  0.02157633398977700  0.03282072518043595
  0.04483068432212486  0.05626553464218337  0.06791316299753825  0.07949738247129312
  0.09124678380573986  0.10311042669303429  0.11407380219241861  0.12456727413457445
  0.13528489654202039  0.14619811611968164  0.15726900429531879  0.16779190576535813
  0.17807111477480275  0.18838228526997688  0.19885518007266914  0.20945648650323848
  0.22001067174246311  0.23088768565748902  0.24233158250572553  0.25379407048364500
  0.26506312178741159  0.27581390069176853  0.28626342323358039  0.29684513410338675
  0.30729371394807364  0.31782512035863142  0.32855697836872527  0.33862818239317677
  0.34811556555679529  0.35744367832878121  0.36696281876681514  0.37660905918924820
  0.38574729683253872  0.39491214639349881  0.40418027413926694  0.41370776631953393
  0.42317292351509833  0.43280361544173951  0.44275514020461870  0.45294932037893293
  0.46253428458142420  0.47158191645320968  0.48062831436968262  0.48968661960138743
  0.49895079083662641  0.50862259513660313  0.51821048534006076  0.52795385806909056
  0.53807440933564188  0.54794016676247070  0.55806839275173947  0.56836735554380635
  0.57878263670765184  0.58866999224479133  0.59815644754669184  0.60787449956529604
  0.61815355034319885  0.62882601173875252  0.63960842112234573  0.65018792432624406
  0.66004919230074410  0.66960685252112395  0.67914058639670050  0.68901653725748568
  0.69900932574317765  0.70886688151860833  0.71858807406730318  0.72804412720706890
  0.73742138060904117  0.74712815571113123  0.75747321948846613  0.76788352514511848
  0.77814605121767699  0.78850484191271297  0.79993094581347390  0.81182723052394656
  0.82367166138861547  0.83540786549452639  0.84710271123416414  0.85861247070161517
  0.87027726392080085  0.88248953554609133  0.89525536722923926  0.90778329554119785
  0.92010655889183990  0.93239687254762926  0.94459858226286697  0.95685044993310386
  0.96836912960566623  0.97946608834095983  0.98963553040912078  1.00000000000000000
 -0.00267667710585805  0.00992501842482021  0.02044893184305792  0.03134468177497629
  0.04253283860608181  0.05354712427223628  0.06423572967831449  0.07506961292884096
  0.08581773372726893  0.09640080499154556  0.10694726665787851  0.11751781159788112
  0.12809329017681897  0.13835358838849002  0.14830883225105249  0.15802027147797570
  0.16762331526528448  0.17701848197719056  0.18627482257876002  0.19612570167337037
  0.20646264590031216  0.21695685515733648  0.22715961750151770  0.23818964120181071
  0.24986451962677900  0.26164794594212393  0.27299319115047960  0.28388440983260854
  0.29463902396579666  0.30487966854622406  0.31507703324827646  0.32525011153075201
  0.33534973072880570  0.34548358520985878  0.35581814139162171  0.36617477957107492
  0.37651513856415886  0.38652957343811500  0.39623901205556283  0.40579991560529211
  0.41555171973293142  0.42567107168769269  0.43601250332320857  0.44628211651926131
  0.45635382762528426  0.46644798036338986  0.47667522670037843  0.48748452804026943
  0.49888094861849808  0.51018124008799548  0.52116283071464331  0.53167651985785203
  0.54178908334698472  0.55194327855535830  0.56256238199417941  0.57422396549416799
  0.58660794162741470  0.59902925880472957  0.61059708912216304  0.62124056321426768
  0.63198143823261410  0.64262413001390106  0.65316979945546771  0.66364484717272232
  0.67516196916708771  0.68742116570908296  0.69953462922213216  0.71082353800937537
  0.72127261684109378  0.73173285333624682  0.74223385772348960  0.75269691387820192
  0.76306240959682958  0.77340942226716813  0.78463563476905207  0.79579289747638560
  0.80711853343315210  0.81828319084394818  0.82937323517950001  0.84090234613461934
  0.85246488015937483  0.86239438280425906  0.87218255362250929  0.88174152369298453
  0.89149282659441287  0.90060631504177269  0.90937126863178841  0.91853197788207686
  0.92809818334612293  0.93809118857866580  0.94761402977387255  0.95723069822210882
  0.96776722879475285  0.97849848438997022  0.98922383325055996  1.00000000000000000
 -0.00312185312766409  0.01219951874282941  0.02532648286811242  0.03854630756400490
  0.05094951950134774  0.06250588181293146  0.07406946328998161  0.08523624279990691
  0.09581725671090073  0.10642124723228573  0.11749928960901078  0.12859683123493221
  0.13969370609211401  0.15093857233595745  0.16278837593478743  0.17435306112335558
  0.18560689459690732  0.19686176393120541  0.20784089198100691  0.21802808515686517
  0.22770310155801393  0.23711019588803245  0.24646008389144602  0.25632935798275469
  0.26588199974077742  0.27585938961941364  0.28641688358771439  0.29732139997844248
  0.30898351896376230  0.31926851919140842  0.32918689671367740  0.33813941517150348
  0.34723905181527270  0.35657159814117828  0.36614386996148318  0.37567331926272779
  0.38568917191446495  0.39537729281592121  0.40494833686567738  0.41436922160249945
  0.42422733622858005  0.43396675506587384  0.44361616213620048  0.45332806364078682
  0.46403869727961272  0.47519722394397040  0.48591959384653188  0.49631547578216856
  0.50694632413758778  0.51800834322532396  0.52947530035212920  0.54114737381933087
  0.55292585812747364  0.56455011117674003  0.57601937741818865  0.58649601778564298
  0.59651810424698748  0.60625305841122656  0.61575588740448184  0.62543224212310811
  0.63531392441459522  0.64493570351088103  0.65437242391931816  0.66360383134432821
  0.67216323309714654  0.68053981135817632  0.68917123301137095  0.69797759233428769
  0.70725626914734985  0.71673645879976222  0.72574042874710043  0.73517229418267172
  0.74546114912417338  0.75592086745273612  0.76616449874437975  0.77681501086908855
  0.78821931868519368  0.79950421257870863  0.81069532008375800  0.82133122146448800
  0.83164453217767720  0.84156096439439765  0.85126822045971673  0.86111652703151853
  0.87102415327959837  0.88135974020254637  0.89215623681914291  0.90334325596715626
  0.91501989717668142  0.92721818083793217  0.93983399969891612  0.95235296442990192
  0.96437896929735734  0.97606753802453672  0.98779496063342154  1.00000000000000000
 -0.00270672312148237  0.01058606930500646  0.02176426284339387  0.03313762665092232
  0.04472887855915580  0.05658767719396296  0.06817201315247158  0.07968262351757742
  0.09072487083647343  0.10174277396596242  0.11272095066221260  0.12300577911168123
  0.13273147973236002  0.14246796760641600  0.15277835127183736  0.16365262751324788
  0.17399283039512467  0.18382999176112366  0.19386000588330662  0.20451131009037959
  0.21578717020358212  0.22731482225095773  0.23877195918199273  0.24961881114468171
  0.25945397814449012  0.26881082004717100  0.27788279326823195  0.28696359273499167
  0.29624415694511247  0.30547617998574106  0.31448292728916416  0.32428043028868014
  0.33393456277277994  0.34413198639685449  0.35456673118069237  0.36538717251740610
  0.37604089005280772  0.38657504922412739  0.39741378304693331  0.40895474809466686
  0.42050362171951100  0.43226191203310754  0.44333020666388417  0.45390526444448742
  0.46360830353775861  0.47274335239980358  0.48236698619223062  0.49282101817605789
  0.50349405864521191  0.51390920484225044  0.52399336326251655  0.53352565571829913
  0.54267736979726089  0.55181247116042742  0.56132273402092192  0.57109104200691718
  0.58067409729214414  0.59042862041521693  0.60018406546075520  0.61012738570318115
  0.62021364568418191  0.63049083162210140  0.64127457900773877  0.65257354011888213
  0.66456239940602690  0.67684754036154549  0.68887611749669908  0.70043149472952015
  0.71148948662401701  0.72244161930839534  0.73362613699245505  0.74508173031829406
  0.75648750562377731  0.76791193968991400  0.77858996533012903  0.78908348484645041
  0.79961879495668620  0.81024660579439822  0.82096101914289599  0.83177810838595023
  0.84381957676909436  0.85592525386848972  0.86713611839389904  0.87848115949307615
  0.88983665151085545  0.90029202473234748  0.90985052788725584  0.91953955968102197
  0.92930420692645010  0.93916522306541372  0.94889702983098034  0.95893012241990228
  0.96980094155936758  0.97972392703937561  0.99003001843095673  1.00000000000000000
 -0.00215412205033150  0.00914065465876485  0.01847649655578194  0.02767600355121898
  0.03715493342355355  0.04638581414590718  0.05579391599411569  0.06544611633656586
  0.07600121936252774  0.08637770053501320  0.09681294322055553  0.10717494885654583
  0.11773065896820673  0.12862669219520828  0.13979903656882636  0.15179006688817975
  0.16403137470708537  0.17543623940001202  0.18653610531479103  0.19813520124658959
  0.20936331815548603  0.21956496247246368  0.22978338604270679  0.24050108925394278
  0.25085792008868529  0.26071329686657324  0.27072914685874117  0.28112116128117459
  0.29136773935375965  0.30144102600113493  0.31140441267453545  0.32140632314969858
  0.33133810301688560  0.34112748401929671  0.35041290547195525  0.35947324972137901
  0.36859125068722232  0.37807979828059818  0.38800358098739390  0.39845076697697851
  0.40989376209069200  0.42184020956953522  0.43347492677452354  0.44408486842479955
  0.45377388568379934  0.46368461296246005  0.47374982241631697  0.48415368504863887
  0.49457949807934892  0.50625184798812783  0.51859553338125430  0.53092639035573452
  0.54334593132129350  0.55531292225356599  0.56671151073650394  0.57782784127936193
  0.58889267774249399  0.60061640053071585  0.61246563520783204  0.62467799948914993
  0.63630633549250981  0.64751107210545555  0.65838434936028867  0.66892026784113889
  0.67940578356135473  0.68971432184611881  0.69994504745457853  0.71009790231282355
  0.72005975050401527  0.72942766440122231  0.73910010653901714  0.74860664077395311
  0.75884741382072318  0.76928694452792246  0.77989312449999293  0.79055711532861139
  0.80129093983058453  0.81226227620661573  0.82291801534920683  0.83314866340478944
  0.84373179993845193  0.85445026083827391  0.86512234423310386  0.87628968940313101
  0.88760447077268290  0.89892342347238674  0.91003440518820278  0.92083988881688195
  0.93172201197630256  0.94209733580300037  0.95236980381258884  0.96238645058452521
  0.97207007218640384  0.98140483727089756  0.99064413452078326  1.00000000000000000
   2.2489119968660213E-008  -1.0000000000000000     
 F F F F F F F F F F F F F F F F F F F F F F F F F F F F F F F F F F F F F F F F F F F F F F F F F F F F F F F F F F F F F F F F F F F F F F F F F F F F F F F F F F F F F F F F F F F F F F F F F F F F F F F F F F F F F F F F F F F F F F F F F F F F F F F F
  <DiscreteSampler_grid>
  grouped_processes
  1 # 1 for a reference and 2 for a running grid.
  10 # Attribute 'min_bin_probing_points' of the grid.
  1 # Attribute 'grid_mode' of the grid. 1=='default',2=='initialization'
  0.0000000000000000 # Attribute 'small_contrib_threshold' of the grid.
  0.5000000000000000 # Attribute 'damping_power' of the grid.
 # binID   n_entries weight   weight_sqr   abs_weight
    10   10   4.143181504691094E+003   6.785155774959752E+007   4.143181504691094E+003
    16   10   4.143181504691094E+003   6.785155774959755E+007   4.143181504691094E+003
  </DiscreteSampler_grid>
