  0.00950178468738214  0.01512611404153625  0.02433028781721518  0.03600357476990552
  0.04692165744662338  0.05721633181987247  0.06752555686755671  0.07764812235050730
  0.08775971822852216  0.09722195170124026  0.10659058687522532  0.11609246371947736
  0.12605413133575991  0.13629335812249310  0.14686347210838047  0.15759161873405694
  0.16861011986444369  0.18003468291379549  0.19157618814615116  0.20298469493800675
  0.21395327592821273  0.22437033674437834  0.23422259293969228  0.24349931052372389
  0.25256321346285326  0.26180788633114643  0.27109004282693122  0.28034382170345945
  0.28966457057279116  0.29951077982271657  0.30953865567477473  0.31954772555195626
  0.32958681251617322  0.34073361850161155  0.35230867062349391  0.36262202154039747
  0.37214015189074046  0.38156438318064639  0.39116095691064123  0.40071075030139058
  0.41023640846042086  0.41974650014783993  0.43013341195601595  0.44041129540907287
  0.45047941987596501  0.46112122215927703  0.47226105370851251  0.48343628976437003
  0.49400461677261664  0.50473263229189358  0.51544188271663527  0.52569931601456243
  0.53566178046690394  0.54665384972377418  0.55886712331470190  0.57078018308294953
  0.58183928623416659  0.59254394198038585  0.60311705290901496  0.61367455501122048
  0.62483637526627445  0.63643117095856294  0.64848157691019526  0.66003373248766928
  0.67058501507575086  0.68049560833519618  0.69035095054323026  0.70057978973881985
  0.71092308309253560  0.72127928301286681  0.73166166744560868  0.74181314426463785
  0.75166872712493638  0.76203928238845409  0.77262112286988704  0.78339521726175032
  0.79435023665647486  0.80544358053042786  0.81665401315905584  0.82769934351068475
  0.83905868310535914  0.85047964892265537  0.86210141310194421  0.87405195779223133
  0.88510464189401206  0.89597477724551045  0.90655039000421511  0.91752884559492076
  0.92883918222326067  0.94040496613358693  0.95189144069464759  0.96330523582502148
  0.97442151626327778  0.98393535082358130  0.99224502933724534  1.00000000000000000
  0.00895071189917625  0.01711643494846552  0.02770233187936917  0.03903442954863372
  0.04991011484069278  0.06060126376305652  0.07098821658942671  0.08135699851244585
  0.09240449372097652  0.10398575385833099  0.11445435923353896  0.12534862398413651
  0.13545991457731413  0.14521862491168289  0.15453162335574364  0.16388862798446369
  0.17300435723804680  0.18183104097668185  0.19093735336388773  0.20046281633027666
  0.21001039243523062  0.21992457970895776  0.23021333341222747  0.24172138942112070
  0.25337853635759588  0.26484905809471726  0.27600762291730740  0.28680963149270650
  0.29706448815239039  0.30708654429180476  0.31763526599046005  0.32841713324301997
  0.33908766971982035  0.34926053734542961  0.35950238297518278  0.36973905702883175
  0.37996745752627137  0.39042078596568563  0.40098938466430017  0.41192526314295574
  0.42254375470941624  0.43250044781202818  0.44250459065182263  0.45257164697021235
  0.46276257650131403  0.47337505437458183  0.48375792806730056  0.49476516784118851
  0.50583640969691934  0.51713444058745239  0.52855325878836124  0.53971685593927843
  0.55104109915534627  0.56235100645103275  0.57359283523434090  0.58432898897776775
  0.59449557001738984  0.60469229205365715  0.61530569159182547  0.62590232173893523
  0.63633811093532044  0.64671276039960346  0.65744111084727752  0.66852734158426952
  0.67953894152202854  0.69084573712359443  0.70241675184150520  0.71333213329492628
  0.72354348895978848  0.73370058870553967  0.74386673069828269  0.75394932579872431
  0.76374986909118703  0.77452144068748752  0.78616371425244380  0.79740134108545457
  0.80840755997510549  0.81958409818526945  0.83117580381597223  0.84250253408781073
  0.85319190774917264  0.86259920678842761  0.87186039670767967  0.88125437001392948
  0.89065947153620195  0.89985061710859959  0.90889361002220115  0.91854912842801295
  0.92938762467487823  0.94018541152132862  0.95116933633701184  0.96223003422544151
  0.97290904521492050  0.98278856059454855  0.99119724131342268  1.00000000000000000
  0.05732956654345751  0.05849817373904332  0.06049205577650527  0.06303728456144163
  0.06579572956666968  0.06933391668226703  0.07320874830997424  0.07702990844545711
  0.08091113504879235  0.08486445608875609  0.08890442079583449  0.09295548854854292
  0.09699831164057361  0.10126606591894215  0.10563349519060841  0.11005194002229979
  0.11454091021160726  0.11908528047029421  0.12380986829968030  0.12857060638927861
  0.13337315123097715  0.13888057902944401  0.14413334212862977  0.14845562742970039
  0.14900851015521974  0.15021619238461859  0.15142396164188929  0.15292793542033162
  0.15518143710453319  0.15757229635642908  0.15992649901391182  0.16228711337261661
  0.16467051414969788  0.16707574873998085  0.16950337971085208  0.17193979389024835
  0.17436982410170340  0.17678724875719398  0.17921087834659793  0.18165095694250730
  0.18411375134348365  0.18660341577305284  0.18913111750394909  0.19171946175035556
  0.19434726492090565  0.19699100537608649  0.19964558593174384  0.20232250197472310
  0.20500314465472139  0.20775149749247987  0.21055300258402923  0.21337479158548045
  0.21625739197200738  0.21918674343855965  0.22215382076799001  0.22516914183022463
  0.22822228914847206  0.23130626412647318  0.23442287479668250  0.23757635125036208
  0.24076749649583087  0.24402297057088582  0.24733427751422382  0.25068893711898732
  0.25408974897885228  0.25753431085348183  0.26103549070618415  0.26459886535270816
  0.26825463027520169  0.27201784059109957  0.27591761473132503  0.27985685838170588
  0.28383766715466524  0.28789557702283397  0.29213329978377361  0.29656076621031463
  0.30114865500921778  0.30581815085233210  0.31062216000578008  0.31566972939032473
  0.32101314992454000  0.32669092477286793  0.33273652719999985  0.33917706384783058
  0.34610656969744280  0.35366631417864630  0.36198638859012866  0.37124760869835749
  0.38169763769063209  0.39385186439125719  0.40849953508402442  0.42689819867424372
  0.45266816202251298  0.49405829353784481  0.58519298640551620  1.00000000000000000
 -0.00311057005187632  0.01143293675114484  0.02351242244349612  0.03526918410423253
  0.04743132581732383  0.05963242990186762  0.07248684872928859  0.08477663711936462
  0.09642045207852284  0.10833792289742551  0.12031473396373060  0.13269286842644037
  0.14456383829043556  0.15592695765312839  0.16709095468778690  0.17821752391240886
  0.18935085293499568  0.20057803866311147  0.21198006792736640  0.22343121708469879
  0.23464002755510380  0.24535512869074189  0.25527316505358910  0.26519058076780100
  0.27612938269728965  0.28739815787183720  0.29805420441190505  0.30802568273034286
  0.31762787462801451  0.32674335608513821  0.33608657429546956  0.34539807405695877
  0.35436918935671635  0.36284975957660237  0.37095645969375918  0.38017890933629062
  0.38988607641384271  0.39991176150898994  0.41012644304197143  0.42091721618779993
  0.43216372093622907  0.44340972957318792  0.45419810076263750  0.46390995661731449
  0.47297800502441384  0.48217362139439435  0.49154870436884673  0.50089845106471476
  0.51023457098579528  0.51992042261881932  0.53038985373869751  0.54120892642918828
  0.55193550306055628  0.56271482956384045  0.57353991662782788  0.58416297649829418
  0.59450851032750041  0.60460839285678247  0.61413319496366625  0.62317286629245938
  0.63223899609275680  0.64189458932126497  0.65220985254979158  0.66244566092052770
  0.67250812677294480  0.68302685818187991  0.69376437188531770  0.70501588198626008
  0.71566717621529274  0.72600288798811230  0.73605414167641303  0.74588638909902250
  0.75578397270895781  0.76594054148513335  0.77669693870563028  0.78768230426970332
  0.79900437989558881  0.80975186978647284  0.82060292993680406  0.83152996482867436
  0.84147026686055715  0.85120477800067462  0.86120326963082494  0.87173780142797852
  0.88207939586235717  0.89233123544346937  0.90277112462511921  0.91341690818103793
  0.92355686362512623  0.93320354431782904  0.94313576348800598  0.95326828648824968
  0.96374916045376613  0.97463786080195158  0.98665944365637137  1.00000000000000000
 -0.00246442979294392  0.01018120622448272  0.02014159476853338  0.03025731012905920
  0.04027708971558434  0.05030690501180402  0.06025258346408465  0.06993303532975825
  0.07942151447060905  0.08908598088775399  0.09888342748656870  0.10921643603596520
  0.12030134286538655  0.13120733265474074  0.14230727000868559  0.15231275617380444
  0.16226833906655735  0.17174378565685325  0.18144692343239566  0.19121154300560567
  0.20067043899405770  0.20950262175826034  0.21937810474011929  0.22916270795203972
  0.24063545995559973  0.25199859765301408  0.26369555072691059  0.27559794704942908
  0.28726944348257322  0.29900449012366059  0.31063505980918943  0.32190787326752918
  0.33271839319136803  0.34301664868329451  0.35347130428253243  0.36462954305811507
  0.37571854495541424  0.38646356281188271  0.39700271043840246  0.40681240194431961
  0.41613598669767171  0.42533091086566099  0.43456114530736140  0.44388366365175780
  0.45332145199042156  0.46356347127139708  0.47487907574550819  0.48619512595153491
  0.49723582459657933  0.50767545652427970  0.51794096616690777  0.52845093688703759
  0.53876315845347655  0.54880999456820523  0.55869680859099269  0.56832138199538107
  0.57791887471833214  0.58762405034172227  0.59755053858738938  0.60761349552021571
  0.61788583036452427  0.62876474329327903  0.64042158008984684  0.65194848339140421
  0.66302768729172146  0.67330137216619645  0.68294277646862134  0.69267504716070438
  0.70285492920709647  0.71356924757716633  0.72479070216258978  0.73575668979114084
  0.74640248570920742  0.75685529260305606  0.76722884590558349  0.77746104801255744
  0.78755001349738118  0.79804581826652599  0.80874395758097095  0.81945369143028390
  0.83036782860752234  0.84178377735502508  0.85351372499567424  0.86528217494084181
  0.87722313632776849  0.88927298118280018  0.90159508947313305  0.91365720391938887
  0.92530772954342644  0.93720332071577017  0.94788827620337301  0.95897428448840438
  0.96930947190800931  0.97947294260817530  0.98948096430468935  1.00000000000000000
 -0.00328845246930048  0.01320905709179086  0.02601748508436357  0.03767440986829040
  0.04922453994071005  0.06087798197331932  0.07286314041365163  0.08463459606874804
  0.09512709872988215  0.10549717583200545  0.11614432725266341  0.12745234320148205
  0.13809329565689965  0.14851957582156597  0.15917478663011697  0.17017135811486256
  0.18138805303852076  0.19238504485005425  0.20310580963968791  0.21361821339438736
  0.22393814579560897  0.23415763542263016  0.24423669821462093  0.25423380359556402
  0.26415051429936676  0.27442114495483050  0.28489393800294555  0.29531376949686622
  0.30537360777646494  0.31542842426160800  0.32544166732931479  0.33525847980610890
  0.34473999618713941  0.35408145081609488  0.36362734299351779  0.37373552700410517
  0.38419062456211239  0.39446922870250956  0.40434997459818212  0.41410149102771426
  0.42461224493625122  0.43573472076690661  0.44674253864349700  0.45788847548836947
  0.46918604738396397  0.48083271608031236  0.49164682947565408  0.50251277827498164
  0.51295766239138818  0.52324526012363659  0.53282533695203194  0.54238655350374376
  0.55189660359560022  0.56140951324980681  0.57095837729916843  0.58072897850716254
  0.59087853433991799  0.60153493937721736  0.61243831314486186  0.62353105826565647
  0.63426719913432317  0.64426288447726643  0.65420742686615108  0.66389519393597751
  0.67352521134225907  0.68240979658998147  0.69108004364040698  0.69976274259543714
  0.70876064517096837  0.71820173556630551  0.72783809105107300  0.73808746554287308
  0.74866352132727898  0.75938820583526689  0.77009338481563627  0.78078010297403255
  0.79113173488970945  0.80095095961887619  0.81072812061916422  0.82045739008734120
  0.83021402145656498  0.84030546850613830  0.85108806367352097  0.86297224602391975
  0.87545111372489604  0.88764315659164872  0.89884071588702585  0.90935873405784517
  0.91957453044359827  0.92994424738093950  0.94054109294453681  0.95163001853436091
  0.96322414916174903  0.97486674925027261  0.98721716469168408  1.00000000000000000
 -0.00238386177506025  0.00905435766207755  0.01998502448476367  0.03143583617218123
  0.04316737031351521  0.05429120277452684  0.06519516934305450  0.07622851807575594
  0.08733949973036444  0.09778581256114208  0.10807030361151934  0.11839068437867219
  0.12859720217378823  0.13878822903299132  0.14854739433123801  0.15789382197000884
  0.16686082686849027  0.17579150855443385  0.18501988580642315  0.19516252334359566
  0.20583258183623826  0.21671691953718750  0.22784376206039667  0.23838219650169237
  0.24976592036309367  0.26020325781082293  0.27049605376753710  0.28039836838064380
  0.29030782143259565  0.29996371161584362  0.30952203267008455  0.31987822180757636
  0.33081209391539212  0.34213002168164591  0.35381255353574498  0.36604277573161231
  0.37738983235042062  0.38773167819466314  0.39757548443685953  0.40721608057964709
  0.41712373926565693  0.42733551134502235  0.43799806919781920  0.44901712361344287
  0.45994178231194160  0.47043867626196462  0.48078358732576987  0.49070879231100517
  0.50081064224059757  0.51046677104184723  0.52044958815505293  0.53184024396427598
  0.54388605586053074  0.55528483399569106  0.56555715315586452  0.57434506815655884
  0.58323688632408710  0.59247241340543755  0.60148996048699888  0.61071465131785097
  0.62045076153651912  0.63133409961467279  0.64305361154842233  0.65349262068087199
  0.66357385840481864  0.67372479547068798  0.68371964636257088  0.69360982982948194
  0.70369031159579098  0.71430133777809401  0.72551124555195479  0.73694317845547441
  0.74854031412932975  0.76034021447977829  0.77229549415875975  0.78434416986988909
  0.79633621180806502  0.80750014956220029  0.81834587660239511  0.82909045103611734
  0.84022614694215669  0.85147803488930329  0.86311922407420993  0.87523329958944107
  0.88726253382826770  0.89877083315011119  0.90925919087104068  0.91953034939235279
  0.93002980941566549  0.93991364372476760  0.94954325581393884  0.95933696496569598
  0.96989268234356252  0.98015525362499378  0.99007923776487194  1.00000000000000000
 -0.00210224796555026  0.00880922213165181  0.01827660741777455  0.02871565931187176
  0.03926222592024625  0.05004315748201661  0.06101679598317362  0.07229775068687533
  0.08402619601259967  0.09548577742872777  0.10693839278867370  0.11839700101296713
  0.12968514809415310  0.14071654304699266  0.15139083338621365  0.16180125344192037
  0.17255564515907468  0.18356495151816415  0.19411258101948772  0.20415492017422066
  0.21414070671842933  0.22442781199044581  0.23466492925242213  0.24458037239652969
  0.25471524460907580  0.26535061896908907  0.27618889397488239  0.28674095825846219
  0.29716267797097567  0.30785224530500160  0.31867755773984524  0.32940813665675417
  0.34010438453102265  0.35078613872930431  0.36100830242739096  0.37123264975738129
  0.38210288417620081  0.39323925908975083  0.40420185924235946  0.41482924195809856
  0.42493612534380859  0.43488627812493857  0.44431161242577760  0.45334306450790218
  0.46251846547165254  0.47209633510093862  0.48196034135362786  0.49200789241750181
  0.50249737941811778  0.51381206061060880  0.52591349556216793  0.53773483047286241
  0.54871936713952052  0.55882390275576743  0.56945988108591017  0.57975682108250259
  0.58949631316934170  0.59873553038956862  0.60869715439257610  0.61974288516382992
  0.63043056223728033  0.64097605465859053  0.65153281564004162  0.66243285766172810
  0.67288485568622436  0.68317483293623105  0.69357975271235128  0.70392413820916222
  0.71440694845739794  0.72502648995434293  0.73580483713447375  0.74669277694426617
  0.75749168483680285  0.76864847288169924  0.77993926751000642  0.79104106924450868
  0.80156013825107919  0.81197786367750413  0.82272441027932097  0.83324314655708365
  0.84312796655502398  0.85283323043417880  0.86271059857089871  0.87359401900187383
  0.88489093697340204  0.89607886389183777  0.90673061244682718  0.91748301682222599
  0.92887468428088071  0.93987974206317604  0.95036940370791134  0.96068029061706561
  0.97112976810254592  0.98110347390205621  0.99058875917787936  1.00000000000000000
   2.2151756274762411E-008  -1.0000000000000000     
 F F F F F F F F F F F F F F F F F F F F F F F F F F F F F F F F F F F F F F F F F F F F F F F F F F F F F F F F F F F F F F F F F F F F F F F F F F F F F F F F F F F F F F F F F F F F F F F F F F F F F F F F F F F F F F F F F F F F F F F F F F F F F F F F
  <DiscreteSampler_grid>
  grouped_processes
  1 # 1 for a reference and 2 for a running grid.
  10 # Attribute 'min_bin_probing_points' of the grid.
  1 # Attribute 'grid_mode' of the grid. 1=='default',2=='initialization'
  0.0000000000000000 # Attribute 'small_contrib_threshold' of the grid.
  0.5000000000000000 # Attribute 'damping_power' of the grid.
 # binID   n_entries weight   weight_sqr   abs_weight
    10   10   6.873818047302194E+004   8.039608911846148E+009   6.873818047302194E+004
    16   10   6.873818047302194E+004   8.039608911846148E+009   6.873818047302194E+004
  </DiscreteSampler_grid>
