  0.00927029635505500  0.01546594378903460  0.02485084529078108  0.03601866473335277
  0.04734226382670773  0.05883178839963656  0.07024559479086526  0.08172158898928712
  0.09326453775680843  0.10530032082757870  0.11739920789266778  0.12962986450980449
  0.14114274429700066  0.15140121351685545  0.16083069879961157  0.17024324284546183
  0.18007992372193599  0.18994517271410616  0.19944846545493933  0.20906740702424115
  0.21953681190735599  0.23043849486113285  0.24122108628573358  0.25211721221560723
  0.26316927981853960  0.27428520448715182  0.28542234478790507  0.29679555187226758
  0.30850662888796948  0.32042315348301392  0.33197024016733279  0.34239846919029643
  0.35220094421498854  0.36200536583420911  0.37183123015610470  0.38160514086061154
  0.39150933661177489  0.40238025252455123  0.41391403308871061  0.42484580646815867
  0.43530057901490837  0.44577696837987402  0.45626561992096382  0.46662638206889367
  0.47638698091390330  0.48598459103316621  0.49565215926481998  0.50502582214170288
  0.51428843804474833  0.52365615811902455  0.53285562945834097  0.54227071186151443
  0.55213117077324025  0.56205499210685583  0.57175053058554437  0.58148285656036647
  0.59166952627457836  0.60208782399425642  0.61221394750849711  0.62220612156300892
  0.63285234089692555  0.64328940241936805  0.65356566459403209  0.66387267084031076
  0.67515551475208713  0.68710658361723065  0.69917068874507626  0.71070881305629552
  0.72146387387367694  0.73191415564993312  0.74219884543318604  0.75244514954735953
  0.76247364612152935  0.77255849723289194  0.78304022094267023  0.79423345618838792
  0.80631811343956683  0.81836635172998651  0.82990279691974345  0.84051728599578790
  0.85078962356972343  0.86146575814999282  0.87222915871575590  0.88273226259474202
  0.89323247061265054  0.90336389640309112  0.91283742358484399  0.92179646290318473
  0.93053938247859680  0.93978160072774131  0.94914197875604001  0.95881166853409772
  0.96914477195544757  0.97985254083132256  0.99157350080591211  1.00000000000000000
  0.00961224416883555  0.01518819234498898  0.02437137523576338  0.03490422258589673
  0.04513293428358303  0.05508828241592639  0.06570504891747181  0.07765877059582540
  0.08998352905491917  0.10238894093107427  0.11407063741305702  0.12507954052549827
  0.13621519990391906  0.14762578495453091  0.15922290492229357  0.17051382606260451
  0.18150952408348869  0.19191721827826813  0.20214632203653329  0.21237657415943975
  0.22232249213290337  0.23153770537619212  0.24045560410440966  0.24893713444167240
  0.25851731256965199  0.26790403271548519  0.27775858720323976  0.28723848538361924
  0.29701444894646772  0.30699890546098685  0.31721319021915245  0.32762707315118406
  0.33825886774261682  0.34858444861922139  0.35926238983910602  0.37061037319776657
  0.38180285413676723  0.39315829601611241  0.40434112000676814  0.41572070212114648
  0.42706890200128295  0.43896352544662309  0.45088271197294866  0.46256277518831357
  0.47447404452699116  0.48458115471466273  0.49407609386745271  0.50296411226492455
  0.51150223110715531  0.52020833975807945  0.52963838953250408  0.53930041376058191
  0.54959024386699984  0.55999098957373472  0.57055537778353060  0.58092829136693491
  0.59072840174834873  0.60036486025939018  0.61052279079486294  0.62096197856415580
  0.63090228770410517  0.64081235698557470  0.65118190086329775  0.66137778796925750
  0.67147328938662598  0.68145425136295834  0.69150232245314613  0.70170560605145293
  0.71162440171858543  0.72140762045931761  0.73134031026626034  0.74147016583795666
  0.75167841467243623  0.76175411336919829  0.77232239175095774  0.78366810994969893
  0.79548871747826011  0.80760297522232949  0.81938427671520975  0.83094306834571496
  0.84232550351279101  0.85393278338370371  0.86568836246584102  0.87763868251390176
  0.88976499625147087  0.90053639233102656  0.91034757073017658  0.91973729709512575
  0.92871118065947067  0.93761902687906873  0.94670017030556031  0.95622737177850936
  0.96694139356802311  0.97714216563201495  0.98850718473647481  1.00000000000000000
  0.05765186964883243  0.05916346296391015  0.06131682362000875  0.06397045891805418
  0.06678878301389060  0.07024192002780678  0.07409904647834199  0.07782901385730007
  0.08163155884055280  0.08555311176399102  0.08961119210375425  0.09372187171628088
  0.09787830579479258  0.10218357830342238  0.10662052281529932  0.11110039377969200
  0.11566730864161207  0.12036498165491058  0.12515968690406082  0.13004360890892655
  0.13508307109328055  0.14069193016903325  0.14562565134325170  0.14864141987524207
  0.14937161096315654  0.15063792876265777  0.15178748503843781  0.15357276395273325
  0.15598250750266304  0.15833130813175514  0.16068132594848936  0.16305825334847646
  0.16543769826537380  0.16781373924422843  0.17020178439906747  0.17260213353649370
  0.17502666141104911  0.17745422178650924  0.17989110709964998  0.18236593411741667
  0.18488070138902210  0.18741429536510704  0.18995463847148461  0.19252470440394898
  0.19513348622136398  0.19776564401081922  0.20044112130931202  0.20314290423363621
  0.20583405704749178  0.20856812223637880  0.21134443233397435  0.21414046507326659
  0.21700027952493584  0.21987523621973754  0.22276228424879729  0.22569420366392937
  0.22866109648265689  0.23165303846137866  0.23470566217713043  0.23782628802985220
  0.24102086857797664  0.24427302079644589  0.24755678738214382  0.25087756117802074
  0.25424862393793923  0.25769558795660302  0.26123684060613872  0.26488754444581036
  0.26859097726215680  0.27233625604932904  0.27615936255637996  0.28007683701764402
  0.28403697033416764  0.28809628954293198  0.29224669406865622  0.29657761010034006
  0.30113586405594128  0.30589265897357365  0.31082286325903219  0.31589826307773916
  0.32117437004553229  0.32675654636701812  0.33279158790978725  0.33924157250513115
  0.34609736700340937  0.35359016553633776  0.36190617472705217  0.37117257537890175
  0.38154826975987083  0.39363163447527916  0.40835731749997828  0.42673578347629115
  0.45271454911556031  0.49418167217393527  0.58287438375291789  1.00000000000000000
 -0.00290194538391242  0.01192644601220297  0.02374495289540939  0.03562395235722780
  0.04748719357574357  0.05970054481963893  0.07210498401682293  0.08459623612132917
  0.09735976954515568  0.10905454612154150  0.11935872287893604  0.12934943845940750
  0.13899064196265717  0.14842474331960673  0.15755303974250803  0.16692050101729303
  0.17645598122322503  0.18591221697314733  0.19539569919240166  0.20514416323530418
  0.21526367731355955  0.22530449578447082  0.23555376444129045  0.24605789444049136
  0.25680686566558719  0.26789452666860375  0.27897829639448879  0.29001373468775338
  0.30087510976215004  0.31150064019631529  0.32179254824675796  0.33192188913846715
  0.34218471414298468  0.35242736947943382  0.36262430434409954  0.37265637328481044
  0.38318458487402079  0.39348058937997143  0.40308877218039540  0.41246033291899004
  0.42245677690091538  0.43313046158891788  0.44334212470220352  0.45382078207154813
  0.46479336395791870  0.47651833347362710  0.48834945036025679  0.50032461399404216
  0.51211654475768864  0.52332676847899851  0.53430757451846722  0.54511033294424271
  0.55574609311098866  0.56593212143686955  0.57578761663060107  0.58616898313373911
  0.59672372532105067  0.60696122393927920  0.61629226069098253  0.62575568470970055
  0.63470622517561048  0.64341682648797538  0.65216497244642835  0.66108459805025277
  0.67047215005180305  0.68033040865458794  0.69031496163037342  0.70016205517454921
  0.71037483046825212  0.71999648464611343  0.72957149634271012  0.73890900671134307
  0.74799787112202631  0.75729958554651877  0.76708901875637814  0.77761470030879665
  0.78837263948009006  0.79878897480270805  0.80927214101236167  0.82075744517279048
  0.83325505297202673  0.84576030047975126  0.85754050230969425  0.86857744845536500
  0.87948291864443207  0.89094820787263440  0.90200012273947838  0.91224413419025352
  0.92275314550601450  0.93322331430300409  0.94427226287223998  0.95537032868864369
  0.96638571324532052  0.97742647789776682  0.98815356781594754  1.00000000000000000
 -0.00233290416910759  0.00890078607756656  0.01905158989676578  0.02957326560055178
  0.04024603803741765  0.05067430524936582  0.06120930034947097  0.07254056341103116
  0.08425980035263796  0.09628255149018602  0.10810305707098014  0.11920432088072044
  0.13007473033232911  0.14059365734159415  0.15087543711978701  0.16056228886845297
  0.17053545582144281  0.18020617690845936  0.19033682412731714  0.20042862279531165
  0.21051253369518841  0.22154634141685256  0.23225997403467641  0.24220871025798646
  0.25272981721637100  0.26341953315643918  0.27389177069059506  0.28439612009801363
  0.29458755372904738  0.30440159147786561  0.31463577630135181  0.32487180061441034
  0.33551998429436375  0.34559852388993167  0.35567230756208057  0.36677520560250382
  0.37764516862669356  0.38878877736256967  0.39963794138489767  0.41049321636267194
  0.42125652624531906  0.43197566207532956  0.44268449742895161  0.45316282967484967
  0.46380103829406155  0.47438397710131636  0.48471642109904584  0.49494037634922877
  0.50558442104286749  0.51591540001362268  0.52631252712986643  0.53668592289101624
  0.54753480688966327  0.55860228693945368  0.57004355610766100  0.58145103669912546
  0.59215596745035382  0.60207610056222294  0.61196242528545930  0.62200223038183811
  0.63169110033995646  0.64115067001327641  0.65131314394414630  0.66164213768137725
  0.67167377207348500  0.68138827929901802  0.69148920589313445  0.70196393196130813
  0.71212884262874432  0.72190058035894233  0.73195587240020843  0.74234784977645429
  0.75289566288036380  0.76329690484229218  0.77394982016412972  0.78495192258022739
  0.79602056027842427  0.80696447198357524  0.81763367057426772  0.82811428417864408
  0.83860274870320684  0.84918722109278599  0.85993349840596855  0.87104890112167543
  0.88278932114726694  0.89441480641980453  0.90570985403351634  0.91664227173081403
  0.92736982219053765  0.93799067150431603  0.94813673191137748  0.95812468506233994
  0.96841076240232393  0.97893989202801646  0.98965653368414619  1.00000000000000000
 -0.00346854055173669  0.01375052512688590  0.02768737246881879  0.04085758333887666
  0.05231547441293764  0.06396532306802466  0.07557748215300408  0.08727638929980126
  0.09782540786110053  0.10910214142767242  0.11969031214291256  0.12991820855568115
  0.13967851454798749  0.14952548540254676  0.15877521985656062  0.16799018398553037
  0.17774616462353973  0.18779547818872444  0.19764002515679835  0.20756943468778533
  0.21830414592019540  0.22946919909564217  0.24015537566238121  0.25026037263831757
  0.26031970939933508  0.27054335724460232  0.28083293813544674  0.29109988598594039
  0.30159263151778004  0.31206460483631421  0.32239403582685716  0.33257602769098077
  0.34228998608183975  0.35177588992133391  0.36101401532345828  0.37027987001523560
  0.37989515449916261  0.38951563699484781  0.39900921999797051  0.40851184442897120
  0.41816124699092111  0.42808851213611648  0.43814389358048500  0.44765125285459695
  0.45700494780314466  0.46606959497325329  0.47497490441738793  0.48431019662492447
  0.49373419569696397  0.50342874566254681  0.51297952095864829  0.52289409957330735
  0.53337782639021047  0.54429337792093135  0.55555961551575139  0.56659852638918440
  0.57713886880492093  0.58724895673807953  0.59660241660835234  0.60566450567764785
  0.61463065592861721  0.62407466312509929  0.63368977770813051  0.64302364497037279
  0.65252227867469537  0.66232634414101699  0.67274975797281866  0.68359777315138404
  0.69455561199970117  0.70551946942819110  0.71616275981935262  0.72686273037080840
  0.73773545641697791  0.74877814862337866  0.75968039200315485  0.77035860412611845
  0.78065280325315489  0.79084331861410417  0.80083199248779924  0.81066174155518300
  0.82061465379770049  0.83117031319426338  0.84290094738829902  0.85532879307455079
  0.86776398201550242  0.87961872516079509  0.89044260161201494  0.90101351804266583
  0.91194375066014688  0.92333614790404439  0.93571782922060820  0.94918412529222318
  0.96226520411642047  0.97492581397890921  0.98733069681126373  1.00000000000000000
 -0.00260154485979500  0.00951384994340869  0.02044477387133386  0.03101152133758327
  0.04143867087546946  0.05160729873137251  0.06184415376818369  0.07166590843772480
  0.08100532638084186  0.09056338514635068  0.09998021549575102  0.11049594446981717
  0.12132720542297551  0.13348536377967626  0.14603840427719930  0.15797770950693432
  0.16979642509382969  0.18095615515979346  0.19226728447506378  0.20361361451321996
  0.21466951999593864  0.22534566025559000  0.23503637810626901  0.24409536828497252
  0.25303573082703990  0.26211542047716785  0.27133795725269771  0.28147846935710036
  0.29158694753573838  0.30233328650908664  0.31291217558115947  0.32327167691532316
  0.33317013294653630  0.34384530257520196  0.35452441942798707  0.36668619058695201
  0.37834093930991008  0.39004538944432798  0.40107445375035816  0.41179191063038362
  0.42226892416624717  0.43267487632792889  0.44254369783947184  0.45224741603141488
  0.46224550227035061  0.47212879835068378  0.48169078593170755  0.49134713368380811
  0.50132634124669373  0.51254876273125960  0.52340836102968158  0.53423524592861327
  0.54528212791554587  0.55581860027451579  0.56624339227100595  0.57656364063194210
  0.58667434545491193  0.59650690264684880  0.60648235603248568  0.61709801550833232
  0.62844005071817377  0.63997714273433803  0.65190427393398309  0.66397622065785833
  0.67575348101774524  0.68723879632063178  0.69784941083129715  0.70871843061084583
  0.71911446243973964  0.72991736205406221  0.73966003082337328  0.74969195298228841
  0.75961412071783863  0.76955175115225272  0.77951108466824537  0.78941121059350350
  0.79949388964408963  0.81012540916124964  0.82155961207010797  0.83354068648579271
  0.84496601978824371  0.85635345398927265  0.86690545761013604  0.87777013895059286
  0.88814129636312089  0.89838227766997825  0.90883635810850683  0.92029098549756139
  0.93257952323483151  0.94322983940811056  0.95281172957459626  0.96220763003105680
  0.97160212356856468  0.98115058364106922  0.99048785862499877  1.00000000000000000
 -0.00257314704602580  0.00982962948317350  0.02045706010244540  0.03198327217576474
  0.04323806024992959  0.05445701535917147  0.06561091147420781  0.07610487805044532
  0.08645242131557906  0.09624953403500298  0.10638236613465148  0.11642422494204126
  0.12711524095270477  0.13802015194729331  0.14923571668329644  0.16029906046862122
  0.17155204712210079  0.18273941894568524  0.19335676081766989  0.20373467587160757
  0.21392367286692535  0.22418430531339378  0.23471586340863448  0.24552725051465885
  0.25629462544840742  0.26689512248377650  0.27736663667304645  0.28758536278035168
  0.29776432603048725  0.30820663165043111  0.31967197833402838  0.33173719651228706
  0.34328938169954726  0.35485058974113354  0.36633283665832783  0.37747930701086163
  0.38830575607385021  0.39912286791627866  0.41002141249385488  0.42056069033622234
  0.43058155189688163  0.44044681486346271  0.45011670374187734  0.45975052296492441
  0.46972753137415707  0.47969837769559009  0.48970836169199017  0.49991833538311353
  0.51025328865768149  0.52044333163225986  0.53028769276635435  0.54027004127126532
  0.55066479818132974  0.56110243302546803  0.57145686352613934  0.58193932763560396
  0.59303791431835284  0.60444964117719757  0.61583236934517060  0.62690763195870325
  0.63789841753899357  0.64864374594270724  0.65910317940876406  0.66933609409227934
  0.67921039805423844  0.68918730245532078  0.69948578149267071  0.71003696651688919
  0.72037496233698395  0.73088662418721584  0.74232361314441142  0.75433435197931720
  0.76624431269093096  0.77719429455869316  0.78715477204731799  0.79731871414687772
  0.80776504465487198  0.81746976391129500  0.82637274555778362  0.83529387256448484
  0.84446010335845867  0.85413467264111709  0.86394364368161736  0.87347330634726961
  0.88271420957641533  0.89198643877451467  0.90186711538929865  0.91262306740832466
  0.92318188665884016  0.93340219986240525  0.94396743777045011  0.95527650242123485
  0.96645199590512376  0.97789847860230672  0.98889227409784564  1.00000000000000000
   2.2318887617522647E-008  -1.0000000000000000     
 F F F F F F F F F F F F F F F F F F F F F F F F F F F F F F F F F F F F F F F F F F F F F F F F F F F F F F F F F F F F F F F F F F F F F F F F F F F F F F F F F F F F F F F F F F F F F F F F F F F F F F F F F F F F F F F F F F F F F F F F F F F F F F F F
  <DiscreteSampler_grid>
  grouped_processes
  1 # 1 for a reference and 2 for a running grid.
  10 # Attribute 'min_bin_probing_points' of the grid.
  1 # Attribute 'grid_mode' of the grid. 1=='default',2=='initialization'
  0.0000000000000000 # Attribute 'small_contrib_threshold' of the grid.
  0.5000000000000000 # Attribute 'damping_power' of the grid.
 # binID   n_entries weight   weight_sqr   abs_weight
    10   10   5.926879060702094E+004   9.677586174908417E+009   5.926879060702094E+004
    16   10   5.926879060702094E+004   9.677586174908417E+009   5.926879060702094E+004
  </DiscreteSampler_grid>
