  0.00912973036635779  0.01565797776569244  0.02632466226571007  0.03918387584639389
  0.05147271203951529  0.06341150336996430  0.07379522371456861  0.08423359445306447
  0.09487427538574694  0.10560982225797248  0.11655247235160308  0.12717879433557658
  0.13751380378711611  0.14748699726719119  0.15728391967969532  0.16738105137434706
  0.17747323167855408  0.18724645051356892  0.19809760892281814  0.20836417723228715
  0.21870755162275152  0.22896153786290954  0.24028125367298794  0.25175915784441155
  0.26244486330314182  0.27326285903571135  0.28425494685952396  0.29512366111974958
  0.30632591121508751  0.31742740952830623  0.32872680418576661  0.33990999641284109
  0.35102286687227380  0.36214919988228511  0.37326871732795763  0.38474509929826856
  0.39603624734595844  0.40679068087482317  0.41718364930028395  0.42717204861442681
  0.43702502506685770  0.44673070077131632  0.45672102616270333  0.46740885834599577
  0.47839618420322400  0.48978109731769509  0.50097649595844274  0.51144949735765499
  0.52166548060058626  0.53207364232053600  0.54223552654261398  0.55176613292159249
  0.56127462529900340  0.57119223158283761  0.58068694086126293  0.59012929161131222
  0.59944838577788528  0.61081651799453118  0.62300175539768643  0.63384421081480324
  0.64420027389645251  0.65461609247100638  0.66508970518146593  0.67561302167603332
  0.68576916519498543  0.69675674783400798  0.70825799199101513  0.72024478160517513
  0.73180234852157633  0.74290012372463465  0.75367660947776383  0.76417621846113881
  0.77367936223279077  0.78274539580483549  0.79171102889225231  0.80114412303184190
  0.81097681607389138  0.82115825402477960  0.83093143936039771  0.84039570223004578
  0.84986586786960128  0.85999110310887084  0.86989866049848585  0.87961083256910522
  0.88883219465367524  0.89817012772674010  0.90834504811722838  0.91911972946516773
  0.93109477745031732  0.94209934288893982  0.95201051385505020  0.96197070826493103
  0.97210692648743857  0.98201493800001893  0.99148857806789881  1.00000000000000000
  0.00919217344041853  0.01562072658982320  0.02569073199220306  0.03715030892894083
  0.04789838409663775  0.05848108916435690  0.06868512918789026  0.07837750939198501
  0.08845090983279241  0.09859236652121384  0.10886721376586206  0.11895290308662089
  0.12950398400445556  0.14032464021150859  0.15050253750393869  0.16022639305672237
  0.17014821048143933  0.18047556502670539  0.19076913699819062  0.20058848767569956
  0.21038260400448675  0.22069001641437980  0.23157320435909692  0.24283733369306204
  0.25426957007055906  0.26609891914435457  0.27783063519821660  0.28912740525138403
  0.30026858698521469  0.31086735685766914  0.32130610397592285  0.33140318003082586
  0.34177981132904939  0.35237279529564414  0.36380256861397625  0.37533849018424958
  0.38590234112933230  0.39605840820189958  0.40612480387865696  0.41645596064161061
  0.42684697157484858  0.43782142123020246  0.45012672343862786  0.46159739801980976
  0.47160232149553805  0.48108863626370479  0.49016752100608729  0.49978739807135292
  0.50952144341041405  0.51945760082753811  0.52977699418881685  0.54047686610580192
  0.55148088104894222  0.56315797976314830  0.57480492871347988  0.58634809031837898
  0.59783082411282196  0.60843155370811564  0.61790102010616887  0.62752779848382212
  0.63739379883236369  0.64738927682368086  0.65727785087165758  0.66721263858014723
  0.67786419087145933  0.68877953858653529  0.69981995650888140  0.71134049754807960
  0.72274195460922896  0.73388072970725937  0.74446532062838366  0.75534815104376651
  0.76627346205361535  0.77725718195357751  0.78810931103218940  0.79863876584033966
  0.80899326568924035  0.81950653813057295  0.83019163029439236  0.84100401814429748
  0.85141646552737549  0.86129730664383275  0.87118704446814998  0.88145367296780952
  0.89208196096843684  0.90325609298294063  0.91390965996284135  0.92519699635100028
  0.93617717563828340  0.94675820882109996  0.95715182658463371  0.96695371466709568
  0.97659699912115372  0.98514048828959588  0.99051307199713756  1.00000000000000000
  0.05648992212031875  0.05860465970997200  0.06068977622883517  0.06303282325891629
  0.06570096488223279  0.06973354031107368  0.07367521276726213  0.07751251104346339
  0.08144599999147040  0.08541488565460521  0.08944372194901426  0.09351135853478088
  0.09760898496856270  0.10193794299851518  0.10627937171123204  0.11062713403750388
  0.11511082334391749  0.11963672822440584  0.12419458926119056  0.12897909398812832
  0.13399003701112033  0.13963781505976688  0.14447261589010593  0.14773815940173979
  0.14904114365418547  0.15023531299306120  0.15145541246968391  0.15292728219121671
  0.15529412334019022  0.15773886652624666  0.16013770429609842  0.16251669757389908
  0.16488380941365569  0.16724671154117546  0.16964285951081789  0.17205083526622333
  0.17446115378986643  0.17687551163329693  0.17929994316388381  0.18174561168099815
  0.18421637229560278  0.18670769731198741  0.18922377080602837  0.19178613970495334
  0.19440693717873991  0.19705664845024201  0.19973657457621849  0.20244698054476826
  0.20517412834863316  0.20792224869290021  0.21067418782606773  0.21348528991614696
  0.21634346064482185  0.21926154700657444  0.22218392613487964  0.22511930820092135
  0.22807320739258477  0.23108828309055771  0.23414821387570958  0.23724925377122574
  0.24041611400011834  0.24364891458934138  0.24692376732618199  0.25023180909210851
  0.25359432955083921  0.25699834994701148  0.26045340239781389  0.26400062311522327
  0.26765739782026454  0.27142459317993584  0.27531284593821659  0.27930878152085042
  0.28337972063595362  0.28754041949917902  0.29177128932195157  0.29618647640850132
  0.30082125605443583  0.30566605908391881  0.31066864417105677  0.31585351188599736
  0.32122582717143622  0.32691827242460519  0.33302768195492821  0.33955189892085669
  0.34653686643368725  0.35414344896506905  0.36250146643825482  0.37190985217064648
  0.38259750201385379  0.39499631394224027  0.41016519435881893  0.42883143951389635
  0.45546214349514663  0.49885454728607759  0.58475130100140438  1.00000000000000000
 -0.00317618686917300  0.01250144167336537  0.02539861377791727  0.03926040829450097
  0.05277180145530704  0.06618281258461307  0.07861299903045284  0.08989276227976621
  0.10046009309141934  0.11179777426037595  0.12289148924203579  0.13359216618542560
  0.14411261091485467  0.15529749890783959  0.16712852636806289  0.17897839041443125
  0.19102697672450122  0.20260949755887686  0.21325261547628316  0.22289262983066954
  0.23263104522211170  0.24229145126015580  0.25200634749910494  0.26042476926207719
  0.26902523830460939  0.27775403091122786  0.28721004849155601  0.29686669136239990
  0.30644812635782731  0.31612602917999133  0.32597537101476476  0.33593387632390342
  0.34583165832441243  0.35613376560630111  0.36695850315372947  0.37804170107691754
  0.38922662565552996  0.40043827059894432  0.41144784680501229  0.42229592370449537
  0.43305327908616970  0.44397394193167700  0.45499269778877194  0.46558710424496880
  0.47580640525109891  0.48572294386266840  0.49534805419035438  0.50482624745372817
  0.51451428096702634  0.52508990338979988  0.53645281962693270  0.54715881405912525
  0.55730696093541121  0.56716655392306969  0.57688764152360827  0.58663489053825491
  0.59651117857053337  0.60647638435477047  0.61640465002535216  0.62639682443473022
  0.63659447846429962  0.64670177234789106  0.65641377759540176  0.66601329299017376
  0.67569234069773165  0.68527191491705486  0.69477007816833103  0.70436939182857150
  0.71440442045079899  0.72446017622178804  0.73493782714225653  0.74606753054845465
  0.75726270185736477  0.76852796849165728  0.78000563650663135  0.79108016541748283
  0.80136541914530934  0.81129660865111675  0.82140359543877428  0.83168291550309625
  0.84195485242049417  0.85205659212615470  0.86223049991669443  0.87250318712153629
  0.88265250245554405  0.89300762223620689  0.90331327936219952  0.91362011990170100
  0.92396835011852430  0.93434190710325871  0.94468855694055476  0.95507772811599856
  0.96578318978179922  0.97648349623067232  0.98818710842863300  1.00000000000000000
 -0.00184062090683912  0.00863636477682065  0.01732553219995742  0.02658364908189825
  0.03608153735930607  0.04612649087120534  0.05651941195040806  0.06644460100557038
  0.07668679695754295  0.08737806168725083  0.09877659773405403  0.10943101145349753
  0.11887476818860561  0.12878381356918564  0.13813805122680936  0.14747356537335976
  0.15643184712871991  0.16557624108703811  0.17533272288879062  0.18532978605220224
  0.19555861468717164  0.20614869298400923  0.21723892298978428  0.22833500728292233
  0.23903440228645143  0.24963913001044991  0.26032007773638149  0.27156815177107518
  0.28303121131428871  0.29460186602262622  0.30633927345897738  0.31793335629477631
  0.32931393022996797  0.34045200174621432  0.35153470071175463  0.36259116239722661
  0.37384886151080549  0.38517562392499977  0.39671943345596994  0.40840992192081516
  0.42028908678009047  0.43212029065812879  0.44333232486912660  0.45408386474158041
  0.46480877877257543  0.47576069976076557  0.48699441585863873  0.49814598904898838
  0.50943570436213392  0.52053911973848366  0.53159987124182839  0.54264888159422109
  0.55333613142004501  0.56366393626059508  0.57350267514474462  0.58346186161934199
  0.59376173281051092  0.60415259249604414  0.61453016608151945  0.62493077670986552
  0.63476527696264218  0.64450301498223128  0.65430813127488818  0.66452780894822283
  0.67519541367961333  0.68571063186097903  0.69670907740236154  0.70775893083838759
  0.71839204270486801  0.72900676981796286  0.73961351164473954  0.75014350871386770
  0.76073115487030341  0.77169724066076784  0.78299356850238366  0.79414794245844156
  0.80506826196189973  0.81621934884037539  0.82763810021888995  0.83881627538421977
  0.84993777558581496  0.86099048551815427  0.87259527683467208  0.88419035715110894
  0.89563165169335568  0.90679565640790305  0.91767274205074556  0.92859055294570492
  0.93913528901331145  0.94932358846741249  0.95897129961926264  0.96761306034940875
  0.97598354293759781  0.98425796656767961  0.99224509955987839  1.00000000000000000
 -0.00332725810152643  0.01378633595471380  0.02693215071736603  0.04003569488266485
  0.05048613469795615  0.06154056488955398  0.07245111616580704  0.08392926328093894
  0.09527461722364798  0.10630565012188818  0.11747991051891837  0.12889054964323418
  0.14055858488398873  0.15226447068368881  0.16334915642539788  0.17353123860289318
  0.18268404755829803  0.19235147193417676  0.20196248232391098  0.21156276071252617
  0.22085493936581563  0.23034299630504260  0.24055472472576994  0.25144263859641541
  0.26301800874930831  0.27497288484549331  0.28678334175426889  0.29825667500755598
  0.30926153300093828  0.31987138481600647  0.32988022547269541  0.33947683665979167
  0.34893580984297873  0.35849675063616887  0.36846107694667035  0.37881924287868257
  0.38984049660288639  0.40105589644701578  0.41184060290632113  0.42230571148490520
  0.43177142078376118  0.44159143379451493  0.45124955168957243  0.46135610774695068
  0.47109122492984429  0.48096332012961057  0.49136899537145051  0.50176429702563130
  0.51186309594433665  0.52145963170702692  0.53043427941344212  0.53923013482051940
  0.54828977317488703  0.55790678750176381  0.56822614512088410  0.57825699684858178
  0.58782086536758404  0.59711769857121577  0.60654883560764694  0.61644762144564580
  0.62637840371261577  0.63608933545022994  0.64578663533149494  0.65551690394034723
  0.66533480185592186  0.67505398341742950  0.68510070950008417  0.69573431806802633
  0.70671104233617321  0.71766960827348447  0.72865930662213807  0.73973312035921690
  0.75048389051913311  0.76055539488297097  0.77025445805855219  0.77985083553606671
  0.78963560600505400  0.79976291738503091  0.80985555214944804  0.81995090939241044
  0.83009683981698557  0.84046118743489517  0.85103526802850382  0.86174814796818944
  0.87286733199648581  0.88434834918343153  0.89617543593336002  0.90814493160699827
  0.91951322943201741  0.93038609015607165  0.94185697772700472  0.95448592836507706
  0.96588600930781732  0.97724828045356216  0.98837621699179368  1.00000000000000000
 -0.00270716024526829  0.00935988882211771  0.02027250769839129  0.03144171262680159
  0.04261901445455416  0.05330168241023134  0.06380920995458073  0.07418057035162290
  0.08422768221199646  0.09432556286047818  0.10460136236957174  0.11504734418261928
  0.12503099128567413  0.13426221595386970  0.14394854529652479  0.15326951538613789
  0.16183724978611919  0.17044985390114650  0.17922341459565408  0.18820978153678988
  0.19741701609173889  0.20662952761699632  0.21569128193760451  0.22467740433653613
  0.23390768793358832  0.24322919326102294  0.25288147988607829  0.26288750419819362
  0.27307418718108445  0.28322134735528209  0.29352800726611128  0.30423675157455349
  0.31503963926150164  0.32619603668763014  0.33755481474435067  0.34856823496172090
  0.35911070152998020  0.36941254579902622  0.38018357163197797  0.39116340639637082
  0.40291784813213216  0.41473628654322980  0.42610473013314487  0.43749835486961475
  0.44892498929059682  0.46076021538713430  0.47307149151080963  0.48469287668543509
  0.49578295239264830  0.50613785413671553  0.51609835922451741  0.52625011779026221
  0.53603546482097364  0.54568537130007322  0.55496918248362859  0.56445629290422517
  0.57438684180557964  0.58456777051418984  0.59481780865081113  0.60538587298262148
  0.61652643212829006  0.62792646325710366  0.63900712026576079  0.64953246456201919
  0.65939223237422750  0.66890833812205452  0.67855731396580454  0.68859769326697950
  0.69920953296133592  0.71013147934138465  0.72130381071002458  0.73245230849216092
  0.74359102480739214  0.75475924105569303  0.76596931057729811  0.77656002449011396
  0.78682368547792536  0.79739296099289592  0.80828763351208144  0.81942504324901932
  0.83040404755470443  0.84115297708607051  0.85190216270815067  0.86274574825889916
  0.87387560522455754  0.88519825585828238  0.89637879140090426  0.90775702964568539
  0.91923178325574084  0.93061260791206812  0.94189175389599311  0.95295525610101406
  0.96458771814588695  0.97619646444825525  0.98816719499826966  1.00000000000000000
 -0.00255740848575524  0.00994578837672355  0.02029423007792378  0.02996947265435403
  0.03997865949653207  0.05038017230327670  0.06102344751970383  0.07136378389419096
  0.08176584216885933  0.09348620539719435  0.10530027732079265  0.11559364480582923
  0.12541739915865260  0.13512427185102296  0.14519282490785487  0.15520234809422412
  0.16506265031840808  0.17526833775830780  0.18588586305790203  0.19619724384811404
  0.20614058264421511  0.21558107795791742  0.22500011806046866  0.23426916723175290
  0.24304682148564374  0.25211129759985584  0.26166507039503883  0.27133502736984189
  0.28059772684191758  0.28983219004214067  0.29965402408902347  0.30988613486974975
  0.31952239142169825  0.32868621506478601  0.33772510031060071  0.34677026571406161
  0.35615140177645288  0.36590571703314345  0.37676929396306974  0.38864974326692142
  0.39957621031146895  0.40958536163152715  0.41965903383198139  0.43000746123092454
  0.44072758070277779  0.45107269015548829  0.46176302308001510  0.47286029414852432
  0.48376094869664127  0.49461178313768345  0.50572521719748009  0.51694021295643178
  0.52775783846318125  0.53859806913005037  0.54991386330612357  0.56169265251584843
  0.57307269730614452  0.58429388157707018  0.59531807681309523  0.60594343928426442
  0.61590272547795266  0.62579205533658544  0.63580492171655245  0.64590312430094954
  0.65577583028240127  0.66614886394965833  0.67767326904463687  0.68977825774817436
  0.70185649188940635  0.71366845332557605  0.72522956713374620  0.73671573998543294
  0.74795339862863897  0.75869310218995445  0.76916218167167938  0.77953992361469981
  0.79006918043819729  0.80098559253135404  0.81174760528544587  0.82222042857631417
  0.83270851680931757  0.84363227265473273  0.85436161125346277  0.86489133034872301
  0.87537398325427362  0.88672330999552695  0.89797146094687708  0.90935232207708350
  0.92048953628021579  0.93143725672759070  0.94252798859423903  0.95367512147742184
  0.96487637143729654  0.97607728397343396  0.98784959799215399  1.00000000000000000
   2.1642436420947780E-008  -1.0000000000000000     
 F F F F F F F F F F F F F F F F F F F F F F F F F F F F F F F F F F F F F F F F F F F F F F F F F F F F F F F F F F F F F F F F F F F F F F F F F F F F F F F F F F F F F F F F F F F F F F F F F F F F F F F F F F F F F F F F F F F F F F F F F F F F F F F F
  <DiscreteSampler_grid>
  grouped_processes
  1 # 1 for a reference and 2 for a running grid.
  10 # Attribute 'min_bin_probing_points' of the grid.
  1 # Attribute 'grid_mode' of the grid. 1=='default',2=='initialization'
  0.0000000000000000 # Attribute 'small_contrib_threshold' of the grid.
  0.5000000000000000 # Attribute 'damping_power' of the grid.
 # binID   n_entries weight   weight_sqr   abs_weight
    10   10   7.211714213708079E+004   1.532995834730899E+010   7.211714213708079E+004
    16   10   7.211714213708081E+004   1.532995834730899E+010   7.211714213708081E+004
  </DiscreteSampler_grid>
