  0.00900222875602465  0.01678342939673328  0.02572862785864265  0.03628663035624397
  0.04660016804242682  0.05738166927780730  0.06805031038388323  0.07897494758458172
  0.09052641675619676  0.10225508395936361  0.11312667396665067  0.12415126371206996
  0.13428591940316648  0.14423506357354601  0.15376306996946568  0.16329339543529511
  0.17274935095719329  0.18196328705860634  0.19187128627577571  0.20232963071612398
  0.21278662566906409  0.22327914732406010  0.23449551785097500  0.24632263840846425
  0.25820136015253164  0.26947708854613051  0.27889086104373617  0.28762570710622315
  0.29636334440953860  0.30538828327981976  0.31468175634570122  0.32390459778294350
  0.33285826741456720  0.34305094294101818  0.35400293789729825  0.36565240032794682
  0.37774828011831491  0.38949135188666834  0.40085413406196613  0.41219377775604116
  0.42304034428305659  0.43469529826815856  0.44575996381851735  0.45688666263907857
  0.46685625097697286  0.47719837476249144  0.48823626339091475  0.49907525181276324
  0.50948445258028463  0.51985205736027973  0.53046534225398734  0.54124979170939258
  0.55195454320292969  0.56250293500886483  0.57278267081364265  0.58272703741756748
  0.59279326318080927  0.60283779821385830  0.61290089356672528  0.62298976246075766
  0.63341872931789456  0.64430847636141209  0.65534842135975391  0.66636775325521047
  0.67731997309788083  0.68817887454037396  0.69951171668801126  0.71083669750712886
  0.72226661691803185  0.73321006163723379  0.74357813878821211  0.75406815010468786
  0.76431572242107937  0.77455344953344729  0.78448029780936956  0.79480901880629851
  0.80522828932797053  0.81562893809140313  0.82567872077863336  0.83575958079209067
  0.84644159783011175  0.85730523842876805  0.86775550439225446  0.87831754676581364
  0.88897824648111778  0.89942071968160398  0.90967869349275510  0.92003877049989424
  0.93111914115889871  0.94232074591961790  0.95257368590875036  0.96267462490254407
  0.97222957491933681  0.98156400825514500  0.99153941846246885  1.00000000000000000
  0.00962592421488268  0.01505467460873224  0.02391204001663905  0.03402845756185990
  0.04486002869361506  0.05623433690297371  0.06765369286327119  0.07885910403606962
  0.09019041866279774  0.10147484784153055  0.11287310257597695  0.12404984521023224
  0.13497089378786289  0.14579687453937329  0.15621642641680752  0.16642898807317849
  0.17660028367827818  0.18682985960130596  0.19697575627933553  0.20716574278971245
  0.21760480016741351  0.22780911405719945  0.23763348371828341  0.24776364726600617
  0.25894836706765301  0.27083422215037856  0.28265968288992460  0.29395760057279913
  0.30469615802036187  0.31545616391669062  0.32646586450978488  0.33735430337119365
  0.34818227396902957  0.35897412773011478  0.36974297183097365  0.38034716937591362
  0.39056612739919866  0.40038640097409817  0.40994987025110047  0.41971185292696905
  0.42993080358240482  0.44021235743463599  0.45060794461009396  0.46036661109383503
  0.46917309829823611  0.47770900051210685  0.48633372972798516  0.49509243575754019
  0.50391629148467421  0.51274997254892063  0.52214920482784177  0.53234402420625215
  0.54253927098605204  0.55264219445117024  0.56253890318011768  0.57384846142101464
  0.58504904207029917  0.59636876919621240  0.60794315432888846  0.61998247899022874
  0.63199498595715231  0.64360410837678572  0.65511614691894093  0.66621442240901141
  0.67622425156925514  0.68563532821165973  0.69521568092410768  0.70509323493113008
  0.71495577401405874  0.72455344392686427  0.73435299491453720  0.74485046333191951
  0.75551932719208903  0.76628982873748352  0.77688173574226582  0.78745646809604164
  0.79821810302275131  0.80887558437698071  0.81954474123695265  0.83029907411887360
  0.84180509823260119  0.85360325196313425  0.86516567171754333  0.87651523693372613
  0.88775606371684335  0.89837439143208841  0.90782941933704675  0.91731888887404878
  0.92719717876748031  0.93751928401931273  0.94785293083842481  0.95814898806441173
  0.96888749421303277  0.98001203782528612  0.99000434586002894  1.00000000000000000
  0.05681180395643558  0.05997519291099408  0.06249985445975585  0.06514875597494459
  0.06901580787559010  0.07283330865446666  0.07657159824485843  0.08041737240868249
  0.08431405696471389  0.08834089645374961  0.09237260417969616  0.09641180089051528
  0.10067753599505150  0.10501728605138194  0.10935611058300697  0.11379512443528424
  0.11833320073808319  0.12295922348272199  0.12769053178931594  0.13260347328112021
  0.13819772856667004  0.14362169080920947  0.14799919609474274  0.14884190690656365
  0.15001459638316766  0.15121836578680570  0.15259533129595837  0.15469617074067388
  0.15705711514433621  0.15940417555373304  0.16176356735874944  0.16415127731274468
  0.16656566260699990  0.16899260862338142  0.17140224928406142  0.17380015802973250
  0.17620791634049124  0.17863418877731477  0.18108923702578572  0.18353283446288504
  0.18597374610843156  0.18842845485440321  0.19092825248719902  0.19347942639403198
  0.19605345804844826  0.19866129186373449  0.20132700992612951  0.20402280382816121
  0.20673413521696418  0.20946371200391503  0.21220251421287920  0.21497644583564504
  0.21780231647084611  0.22066653199147979  0.22357939362300208  0.22653379042258004
  0.22953063316554750  0.23257588913137989  0.23566159370218506  0.23877372523883986
  0.24192014725903391  0.24512875851199947  0.24837077350083137  0.25166666369640073
  0.25504849299699905  0.25851895169480793  0.26208116278697680  0.26571614790018749
  0.26939172989848459  0.27309272082468805  0.27688681198638521  0.28078984394016504
  0.28482587097866147  0.28898766091979305  0.29321899370144494  0.29755362951916747
  0.30207389577167248  0.30676754887202512  0.31163824309348181  0.31673954420543837
  0.32210473212492619  0.32773543882354611  0.33372960747680464  0.34020241446232863
  0.34725266693096052  0.35484652399458966  0.36321622219991778  0.37263915468408254
  0.38331615229470445  0.39581981862489379  0.41104396518974878  0.42976257446025579
  0.45660934585171992  0.49987075795615388  0.58624951375187928  1.00000000000000000
 -0.00327623893256695  0.01277165693878612  0.02546893494600744  0.03779264902201872
  0.05060001256299793  0.06322376528971152  0.07487785037646129  0.08596119428362686
  0.09682777429652943  0.10787919025709107  0.11913860636183388  0.13008846076115349
  0.14064398925619526  0.15062227933175232  0.16057992835234669  0.17077649611417697
  0.18079208614981779  0.19024158988626882  0.20005473984591660  0.20977465198445258
  0.22130910555947511  0.23281012267420881  0.24456944522316532  0.25636554631599801
  0.26810728255779420  0.27994204017201724  0.29152588559581416  0.30329772500183333
  0.31441649793506049  0.32469767831862950  0.33445390266440905  0.34415130116183040
  0.35387587505954310  0.36351930204716293  0.37298090871714573  0.38261067671730414
  0.39264549251559483  0.40299001246256660  0.41327334467664228  0.42300436723313495
  0.43209736015638472  0.44159108091505939  0.45162998276410138  0.46197514069157480
  0.47250838063439166  0.48301948605168116  0.49315327261806075  0.50271271737192191
  0.51195408532628817  0.52151454800324049  0.53134485885720051  0.54116221301352307
  0.55125654382278721  0.56157363729633825  0.57202774459733008  0.58234720585165323
  0.59234773020181297  0.60219987993886992  0.61201969215664609  0.62186260332394339
  0.63184805523528642  0.64189740458224098  0.65200408992338232  0.66209747066279534
  0.67160069736997730  0.68095602403395694  0.69039871399845820  0.70063441572963614
  0.71099695884227399  0.72076045453715998  0.73053197599883590  0.74015096611993303
  0.74983092208953617  0.75970168636682878  0.76969323317385985  0.77993614099342978
  0.79005674808014714  0.80038441423883699  0.81107826740114386  0.82232426036670436
  0.83353587875339963  0.84443738380664324  0.85528225976746897  0.86610357821028672
  0.87641436417000351  0.88626870050642859  0.89635074905450185  0.90685398974553599
  0.91742787854536423  0.92852329008250711  0.94005879619850019  0.95302256270816155
  0.96511198553158895  0.97697799997090007  0.98838661309397280  1.00000000000000000
 -0.00246376785061017  0.00978406597641400  0.01967957274530135  0.03031685215069162
  0.04088671262808341  0.05233353027501383  0.06361414175863324  0.07494444460800741
  0.08578590378818117  0.09628740074106332  0.10683058746698879  0.11693553705967802
  0.12681159934703107  0.13643350822670763  0.14663542643449107  0.15730154474818042
  0.16815447884692622  0.17948918708880596  0.19131230467967411  0.20357635585176298
  0.21564100195650376  0.22706297477026591  0.23737422184509460  0.24722984836107684
  0.25678562184455572  0.26619563369106602  0.27547743612539138  0.28498111271389970
  0.29539114664501698  0.30691323900698775  0.31876959033362640  0.33048598653903510
  0.34137700295584877  0.35184541573571237  0.36251509483737182  0.37301044526706711
  0.38379306971515542  0.39436794660039443  0.40561334683651246  0.41640179337738031
  0.42611285778319397  0.43579030023393400  0.44548043521753633  0.45540931161195836
  0.46529334526788635  0.47501085234771456  0.48485256311592817  0.49498568857824310
  0.50511059923916590  0.51510210334308881  0.52469760561307355  0.53416211539715219
  0.54433281175932269  0.55538858006126735  0.56669887704259858  0.57781430257501931
  0.58881650027764354  0.59991105273443945  0.61096847857259984  0.62182238636193565
  0.63279372304751669  0.64418544050977533  0.65600515197126796  0.66773703409376040
  0.67896742287466516  0.68968628259556197  0.69995115078912618  0.71047822575133102
  0.72202036758588151  0.73351543040660205  0.74470455857614448  0.75600518474304623
  0.76760643612313262  0.77834122602441136  0.78870622796535406  0.79895597161430620
  0.80950262999196321  0.81990026100227287  0.83028921550598067  0.84035995075032022
  0.85011480598985534  0.85952601903081960  0.86883969239336711  0.87817063572693033
  0.88755783523031229  0.89725997855257511  0.90753169768426090  0.91808129498318591
  0.92858906862086787  0.93896794772371750  0.94923978351352978  0.95960841581535428
  0.96993603568153874  0.98013420761148073  0.99011456597832892  1.00000000000000000
 -0.00269721322348106  0.01088701244778657  0.02240041943914316  0.03433500339472836
  0.04585211745870906  0.05680864012108221  0.06744755636212080  0.07852101275106918
  0.09016913476119250  0.10257247368406867  0.11459564293962099  0.12626638462547657
  0.13769302406019607  0.14975569780567313  0.16287351483576840  0.17561725132115774
  0.18736994481528282  0.19849817551455612  0.20957979257972661  0.22074092379880253
  0.23163948510522087  0.24233336258080537  0.25339987769044625  0.26428408916876678
  0.27443744083573773  0.28415955927513553  0.29380010007162810  0.30377077501658456
  0.31402718124179535  0.32465720044612295  0.33525874532242106  0.34514482090452242
  0.35498538011871422  0.36452692334951364  0.37361369900456759  0.38191334212783395
  0.39013092731246041  0.39889568796061647  0.40801783781363954  0.41708769797503076
  0.42593198901987339  0.43445300898602829  0.44338180242358227  0.45269678633747829
  0.46158717753975737  0.47019212015102463  0.47891865637377712  0.48803585891733281
  0.49662818364468270  0.50574998205721056  0.51497425783719109  0.52446065425265176
  0.53589896754450306  0.54689284409037930  0.55820251837422796  0.56913022868367968
  0.58012128666255203  0.59125980990422222  0.60245254060513842  0.61294822671789939
  0.62281310588631222  0.63214071749514167  0.64127851895007137  0.65063368655734788
  0.66019102012056763  0.67018167532963258  0.68016260491318081  0.69053696813053722
  0.70151359020905091  0.71285961281696053  0.72426645474442597  0.73525335401692449
  0.74567496172844738  0.75583103695080733  0.76588573753527811  0.77589951145660008
  0.78575659516813912  0.79566617924283667  0.80587406489722102  0.81636451105350594
  0.82715370358407214  0.83795800353666294  0.84866481737449662  0.85977047235784565
  0.87109165936102584  0.88346903940423804  0.89608480322377715  0.90813379024205154
  0.91926709445379462  0.92946221069060087  0.93985507480199548  0.95011181080296880
  0.96109335028992049  0.97263141613537252  0.98582773798565515  1.00000000000000000
 -0.00298731751938229  0.01058692905916346  0.02187952985177255  0.03326212390510064
  0.04447563752818492  0.05566566063433628  0.06667640233522158  0.07772006260643129
  0.08877539218779026  0.10001077301803583  0.11128099686092326  0.12220191691344244
  0.13286544617990462  0.14335582240526837  0.15364188717025606  0.16375015967815773
  0.17365890749213164  0.18326053696327327  0.19261666257282881  0.20223287644471000
  0.21272554909914479  0.22381261574920142  0.23435562000876714  0.24396647593281892
  0.25329234296111686  0.26260622204567358  0.27194235240890802  0.28152996453163776
  0.29186482881637993  0.30394255817083149  0.31544340370746865  0.32543108982564356
  0.33505860045377811  0.34473669871493179  0.35445650374218080  0.36390204431709328
  0.37330748895082666  0.38292262893028339  0.39276287694508932  0.40290994600673041
  0.41355487237328931  0.42383258948213764  0.43336205373080861  0.44332360190824244
  0.45374241351360312  0.46471274775184429  0.47520850990627694  0.48641222217615132
  0.49855423018751255  0.51063744602014127  0.52302358242517855  0.53480668147440746
  0.54590885146476020  0.55631782685976805  0.56709032632571410  0.57766663246743799
  0.58768564279239444  0.59756076213006326  0.60873762363494033  0.62129153510882729
  0.63252917500308858  0.64325713987252553  0.65317570920478507  0.66249159455906559
  0.67191311441030521  0.68126657408665658  0.69094518810555894  0.70148446007480025
  0.71283947364048827  0.72464220245381861  0.73524571694559471  0.74505666240676127
  0.75500133973643069  0.76494874729727091  0.77493721297223572  0.78483190470829267
  0.79470565737870014  0.80467233729815613  0.81474604192963940  0.82488741129390908
  0.83546056766471499  0.84679359037166968  0.85854873063323955  0.87037364959080288
  0.88118163966255669  0.89153795921733059  0.90206881544130446  0.91242237584414287
  0.92280220120868661  0.93293303389042082  0.94385434111141064  0.95539304571922512
  0.96682424289674695  0.97782554286377943  0.98897276759992425  1.00000000000000000
 -0.00197783761393210  0.00823006799494785  0.01659586492979270  0.02557521202119602
  0.03519958140079214  0.04490417697178314  0.05471228369760480  0.06487234988296306
  0.07558834009429442  0.08642153749722750  0.09721802241818739  0.10799969219621576
  0.11844196109497823  0.12925813335374070  0.14035001447295528  0.15136654406047326
  0.16233357655057559  0.17382776743343067  0.18563301137007082  0.19804506354175383
  0.21039195580836997  0.22301285319323819  0.23456670603356000  0.24572532307499811
  0.25670277113846801  0.26795790926447921  0.27910484299253624  0.29017067715234973
  0.30198092006200766  0.31401376725467406  0.32540497553734854  0.33591334889990521
  0.34573533711732912  0.35552486378274722  0.36523631288884195  0.37484070226188548
  0.38476660074433033  0.39478685492694465  0.40485110697282023  0.41476246141374196
  0.42488084997131165  0.43527813605090127  0.44606741266065547  0.45670482435449272
  0.46733011190248114  0.47790668108566337  0.48855350158264649  0.49935116609757141
  0.50952833303396283  0.51979815934501283  0.53013605389258145  0.54042340998799965
  0.55087749536341357  0.56150750451979359  0.57221478186704244  0.58251896747308762
  0.59263321324034990  0.60286942249341791  0.61331166700722906  0.62334083185242750
  0.63328264115884847  0.64336847019388987  0.65425376600128504  0.66559168120728607
  0.67694100544713065  0.68768197366741735  0.69763698686206432  0.70716843714921451
  0.71675522101676026  0.72658335559198661  0.73638763720554978  0.74614089938642603
  0.75707528663496559  0.76893730296572171  0.77979659305413118  0.79039120273998820
  0.80205681180434540  0.81349212366123957  0.82430725568937413  0.83500746613894672
  0.84594039457149806  0.85697319675566364  0.86759091916073017  0.87746172209925521
  0.88660836003270393  0.89580655801522524  0.90538971051664263  0.91516188914167562
  0.92559449631469115  0.93532084175510344  0.94592478805137570  0.95656477375738913
  0.96772406631130936  0.97890076589456643  0.98954227739513878  1.00000000000000000
   2.1799960752613679E-008  -1.0000000000000000     
 F F F F F F F F F F F F F F F F F F F F F F F F F F F F F F F F F F F F F F F F F F F F F F F F F F F F F F F F F F F F F F F F F F F F F F F F F F F F F F F F F F F F F F F F F F F F F F F F F F F F F F F F F F F F F F F F F F F F F F F F F F F F F F F F
  <DiscreteSampler_grid>
  grouped_processes
  1 # 1 for a reference and 2 for a running grid.
  10 # Attribute 'min_bin_probing_points' of the grid.
  1 # Attribute 'grid_mode' of the grid. 1=='default',2=='initialization'
  0.0000000000000000 # Attribute 'small_contrib_threshold' of the grid.
  0.5000000000000000 # Attribute 'damping_power' of the grid.
 # binID   n_entries weight   weight_sqr   abs_weight
    10   10   4.731960039540679E+004   5.716903918079016E+009   4.731960039540679E+004
    16   10   4.731960039540679E+004   5.716903918079014E+009   4.731960039540679E+004
  </DiscreteSampler_grid>
