  0.00027187975311913  0.00031340758939721  0.00034023858442238  0.00036971995312827
  0.00040718586925197  0.00045528831983823  0.00054126140309020  0.00079217500504461
  0.00124838165469019  0.00159247659107155  0.00194175857864763  0.00230394430364876
  0.00273191319741666  0.00322907156806454  0.00381826326219382  0.00452000803775392
  0.00531682437684870  0.00619785937570110  0.00716914446507651  0.00827653217547014
  0.00963240401880205  0.01109656089674772  0.01269366423072007  0.01456503305572517
  0.01684576707382912  0.01925958495863615  0.02161447385585728  0.02433460739215884
  0.02785972445857104  0.03219143826908187  0.03711590762906196  0.04237739748534266
  0.04748995833511926  0.05209567262799419  0.05589574965187790  0.05874651329781110
  0.06074978445714426  0.06214581984053567  0.06315169752943806  0.06390828559305374
  0.06449246363970206  0.06495490065810969  0.06533375792319333  0.06565474902401697
  0.06593296299860595  0.06617657122170038  0.06639218569719474  0.06658591826809451
  0.06676248058546423  0.06692534504914954  0.06707738951155431  0.06722111816428065
  0.06735842868112669  0.06749084049038938  0.06761955250773481  0.06774545524300600
  0.06786995924018974  0.06799387483023091  0.06811893005146702  0.06824652190238917
  0.06837712628808165  0.06851169148194554  0.06865164585074528  0.06879905662406820
  0.06895652491045766  0.06912584392088629  0.06930761438219804  0.06950392822626510
  0.06972533949319537  0.06997928891997464  0.07027001304257267  0.07060782196741969
  0.07100947862494286  0.07149997392424333  0.07211366360108090  0.07289410577971635
  0.07390967445947086  0.07528051309605797  0.07722076022779120  0.08005362736942409
  0.08412337059299510  0.09005528204860845  0.09876225500399015  0.11105370305480618
  0.12678909677328093  0.14667895239143203  0.17247299309093370  0.20860790943390395
  0.25852119670123108  0.32817104649179457  0.42182937906467499  0.52920672291391480
  0.63046550010110813  0.71666746678520921  0.83272912082407691  1.00000000000000000
  0.00001534998535726  0.00003670410368804  0.00007081823831028  0.00010559513625943
  0.00014536101611740  0.00019165981064952  0.00024818971424754  0.00031884347241621
  0.00040564450898475  0.00053046544349727  0.00068493384687492  0.00086796913398484
  0.00108952002696290  0.00136565384248956  0.00172619539405805  0.00219908591946155
  0.00281295081401128  0.00363218054083612  0.00477708159155808  0.00644409824993922
  0.00879303073922199  0.01215742458580999  0.01722024162078912  0.02457581885370956
  0.03465995031900387  0.04736831315972623  0.06250782292104523  0.07884498544380700
  0.09604796004684227  0.11388169975687262  0.13187647423071927  0.14990112254393109
  0.16798881643299196  0.18614091041063513  0.20431198412226279  0.22250941738742464
  0.24088125527063692  0.25938700546033888  0.27782002214860840  0.29608514700219329
  0.31425578549943839  0.33229459845685189  0.35025452491148373  0.36828377793130207
  0.38642773142792175  0.40473088325369277  0.42315834206510095  0.44148675937004311
  0.45976695447032878  0.47816178122675290  0.49656133370087396  0.51475593979962475
  0.53298124100306732  0.55113106164027492  0.56922876748202089  0.58740176402971889
  0.60529336466422545  0.62293413267967401  0.64054783910637381  0.65796923705649446
  0.67541381633563746  0.69320199945531868  0.71108343592866241  0.72881127358351383
  0.74627430146297813  0.76390869370905046  0.78159939866334194  0.79926304712148621
  0.81674545261046283  0.83394007554021732  0.85100342239917615  0.86805732647239187
  0.88490373848391268  0.90118356754977269  0.91666716061129239  0.93135976218586591
  0.94514006362728797  0.95740474560126776  0.96785447043548134  0.97626092520796015
  0.98268492713710165  0.98763003522764592  0.99106600800982647  0.99359746644911351
  0.99545898711258118  0.99673763321729669  0.99766089959511728  0.99838269506177069
  0.99890333852931257  0.99926694511027236  0.99948536727619774  0.99961073780052645
  0.99971048359736026  0.99980649065360838  0.99990362936698218  1.00000000000000000
  0.00065801046741453  0.00101658491962451  0.00122928305644213  0.00144154438148705
  0.00168039720619331  0.00194696493614166  0.00224015617598410  0.00255662198937609
  0.00289593570548641  0.00326364721663715  0.00366426867182537  0.00409673556450525
  0.00455622661038841  0.00504018506491573  0.00554186262259381  0.00604682846066104
  0.00655158601139705  0.00706241696701458  0.00758065559046981  0.00810761230727923
  0.00864676626742868  0.00920668219365143  0.00980062637046415  0.01042377793140403
  0.01106861250773159  0.01173319541179985  0.01241899278714530  0.01313406856392250
  0.01387648894834437  0.01465687849704259  0.01547804522435950  0.01633278075611610
  0.01721757104795954  0.01814677771544776  0.01912419433057501  0.02012235330327253
  0.02114866639834726  0.02222793086566677  0.02333935586337986  0.02448836390918674
  0.02571103167396798  0.02701230801511871  0.02838990661409862  0.02982600837907465
  0.03132981574099802  0.03289052999054352  0.03451010548474832  0.03615782556545218
  0.03780942396054118  0.03958502114622014  0.04148150369173129  0.04346167548392235
  0.04550990758797571  0.04761422080058308  0.04982481813111275  0.05214553656174990
  0.05466081198986100  0.05739843651523168  0.06031111751920521  0.06335563680590617
  0.06657819136864866  0.06996352150068422  0.07356509742413597  0.07741640720425375
  0.08142082979539572  0.08553212300977987  0.08962521310249798  0.09390180370134638
  0.09852392629369221  0.10370196712070737  0.10941162338866142  0.11558293706797101
  0.12208581366346730  0.12887476596262609  0.13604555284406872  0.14377275569344247
  0.15219310143688478  0.16128037149039287  0.17087241346942883  0.18092798174024688
  0.19154060496974448  0.20295480165797039  0.21535563842361105  0.22878118380278969
  0.24314209127296399  0.25842410039335945  0.27474765564429487  0.29244037534451006
  0.31167352072406518  0.33204069152568350  0.35399207278254957  0.37863002323280948
  0.40842493693091236  0.44745381329161865  0.53095610811549732  1.00000000000000000
 -0.00208571094152371  0.00761615837855771  0.01591201584751495  0.02480104232785869
  0.03350603193295100  0.04301076955859379  0.05316284354155826  0.06327187960798625
  0.07304851268486830  0.08338794637493403  0.09273943389175068  0.10203565577231902
  0.11109728341745047  0.12072294180593447  0.13053938010995661  0.14021231090256792
  0.14953652389224964  0.15880541227940079  0.16841816957861555  0.17806298767895795
  0.18772089704250514  0.19710493024911871  0.20659812490149243  0.21633588773147713
  0.22642365823419994  0.23623706945767692  0.24584507330836716  0.25540344086473299
  0.26443954327444558  0.27354607672809905  0.28258439757678988  0.29198587160335221
  0.30160472112364700  0.31138718088665313  0.32197653116925440  0.33263460849381205
  0.34340765023878489  0.35404492263939502  0.36441377751698228  0.37476967255032412
  0.38513697139726394  0.39581406208762504  0.40658825524823283  0.41760841570140161
  0.42849736278600803  0.43925560196851537  0.44988191765999702  0.46057342528931494
  0.47141491370036992  0.48250878219770149  0.49386714522294134  0.50485337233808036
  0.51553006464498397  0.52614228946514874  0.53729882540485585  0.54875701390998888
  0.56032671581927418  0.57194588099558719  0.58350549221750836  0.59513505248618737
  0.60678255920710711  0.61849538073557875  0.63002750704927257  0.64134484107582934
  0.65280373397556823  0.66441801430432135  0.67615967135740895  0.68795710077731842
  0.69973249999249276  0.71110058863495196  0.72220137839585263  0.73316812213385663
  0.74423576889087850  0.75533102310348443  0.76641204848064759  0.77732229124631758
  0.78820520893247625  0.79931393871422141  0.81060934514489902  0.82195511268466492
  0.83334329488395131  0.84464425576654334  0.85595044782248308  0.86729606520870661
  0.87876277346583287  0.89039398997038377  0.90167451484510419  0.91256441983739189
  0.92345249253566442  0.93411595379830215  0.94472065511564474  0.95525573306497824
  0.96560515542034542  0.97705368850701346  0.98791180248545063  1.00000000000000000
 -0.00205620484695551  0.00840004855867482  0.01908653702303746  0.03006464479236206
  0.04108095278340415  0.05187033240429426  0.06265221536135644  0.07315426047211784
  0.08328714304656276  0.09370250807196689  0.10420228986566291  0.11502185790631542
  0.12559126537611598  0.13579971675462557  0.14609067560830566  0.15630547783640350
  0.16689011885649102  0.17740371199043067  0.18773531344314615  0.19822861164585678
  0.20869876859154782  0.21951883536868680  0.23024878697727544  0.24124422561239667
  0.25183488542667798  0.26244054833828911  0.27289068485927248  0.28274327550939299
  0.29246393278771554  0.30245129800628423  0.31310953969768923  0.32422725638552641
  0.33490960911735218  0.34494994762307896  0.35484491607215402  0.36487609919678610
  0.37566046041486556  0.38631301348618108  0.39672105413029057  0.40724835577840268
  0.41805209145889732  0.42888369530262771  0.43985621809492625  0.45086700950481379
  0.46174436679006747  0.47256805173007382  0.48285682205950409  0.49290622121397082
  0.50292265125945579  0.51344562343571420  0.52413653505030222  0.53516568800306452
  0.54602072349156250  0.55687814550456760  0.56758736456914760  0.57836972084085758
  0.58934154146648421  0.60014634805524258  0.61032416275052948  0.62057949418344915
  0.63095813956640723  0.64148262050134308  0.65125637894266897  0.66106128373160100
  0.67125148896081421  0.68190136081137964  0.69280189032401307  0.70348867335914500
  0.71425853408853868  0.72492845845505838  0.73567076845115043  0.74624307847493976
  0.75660664369985420  0.76693462199552132  0.77769917933548827  0.78861583978224448
  0.79915625517045419  0.80944558642535358  0.81954520595998737  0.83024257440650606
  0.84090481113142912  0.85132679865414185  0.86209116676965702  0.87282185498645171
  0.88379639633504936  0.89465716368776982  0.90523015214931335  0.91576258019398926
  0.92621420490182915  0.93689092461198575  0.94743627208243830  0.95808977689423258
  0.96896113663004269  0.97977487988946621  0.98989327144238060  1.00000000000000000
 -0.00206008154377766  0.00823982176636024  0.01829628227219884  0.02921443706373739
  0.03995964245028672  0.04979997096392102  0.05964591825001517  0.06933774948727545
  0.07918593007698749  0.08884469798042577  0.09832080682450499  0.10783184425120254
  0.11743143839424292  0.12733704915907246  0.13689331529621113  0.14619429588753266
  0.15586367622825670  0.16567594060071453  0.17513697549433524  0.18448561965759858
  0.19361123102472069  0.20354294870878126  0.21361414772313156  0.22330082081852631
  0.23322866503538855  0.24336479801838201  0.25365075471378262  0.26388770987587579
  0.27390791413369886  0.28396309001723963  0.29418632352468366  0.30480197031601824
  0.31555433767824526  0.32605325347277492  0.33627458644846447  0.34662185698122516
  0.35726486046501615  0.36778082385934086  0.37808314180644020  0.38859368065180572
  0.39966154893403949  0.41077300748113360  0.42056905597468525  0.43018169764653647
  0.43987812219017219  0.45058857341279362  0.46141349947578025  0.47182436667703231
  0.48257457692955841  0.49352332098018636  0.50467769600192425  0.51602515053441067
  0.52739749783828638  0.53879617278761660  0.55015066748890284  0.56135906130574154
  0.57239482756852911  0.58338101747892879  0.59465458396201276  0.60635345818636344
  0.61813203168680075  0.62992249399995159  0.64090123806497212  0.65168657807857211
  0.66237609173081535  0.67333117720303415  0.68487349301864242  0.69616038893405885
  0.70746230045329617  0.71865419535272879  0.73016556219358975  0.74163245470022754
  0.75319915547588157  0.76459698209072280  0.77535762079922654  0.78532824667632739
  0.79527286687511500  0.80547483264832564  0.81596805673272343  0.82672749256712497
  0.83742113736164292  0.84850108553978287  0.85956406767771609  0.87063852584202495
  0.88200879055185843  0.89324761902303274  0.90426194882583988  0.91523374263436141
  0.92624589336855601  0.93724059466832377  0.94716301867389585  0.95676572350036282
  0.96682239469805442  0.97713323803616248  0.98816691663202827  1.00000000000000000
 -0.00199091958473358  0.00833658004022407  0.01727325352931588  0.02689615720092622
  0.03686229199432835  0.04734681214585508  0.05835203389890871  0.06914063085979530
  0.07987754356992230  0.09069190249366926  0.10126576050205047  0.11184570224733070
  0.12198464050232956  0.13206960976872645  0.14227840159032853  0.15261782680296707
  0.16272268677705654  0.17319181773227152  0.18390117534871761  0.19439633792722197
  0.20495753463415389  0.21568545005344261  0.22642577871573269  0.23690806213278054
  0.24698140626914769  0.25721965916543577  0.26773269933989174  0.27844562007487916
  0.28889467602110758  0.29911237474221503  0.30941980198682684  0.32015286201459764
  0.33121520693430628  0.34220614289734558  0.35297119318091791  0.36342715622132005
  0.37364055462208340  0.38402265437424060  0.39457529358793791  0.40549030364884764
  0.41642541407773248  0.42725350610089524  0.43781865824238397  0.44801417725498549
  0.45771466771946745  0.46753100776483958  0.47768988197960188  0.48809597404847227
  0.49896575122226478  0.50955439175509509  0.52017609291251654  0.53092485289084668
  0.54193477347864272  0.55309761056085605  0.56429959438114952  0.57556196733794129
  0.58669576772429544  0.59771239175147195  0.60873492408958718  0.61880522802347893
  0.62860556876371521  0.63831517226457202  0.64831716945217766  0.65927090254371734
  0.67006221350635697  0.68110211645525942  0.69192591634247624  0.70243163432681954
  0.71293277836523483  0.72356136701904461  0.73415173611334239  0.74505362645972395
  0.75597045073397184  0.76686538912279079  0.77726440481909487  0.78755259278199852
  0.79801566124368362  0.80896202551384133  0.81999291397537521  0.83101300116618571
  0.84180766983897082  0.85230828102444645  0.86277851631481917  0.87344983390525532
  0.88444651576455890  0.89494738284674991  0.90552955956821923  0.91595586978179799
  0.92665086747253633  0.93753400081633209  0.94805999081238368  0.95883474629198273
  0.96936647025357758  0.98017064844316493  0.99055441077090867  1.00000000000000000
 -0.00235407950907602  0.00928621561592765  0.01969487300485084  0.02979830902287098
  0.04064145116059491  0.05100971038187142  0.06144292254875604  0.07175013094852803
  0.08205268675656258  0.09274796769210464  0.10368266373943189  0.11473755369434388
  0.12520829103674325  0.13575361520664003  0.14640847509279731  0.15725019663014653
  0.16787705983967652  0.17817998048354763  0.18851337916260957  0.19894103412733016
  0.20908134569935638  0.21885494970030206  0.22894652223687734  0.23934050637884369
  0.24929897201950096  0.25926898908605162  0.26929659050092847  0.27978000474620995
  0.29050172776042793  0.30148044560547382  0.31243087615223197  0.32340992032607691
  0.33449593725323673  0.34569527578232256  0.35692242606891045  0.36804156524536108
  0.37879836953516810  0.38947493917441156  0.39978755930246751  0.41021398037417817
  0.42025057266172244  0.43068734570403844  0.44133479576420964  0.45212830883091204
  0.46283386875304877  0.47311918011980530  0.48329142968647498  0.49337838344513013
  0.50365161027250271  0.51429934164933777  0.52503283379067989  0.53592760529312911
  0.54702329136509431  0.55804536206460931  0.56885693038252905  0.57936939388621789
  0.59000324991244368  0.60086525320705941  0.61145146717412713  0.62185700081136019
  0.63208654516448748  0.64255126060939649  0.65299678421050600  0.66330639625956933
  0.67359862804256621  0.68379277949922768  0.69445822833581183  0.70487360996962489
  0.71479197613452206  0.72471968305872425  0.73430497764534608  0.74406041967620207
  0.75428570775044002  0.76475519393999081  0.77546614962644722  0.78625563729662817
  0.79713796740047260  0.80813147055448209  0.81902960596983221  0.82970150417524757
  0.84023273005816834  0.85067331380634270  0.86112201584575510  0.87164667497953230
  0.88200420833408222  0.89232494120242600  0.90262031922530739  0.91331214769610369
  0.92421108632169091  0.93535471314164431  0.94641438755916263  0.95731576427216458
  0.96815145531991897  0.97856323758246022  0.98926350587744516  1.00000000000000000
   1.1984663447968180E-011  -1.0000000000000000     
 F F F F F F F F F F F F F F F F F F F F F F F F F F F F F F F F F F F F F F F F F F F F F F F F F F F F F F F F F F F F F F F F F F F F F F F F F F F F F F F F F F F F F F F F F F F F F F F F F F F F F F F F F F F F F F F F F F F F F F F F F F F F F F F F
  <DiscreteSampler_grid>
  grouped_processes
  1 # 1 for a reference and 2 for a running grid.
  10 # Attribute 'min_bin_probing_points' of the grid.
  1 # Attribute 'grid_mode' of the grid. 1=='default',2=='initialization'
  0.0000000000000000 # Attribute 'small_contrib_threshold' of the grid.
  0.5000000000000000 # Attribute 'damping_power' of the grid.
 # binID   n_entries weight   weight_sqr   abs_weight
    10   10   1.042940231254732E+000   4.328450590047574E+000   1.042940231254732E+000
    16   10   1.042940231254733E+000   4.328450590047577E+000   1.042940231254733E+000
    22   10   1.042940231254733E+000   4.328450590047577E+000   1.042940231254733E+000
    28   10   1.042940231254733E+000   4.328450590047577E+000   1.042940231254733E+000
  </DiscreteSampler_grid>
