  0.00906781477136118  0.01729846360751292  0.02748008298606982  0.03694596399941051
  0.04607289313841115  0.05505106321725876  0.06437039580285536  0.07304511227679697
  0.08120850868849090  0.08971515111273852  0.09859249377597237  0.10779547281650587
  0.11727696388106193  0.12716956741085195  0.13795697749579611  0.14919978969308456
  0.16083412708594402  0.17274429085672663  0.18457985017333040  0.19582552897563577
  0.20644604672519801  0.21721778385532020  0.22822208675494712  0.23901249938462332
  0.24977551349125404  0.26081383586827900  0.27225007029343967  0.28398417948838750
  0.29570607542375926  0.30731919661600415  0.31857735020153127  0.32967911925251164
  0.34065639213690729  0.35201125585027365  0.36322442196059096  0.37483523095473620
  0.38669916910656527  0.39871173094886703  0.41037374457137205  0.42105377221243845
  0.43136087852383598  0.44258547967830802  0.45360600427007258  0.46344234937067413
  0.47275272519712014  0.48281505713653450  0.49277429822403651  0.50227194745514281
  0.51144803905147818  0.52056955959147722  0.52996602793931036  0.53918986866544616
  0.54827538153422595  0.55747497628500942  0.56713214998032391  0.57732539470874367
  0.58791068921480427  0.59861337571592321  0.60925597151049304  0.61972686511869624
  0.63012848077291939  0.64059433088683637  0.65042949180104215  0.65981497003465706
  0.66963635699772883  0.68010756682502904  0.69075183202658330  0.70124171623124454
  0.71173121626366742  0.72289128612688103  0.73349059149556917  0.74353915277110461
  0.75322101693114385  0.76191187684449191  0.77100129542824647  0.78056229794344556
  0.79041667347506450  0.80035628884538157  0.81035369127493717  0.82100993657735921
  0.83223089552734675  0.84361319067309126  0.85516489116767258  0.86675911358999325
  0.87833896941274436  0.89009995159025790  0.90142384403727238  0.91231014687684853
  0.92281958353040505  0.93318587242207574  0.94366489248368091  0.95425404638549094
  0.96479967219842611  0.97604519433769366  0.98758039612098558  1.00000000000000000
  0.00930156883596781  0.01616172387943300  0.02578641399219048  0.03668865964562153
  0.04721363908471033  0.05738154932034795  0.06763911049462937  0.07772861557681549
  0.08795742784568093  0.09859182977723911  0.10994875610404242  0.12171276414560310
  0.13280413301512156  0.14321860089947794  0.15370709237374477  0.16441465160779326
  0.17471567396454990  0.18511740049527231  0.19593454429217785  0.20725182723152744
  0.21849206274415364  0.22938200336437908  0.23940621639982168  0.24920388186533471
  0.25873739912132077  0.26842907118580428  0.27809581333773747  0.28803997072900039
  0.29866262397150101  0.30957899033763681  0.32032233142272193  0.33088023591536370
  0.34113018076709356  0.35149041841337247  0.36255540532383124  0.37374793541660334
  0.38430641609793414  0.39464406606899621  0.40512174561270425  0.41597541536899207
  0.42690708403693012  0.43799179251789472  0.44920211154657230  0.46037560761559126
  0.47176259795610903  0.48345930435844164  0.49523566731207302  0.50634453668859980
  0.51736140127265517  0.52809421376175225  0.54012220432127089  0.55049347370849278
  0.56100716330751632  0.57155733457374613  0.58186715599619099  0.59210189356961396
  0.60188142617388674  0.61222841990724874  0.62284762897603574  0.63336372415443176
  0.64396652661344700  0.65479773206574621  0.66646401014294099  0.67872941232441286
  0.69070964607940100  0.70217383047379522  0.71349100171436619  0.72490827130474145
  0.73662914786221034  0.74841846600436845  0.75951606545213979  0.76976861254104145
  0.77967738308887669  0.78950299521819156  0.79924349958994689  0.80882553923660883
  0.81877292668287716  0.82893561710295205  0.83951754469233586  0.85044007360895646
  0.86194342122854761  0.87308826355252966  0.88278894565464117  0.89189614215611923
  0.90077075119073935  0.90958888186971387  0.91833885885674782  0.92714358862917734
  0.93590168355367154  0.94507102208448746  0.95449804768581281  0.96417355531179683
  0.97382482742084597  0.98318657905985396  0.99111654900020374  1.00000000000000000
  0.05790039910284860  0.05960054228399758  0.06192183306860616  0.06495017214722003
  0.06813844679369849  0.07156606751588608  0.07535238335279003  0.07910350638546106
  0.08287398280984710  0.08674066361454702  0.09069310246889863  0.09469746524943498
  0.09873717933803229  0.10289857189836918  0.10716867964040917  0.11147167046546567
  0.11582814170011234  0.12024837839956591  0.12471663764774261  0.12930258281220178
  0.13405359589391638  0.13953044155448688  0.14448223789225986  0.14807825948094389
  0.14905142211222897  0.15025295389705490  0.15145325756558886  0.15291760240753080
  0.15527170560960993  0.15767849004755344  0.16008371522697759  0.16248732845092800
  0.16487938167824517  0.16727123082685427  0.16967397459181638  0.17210210987130400
  0.17452232096455289  0.17696134209718056  0.17940871873968392  0.18188117245978400
  0.18435692800438841  0.18685376525611322  0.18937023393978766  0.19193131173650224
  0.19455136934717274  0.19720643784191799  0.19988970217189425  0.20258672046309359
  0.20531564632952487  0.20808620989391532  0.21086758749970780  0.21365678176141786
  0.21652320020385296  0.21944368060346417  0.22239258199111622  0.22535516246887938
  0.22832380522332860  0.23131581290336384  0.23434997589270049  0.23746366490215973
  0.24063271351099874  0.24383905673169842  0.24705241165377542  0.25030747023091499
  0.25367451681444514  0.25717050578109873  0.26075511991844558  0.26438770131555606
  0.26806957740632792  0.27180765423975428  0.27560211332719536  0.27944774890132212
  0.28341281748228525  0.28754859423907131  0.29182192371095855  0.29618698388758680
  0.30072211420745004  0.30544980240219449  0.31040834753686319  0.31559754235922594
  0.32101080178109653  0.32670509675574605  0.33276008443857941  0.33924268229150617
  0.34615215350238493  0.35357584551722920  0.36171612699054323  0.37095654483059537
  0.38146330673745898  0.39374179222059136  0.40868751738665821  0.42719171564193154
  0.45300247472466332  0.49488902837559801  0.58377930195342365  1.00000000000000000
 -0.00315198090265462  0.01170213116719870  0.02474513496829011  0.03811590786641304
  0.05023324570100618  0.06185219060810760  0.07308768877699040  0.08433532056944908
  0.09533088500331027  0.10595585656322475  0.11697662376665038  0.12848492914791845
  0.14044141735671595  0.15225146734077058  0.16417060747936763  0.17598734171864924
  0.18773161365973029  0.19930207044713938  0.21002788566258143  0.21997853432798373
  0.22977058066784245  0.23932660086266594  0.24898227456101471  0.25805664473029977
  0.26667084115773221  0.27551868253959233  0.28412767108245818  0.29280125045932343
  0.30205725426467678  0.31166531869657477  0.32137367255606247  0.33116156775730138
  0.34090973490702353  0.35052918503000752  0.36046170736825262  0.37067067342486010
  0.38130474365561928  0.39228874767949851  0.40309688739180066  0.41438340837299809
  0.42578251148938823  0.43662302923099755  0.44586836445870370  0.45495531697844804
  0.46445328306465455  0.47460215161020536  0.48502302082313009  0.49489456850400115
  0.50476685006238009  0.51504267640315626  0.52551318679397629  0.53655248950203505
  0.54667603733387282  0.55673124831871246  0.56658138180139905  0.57618427297075825
  0.58539370964082604  0.59406730744472946  0.60261844405465859  0.61178225190776725
  0.62065373706083771  0.63018742146774065  0.64027605704713986  0.65135618561915432
  0.66305294642078949  0.67381133727103404  0.68450647645362017  0.69525208697296292
  0.70579433717322171  0.71581401122234078  0.72564728663464573  0.73553285545161340
  0.74536801997795965  0.75551711869058746  0.76594125303782135  0.77673299345296976
  0.78770007408095843  0.79824188714676225  0.80872636289009625  0.81911700981360858
  0.82929600955589167  0.83937650093946559  0.84965292220822142  0.86029942464662734
  0.87101160918216636  0.88136834545041987  0.89253723722444245  0.90348527957164249
  0.91419980977361215  0.92559306814051090  0.93810619713664267  0.95058338309767665
  0.96308222578789759  0.97581014665794319  0.98817065809346971  1.00000000000000000
 -0.00234263736190571  0.00923390798564875  0.01885031634029839  0.02896347070310561
  0.03902575829416433  0.04938024089468454  0.06017168937428120  0.07067170459940036
  0.08125777966592504  0.09242757703097168  0.10363407531117196  0.11363982638569500
  0.12304584828989112  0.13260681241805866  0.14244443014046498  0.15236019751354674
  0.16233485142070694  0.17356194272280928  0.18550270373673877  0.19734047221944240
  0.20923265660503940  0.22106305482095465  0.23283912413159408  0.24427783010915974
  0.25541994521581346  0.26663521885672975  0.27647047861168844  0.28598591482970498
  0.29541705513871019  0.30478134130727741  0.31410875405448385  0.32385804160089254
  0.33382431670576279  0.34448404542032923  0.35546579166567033  0.36682951169854311
  0.37840522965086626  0.38988025783471336  0.40155884718195306  0.41365071337344611
  0.42524194211280242  0.43697869779684118  0.44760931942663335  0.45805069513724955
  0.46863002424703121  0.47857872450204159  0.48778230050893229  0.49681126351538929
  0.50616851034224997  0.51557273653038538  0.52488246467593147  0.53402574145650028
  0.54377963276576780  0.55467856622867540  0.56584938445002098  0.57698728479809347
  0.58788180335801821  0.59851432755667267  0.60913064327543753  0.61945131465132264
  0.62980315576121937  0.64013130242190652  0.65037376225333055  0.66102365719644707
  0.67183900324916823  0.68301136951592223  0.69370092357669499  0.70437941048483566
  0.71540384908180421  0.72655828271976231  0.73752032708916848  0.74857616137656002
  0.75929978003808540  0.76973006220052109  0.78001631205625288  0.79041983067737709
  0.80097731391892280  0.81167382549974831  0.82229364972158392  0.83357008612676697
  0.84474909294140399  0.85560986876180511  0.86637989761569700  0.87754767667832800
  0.88897314234892411  0.90046565227737108  0.91186041651507599  0.92286820942172854
  0.93387882014670798  0.94409973405280234  0.95374226020019248  0.96308478522986585
  0.97214964824282146  0.98134721425460680  0.99061700295506350  1.00000000000000000
 -0.00229132303359065  0.00945441569501011  0.01979532385202189  0.03113378800158213
  0.04221831438896843  0.05349755651773397  0.06460591563724524  0.07562250297338720
  0.08694987722033566  0.09903603754486541  0.11102633317821159  0.12268553996739391
  0.13456422271696342  0.14664397360943662  0.15856924419208576  0.16989065952456189
  0.18064913095101681  0.19160437239664926  0.20292036906219391  0.21418188806784208
  0.22546400812328524  0.23703768344496121  0.24858574544666689  0.25987627717289652
  0.27098519433982393  0.28240012889315974  0.29376503629022299  0.30499242518597069
  0.31580445950312319  0.32583862988776613  0.33604755394942182  0.34638043868629470
  0.35697707061798550  0.36733061090634062  0.37728666573723851  0.38769764457295908
  0.39790199923141206  0.40818481432979170  0.41815844236933170  0.42781142265527550
  0.43750826583758784  0.44680677797639640  0.45601450170031110  0.46498788221874299
  0.47378105583394586  0.48273038179124023  0.49184942106772273  0.50113003261961520
  0.51040147226212096  0.51973235211470670  0.52945607393282190  0.53927097000100965
  0.54867662347928225  0.55778458177716683  0.56730986336437927  0.57710703332218138
  0.58690342352503244  0.59644798244101171  0.60635342391691083  0.61710976390747341
  0.62783807031627570  0.63852491155228086  0.64920909535099713  0.66009260153067506
  0.67015834327330126  0.67954013676286207  0.68913761424190256  0.69895444714549582
  0.70828742700597491  0.71703008878958463  0.72575793203905348  0.73489235293703015
  0.74396766749214116  0.75294108924799574  0.76218687983613320  0.77179237399889289
  0.78293744147335165  0.79418233219397860  0.80523173733790943  0.81633283936682466
  0.82739207876853627  0.83791044386136393  0.84811088897666553  0.85815801943063164
  0.86807747052667683  0.87769330855412675  0.88779252350171911  0.89879585185515432
  0.91082883713344387  0.92271095406931603  0.93504017006788820  0.94829728773053668
  0.96193355749148657  0.97476754889605166  0.98757068896081646  1.00000000000000000
 -0.00282217653425709  0.01081699148398539  0.02270100981043068  0.03442576935454142
  0.04613473584609825  0.05779312084294875  0.06988047740647868  0.08146515480555808
  0.09164709478919374  0.10128202853452684  0.11100076895469002  0.12055661123953261
  0.12985354818050246  0.13874708634613406  0.14808364453617001  0.15882385725189577
  0.16986895631187116  0.18070721418032598  0.19187200754033890  0.20378649361194009
  0.21516848945213618  0.22581253624498959  0.23689320513157208  0.24853699565474219
  0.25948313053498079  0.27022391189547801  0.28033178239394718  0.29087876810751351
  0.30104100822473662  0.31144453384693721  0.32108457295735521  0.33110257090954615
  0.34052514498654990  0.34988192371323190  0.35953121795317766  0.36956895832384207
  0.38002465850336969  0.39067445691704566  0.40132750544839252  0.41277639052213916
  0.42445691338594510  0.43657508835444303  0.44782392265966098  0.45849721154988304
  0.46887886164396519  0.47907180852099901  0.48973489563652078  0.50018631473833297
  0.51083038686119431  0.52114680212078701  0.53239340722831874  0.54339691363050058
  0.55440874605676216  0.56522997845908363  0.57587523022442033  0.58654685437007770
  0.59742850288849236  0.60817785355810572  0.61902366888761917  0.62992888749800346
  0.64078961954044289  0.65148739852956572  0.66214301433718381  0.67396219313355332
  0.68571911579663791  0.69647827733138690  0.70665937841623983  0.71673202123540836
  0.72655455942475256  0.73640407005883901  0.74624336621545151  0.75714380295899342
  0.76833301434952939  0.77936787066964597  0.79038430318200659  0.80127448945129454
  0.81203189079992544  0.82225908345953969  0.83213786304005222  0.84222570286082876
  0.85276169653198364  0.86423075773273128  0.87575575934861039  0.88625055171354561
  0.89605408124160335  0.90569440331083384  0.91542610888803511  0.92515277602524015
  0.93505239149743324  0.94477217916394640  0.95396642903059037  0.96269824181770536
  0.97169096569799274  0.98108130557433593  0.99060050778712094  1.00000000000000000
 -0.00274457552003695  0.01045340004673966  0.02103416693992647  0.03221738896179570
  0.04317330380888833  0.05316879510059472  0.06335129253070140  0.07382459450631712
  0.08399361850492718  0.09440082398586724  0.10534535981830608  0.11732757053206373
  0.12868339148021896  0.13952774643216823  0.14986488499793860  0.16017136302636165
  0.17082486587683335  0.18200134939949475  0.19246565193064166  0.20250066736823658
  0.21286894916778884  0.22335234493716494  0.23412296955067158  0.24486606020188012
  0.25613130067080386  0.26761131727120324  0.27852806717318851  0.28919109949591137
  0.29953276393016109  0.30983482537894480  0.32051531559061064  0.33139295676032726
  0.34211338704251371  0.35260576650799225  0.36297611896135473  0.37304197694725594
  0.38291685940797154  0.39262227253750837  0.40291898547996940  0.41371793449434230
  0.42449366373137792  0.43540205699966583  0.44575367067652888  0.45580732846791872
  0.46595023432678573  0.47652180090857971  0.48791761824315028  0.49925101580535308
  0.51013898244851441  0.52094130619452506  0.53138101525475945  0.54221953982661020
  0.55283374505963312  0.56347844876247155  0.57420509322253899  0.58532709714883546
  0.59644474930329550  0.60728993887548322  0.61780257140470696  0.62828211397838285
  0.63914074197860304  0.64993495622747988  0.66054391560715386  0.67094744301971854
  0.68110546101872038  0.69116270148847014  0.70111527185875822  0.71128930181959993
  0.72168484358564622  0.73190295317532683  0.74162000640988246  0.75136905038497970
  0.76101138415616376  0.77063687424671046  0.78016526690449917  0.78977354077240713
  0.79954840949195083  0.80883354506794436  0.81832189078329021  0.82807169269306879
  0.83832300531138293  0.84868895821077139  0.85954477546881247  0.87094812218115569
  0.88202598112664454  0.89248325395457417  0.90284185489306434  0.91336995752421946
  0.92416151529062285  0.93530291721299441  0.94659706705784230  0.95803335172457194
  0.96907999510368537  0.97962362456052643  0.98972984730339064  1.00000000000000000
   2.2253009924005922E-008  -1.0000000000000000     
 F F F F F F F F F F F F F F F F F F F F F F F F F F F F F F F F F F F F F F F F F F F F F F F F F F F F F F F F F F F F F F F F F F F F F F F F F F F F F F F F F F F F F F F F F F F F F F F F F F F F F F F F F F F F F F F F F F F F F F F F F F F F F F F F
  <DiscreteSampler_grid>
  grouped_processes
  1 # 1 for a reference and 2 for a running grid.
  10 # Attribute 'min_bin_probing_points' of the grid.
  1 # Attribute 'grid_mode' of the grid. 1=='default',2=='initialization'
  0.0000000000000000 # Attribute 'small_contrib_threshold' of the grid.
  0.5000000000000000 # Attribute 'damping_power' of the grid.
 # binID   n_entries weight   weight_sqr   abs_weight
    10   10   6.062375951277766E+004   1.442120535978144E+010   6.062375951277766E+004
    16   10   6.062375951277766E+004   1.442120535978144E+010   6.062375951277766E+004
  </DiscreteSampler_grid>
