  0.00931915381159243  0.01579223065120278  0.02549309911479134  0.03701425007733924
  0.04802447717725288  0.05885229682076314  0.06948524376954496  0.07987945350019782
  0.09014544901744651  0.10006654808797714  0.10984075991661357  0.11977788969732418
  0.13049570252879386  0.14215476603813004  0.15302196136662119  0.16328157096354082
  0.17343710400690762  0.18336429723937450  0.19318002181211624  0.20288276393302510
  0.21273323413668310  0.22266147023563262  0.23266289883592131  0.24291092751388998
  0.25310388471583822  0.26325307945342019  0.27293171719533538  0.28221743464783117
  0.29126845602121981  0.30031751910772325  0.30957481577378626  0.31947800983302932
  0.32994816316373360  0.34067538212437043  0.35116481244004905  0.36135354483121745
  0.37157506303945126  0.38194212755085999  0.39216244418305746  0.40212670047428506
  0.41243008229564415  0.42366368852378533  0.43554635815750214  0.44710537734577294
  0.45826834501909181  0.46969641800298351  0.48096459662136865  0.49184516762781633
  0.50238725123825922  0.51263609232218676  0.52236979127536021  0.53153250350760328
  0.54046776031812493  0.54950324869485145  0.55904301790349309  0.56983040537563545
  0.58171656219899370  0.59347327726267851  0.60524542741959286  0.61715028067303312
  0.62856025497447188  0.63945066555786267  0.65029274002467941  0.66168691245343847
  0.67333166493696717  0.68476316271522475  0.69624846388898176  0.70785687548742260
  0.71912713660559413  0.72990271025148212  0.74047449531338749  0.75072644772144870
  0.76175710957266984  0.77297589045452186  0.78469308248249781  0.79605723739141165
  0.80696443291996856  0.81817825104703612  0.82983301653565966  0.84198828577596330
  0.85363686937071559  0.86288202857829377  0.87183293105556525  0.88062501901397572
  0.88938982762958441  0.89805048017321187  0.90687140522234855  0.91589406792165051
  0.92545945880877245  0.93545236357585670  0.94565250195250738  0.95614994471258574
  0.96646819072804646  0.97689659705392784  0.98819075273986312  1.00000000000000000
  0.00906398626199533  0.01654847160759120  0.02643496747683419  0.03684718378249818
  0.04664246129274952  0.05663383519689406  0.06653770116072236  0.07656650560764786
  0.08700380219598014  0.09782749238995923  0.10860736884986191  0.11878421952544184
  0.12903951344874248  0.13935809042975417  0.14990051797167833  0.16114555516056780
  0.17228487649102064  0.18316237110395878  0.19373820715899701  0.20449006241540763
  0.21441635273628293  0.22434815263843683  0.23414986384578049  0.24377558189270634
  0.25339447534728116  0.26288670008417775  0.27257302855132109  0.28260337867996865
  0.29332217369401548  0.30470623651406664  0.31595889878039124  0.32677204574207397
  0.33774369934710236  0.34900161642145100  0.36034845397658422  0.37157956622280708
  0.38290561327992129  0.39463512355855301  0.40619590894267432  0.41776638412198508
  0.42821231312724034  0.43854121068962182  0.44768491766540086  0.45715474127705147
  0.46570038071936048  0.47411031528410863  0.48245504702893072  0.49110086781368850
  0.50002509979138976  0.50927667824489375  0.51882777984462036  0.52857380729402059
  0.53879348883690492  0.54936312672105780  0.56011584184680607  0.57053375897178060
  0.58070484651887977  0.59078632277113796  0.60069965036391249  0.61101731604756526
  0.62172167908166198  0.63209950467448472  0.64175238192000295  0.65107234548298920
  0.66046028464684536  0.66984195538183666  0.67927174988494554  0.68903941879172104
  0.69921639299166294  0.70963504193510851  0.72008247359600441  0.73032275264596391
  0.74027232210415850  0.75065916033141977  0.76194118091793384  0.77338815733129940
  0.78459955137803683  0.79510531938480378  0.80552676812085455  0.81609379932031190
  0.82647865881978788  0.83665447290967532  0.84674876978861380  0.85723649837482629
  0.86814449056924803  0.87944017471079350  0.89095747258069324  0.90245739064561969
  0.91402324289907577  0.92579355137430119  0.93761043361973284  0.94857010106091066
  0.95923763722672450  0.96997445305551755  0.98068133457744544  1.00000000000000000
  0.05718178467107230  0.05803297868045718  0.05974548319037113  0.06197078484785724
  0.06442231270669564  0.06827130502394926  0.07221657077050718  0.07605759892038183
  0.08000583353307576  0.08401394205807917  0.08817427845623135  0.09232145210485428
  0.09645524422938835  0.10084865486029738  0.10528748197576265  0.10975740757817673
  0.11437236303783539  0.11905632709551414  0.12381308074815640  0.12865242085952061
  0.13361302955183130  0.13941014050776412  0.14466500431553220  0.14848918117905754
  0.14910886998689446  0.15032796232528137  0.15152030107391481  0.15305286539099400
  0.15538915684140295  0.15782283237487948  0.16020832221899686  0.16258303790189743
  0.16495083468405869  0.16734881680986979  0.16977368205823723  0.17219622702965162
  0.17460157073212099  0.17699086892854413  0.17939134009607377  0.18182059803839434
  0.18429029912894210  0.18679163911737087  0.18932302492137090  0.19194955882286360
  0.19463655499020299  0.19731930424578756  0.19999666179920955  0.20270132633246113
  0.20544772265745712  0.20824897022723335  0.21108223847674659  0.21390451444994946
  0.21675928354830626  0.21966408688436795  0.22261505242415203  0.22561711314460184
  0.22861250424694554  0.23163076802197480  0.23469694930226254  0.23783484854055292
  0.24101902257810326  0.24425207863699200  0.24753368383629787  0.25087613067198627
  0.25425918117384738  0.25767046724443565  0.26111736814730169  0.26464669397236990
  0.26827711703581414  0.27199280112054885  0.27581798547690262  0.27971743878281174
  0.28370508093666524  0.28779679917025358  0.29199412761783100  0.29634239851613731
  0.30091082332548080  0.30554981476276222  0.31032720829580368  0.31532843805018890
  0.32063297987632278  0.32628288730601013  0.33236849338403124  0.33889368099398753
  0.34584252846869329  0.35334378781050163  0.36158171782180210  0.37077234447784213
  0.38116064364493185  0.39335462113229491  0.40823014491825232  0.42686986724313303
  0.45320104654434518  0.49514612294379545  0.58551434249198497  1.00000000000000000
 -0.00237121395122594  0.01049229509712621  0.02141701491990887  0.03307515895087811
  0.04478613789497138  0.05635033358400353  0.06739670054746917  0.07806160500363518
  0.08870916713190047  0.09939463895562782  0.11013101108969131  0.12074753945781892
  0.13118761853698296  0.14167788235629392  0.15223081343936590  0.16280377571962618
  0.17289764577327152  0.18272778603643255  0.19257192186161154  0.20204716664104364
  0.21096690775705992  0.22002128177519917  0.22946053316692752  0.23952322213137972
  0.24901902681538796  0.25854197607956642  0.26776775824136195  0.27747883293158815
  0.28731174737845155  0.29813694002452340  0.30952549851288874  0.31988355710852584
  0.32972174984234665  0.33897736916761056  0.34820200525700945  0.35758603552078533
  0.36630075886704727  0.37493311107270161  0.38405211281367102  0.39341031693930956
  0.40287667634951885  0.41263734326692164  0.42228414835288314  0.43209185773077513
  0.44199141843111783  0.45222347036610860  0.46280207760649500  0.47348502847201845
  0.48392450607003584  0.49432178346631334  0.50518722034874186  0.51630255414717896
  0.52715385553671679  0.53746514555126723  0.54729410443945692  0.55682847555490300
  0.56637896048634429  0.57616379857457678  0.58624651514463255  0.59673037159388442
  0.60752206907408091  0.61886021131977620  0.63074795058653288  0.64266250805106195
  0.65435855848391733  0.66570972274869866  0.67601830949593145  0.68597741882988938
  0.69559383534107178  0.70479251468137727  0.71395852652933423  0.72314863358026482
  0.73271019513986158  0.74324613521118532  0.75450178810139934  0.76702562578032685
  0.77896555322805283  0.78998743048161935  0.80121397416631768  0.81224628428733070
  0.82396699079622027  0.83592946898123299  0.84906619047978460  0.86164063863936691
  0.87416516520135923  0.88645264740374685  0.89826577077863223  0.90916098867806416
  0.92004000119889462  0.93116297186432984  0.94301284891999015  0.95507994331043911
  0.96647666862388970  0.97771159196030888  0.98868075849976900  1.00000000000000000
 -0.00238857436399224  0.00886930905520782  0.01808181891743497  0.02871435501621937
  0.03887762825938665  0.04938982727249851  0.05970712451020156  0.06989784835740498
  0.07980695319436978  0.08938106668478910  0.09922960461794149  0.10897318761596199
  0.11850823508257465  0.12846552676734993  0.13899907399158190  0.15004743010642294
  0.16131347121228437  0.17247618852220248  0.18298553157783626  0.19328769891514949
  0.20387790636083250  0.21458743037824646  0.22534969965933249  0.23598852862208758
  0.24641136175679398  0.25628920402837091  0.26611909861378430  0.27634585701471442
  0.28722017976847525  0.29716753362325904  0.30612663001778889  0.31497670881845979
  0.32437875045743442  0.33413518588906321  0.34296161555474691  0.35162450470219775
  0.36113724861432622  0.37109894240710173  0.38097298716622546  0.39088228522551105
  0.40148738805568207  0.41381316104608296  0.42436554181859265  0.43435901718810044
  0.44446228816306405  0.45446237282814061  0.46415587659980062  0.47327756429991663
  0.48288312604629896  0.49342807959062751  0.50444145621255765  0.51542395712100231
  0.52654340077315376  0.53802702191275220  0.54928288005129988  0.56081475836372952
  0.57316997747794707  0.58558074859998455  0.59760252012278614  0.60923618144182801
  0.62092953675548013  0.63243799623450336  0.64371033853722914  0.65453601864822553
  0.66516655697479132  0.67580574392603510  0.68639892166912031  0.69693973222684535
  0.70795152880319145  0.71989110283442503  0.73185967844469313  0.74333519746957133
  0.75443936773875908  0.76483838435244034  0.77461386461498682  0.78382335452568386
  0.79278180279733335  0.80214803029554882  0.81200236726978026  0.82242774732569290
  0.83271787823381027  0.84282832648529238  0.85259925008371829  0.86218078519786623
  0.87157087159260016  0.88163482120231895  0.89289869668881450  0.90497103015419100
  0.91745704870239697  0.92939034936111342  0.94140198671193376  0.95359908401375548
  0.96559296033197783  0.97727492021473727  0.98856160194185805  1.00000000000000000
 -0.00334179564412180  0.01442174477277081  0.02910703028525990  0.04426739139652877
  0.05767437253772215  0.07015197102416226  0.08117016878793239  0.09165913200713902
  0.10190020588177087  0.11228370226537163  0.12257770053571256  0.13282352880378262
  0.14330019048765918  0.15373194279001653  0.16433562811143271  0.17515875227847835
  0.18642828996645022  0.19725940821713270  0.20744379027860288  0.21699722314138417
  0.22646537010212756  0.23598649480946202  0.24560775624747627  0.25616457891978661
  0.26752029942768296  0.27811055526667894  0.28830046717007302  0.29880561301312097
  0.30947778603397341  0.31935716044498447  0.32828271452481173  0.33736992971808183
  0.34641776933102170  0.35572897462135494  0.36493960362110844  0.37431170610962361
  0.38395510206722605  0.39376281962710585  0.40415932846869329  0.41484745101675913
  0.42524991183641014  0.43552727508051159  0.44578119001381528  0.45622429465754122
  0.46637557948096442  0.47606024718333728  0.48614413640858961  0.49663392656284649
  0.50715771383610475  0.51757212850086232  0.52824597358762393  0.53934982485809646
  0.54956269812771497  0.55927889799411801  0.56868870266618332  0.57844034450303305
  0.58833498473864676  0.59800849374399623  0.60838490954509761  0.61958444345224051
  0.63043837388456914  0.64090550614598196  0.65099455251212757  0.66097556683649250
  0.67058101168717443  0.67943748440138818  0.68803691906478259  0.69658997505156506
  0.70514960324061349  0.71321051922582868  0.72121659918763381  0.72980226821389882
  0.74040390126002908  0.75003587304407648  0.75929206977321173  0.76860714885442249
  0.77971216346196615  0.79102804553525574  0.80181856052376577  0.81262892568104528
  0.82355709417583545  0.83418233008611498  0.84375563873091375  0.85368978802588313
  0.86450462787233040  0.87590717768988879  0.88646619452865105  0.89739910273524703
  0.90963474718400017  0.92198622386100049  0.93429071257330498  0.94652309026214265
  0.95909679441376505  0.97186150458547693  0.98539018517735733  1.00000000000000000
 -0.00284130064580398  0.01009704330117362  0.02217948442072168  0.03418545095267049
  0.04611450802624155  0.05764072386880578  0.06908253137011795  0.08076952986304857
  0.09262660857449771  0.10462455832749901  0.11648643489556226  0.12807808579101518
  0.13957521948339918  0.15052668306887165  0.16074268098544464  0.17057592943748917
  0.17993284027571771  0.18910370873653748  0.19808930494766847  0.20742736852107363
  0.21734092180745898  0.22750503030739858  0.23782398686879616  0.24809175951625465
  0.25853340826940202  0.26891645152907201  0.27873892997458410  0.28845513724155813
  0.29874233330922767  0.30968508951788648  0.32061520358326479  0.33164166217951385
  0.34322770298447181  0.35503766192104830  0.36667092505456933  0.37780313373744068
  0.38848672472878637  0.39914839106739697  0.40992590424123287  0.42090563184862079
  0.43207788249014289  0.44321105667322619  0.45438768957727266  0.46547666844379865
  0.47643228243301650  0.48711374131492718  0.49743264143467419  0.50814961010691173
  0.51922254960036884  0.53029683327642496  0.54095053286178785  0.55024274626259717
  0.56003550897880627  0.56990512826421524  0.57964391735869425  0.58905282849851692
  0.59863841912667382  0.60908542804966170  0.62045488801551096  0.63113925321524311
  0.64145356893839267  0.65160323846425094  0.66154744014581646  0.67149703428553342
  0.68169574204054706  0.69230054510555095  0.70284764894562646  0.71364073266974237
  0.72467434213492288  0.73484514886473451  0.74453781095366178  0.75418267802271410
  0.76370305236463076  0.77334481128760368  0.78320208811319592  0.79376841745869597
  0.80510164443760124  0.81562125813478459  0.82557103299985957  0.83572381828056042
  0.84646592414750432  0.85695074029603835  0.86649022951204202  0.87610235647450274
  0.88645410093843524  0.89662354384364951  0.90582508527627470  0.91459039328792724
  0.92402186931516794  0.93385416749220840  0.94377350574916585  0.95374211422556476
  0.96439019006012616  0.97649288959362679  0.98840147628329666  1.00000000000000000
 -0.00224615023857579  0.00875627472223771  0.01844114509131719  0.02883793372370435
  0.03972504669179230  0.05089621666183257  0.06221697668732211  0.07368328554488422
  0.08514397104298983  0.09682027240290786  0.10870529387322388  0.12138421287415525
  0.13297667396177812  0.14363882258248248  0.15313094689910134  0.16217556154232518
  0.17154458346557916  0.18106947824052261  0.19076016626086589  0.20115363734081881
  0.21163162498063259  0.22257486421179601  0.23331503200309750  0.24358718924615810
  0.25369701532946060  0.26413590004731574  0.27509753946842369  0.28600064659755331
  0.29669958883369130  0.30700737468268618  0.31635463325755686  0.32518176687224587
  0.33433775549638567  0.34427707720085921  0.35412006647469285  0.36395198082802449
  0.37406372869742732  0.38512425616941087  0.39666330096202074  0.40775289685514948
  0.41878919332879583  0.42935002815016998  0.43957670684678513  0.44978138867900908
  0.46023015293346614  0.47147641697066967  0.48343011864512520  0.49592355870049143
  0.50819937721034147  0.51982172985887409  0.53127990271128533  0.54244148834933281
  0.55310857599185559  0.56390864354750092  0.57481117375651425  0.58568659887011121
  0.59562897572722051  0.60539833912054553  0.61500097290646005  0.62431463063772918
  0.63356831323883778  0.64279997642392706  0.65234797925129995  0.66239874336505200
  0.67340350203329313  0.68555759482708645  0.69850755320240432  0.71102288846384420
  0.72259187077288844  0.73380088430747925  0.74496237924350839  0.75547718121666751
  0.76591243974669521  0.77660715819008486  0.78787048812985105  0.79924494870588825
  0.81048209226769141  0.82207168751379212  0.83362736608049526  0.84431368337382107
  0.85456823454111486  0.86444067237713929  0.87404110099481869  0.88339896725832734
  0.89263213616590120  0.90203353736877467  0.91130032778557224  0.92092571985720273
  0.93100717155121315  0.94145183665488286  0.95214219683261236  0.96222228497226503
  0.97167545110773301  0.98119850869731284  0.99042394039633919  1.00000000000000000
   2.1904529380471505E-008  -1.0000000000000000     
 F F F F F F F F F F F F F F F F F F F F F F F F F F F F F F F F F F F F F F F F F F F F F F F F F F F F F F F F F F F F F F F F F F F F F F F F F F F F F F F F F F F F F F F F F F F F F F F F F F F F F F F F F F F F F F F F F F F F F F F F F F F F F F F F
  <DiscreteSampler_grid>
  grouped_processes
  1 # 1 for a reference and 2 for a running grid.
  10 # Attribute 'min_bin_probing_points' of the grid.
  1 # Attribute 'grid_mode' of the grid. 1=='default',2=='initialization'
  0.0000000000000000 # Attribute 'small_contrib_threshold' of the grid.
  0.5000000000000000 # Attribute 'damping_power' of the grid.
 # binID   n_entries weight   weight_sqr   abs_weight
    10   10   3.783602610408932E+004   4.077726387090335E+009   3.783602610408932E+004
    16   10   3.783602610408932E+004   4.077726387090335E+009   3.783602610408932E+004
  </DiscreteSampler_grid>
