  0.00951975261481218  0.01502417511788911  0.02411232284037997  0.03447320855605400
  0.04448540815356485  0.05394968300886408  0.06355090109334043  0.07347220640790907
  0.08346252313263830  0.09331545370398561  0.10343634549583776  0.11401110458816233
  0.12470394018304844  0.13515439543612101  0.14591322843479890  0.15675615932686018
  0.16698933936457624  0.17661858008254130  0.18629820107907200  0.19654469850754092
  0.20706424683121852  0.21793264124847825  0.22926473770213990  0.24100992786678613
  0.25252733877881273  0.26384837823267843  0.27446462075061562  0.28446087220025984
  0.29433771669999997  0.30435927779666777  0.31441238951746425  0.32396860611188871
  0.33340773686224967  0.34314163154096361  0.35281868755905627  0.36265216785229881
  0.37245028244174699  0.38249254300199498  0.39274018598409605  0.40292384844262147
  0.41324741787890956  0.42447561067413897  0.43583894068771134  0.44578701181456004
  0.45519809032196512  0.46513055090684180  0.47517668379926270  0.48531078532429289
  0.49579611537003704  0.50748136549152378  0.51955131774801355  0.53068184500529891
  0.54138364168001818  0.55212773346766475  0.56290904130296782  0.57373270934749154
  0.58491358297758655  0.59681364142019955  0.60917416096613186  0.62153069285670848
  0.63336999266804794  0.64458453881109612  0.65553996159554162  0.66635242471791900
  0.67717254820420603  0.68856826906776680  0.70090360752559733  0.71267397796472121
  0.72369286157220891  0.73406704559702218  0.74388883054048682  0.75330425581945570
  0.76178536050535639  0.77081331665478880  0.78026247144968652  0.79000117756741273
  0.79996176752321968  0.80965803573255701  0.82110990799571082  0.83290945011603867
  0.84384975643136240  0.85444075302993971  0.86474562319624337  0.87515271773476888
  0.88624727954372484  0.89724036475644287  0.90841654654965054  0.91930059313589818
  0.93007388225771392  0.94042977176531573  0.95034530817864304  0.96032822622449809
  0.97064246073775184  0.98051440104778065  0.99150074913263420  1.00000000000000000
  0.00897966652327786  0.01692828313481944  0.02780851130938631  0.03903840789204101
  0.05021388816163398  0.06160474704797916  0.07354313932912623  0.08481153835659451
  0.09607762116013049  0.10680047193535976  0.11751468931184754  0.12818512123754625
  0.13866709310228092  0.14940504251869929  0.16015241310961034  0.17069749856673680
  0.18087339458256863  0.19140550510374260  0.20225526920792589  0.21262136868253070
  0.22268308243209922  0.23297350386420768  0.24337917551293728  0.25377838982716072
  0.26381710057905133  0.27347486474850119  0.28348651177732859  0.29339810370220037
  0.30449023396157460  0.31518136754398801  0.32569586251072574  0.33625044676165511
  0.34736470750655907  0.35802749723233190  0.36786482030074646  0.37805122003601233
  0.38797030128166210  0.39758577762704678  0.40692727120253502  0.41593190894639437
  0.42507482038287431  0.43422490427340332  0.44411310408898724  0.45444054101110148
  0.46545624798908886  0.47656373166099109  0.48777802447125534  0.49888594582345813
  0.50973515899512956  0.52069196683383279  0.53146153843512789  0.54248379783064982
  0.55334177265863915  0.56449319285728106  0.57574613245428696  0.58746621302541668
  0.59960228689149309  0.61128255690883693  0.62227073140685329  0.63234304693248378
  0.64202079739750972  0.65159073090046504  0.66103581612929796  0.67076121466732341
  0.68043494458571885  0.69037912931558199  0.70086607906348841  0.71120878571464374
  0.72146757675222006  0.73153226755887968  0.74176067988308569  0.75253564364640679
  0.76419206499515013  0.77536483627964947  0.78635002180216040  0.79701431264801603
  0.80778112365296983  0.81754259470477397  0.82745402984145500  0.83772310120919735
  0.84813508937828852  0.85784008593633509  0.86791397888351995  0.87821549746476069
  0.88987401959712176  0.90147585888078707  0.91325467168924335  0.92435357273508068
  0.93485652234955641  0.94494744973215150  0.95494713369435569  0.96455465226705561
  0.97374814485591388  0.98306214117595669  0.99092460338218435  1.00000000000000000
  0.05666343668140463  0.05829701887965512  0.06045973758202351  0.06291272271648034
  0.06547836101779066  0.06918148283175686  0.07297555730640198  0.07666615363270207
  0.08047512074011871  0.08435091979833215  0.08842125248668763  0.09249363599479328
  0.09656827307124777  0.10091659342715305  0.10531353746425488  0.10973196687540505
  0.11431592520080336  0.11896210043407324  0.12363554870498239  0.12846233833995349
  0.13344364790556310  0.13901242446143691  0.14364369481773251  0.14712215023365410
  0.14893343641437326  0.15004171515167275  0.15126063702729306  0.15247241622493615
  0.15487943787838257  0.15734541961351534  0.15975837380637661  0.16216042851133816
  0.16457295562206173  0.16698755189579975  0.16942111063734561  0.17186333930333816
  0.17432207943796788  0.17678577543216556  0.17924244804773340  0.18168195405703630
  0.18413268836094998  0.18663171221508615  0.18916053752393877  0.19173353065799734
  0.19432684185955965  0.19692472623349827  0.19955282973359656  0.20222786839829510
  0.20496179008824245  0.20774451412536010  0.21053825118366365  0.21333452315273771
  0.21614502241272837  0.21898059944450177  0.22186650619975870  0.22482978328699155
  0.22782815097104772  0.23087916741990439  0.23397334802341466  0.23711693883936993
  0.24031579724940333  0.24354814443695497  0.24680603534024806  0.25010489134968683
  0.25347814902662208  0.25694237129075448  0.26048581100495455  0.26407320364048137
  0.26768892785894244  0.27136856341542182  0.27514495973581393  0.27902816373920863
  0.28305777612863897  0.28724711071662767  0.29157253326366517  0.29601493405223989
  0.30062004070398518  0.30538353577476790  0.31034552778533109  0.31551442707130789
  0.32087968899480190  0.32651316842978806  0.33253240205610762  0.33901256028652244
  0.34594726617775251  0.35361216395820727  0.36206039610962015  0.37143697519236862
  0.38197713962380891  0.39417744140523869  0.40940115969119728  0.42828684148404461
  0.45463946884934819  0.49779214572243002  0.58582476446868847  1.00000000000000000
 -0.00298432928398930  0.01154026660397560  0.02435521840845921  0.03760295833879494
  0.04996789809820052  0.06171667240771814  0.07259392773916885  0.08339331997288363
  0.09458835798455080  0.10514494590309975  0.11657494616868048  0.12675177878024657
  0.13796781455993351  0.14894790844695852  0.16027089674077855  0.17205972155147850
  0.18399044567538780  0.19606873844696229  0.20814762819948363  0.21973571679102280
  0.23113307344828837  0.24256521578170523  0.25401862135727832  0.26557817594076311
  0.27658243192799065  0.28730755899079635  0.29806733942511066  0.30854344451257759
  0.31853349300702083  0.32826708783584380  0.33749449230733752  0.34615930231037445
  0.35515917211026138  0.36432768851987268  0.37337044690683080  0.38241306106025369
  0.39173163420844337  0.40104111602924625  0.40993836683364032  0.41851838916336576
  0.42704826103040311  0.43574686332545653  0.44462872360021477  0.45347162190315449
  0.46251566886097739  0.47198201774424930  0.48159705299756861  0.49146180541813989
  0.50117002333636740  0.51063521458738881  0.52017914922087072  0.52994572131956397
  0.53957029617389696  0.54878137170431684  0.55779863045086475  0.56711953618146771
  0.57693106811282091  0.58690318041635336  0.59700446972969778  0.60756865737679344
  0.61832504754812401  0.62887757586930570  0.63908210027488688  0.64966718729830530
  0.66041127299119007  0.67115675690287613  0.68213022880542995  0.69307996691813811
  0.70381492065506301  0.71397782251769981  0.72382270148439054  0.73409057747527884
  0.74472296334309096  0.75536813015985682  0.76544254362539066  0.77543948775575411
  0.78584446477915504  0.79645002466878501  0.80729747284078357  0.81874359080782055
  0.83082971238890957  0.84191565820640946  0.85266218671657990  0.86324644635944514
  0.87401129451922754  0.88506553742241001  0.89629999516315240  0.90739904387914805
  0.91830039491328919  0.92920991417430754  0.94022156173090132  0.95101649386877096
  0.96276976408080450  0.97503394737547611  0.98756818306641081  1.00000000000000000
 -0.00204648109965448  0.00779785974921220  0.01680390140684316  0.02632879116934478
  0.03657094270132067  0.04688985298276970  0.05677722957789087  0.06712681322681047
  0.07753790756269377  0.08829548311334644  0.09958712735196044  0.11184107073600423
  0.12429098254156917  0.13521882355458897  0.14548153805528968  0.15584130641369229
  0.16621479767968644  0.17707664395598202  0.18787595833407852  0.19973582831919334
  0.21104484580078853  0.22231571938047642  0.23323330438102632  0.24447970003092731
  0.25480025669174744  0.26512924337563759  0.27503852906501131  0.28505953102548032
  0.29526990763399830  0.30602944118111602  0.31753907009113441  0.32923846473687324
  0.34069112786718436  0.35253638004569449  0.36477282299349467  0.37666679388408586
  0.38824490955639190  0.39918681357930796  0.40991206001291247  0.42105769439032009
  0.43197433450452366  0.44240514695804783  0.45243275203967442  0.46335287705088768
  0.47491654235517722  0.48666636070891600  0.49808129568551895  0.50897486359257371
  0.51941433940170711  0.52933477138849538  0.53919474968339187  0.54864609370447870
  0.55805658179779705  0.56770865613759502  0.57771828673622294  0.58802663796020038
  0.59847670149777776  0.60894724002262401  0.61954072911804348  0.62959646775633527
  0.63923246925402000  0.64897815980097573  0.65872058748945939  0.66850686223713707
  0.67833241226591667  0.68784927031165610  0.69692533558276726  0.70637565354575915
  0.71568417891239899  0.72461864241586826  0.73371770965380856  0.74279531302097879
  0.75233358079888601  0.76344369153983227  0.77447116718229658  0.78528133848724146
  0.79590545411627345  0.80657676129122235  0.81732703916059368  0.82818745730169463
  0.83926486817746593  0.85128644241683826  0.86284032776801689  0.87403453349741966
  0.88527320813921972  0.89615694786308997  0.90714300952827431  0.91789722532088591
  0.92876831189721698  0.93994594446520474  0.95049743522165320  0.96039992717270328
  0.96998826390964255  0.97973789342810991  0.98983833313934000  1.00000000000000000
 -0.00347867289533333  0.01403923786202946  0.02803823991867773  0.04217227868072301
  0.05555419902437494  0.06766113569404909  0.07877290407563443  0.08982483657160741
  0.10025068504119693  0.11043372563044250  0.12000430303398500  0.13172022064884489
  0.14480050502464586  0.15711340494784620  0.16911594613675249  0.18036304183420904
  0.19170996141702817  0.20301830652411959  0.21335443018540284  0.22309496184205438
  0.23272496860864597  0.24255819493858807  0.25227246561454064  0.26212908618410014
  0.27289470829389800  0.28486052181214494  0.29597350941544603  0.30658052827099330
  0.31632194508187061  0.32553295696084544  0.33473543119907651  0.34404779997572260
  0.35325727805968382  0.36233908517110586  0.37147924348555389  0.38112986981868729
  0.39121738186720401  0.40104877971690123  0.41123678783812806  0.42200579952806255
  0.43320628263764943  0.44396875276116948  0.45437958136635370  0.46445902839272069
  0.47454940035095816  0.48460865398368602  0.49433947214518431  0.50405633519356996
  0.51379115270214581  0.52358962951884569  0.53367261258102427  0.54433445587048779
  0.55555757673156070  0.56705105990571947  0.57830928477625387  0.58916376748256138
  0.60006482931449912  0.61105959119709874  0.62245063071107332  0.63375522701469778
  0.64477057194156573  0.65541826347152843  0.66571157948283155  0.67592749189460266
  0.68615439729858929  0.69598297705188539  0.70542304962986535  0.71464770949760659
  0.72383492174414599  0.73338985226987696  0.74342434071266750  0.75356830285747733
  0.76343550541094030  0.77310426123101517  0.78271468398713173  0.79199812301544714
  0.80131135387977281  0.81102487576989102  0.82192298896681149  0.83341028103128845
  0.84454299215861828  0.85572049882593215  0.86552167032531446  0.87521195073506297
  0.88424220769628969  0.89293955972301164  0.90157065186653740  0.91041311554456883
  0.91979406474521819  0.92959781539041186  0.93967833047979177  0.95304539147706180
  0.96481558469039497  0.97668867626248212  0.98840163008178383  1.00000000000000000
 -0.00241228766329482  0.00935783403953458  0.02007393871533023  0.03025966748909831
  0.04073985599359466  0.05065630106824429  0.06045685720772006  0.07058592851020480
  0.08087379341916290  0.09148426040528140  0.10234942595235906  0.11300500996589528
  0.12389337695948260  0.13435274317067575  0.14455662878727485  0.15535580131627708
  0.16571215818386742  0.17665400731225980  0.18702939070535243  0.19776352879093312
  0.20818149507242548  0.21759635635455446  0.22703934746559126  0.23684622844695924
  0.24676155299167879  0.25601195841223079  0.26488027543448894  0.27441084920486736
  0.28431045234191893  0.29393327750967102  0.30317699389153030  0.31273638720271241
  0.32314087611589482  0.33360597781977691  0.34378911954191466  0.35374166249530642
  0.36438367631327406  0.37545577791581963  0.38692341183747847  0.39916948599664009
  0.41144357466716031  0.42297666371592701  0.43324899327749489  0.44384936957063220
  0.45428931560066044  0.46495731870671192  0.47490276528464059  0.48556663783442444
  0.49677560431625722  0.50924290149730966  0.52165013925195880  0.53370388590955897
  0.54412184300939648  0.55366904917179105  0.56380048069088828  0.57384346346703763
  0.58365082165873583  0.59305075689141951  0.60305074382179069  0.61363147599846335
  0.62424644380685501  0.63460813060430843  0.64497946099090608  0.65517764145801027
  0.66491722112670426  0.67421481533802485  0.68360031011916500  0.69340298317816762
  0.70312815789465133  0.71282328397406514  0.72239955279468115  0.73228613482202787
  0.74272020427766339  0.75348051466937038  0.76516127023722846  0.77695590117757518
  0.78901633341122879  0.80096244459475030  0.81243638378326244  0.82367016299458029
  0.83518203982693218  0.84712479660719886  0.85898661532044085  0.87033198464732842
  0.88191772952183678  0.89347382375839712  0.90393769138372360  0.91367821733546528
  0.92379509126676818  0.93416218901076520  0.94449820565138964  0.95492447261579361
  0.96603235925017483  0.97773695752614143  0.98903168128091534  1.00000000000000000
 -0.00259509228181106  0.00924689771773729  0.01949630269918416  0.03052934728741619
  0.04183064637748076  0.05246958227165632  0.06312468750744360  0.07303998135875014
  0.08302026746103940  0.09268710074247319  0.10250798687648260  0.11149713883817265
  0.12049898539789358  0.12909721756009149  0.13828998831118675  0.14774347304076024
  0.15707943465189375  0.16614802199662293  0.17636693109104951  0.18734020518678962
  0.19828184318038014  0.20937051086984632  0.22147794386003192  0.23398259639248697
  0.24588366717242957  0.25781062308602620  0.26956873791950731  0.28003551105492297
  0.29006668509184980  0.29966804343284975  0.30930492996830450  0.31889469413368082
  0.32807352226353037  0.33737000228181407  0.34687277944381018  0.35657505284446506
  0.36642436144739510  0.37652751569430237  0.38719964085033115  0.39791623198847526
  0.40860346891406035  0.41928650236471099  0.42999589820911893  0.44061331797741277
  0.45093168275952822  0.46145901541422302  0.47246115480943984  0.48364493976590750
  0.49481214853601840  0.50572368594868022  0.51641285555538641  0.52708256629687067
  0.53771484502824463  0.54788741126394702  0.55769783490829916  0.56761343107265738
  0.57760541331423576  0.58763451630166907  0.59792541879892014  0.60906458310750100
  0.62091678188605737  0.63270788681060108  0.64429797878132478  0.65571153574370533
  0.66710395092236296  0.67864032737888269  0.68993117345495325  0.70218992924269774
  0.71304077664659715  0.72368242558030982  0.73432218784486436  0.74530207819480931
  0.75608704026788631  0.76707027806477590  0.77820981204506479  0.78928020020224221
  0.79924685832315734  0.80882453392359388  0.81811769673044676  0.82758636077742265
  0.83727721423437274  0.84727295312187478  0.85732570204538416  0.86727508888292248
  0.87692998767689645  0.88662290437900015  0.89628735423235950  0.90630429390450173
  0.91634326324348125  0.92739557623747471  0.93904322018417818  0.95146566695611312
  0.96389062321381247  0.97622183315233091  0.98827372007065850  1.00000000000000000
   2.2318498502212904E-008  -1.0000000000000000     
 F F F F F F F F F F F F F F F F F F F F F F F F F F F F F F F F F F F F F F F F F F F F F F F F F F F F F F F F F F F F F F F F F F F F F F F F F F F F F F F F F F F F F F F F F F F F F F F F F F F F F F F F F F F F F F F F F F F F F F F F F F F F F F F F
  <DiscreteSampler_grid>
  grouped_processes
  1 # 1 for a reference and 2 for a running grid.
  10 # Attribute 'min_bin_probing_points' of the grid.
  1 # Attribute 'grid_mode' of the grid. 1=='default',2=='initialization'
  0.0000000000000000 # Attribute 'small_contrib_threshold' of the grid.
  0.5000000000000000 # Attribute 'damping_power' of the grid.
 # binID   n_entries weight   weight_sqr   abs_weight
    10   10   6.039323044441064E+004   1.031038717006915E+010   6.039323044441064E+004
    16   10   6.039323044441064E+004   1.031038717006915E+010   6.039323044441064E+004
  </DiscreteSampler_grid>
