  0.00906626353077766  0.01681895197373234  0.02672123764235779  0.03672860525822187
  0.04661271389916734  0.05677154815416901  0.06733559607132319  0.07770797853332362
  0.08825320239723659  0.09897244957732285  0.10981905297086333  0.12086724145593139
  0.13174475915000119  0.14213182800830337  0.15254823611794197  0.16321237820858045
  0.17364885254822018  0.18381274462457181  0.19434543839849006  0.20505776068459325
  0.21519647377383938  0.22498614678669229  0.23549840401270999  0.24622154682895472
  0.25718436951175266  0.26812437505841707  0.28000121031393210  0.29183958357312273
  0.30271353688227481  0.31315914867236655  0.32260589288211433  0.33213881912412768
  0.34168079618197539  0.35179297209150129  0.36120895341066361  0.37078107257897308
  0.38046864044903839  0.39090621103397505  0.40092000775727499  0.41104278989752530
  0.42149622046381485  0.43169535126380426  0.44189874445806521  0.45234060786189584
  0.46333410218019289  0.47400747187389103  0.48482959031034356  0.49595428777361250
  0.50744593442391539  0.51967494303932049  0.53235192521603480  0.54434805384292861
  0.55531956950677663  0.56581754859158007  0.57586087634384564  0.58565862814906611
  0.59507351339970915  0.60422233570106143  0.61324097240107323  0.62241491322445597
  0.63234395470807936  0.64225902148944536  0.65203318157422807  0.66177415787789096
  0.67186699197858102  0.68202013360223646  0.69252573503200232  0.70320027719247669
  0.71357483989824055  0.72365774307243269  0.73378141084782700  0.74439330917263469
  0.75481961273447806  0.76453722738589958  0.77387318063329802  0.78307446634894595
  0.79235919998824955  0.80160299825206505  0.81095496550353052  0.82070739605159471
  0.83070297451584330  0.84096411865388399  0.85166201111330664  0.86306177400866047
  0.87457239548304777  0.88582258917656853  0.89708624040701934  0.90837366529006514
  0.91989256444683498  0.93177236334199853  0.94382063041881792  0.95586035248769363
  0.96758051722129279  0.97876782581999211  0.98960641793552007  1.00000000000000000
  0.00924998421948598  0.01605169410334908  0.02553476437458177  0.03570471026560774
  0.04582265583093612  0.05616877768198879  0.06679989437233788  0.07734075152129187
  0.08753150821859473  0.09741937911204580  0.10709391384203090  0.11682939552138569
  0.12686029885493469  0.13691205867552378  0.14706998753386788  0.15750937683386806
  0.16803648071941552  0.17850849744305464  0.18904514053970553  0.19951576367165624
  0.20966478793352603  0.21926055783654405  0.22870600126391119  0.23827499008736755
  0.24787332627622433  0.25783190684308432  0.26813995693306308  0.27929266752324455
  0.29110423522376078  0.30251690906689072  0.31371836644861734  0.32449706095833686
  0.33505140775572834  0.34563354210867558  0.35633149234429029  0.36710975555630304
  0.37779739247970784  0.38829679915122378  0.39892634568626006  0.40976097312652532
  0.42105384806899226  0.43279100381081503  0.44418720751716317  0.45554657802203641
  0.46709779615196922  0.47863399719469635  0.48977991094448392  0.50068000893914988
  0.51222043374428505  0.52321726226856835  0.53334934977671145  0.54292637347523709
  0.55259428203246685  0.56253938902106071  0.57217234019404006  0.58138746867532853
  0.59095454198946529  0.60049646047060101  0.60998127102758670  0.61957942294870449
  0.62951608516892588  0.63953733720791084  0.64946256025925242  0.65946971795454401
  0.66975729042481791  0.68012147601774608  0.69039616742516985  0.70050569545692487
  0.71065596635968431  0.72047843465985861  0.73005995780492328  0.73969367123353391
  0.74951766944149212  0.75973944842317298  0.77011839984799957  0.78099508760657133
  0.79185487876663396  0.80241526245290218  0.81275116641000111  0.82290533196283944
  0.83302556808570294  0.84297321720147822  0.85275977715509410  0.86257591233068365
  0.87288081490071112  0.88388312477588649  0.89579586081125595  0.90751585513030641
  0.91908079229603723  0.93040069887239008  0.94108403357503778  0.95202873126343535
  0.96298008241496880  0.97469264532887645  0.98722209951613915  1.00000000000000000
  0.05632875130547776  0.05879660848619813  0.06114133916893341  0.06355264154784533
  0.06613606907654383  0.06980676686565339  0.07365209792103224  0.07739222905415914
  0.08122962074896892  0.08512920255846511  0.08919454096746200  0.09324998346045804
  0.09728567304020627  0.10154540681990436  0.10587654690238757  0.11023477453564695
  0.11475077370405108  0.11936745860086592  0.12404950551528390  0.12883437430194611
  0.13370030971163399  0.13941403924207668  0.14452518097953571  0.14832386778707851
  0.14906782967494664  0.15028676735209906  0.15148436147825278  0.15298172718416247
  0.15531842438141313  0.15772761519374368  0.16012118366333161  0.16252152937552672
  0.16491179291763705  0.16727164712149167  0.16962274828641974  0.17198056552724492
  0.17437630067036430  0.17680028870604209  0.17923337520037497  0.18166697040063595
  0.18411621832376193  0.18661070258531254  0.18914045316969125  0.19170900097709273
  0.19431481529829331  0.19697072109305475  0.19967359395731732  0.20240150647800456
  0.20514192907554751  0.20792660067194915  0.21075167474041046  0.21361159401142349
  0.21651797754313995  0.21943988969133507  0.22237981348692618  0.22533256843044860
  0.22831668106217465  0.23135752284742914  0.23444199212496761  0.23755854186088049
  0.24071500292543652  0.24391294582322920  0.24714760905788968  0.25044400780420029
  0.25380351993543976  0.25722214165207596  0.26070809742763945  0.26428933684015710
  0.26795206265343180  0.27169572408789933  0.27553542865613201  0.27945992363754307
  0.28348356882345793  0.28760183118667942  0.29188401234191447  0.29626289949480616
  0.30083194912723504  0.30557374324859521  0.31056680922977548  0.31577840925518619
  0.32120000173953794  0.32688922090540184  0.33293067527471870  0.33942600668310752
  0.34644980514430013  0.35412286780519964  0.36250051192781346  0.37193509135084379
  0.38261864155577935  0.39486579301489372  0.40992578297837895  0.42853576877652388
  0.45498438010925446  0.49806098774175489  0.58441888901438699  1.00000000000000000
 -0.00231444886061628  0.00956867981879281  0.02005747405509579  0.03233584818336771
  0.04420842773482666  0.05469742123374585  0.06524915810614845  0.07689168604787375
  0.08819090578488742  0.09914714877805302  0.11008816738979384  0.12102164626901531
  0.13178064308249859  0.14244349749515345  0.15319849506652261  0.16413999021997860
  0.17499927068923785  0.18545340390678824  0.19525611692593434  0.20490689847874358
  0.21486261170646653  0.22528362263354701  0.23633805092690111  0.24744494535523351
  0.25813541514260469  0.26853737566610780  0.27838776257427122  0.28815505607151376
  0.29802329543610184  0.30801619588994300  0.31779835158852709  0.32736597634980463
  0.33704434446054382  0.34710558507755834  0.35726542813469048  0.36747780603137703
  0.37767066114181663  0.38839890594064058  0.39915641879432490  0.40971887089947556
  0.42000426959153725  0.42998729893401288  0.44006027405590292  0.45055100150808330
  0.46062743026614567  0.47018834047409330  0.47962189747205247  0.48913633374461024
  0.49852093364456568  0.50748707241009317  0.51633338737021617  0.52572828593347909
  0.53581681074857956  0.54581432466414070  0.55554998968518809  0.56575039976455110
  0.57674927757054339  0.58802072030895192  0.59781742074786726  0.60769485775870813
  0.61660190241939905  0.62561149264380000  0.63450615421592227  0.64353932142316073
  0.65279919914435625  0.66202421559213565  0.67142186065083775  0.68182349210993287
  0.69235306500416138  0.70234807052787995  0.71263723965625081  0.72295460947156476
  0.73329670718229600  0.74401724418865434  0.75469976681359163  0.76555185272041781
  0.77634184438061327  0.78703974968194934  0.79809664069166564  0.80922389562218877
  0.82151654924849338  0.83407659151744118  0.84660112749621308  0.85883964761968479
  0.87100416721255081  0.88238402745353239  0.89346730590891510  0.90388855396133461
  0.91440189695573315  0.92522437595117046  0.93635621165234284  0.94813758327860831
  0.96029231005773974  0.97324093813636159  0.98643888334919072  1.00000000000000000
 -0.00274307222500348  0.00991841763781611  0.02136653888063646  0.03301713731365172
  0.04499941951646046  0.05719352266064051  0.06965521436806944  0.08191606823250341
  0.09291063385892642  0.10361216326227171  0.11355099310847498  0.12304946670712844
  0.13174589805407227  0.14054869991490410  0.14963159154782479  0.15898324024223073
  0.16835577138808377  0.17721406837626366  0.18591736007829662  0.19505873027609594
  0.20461302788896005  0.21393684162760904  0.22322432279168072  0.23262262826258326
  0.24232351195368290  0.25194858533935949  0.26148816992587925  0.27122717482223480
  0.28171663445331652  0.29280539980405840  0.30427853070429856  0.31520744648652671
  0.32502053986525536  0.33495197659844800  0.34536724494219062  0.35617952588396062
  0.36639258431381111  0.37669798259599313  0.38799694151166059  0.39896085587033997
  0.40932713415065669  0.41943245010286639  0.42973162264659021  0.44012654410539848
  0.45065829978865124  0.46144786861296194  0.47260347242618417  0.48392832065029034
  0.49519754228441937  0.50660331382587487  0.51808124258758648  0.52944816306327691
  0.54063108201273247  0.55157078290704686  0.56240523415107802  0.57305526629949466
  0.58385981362950568  0.59484637867267487  0.60564392231434150  0.61593305911920559
  0.62621506451545050  0.63686162072446162  0.64738434032037251  0.65744126803916048
  0.66771171023746589  0.67886219689186622  0.69032247810614056  0.70149800245830929
  0.71243524048120788  0.72346345626215658  0.73427595876897400  0.74485233517770455
  0.75532786483628500  0.76577489093427387  0.77616755230205314  0.78643613496889020
  0.79690900342207693  0.80809989140120808  0.81918831143921222  0.83045549644552319
  0.84236574663358332  0.85473363845710226  0.86641339174613763  0.87769519588438416
  0.88897308288906629  0.89968120352951664  0.90884339831813454  0.91754552711999426
  0.92635923660363706  0.93541607852051101  0.94499576388706941  0.95478850509620228
  0.96510319477882833  0.97682067223168345  0.98820378727952440  1.00000000000000000
 -0.00261297096766386  0.00995406271654750  0.02132887595101780  0.03256245242818410
  0.04478952559551572  0.05729642425119445  0.07000210327424403  0.08225820866730506
  0.09413646182787103  0.10577647951694057  0.11767526420670994  0.12886980592885489
  0.13949246479624464  0.15019657668918843  0.16133173281751489  0.17191496092620381
  0.18197156275048343  0.19292633002132881  0.20471409532337739  0.21644573198154218
  0.22794599612400185  0.23930859108760308  0.25042832745777127  0.26128136050053130
  0.27182251843493210  0.28237024931061516  0.29272820812924044  0.30242086461225648
  0.31170152432051323  0.32049314601289070  0.32908013088542915  0.33781468210644727
  0.34627832470173181  0.35468234543598648  0.36354223694045323  0.37280843210494280
  0.38271834706070768  0.39301653487761401  0.40371499951847239  0.41505786710855852
  0.42580134529751928  0.43656088425135486  0.44711986329633180  0.45798137468180289
  0.46894499285483010  0.47968379821804868  0.48974966945576204  0.49926587429055441
  0.50892635814586018  0.51836826782445589  0.52790471947095396  0.53731394504026564
  0.54713747816799008  0.55745683958166592  0.56789495028297565  0.57839276060035572
  0.58895606242095999  0.59970416474477428  0.61024374571133211  0.62035832592169182
  0.63039985801239073  0.64040063961837468  0.65020713318763257  0.65988427621751822
  0.66950374737452667  0.67882440007812728  0.68813048182398306  0.69729590225837956
  0.70638410040673039  0.71581656155669060  0.72561665272621290  0.73565010322679270
  0.74557797451758379  0.75512046095813157  0.76461172334737793  0.77445181350272485
  0.78484464816917088  0.79571381080289949  0.80675798124964349  0.81776154778254173
  0.82872404106832898  0.83949168005299890  0.85021683877115839  0.86109114882767790
  0.87263156970314382  0.88504473452041610  0.89761372102181824  0.90991009948820478
  0.92166978605717120  0.93319861759232114  0.94434299820969991  0.95473685423741084
  0.96499935378129109  0.97566973340349938  0.98772980955726142  1.00000000000000000
 -0.00258779377616831  0.01020896226624500  0.02131304379577550  0.03174082292908748
  0.04255791310574149  0.05380915480383628  0.06502887001075208  0.07562989581760621
  0.08627829891123766  0.09755179814068717  0.10877572004992561  0.12013135270844778
  0.13154646994179531  0.14318968107900132  0.15517053662255825  0.16681424477327955
  0.17750859818569659  0.18790958081883588  0.19845418602427919  0.20895641579016283
  0.21897959890864771  0.22903829749097004  0.23901828710777295  0.24913265298716147
  0.25912668571921160  0.26941863133157384  0.27990554107051907  0.29028056671130226
  0.30055362809625158  0.31096351331570538  0.32123711253688214  0.33146802754502519
  0.34202336293634844  0.35293234804985341  0.36384177829009151  0.37452945568166379
  0.38466764721397984  0.39487752682866251  0.40541971220078404  0.41586243616830959
  0.42573524871030161  0.43551159386845611  0.44569615547305758  0.45623311779099840
  0.46650054962090448  0.47696871309537714  0.48833980652218362  0.49997168235359979
  0.51050374044770508  0.52029153345133761  0.53019647807107362  0.54006850006045459
  0.54975613717373550  0.55931474008842685  0.56978211593948158  0.58086181444343210
  0.59133758942551229  0.60136559590963412  0.61109023501890103  0.62110818132384149
  0.63181749570254364  0.64285972641887590  0.65349878544793938  0.66368568750683288
  0.67400146079746304  0.68402710264923849  0.69428724832877686  0.70445463696480004
  0.71469253701112001  0.72498958091018384  0.73558895425049509  0.74688323326438477
  0.75770598765710429  0.76835219138118094  0.77906940737931152  0.78950097378167361
  0.79976004582922366  0.80999728195504606  0.82030273864093783  0.83018918810473530
  0.83992504303506776  0.84959615047630055  0.85927508862352409  0.86923896897137143
  0.87983189853372867  0.89150385567358159  0.90310167973736999  0.91473999153956598
  0.92640536174853017  0.93801805005977634  0.94890322012174677  0.95957302388153154
  0.97018870147259939  0.98043358498549182  0.99037551529906143  1.00000000000000000
 -0.00264554931893256  0.00970978367153796  0.02087041596605908  0.03180108019331053
  0.04278493678299055  0.05389436569398788  0.06524194262070376  0.07659198175454612
  0.08779375667344173  0.09913118891267353  0.11057827101944673  0.12211972708054869
  0.13337313647082752  0.14452400376910066  0.15519932710037998  0.16593357602051220
  0.17665314482110109  0.18711398029049603  0.19745683692575378  0.20749952534590838
  0.21733294600331665  0.22711554395246661  0.23685681257293484  0.24671671234875645
  0.25657515550087046  0.26657651461009224  0.27697514792952538  0.28774801922395088
  0.29889806550138531  0.31020856282498982  0.32105710188631054  0.33150451570231709
  0.34203964690302113  0.35256070378698218  0.36266854396291681  0.37273000105332371
  0.38347740880791553  0.39396847446115602  0.40387130233915491  0.41365577152831856
  0.42515360435444205  0.43718731192591592  0.44861059924291158  0.45992214127245973
  0.47126100994140274  0.48233043730708380  0.49358529084124475  0.50420701522937972
  0.51431574141391223  0.52464851410196078  0.53473817169085558  0.54495066667059333
  0.55497794869859729  0.56451147805140545  0.57340511374182845  0.58213163051578698
  0.59138969177945999  0.60066951720201678  0.60993641874899085  0.61894394631487015
  0.62904079008575786  0.64026918309163094  0.65151149357045879  0.66271224856513211
  0.67406423981264130  0.68510112246054022  0.69562125735506430  0.70562384652235133
  0.71577349972244209  0.72613821233431630  0.73696817837413131  0.74747051111743379
  0.75867335315741979  0.77018873799343879  0.78155951981428928  0.79262551641962853
  0.80303056443201437  0.81353976574536424  0.82383234344980938  0.83370978040437771
  0.84324621073345485  0.85272237023432651  0.86280850684374710  0.87319295418829734
  0.88402640822433920  0.89480936559144741  0.90547826329566516  0.91600540779721173
  0.92667191231210644  0.93731649512610948  0.94785592153814124  0.95858241929988885
  0.96918862945103856  0.97975935238089851  0.98967177095673575  1.00000000000000000
   2.2523196629862596E-008  -1.0000000000000000     
 F F F F F F F F F F F F F F F F F F F F F F F F F F F F F F F F F F F F F F F F F F F F F F F F F F F F F F F F F F F F F F F F F F F F F F F F F F F F F F F F F F F F F F F F F F F F F F F F F F F F F F F F F F F F F F F F F F F F F F F F F F F F F F F F
  <DiscreteSampler_grid>
  grouped_processes
  1 # 1 for a reference and 2 for a running grid.
  10 # Attribute 'min_bin_probing_points' of the grid.
  1 # Attribute 'grid_mode' of the grid. 1=='default',2=='initialization'
  0.0000000000000000 # Attribute 'small_contrib_threshold' of the grid.
  0.5000000000000000 # Attribute 'damping_power' of the grid.
 # binID   n_entries weight   weight_sqr   abs_weight
    10   10   8.648167799921993E+004   1.955444191259731E+010   8.648167799921993E+004
    16   10   8.648167799921993E+004   1.955444191259731E+010   8.648167799921993E+004
  </DiscreteSampler_grid>
