  0.00974076327712737  0.01441178433145390  0.02241374984137712  0.03170701696407090
  0.04106539076465682  0.05019595268015026  0.05931894057228591  0.06900075533535491
  0.07889902527111943  0.08874325779222314  0.09898614180192643  0.11021391456240796
  0.12214702186166927  0.13387268665792640  0.14527908245710264  0.15685462205608483
  0.16825995048134657  0.17894509658061328  0.18918480998254639  0.19897011552950325
  0.20882842515215225  0.21910084737136382  0.22973385140892541  0.24075622906696376
  0.25144335240667942  0.26180499195737328  0.27223747913207297  0.28283006529302029
  0.29328689105632894  0.30329116586168475  0.31348751732128449  0.32420174173445804
  0.33513389429500923  0.34590722309663668  0.35646391643050773  0.36662642197706868
  0.37653418907597896  0.38620127848360208  0.39565692381554080  0.40534458269384505
  0.41565754517604525  0.42710124935393406  0.43919962307382338  0.45154237500322841
  0.46422183070292911  0.47640843880147260  0.48829514474218666  0.49993179817597738
  0.51186858354398090  0.52266295749025438  0.53254299462348142  0.54230348232780679
  0.55218712130786429  0.56213246970882114  0.57228688036076758  0.58322797019998562
  0.59523194716139172  0.60723129779083995  0.61873355917071526  0.62986639619404694
  0.64041407616466972  0.65086255946426108  0.66092336746491975  0.67079310136894710
  0.68031276749322778  0.69013551218057967  0.70066482995463708  0.71192788596963807
  0.72383791822607579  0.73488537176783286  0.74512529271401651  0.75539349457977578
  0.76553408002659706  0.77482864303474619  0.78349873469581588  0.79258551590407567
  0.80247257926664872  0.81282708830600170  0.82286783483108372  0.83263016559095604
  0.84267255281888476  0.85278706254744796  0.86278607402168961  0.87300540353160294
  0.88380597261430593  0.89510737029988041  0.90660656687900543  0.91799416342460194
  0.92929257064428095  0.94066266896605666  0.95211967563445943  0.96302284524726900
  0.97255412410087594  0.98255077538741309  0.99123794851711211  1.00000000000000000
  0.00984635563332230  0.01402828045006402  0.02131018556925168  0.02988935297545024
  0.03915064966693381  0.04866257669447135  0.05811150287919304  0.06866467134900400
  0.07988442132602656  0.09047467118241644  0.10085499323676192  0.11115456007239655
  0.12163595243455062  0.13240672884616345  0.14340080824876028  0.15477834669129958
  0.16604888580177424  0.17706082927030928  0.18803567282794512  0.19925459116863434
  0.21013468850804837  0.22064713401317096  0.23078552299232097  0.24086996670312161
  0.25107904163611294  0.26085267330504835  0.27098378394600503  0.28075215028884604
  0.29066545209961997  0.30099706732870640  0.31160247414511411  0.32207998837730245
  0.33243148165656605  0.34215972550378232  0.35176667804455564  0.36142363033117791
  0.37077811414255429  0.38018825340137818  0.39001040730548503  0.40004022543477613
  0.41048579494050624  0.42078092950400187  0.43121498914905282  0.44161028243529238
  0.45161234630689573  0.46181670684717668  0.47178323324004551  0.48181288088149427
  0.49154846515852241  0.50180390895723226  0.51248793935435411  0.52339447138739470
  0.53510558077285664  0.54604706156409699  0.55665080989401783  0.56706873266024294
  0.57738666769028357  0.58748736678511992  0.59774758287492868  0.60763042263779898
  0.61755446078949483  0.62763421465876823  0.63791745323140359  0.64820225589608860
  0.65786236908467266  0.66746153383175932  0.67754829422569440  0.68811067132909576
  0.69896114549548494  0.70962920034847998  0.72020058936255138  0.73102899438742786
  0.74243065990558599  0.75407025639803160  0.76553993723887714  0.77682292612667747
  0.78812121183341111  0.79967027740323349  0.81134224196156812  0.82279929120221340
  0.83381580228719576  0.84472832982424184  0.85580666868844635  0.86728773078113175
  0.87867392459453963  0.89021839594495256  0.90183375715234737  0.91332010315418122
  0.92341524766090388  0.93284232538612522  0.94206216119860309  0.95114887328398390
  0.96044655951888869  0.97012267212736147  0.97976099025756169  1.00000000000000000
  0.05787943436538406  0.05866057607506880  0.06091021244854376  0.06363155542047744
  0.06670563051529413  0.07060929901772130  0.07442604410021884  0.07817722724480065
  0.08210051905638481  0.08606229169382458  0.09006991417202161  0.09417160054667387
  0.09833679951770188  0.10267406250097764  0.10703873999260197  0.11143400317081292
  0.11607738672253606  0.12074408372936285  0.12541304820800986  0.13046667833969344
  0.13576582381553340  0.14147480975565765  0.14520030937920150  0.14790498913631994
  0.14941505819002265  0.15056793561159093  0.15176748058537787  0.15332209214771400
  0.15580427189802629  0.15816398733950926  0.16054053081330869  0.16294465525858151
  0.16537483108500653  0.16779432878361139  0.17018882220411274  0.17259571311266958
  0.17502348873721255  0.17743759210995239  0.17984553126484701  0.18227479673824198
  0.18474084756659631  0.18720429939748201  0.18970799865036334  0.19226215743313474
  0.19488043741585911  0.19752832075405707  0.20019234661775925  0.20289096937891010
  0.20558335717904266  0.20829926203499713  0.21103187392952291  0.21378767551939382
  0.21659385055675462  0.21941873059975195  0.22227712916571971  0.22519639087847429
  0.22817845334526102  0.23121836561558631  0.23431841517673521  0.23745770884272233
  0.24065014532033099  0.24388919200584344  0.24717317375413830  0.25051336670950830
  0.25391913932688154  0.25737315365157809  0.26089672803327868  0.26448135397133904
  0.26816007896931127  0.27195101599977106  0.27588478214711165  0.27987180554124791
  0.28389020539623272  0.28801594353497434  0.29225827469330085  0.29668345042016575
  0.30127770458554681  0.30599977689839863  0.31088240071490203  0.31601756440324991
  0.32139668718878850  0.32707471557195239  0.33311811473335429  0.33961842152137922
  0.34662779579706310  0.35431621091127224  0.36262996344706677  0.37186971072865649
  0.38243260949168456  0.39482481932047825  0.40997211182848148  0.42864809994258457
  0.45485814075384240  0.49783131490478716  0.58568570504139361  1.00000000000000000
 -0.00308188124703620  0.01186754390228338  0.02455257233564835  0.03757811239333824
  0.05062240881044473  0.06360596392479995  0.07658280192181449  0.08961207307456513
  0.10192932108477853  0.11308898610527091  0.12384841974755065  0.13468468225459626
  0.14562421938999276  0.15615776995952557  0.16666124740479790  0.17686534118411390
  0.18674490198063373  0.19613022832089708  0.20542147369623556  0.21506555299691307
  0.22517113132434785  0.23536482517327295  0.24544472931378433  0.25524711664868960
  0.26452745293129870  0.27360700318869863  0.28232490901246982  0.29120073128000196
  0.30072680869981810  0.31087356101450986  0.32122145502323440  0.33117287901019621
  0.34058191431284379  0.34998602915420052  0.35965482710317265  0.36936570589301693
  0.37863606726144483  0.38752314375197128  0.39644384003295924  0.40550635004084395
  0.41447908010564399  0.42360329538678776  0.43264142193091248  0.44193497456646080
  0.45143190149396384  0.46151307239024697  0.47272219461974524  0.48378210994696652
  0.49360331014747350  0.50306166612934777  0.51152448109580551  0.51999969561329495
  0.52842781541747741  0.53683028166959068  0.54562976424371068  0.55506883709660049
  0.56520942406027219  0.57623403851928556  0.58723371462271923  0.59775759515858473
  0.60868921976070356  0.61981332931575139  0.63051972211092167  0.64075498439737621
  0.65073799740686156  0.66096831656458488  0.67097136426024240  0.68082867483833642
  0.69091746292654399  0.70131402318010883  0.71148952751350691  0.72141987465708834
  0.73150876096325501  0.74221514873235606  0.75322951552099993  0.76360327264029337
  0.77339965491201357  0.78322989444310165  0.79327315293941014  0.80363981349040237
  0.81419644809356917  0.82521496511707959  0.83654579477849222  0.84804886264229973
  0.86005518905655209  0.87242540539196334  0.88464765181458271  0.89686519633862172
  0.90890533654686811  0.92161572563603478  0.93430679699143304  0.94775390645414292
  0.96111977508585200  0.97415706154234472  0.98714075694273118  1.00000000000000000
 -0.00278065610093179  0.00990224645987988  0.02111643164667148  0.03229896629731616
  0.04387314275264939  0.05569442026292942  0.06694384869307492  0.07754486785730906
  0.08796952530941977  0.09830684070643192  0.10820743699036039  0.11737526166344639
  0.12692549683870760  0.13721910049939062  0.14788014334088040  0.15795060403451344
  0.16749387152869288  0.17701173575706633  0.18684161645298972  0.19693995484950855
  0.20672295844429767  0.21711867044549829  0.22790295592399867  0.23919836465619701
  0.25009746360980600  0.26019213623652515  0.27061687093286435  0.28048153269610276
  0.29024445504306340  0.30006285329716292  0.30986861486099571  0.32014431408624927
  0.33041578413579992  0.34212634118587160  0.35385180742490119  0.36550532089691912
  0.37730246376204557  0.38936980846714764  0.40167638457701299  0.41402079488206767
  0.42603369892136056  0.43763259321812281  0.44846950933204183  0.45908421072561262
  0.46969839284815507  0.48020838096782575  0.49063270148215388  0.50106028316566109
  0.51151637070410017  0.52215485223916758  0.53291717125563409  0.54349430423462453
  0.55393359258416397  0.56506949218555935  0.57693505484616259  0.58780084933122501
  0.59738974430048353  0.60646326958736130  0.61543897146162818  0.62457853837482835
  0.63377334964227172  0.64266024361547847  0.65245115281614774  0.66242453237724885
  0.67250681663440481  0.68226596552291430  0.69200559972096931  0.70163587314354692
  0.71192370479001799  0.72300486748493387  0.73397452266475083  0.74547635159897929
  0.75686755840427677  0.76840296450824186  0.77966881219036832  0.79037298316475069
  0.80051938336923423  0.81081249186796411  0.82129695426684668  0.83160081346350401
  0.84166246770552344  0.85139342758258318  0.86178573140722226  0.87281234593131185
  0.88426503577243909  0.89619315453184512  0.90816802563214882  0.91965702409041861
  0.93079957938699298  0.94180437589154986  0.95278379371456801  0.96296869761971871
  0.97232255969596681  0.98165247708798942  0.99065052300144529  1.00000000000000000
 -0.00326224796467609  0.01309709417012134  0.02642541034115781  0.03982360456313562
  0.05281920887734996  0.06592999147824422  0.07957746813765550  0.09156853621590816
  0.10327250431692256  0.11320545852458351  0.12325611638232187  0.13338501210069670
  0.14340531619085212  0.15292781200922609  0.16193437433925445  0.17142189843267908
  0.18180050483942906  0.19225424424338997  0.20234249873517673  0.21252817475084393
  0.22285872920563007  0.23328836099564051  0.24394949890407880  0.25530676321283702
  0.26655289831909229  0.27793192121539623  0.28904318483588864  0.29965705693918182
  0.30974332145992484  0.32011689930142045  0.33037971800380916  0.34076228057975644
  0.35126848387295351  0.36254786822448976  0.37462631231371368  0.38643640342903635
  0.39832556087926502  0.41013861160908249  0.42131588734639192  0.43181324512281283
  0.44164886766351330  0.45116206789119201  0.46065522402402237  0.47045147841161755
  0.48084416195344021  0.49156586822741583  0.50200602417635365  0.51201622299007621
  0.52181134099625792  0.53147793335435256  0.54095890374599120  0.55029286795535159
  0.55952633448998368  0.56963729349019454  0.58034732699072922  0.59087830001100072
  0.60125618960193350  0.61133973152608256  0.62112537723656303  0.63085618483867145
  0.64053757573763459  0.65017266377784755  0.65965135653240037  0.66905740175424355
  0.67904454399114522  0.68921729741169468  0.69950253739659951  0.70957355491884511
  0.71916387081982369  0.72876905340089715  0.73853621946556647  0.74825620046220520
  0.75772460868876645  0.76702612597959852  0.77702637890676507  0.78774322660194451
  0.79925538848063615  0.81053505532265990  0.82112955723183256  0.83151100698624225
  0.84239296098894900  0.85321285095275923  0.86307149280158990  0.87267154337885455
  0.88218364399607441  0.89136588762479696  0.90036494382597432  0.90956379010064403
  0.91955590746183680  0.93032125466183424  0.94114734961141344  0.95221404197020432
  0.96350410063589698  0.97499349133667967  0.98721660603963535  1.00000000000000000
 -0.00237146526826552  0.00929046268152529  0.01906138157102242  0.02947428182006672
  0.04061495649389878  0.05167254006938121  0.06255814353811673  0.07363900857618105
  0.08496913861430756  0.09534285694888976  0.10567951028783520  0.11607984094844877
  0.12638074112618178  0.13684211242813712  0.14732821546637642  0.15834614477704398
  0.16934728019071252  0.18015695246762073  0.19083955627014498  0.20140855384900075
  0.21183895858310453  0.22126584349421916  0.23097489100200319  0.24080371170481107
  0.25109991542002486  0.26152103067609650  0.27250848395660887  0.28371750251485617
  0.29480460223849853  0.30505395837031435  0.31466524971343707  0.32366648519045016
  0.33299864490181180  0.34308240128577067  0.35351882985999367  0.36365832818594823
  0.37396768024626292  0.38521325472554729  0.39707608801558342  0.40898904452751794
  0.42090137135508210  0.43251955734706171  0.44404724943378099  0.45518098395617912
  0.46564690333554415  0.47564391725631799  0.48563860871820458  0.49550308078373012
  0.50529472911351136  0.51469488049549461  0.52442618927138673  0.53527429952892880
  0.54581324296508982  0.55654045574341893  0.56720373267508073  0.57774228344911460
  0.58805900971462144  0.59805648788634602  0.60821500234469195  0.61887307118233692
  0.63035771762117987  0.64285843221743821  0.65524691679841152  0.66692744638532897
  0.67782459091744240  0.68822896473034190  0.69829201873904989  0.70853252784613474
  0.71915564926094389  0.72989742485455045  0.74082096739081926  0.75221647637702760
  0.76419168419540051  0.77626956972318040  0.78816625976125154  0.79960419581224429
  0.81088095072689848  0.82148605905964833  0.83163323070069106  0.84176900690087508
  0.85169600460956152  0.86163318021282298  0.87142256818313146  0.88134033213998020
  0.89142662661860972  0.90150984162931924  0.91160867162924597  0.92216441147265393
  0.93289156162737885  0.94343429664881806  0.95380250759761631  0.96382512883568394
  0.97322996068336309  0.98206003488126703  0.99068332331995834  1.00000000000000000
 -0.00245922738586473  0.00926257705820394  0.01857547621494732  0.02906910511276375
  0.03922963926152405  0.04943760904342947  0.05921587320123180  0.07032421487064237
  0.08166693081499260  0.09262401603242117  0.10349135910164643  0.11471508139698194
  0.12560513373993556  0.13661876151002730  0.14684019127429956  0.15626538101975115
  0.16572412155394967  0.17509951288645093  0.18454122884312299  0.19384813250834615
  0.20343976331453492  0.21419368000336775  0.22565442755393178  0.23687928846301637
  0.24811048602847249  0.25978778409800735  0.27199939031172043  0.28400853522116426
  0.29590178778647064  0.30780854686450354  0.31910064486454082  0.33001500887202839
  0.34033264486863901  0.35035035987234753  0.36041892121926139  0.37058464577890743
  0.38091094545095627  0.39117005721257952  0.40128145321005565  0.41119770066253225
  0.42109189242034084  0.43085255617387064  0.44095633821060332  0.45116488510810576
  0.46131673686323188  0.47118729259923292  0.48137637686358209  0.49215990651282193
  0.50334138662203554  0.51401685384617135  0.52483108322669403  0.53504974477405898
  0.54539403317356194  0.55601033979162473  0.56665373601672542  0.57693753253923341
  0.58772902573860542  0.59873997131066581  0.61003146273134112  0.62098453084651106
  0.63151069207972510  0.64186706724152742  0.65201339644404299  0.66176135513087742
  0.67149816584518485  0.68113146945868219  0.69096754799065241  0.70118824510050137
  0.71102542847656969  0.72086956142568126  0.73109757610553994  0.74153159396011237
  0.75173207159627986  0.76169217495614250  0.77230774606318153  0.78409254540203299
  0.79622800939385596  0.80784759560129693  0.81903580914704099  0.82993427441277468
  0.84118472269909172  0.85270661043248053  0.86469296493422998  0.87643133838570342
  0.88752806009103924  0.89865815183587405  0.90864420448221639  0.91830379268608453
  0.92712998621584741  0.93672841023698183  0.94647818537956052  0.95652033390692315
  0.96681146918628436  0.97750484765070600  0.98867169114885434  1.00000000000000000
   2.1757655959235141E-008  -1.0000000000000000     
 F F F F F F F F F F F F F F F F F F F F F F F F F F F F F F F F F F F F F F F F F F F F F F F F F F F F F F F F F F F F F F F F F F F F F F F F F F F F F F F F F F F F F F F F F F F F F F F F F F F F F F F F F F F F F F F F F F F F F F F F F F F F F F F F
  <DiscreteSampler_grid>
  grouped_processes
  1 # 1 for a reference and 2 for a running grid.
  10 # Attribute 'min_bin_probing_points' of the grid.
  1 # Attribute 'grid_mode' of the grid. 1=='default',2=='initialization'
  0.0000000000000000 # Attribute 'small_contrib_threshold' of the grid.
  0.5000000000000000 # Attribute 'damping_power' of the grid.
 # binID   n_entries weight   weight_sqr   abs_weight
    10   10   2.732818296062762E+004   2.577360291678715E+009   2.732818296062762E+004
    16   10   2.732818296062762E+004   2.577360291678714E+009   2.732818296062762E+004
  </DiscreteSampler_grid>
