  0.00002622420628093  0.00004861959061295  0.00006755011853162  0.00008952351203574
  0.00011527141558226  0.00014392541111350  0.00017460207774307  0.00021031048698475
  0.00025840404100671  0.00031115586915364  0.00038289920781467  0.00048387389499929
  0.00061619215189552  0.00077425823692324  0.00096721925543629  0.00121589152308743
  0.00151031959049708  0.00187144585001638  0.00235117757962609  0.00297294471303722
  0.00378994094591810  0.00495512564100082  0.00640674959269724  0.00801734879161594
  0.01008558881072443  0.01297556131796642  0.01758183008867645  0.02466122898539802
  0.03406774724943907  0.04612826932766997  0.06072889953681962  0.07665800390664844
  0.09334640578086943  0.11049580796563759  0.12774855040409247  0.14492659817764320
  0.16237124561068189  0.17979675125824449  0.19731704901281361  0.21499782064659548
  0.23288733161918279  0.25075348799294866  0.26826765298058247  0.28552081890873787
  0.30285003488425954  0.32045443263786461  0.33828870607953326  0.35604102411800703
  0.37362456561276569  0.39106326199867492  0.40835935441811055  0.42574205065313048
  0.44339865245617666  0.46100358848620404  0.47865483248453827  0.49629451722004275
  0.51402633398720243  0.53156634231862976  0.54899785797741540  0.56654916321735316
  0.58409914189024825  0.60160404317984684  0.61907163897722894  0.63653086489804811
  0.65400256351808683  0.67147842000368330  0.68875774394452460  0.70592322508433103
  0.72299923013840728  0.73995583603515047  0.75679200340266639  0.77367967522481262
  0.79051016524254891  0.80696281631254740  0.82329226042347292  0.83940235928428186
  0.85529800503918108  0.87137769370161133  0.88711540723161164  0.90270344920075052
  0.91762217541886670  0.93175385726869486  0.94531118641662382  0.95784320226250808
  0.96850201175180728  0.97721507438236233  0.98350507141028454  0.98777746238945052
  0.99090994490851092  0.99336244663109730  0.99533469922153128  0.99681213742649777
  0.99790123508891571  0.99871986038268723  0.99939151525409609  1.00000000000000000
  0.00001830977868913  0.00004630717203495  0.00006779602153466  0.00008681985199505
  0.00010671560173040  0.00012981386043685  0.00015657648666955  0.00018678865038546
  0.00023077832325687  0.00028602092982914  0.00035237479477583  0.00043346472972596
  0.00053181166709027  0.00065372678124187  0.00082583966983599  0.00108060690671083
  0.00138340344839072  0.00174055087230950  0.00215345214493402  0.00265720450055043
  0.00335423754223955  0.00432779429079880  0.00533428291714972  0.00660856016568672
  0.00833193915050931  0.01106047121647929  0.01531152005250144  0.02123003107039991
  0.02956565720156646  0.04059739235935060  0.05454171630587570  0.07067748061726463
  0.08781636282429706  0.10548869012121212  0.12330209661836534  0.14115716210976062
  0.15909289983267319  0.17708894927722529  0.19517238505449347  0.21338424021155006
  0.23162184287431140  0.24997086826181952  0.26807750596153651  0.28619355280142311
  0.30432227764732411  0.32231205034526811  0.34027599656112589  0.35819208612590725
  0.37606744213864085  0.39402697400326009  0.41199148700419413  0.42994509027413091
  0.44783131980399865  0.46572642213687104  0.48368394244968688  0.50128731394339054
  0.51863310854688616  0.53643647619024559  0.55398971491553228  0.57150748651824135
  0.58904799337744218  0.60664349967281406  0.62438871562619025  0.64223316812385789
  0.66016188164952549  0.67796183472931326  0.69576748051983472  0.71348321679143800
  0.73104056783234694  0.74835101258854730  0.76554030005022433  0.78268649059696371
  0.79991054565919462  0.81719137915518580  0.83429578422097039  0.85081552243871839
  0.86700427357302334  0.88320446057583946  0.89926802433646169  0.91499599367243811
  0.92996741974464969  0.94410167831141290  0.95700129253791288  0.96814091353225173
  0.97731360742274309  0.98428667124588309  0.98927318385753071  0.99262611249725874
  0.99484069692910471  0.99644445630592937  0.99764046940959161  0.99847275258261758
  0.99898971439585482  0.99936854708311962  0.99968780370354471  1.00000000000000000
  0.00165385867072707  0.00212166065348462  0.00226655567897680  0.00248449821702482
  0.00268569424291681  0.00290843777954149  0.00315854407196977  0.00343408820739776
  0.00370693931361942  0.00400542241784028  0.00435046978531596  0.00476979025569315
  0.00526210046215693  0.00582504020024226  0.00643073023589087  0.00701686225905404
  0.00762400613459325  0.00824913706248716  0.00889529387195247  0.00955036737185267
  0.01020312396158397  0.01086049834285206  0.01154048729043920  0.01226621632414348
  0.01303525752576005  0.01382920506980316  0.01464430271020746  0.01547343573516411
  0.01632447025750320  0.01721166643703107  0.01814420886005313  0.01914003376853229
  0.02020222431998405  0.02129299855065368  0.02234010302135336  0.02336203702252624
  0.02443827389042177  0.02562546601064960  0.02695269487658863  0.02836211413781200
  0.02981598724947004  0.03131310969613080  0.03286166646800794  0.03448007928710473
  0.03615079294190601  0.03786770641476547  0.03964029757545232  0.04145793853533510
  0.04336594022278344  0.04540365656934719  0.04760590034341809  0.05004048394503798
  0.05256905147466677  0.05517370777024996  0.05788354322146443  0.06069676411850685
  0.06362564537146159  0.06656261957900120  0.06957048779904929  0.07286113715283991
  0.07637263095114422  0.07987587472553423  0.08367045672696902  0.08760085014997938
  0.09196540823792283  0.09659027037111105  0.10168281520515224  0.10669794955169586
  0.11123880840423890  0.11565975423894459  0.12006543634308658  0.12504765650284361
  0.13122286274496217  0.13814158624029996  0.14544336625859661  0.15307111290148256
  0.16033173969026299  0.16811849005752746  0.17615721966599687  0.18496766708966195
  0.19530382435083743  0.20628558290950658  0.21826656779233738  0.23090671554938083
  0.24434570970318503  0.25870659860079631  0.27429216111815563  0.29146315956434221
  0.31012843718377908  0.33087851362289866  0.35384931247640883  0.38014587465132393
  0.41189266271106340  0.45386679757404769  0.54178392436064271  1.00000000000000000
 -0.00215500991450454  0.00843046376203409  0.01851664589122643  0.02872656164666566
  0.03892683770075879  0.04917290399641877  0.05909577086917434  0.06876749796732473
  0.07884037109599373  0.08837497237549441  0.09735679042304202  0.10601135045799580
  0.11499739492578609  0.12454017728566039  0.13421309993475017  0.14293359501486436
  0.15149055259062283  0.16044570839096217  0.17001853388609567  0.18028124132844142
  0.19042253403529544  0.20017008856831073  0.21009607209533121  0.22042913380463991
  0.23093347837878622  0.24042718111627831  0.24941976946524888  0.25856248507013252
  0.26797853002848770  0.27769206202551322  0.28720973337497507  0.29651782542723415
  0.30653092489714190  0.31747272699751589  0.32857156039179214  0.33937123550870513
  0.34987402360880931  0.36032052799730829  0.37076198711183450  0.38117699111704095
  0.39165390274464562  0.40225974006153348  0.41208410198129330  0.42107125151981650
  0.43018371557613810  0.43916707843168334  0.44946844093128135  0.46037164136965408
  0.47133915255596176  0.48279380462958787  0.49418041777291383  0.50582532861112939
  0.51727115937353685  0.52889172516406424  0.54018713763745929  0.55138481269987105
  0.56276161014552772  0.57443939537099331  0.58615713496090271  0.59790051420856860
  0.60953366084652538  0.62143305305583496  0.63260286398629828  0.64411742384016590
  0.65497525652644606  0.66433039984789111  0.67368833084494328  0.68305894597769878
  0.69275400984877245  0.70450312979608476  0.71593944029135592  0.72729563924660134
  0.73856608908104071  0.74975644884647119  0.76110864233816145  0.77258748270333166
  0.78391699476444465  0.79489201828877298  0.80587047168699821  0.81730980102191819
  0.82896929184160217  0.84041401697770268  0.85178357787772196  0.86325926629437144
  0.87493822015048461  0.88651373970085745  0.89836079773375466  0.91046133792207107
  0.92232263156380967  0.93370926486294292  0.94446685826855337  0.95563855499169159
  0.96747631594456862  0.97879544592367940  0.98983769465863869  1.00000000000000000
 -0.00228831524455675  0.00912290717705402  0.01942811188103997  0.03052779514116172
  0.04177198362112496  0.05323812032225931  0.06430115310624601  0.07527005215653225
  0.08602581594848935  0.09700608269832803  0.10792206861663113  0.11906220301144285
  0.13005758982727383  0.14108275717904237  0.15199457128324012  0.16288469105085734
  0.17383444002096823  0.18483088682772031  0.19624200167930431  0.20691244334086642
  0.21562405016384056  0.22368860138994756  0.23186309338664587  0.24044666115672372
  0.25100354843503642  0.26109242036166569  0.26988216264559206  0.27914542516727137
  0.28840475731109533  0.29934970654443704  0.31045997382120644  0.32100235405836025
  0.33116692343663867  0.34130664952249673  0.35209062191022417  0.36341550516938798
  0.37458705920238139  0.38530866537205788  0.39598443971039288  0.40700545994180409
  0.41718973211802124  0.42667345146270791  0.43595675360068975  0.44557577975861334
  0.45633284082049308  0.46743566745772291  0.47814263898482101  0.48830512628756356
  0.49884582379572767  0.50991633727328023  0.52057788921866333  0.53052303055393757
  0.54036303385195994  0.55083891422120002  0.56197993924613543  0.57340638203436956
  0.58504184337117227  0.59681175554174470  0.60848370870652513  0.61982416793822070
  0.63069820773436658  0.64144184409621385  0.65219068924829271  0.66311517544656673
  0.67255712570668535  0.68173244325914828  0.69092106471729942  0.70065177187538963
  0.71153389875726025  0.72280444454689963  0.73416527269520149  0.74555408089483810
  0.75627156573183008  0.76615439404394770  0.77596079613240643  0.78621669670691774
  0.79695502102080162  0.80763961332012058  0.81787508397997455  0.82807119974341181
  0.83865126836606307  0.84978986442771809  0.86099034079116465  0.87196683414137399
  0.88272046814709426  0.89329473877257204  0.90359732400400850  0.91384486950636423
  0.92424100387540942  0.93527509935194908  0.94599242290377694  0.95661493112932183
  0.96757569740027582  0.97848604383400539  0.98952338782942051  1.00000000000000000
 -0.00250050025403225  0.00948492108065884  0.02029556095411333  0.03183856179895538
  0.04282407092613985  0.05326896803753974  0.06323117643823618  0.07338245454951105
  0.08370379926200641  0.09395272846108303  0.10415914614223254  0.11433805917620463
  0.12453589856370596  0.13452152546580284  0.14445146969757658  0.15446940017019495
  0.16469049333716523  0.17503302930619133  0.18538278608370534  0.19564368342401142
  0.20582839333788219  0.21597566291962431  0.22614096200109396  0.23635702428466854
  0.24654894579114539  0.25669634899224653  0.26689977733678605  0.27697360609550459
  0.28668595397968916  0.29602935087734927  0.30539343698204963  0.31525925997026000
  0.32551565499795704  0.33495296841866662  0.34338877330551831  0.35161456531976942
  0.36025424600126138  0.37061669046494683  0.38185360586131600  0.39283537505051175
  0.40389364188697024  0.41501062684305529  0.42604752440393512  0.43708376746402783
  0.44796592968899873  0.45870593309449204  0.46908096211296640  0.47974404358579292
  0.49081796308497588  0.50218189567540650  0.51330945894118318  0.52381346163591014
  0.53433120840750903  0.54475471392926045  0.55556024983881269  0.56678579467007573
  0.57808305327893050  0.58934751117739947  0.60056545205352185  0.61115860045079395
  0.62051669122980513  0.62968333079936634  0.63888138176842169  0.64929952862003582
  0.66064368855733380  0.67214219474059334  0.68340401205458967  0.69439088108367797
  0.70528952929137789  0.71667544397876914  0.72821051803275061  0.73994098620655424
  0.75139025551753635  0.76276927514484771  0.77386953238838940  0.78481105388463757
  0.79562598190436939  0.80658900396658029  0.81767892811698717  0.82901164279679118
  0.84039870813087603  0.85169837537396342  0.86283296773028484  0.87379033582879317
  0.88425846399251695  0.89442689553565002  0.90439095804907432  0.91374045685489591
  0.92251520367464701  0.93143887082302046  0.94113153488296597  0.95240070484785866
  0.96373073100351470  0.97580184412068460  0.98781695152462023  1.00000000000000000
 -0.00233395160000003  0.00927757749769612  0.01933452155260706  0.03055944346158596
  0.04127003107859487  0.05218019312861956  0.06291403851090444  0.07371088874055329
  0.08432827142938858  0.09526346707933989  0.10624265213322194  0.11731556801224385
  0.12807832706930408  0.13855350220714341  0.14917190356156229  0.15985513415164698
  0.17077706154800210  0.18157079195086326  0.19246609625278618  0.20345367130358788
  0.21466667345220761  0.22611364938031389  0.23758987850763399  0.24903719162708540
  0.25996752416337798  0.26985169628051009  0.27944507107716743  0.28861153525444244
  0.29946301086235527  0.30932800634491664  0.31857419606798459  0.32793970647784809
  0.33680026280305136  0.34801365993437283  0.35891613169489206  0.36910213387647234
  0.37931691293174480  0.38931156932031669  0.39898812872892792  0.40873850534753742
  0.41874542964124106  0.42926294673154830  0.43975355034295677  0.44963487874991814
  0.45973474286558641  0.47016612861012552  0.48132343667121519  0.49120327466000391
  0.50135999652415331  0.51166211226986491  0.52246168333228205  0.53391352355763477
  0.54503658941857025  0.55605953098729288  0.56703340420076620  0.57788582452642501
  0.58861968470527504  0.59922293914205538  0.60976267512228688  0.62033207491001741
  0.63082791375354075  0.64116022672232331  0.65188728621273873  0.66289593929048862
  0.67396083975118737  0.68486284403351583  0.69588293124038070  0.70681441732646455
  0.71743128210964291  0.72796877832834772  0.73874930516379844  0.74989063072943085
  0.76118310806548750  0.77229897924560043  0.78310622072247793  0.79371159802090541
  0.80436480872729210  0.81524878405119339  0.82619784814013808  0.83707155207115214
  0.84774768977934556  0.85822967725670785  0.86861716025707103  0.87902064381583489
  0.88954563592137537  0.90036401288553491  0.91113779532843908  0.92174522312159546
  0.93160869772506094  0.94027867648023955  0.94893455399116300  0.95779199359907774
  0.96650953353244828  0.97750823665916686  0.98908372307229464  1.00000000000000000
 -0.00259548529954265  0.00993993294501602  0.02112646569215466  0.03179407417357664
  0.04270496122299769  0.05350476530258890  0.06448458645508609  0.07522918609182043
  0.08617701895470084  0.09733885181420968  0.10847643685897979  0.11977375420245753
  0.13096930560751524  0.14228332885704240  0.15314399906659543  0.16382301728990009
  0.17434188885774343  0.18490142543737051  0.19552750398950830  0.20676789233008863
  0.21846950693020206  0.22796534428549128  0.23733249433847131  0.24662909075166303
  0.25618550929262712  0.26717585163776852  0.27770149032616431  0.28816122313644238
  0.29842791284939663  0.30906325596565354  0.31947754550442869  0.32836473454375226
  0.33702531908728628  0.34591402723559911  0.35532196401960686  0.36569785106684805
  0.37595541306698466  0.38634944117523229  0.39635817964911751  0.40628597738458117
  0.41627027522184146  0.42670748231946976  0.43771528824800843  0.44890271194747700
  0.46009207146442122  0.47119322898360216  0.48216352871201917  0.49310868878713110
  0.50410430128692507  0.51510046933080278  0.52601566572081737  0.53703811674719659
  0.54828611030098195  0.55959402952639958  0.57072187978871103  0.58165875434350234
  0.59269541597167685  0.60381470400188719  0.61470583206652463  0.62462631084664921
  0.63417947000995600  0.64394703778909701  0.65482104186077317  0.66598618032804757
  0.67676113983690733  0.68744534576068905  0.69806782848286875  0.70869664844357794
  0.71933398291117157  0.72980938732426226  0.73974344003005155  0.74969180732526608
  0.75985869186065025  0.77058696090283896  0.78152714466103212  0.79217864555365103
  0.80276884027416806  0.81353336160080414  0.82438584728837727  0.83513074462217762
  0.84520089756852534  0.85521736979814933  0.86537435774179128  0.87582825891315530
  0.88579261783331431  0.89542146240418763  0.90519664607892281  0.91534875463304866
  0.92617878042647450  0.93673945019523208  0.94717667871999556  0.95779845058332425
  0.96868767861717631  0.97941121176136936  0.98962642963310543  1.00000000000000000
   4.7100310650318969E-011  -1.0000000000000000     
 F F F F F F F F F F F F F F F F F F F F F F F F F F F F F F F F F F F F F F F F F F F F F F F F F F F F F F F F F F F F F F F F F F F F F F F F F F F F F F F F F F F F F F F F F F F F F F F F F F F F F F F F F F F F F F F F F F F F F F F F F F F F F F F F
  <DiscreteSampler_grid>
  grouped_processes
  1 # 1 for a reference and 2 for a running grid.
  10 # Attribute 'min_bin_probing_points' of the grid.
  1 # Attribute 'grid_mode' of the grid. 1=='default',2=='initialization'
  0.0000000000000000 # Attribute 'small_contrib_threshold' of the grid.
  0.5000000000000000 # Attribute 'damping_power' of the grid.
 # binID   n_entries weight   weight_sqr   abs_weight
    10   10   4.219473399971000E+001   7.537300845824876E+003   4.219473399971000E+001
    16   10   4.219473399971000E+001   7.537300845824876E+003   4.219473399971000E+001
    22   10   4.219473399971002E+001   7.537300845824888E+003   4.219473399971002E+001
    28   10   4.219473399971002E+001   7.537300845824885E+003   4.219473399971002E+001
  </DiscreteSampler_grid>
