  0.00001554287381988  0.00004726927382638  0.00007295360435079  0.00009494802607314
  0.00011689066622636  0.00014052744774171  0.00016794433706793  0.00020123841490376
  0.00024143723953765  0.00028742369794787  0.00034380700933623  0.00041480854268713
  0.00049277323525827  0.00058763720617935  0.00069928047932897  0.00085983929220066
  0.00104384911613808  0.00124867325347187  0.00149953490486222  0.00181578462492787
  0.00220827140037051  0.00269169671865964  0.00328268151377971  0.00404523892944697
  0.00507655409132897  0.00654106320483890  0.00855052290842239  0.01143973727715791
  0.01600939566695081  0.02291839942640074  0.03269374887428539  0.04548878705594886
  0.06070456159769285  0.07727278901026180  0.09472784617316077  0.11294391230875422
  0.13140117622813480  0.15002491260771408  0.16894274360567504  0.18783302940510788
  0.20664579512441042  0.22558812026293576  0.24455691370690122  0.26350336114729711
  0.28239763965695952  0.30137417672567257  0.32051003656959709  0.33948793314200876
  0.35822117196253189  0.37699990994154114  0.39583341396474458  0.41453577309135653
  0.43313961680809093  0.45179970915021223  0.47059547949627095  0.48926307198939734
  0.50794636109735725  0.52686686455401710  0.54583331665105295  0.56470071802130017
  0.58332923043694174  0.60180023637757030  0.62026168291227324  0.63879960487528353
  0.65741872769438814  0.67596911953700334  0.69446658911313419  0.71284584184379385
  0.73106905597235650  0.74922584659814684  0.76744238725633218  0.78550810077452538
  0.80366850224791664  0.82177111578906237  0.83962727916543312  0.85712996654806362
  0.87430028210382860  0.89115282305723775  0.90756107516166407  0.92337626321611899
  0.93833965262495433  0.95195190819685838  0.96377160122821082  0.97359378315288136
  0.98121312877640743  0.98671116470330877  0.99054173633054010  0.99331807905028036
  0.99526035352860109  0.99663616003251598  0.99764199762483519  0.99842217050112114
  0.99900348887535806  0.99941265011613090  0.99972780466707578  1.00000000000000000
  0.00020413378856295  0.00027843690624436  0.00032077259163942  0.00035704295469135
  0.00040038808199993  0.00048084872305043  0.00069171988420333  0.00109065629613359
  0.00154052326787196  0.00197408638647999  0.00247088220181742  0.00308492631642540
  0.00377928923170570  0.00454996760438461  0.00545076340046885  0.00652722879532592
  0.00781478594741481  0.00928579533331123  0.01097313382290221  0.01302528091803304
  0.01548071943728664  0.01835640795462066  0.02170194567099237  0.02565919086975851
  0.03003810235893444  0.03496445075656932  0.04044702789648951  0.04620360748048729
  0.05162054518231194  0.05610676680578967  0.05930308168639666  0.06140129774744866
  0.06281195037258250  0.06379850078598530  0.06451761415707508  0.06506783583886877
  0.06550595449889710  0.06586320118203606  0.06616213956398868  0.06642070745859903
  0.06665057941575668  0.06685847231580429  0.06704758193410187  0.06722084558072659
  0.06738413804261213  0.06754124991959402  0.06769383632128571  0.06784355648595496
  0.06799238283500804  0.06814225348820563  0.06829480900368176  0.06845248581042500
  0.06861903005494895  0.06879756811521333  0.06899061786953820  0.06920164833515609
  0.06943523800167882  0.06969716597080879  0.06999698776290073  0.07035131098801789
  0.07078260844900010  0.07131683196370489  0.07199496411653243  0.07289537852560830
  0.07415121820229253  0.07598530368092526  0.07880000632393649  0.08327336360649482
  0.09030005918156392  0.10113675069846616  0.11726543051066932  0.14035584404053603
  0.17277201506265505  0.21698058419223923  0.27680212218954603  0.35847959572985311
  0.45687731423041189  0.54189415290460941  0.59350001221383830  0.62059678777233773
  0.63822685315123762  0.65420116859289390  0.66991472356487070  0.68476156668888932
  0.70093191199718585  0.71920656418031270  0.73799445615014359  0.75113536692526661
  0.76575463595401017  0.77974229042968679  0.79436929756958208  0.80899938094175683
  0.82301896637944172  0.86641225505859421  0.88954559398784960  1.00000000000000000
  0.00047922686309519  0.00079419768236858  0.00097489807319629  0.00116263255770069
  0.00137689718721379  0.00161781554486003  0.00188384864483370  0.00217608775231264
  0.00249170070209212  0.00282780746731736  0.00318817003417773  0.00358408094520162
  0.00402694960948952  0.00451424369422928  0.00503006560435410  0.00555016887829004
  0.00606791654036683  0.00658784442044448  0.00711198915225716  0.00763559938543560
  0.00816611368636145  0.00871694763698410  0.00929743021449868  0.00989915649375206
  0.01052290094803906  0.01117397823811154  0.01185098324361297  0.01255804426036388
  0.01329631484243929  0.01407459819075879  0.01484193732205058  0.01560976921198857
  0.01640054117996251  0.01726251848082282  0.01818945329066627  0.01918463175817895
  0.02022614942096929  0.02131788945317754  0.02247525198659800  0.02368852613324999
  0.02493797083920968  0.02621663720671662  0.02751620435585774  0.02887798777994350
  0.03032019805105288  0.03185149371958554  0.03339414013954902  0.03498171317523568
  0.03664676127767683  0.03847612449927632  0.04045969869968968  0.04255699936521649
  0.04464188417697532  0.04674535699756280  0.04894525364336037  0.05136766596093936
  0.05399262186098090  0.05675906590955776  0.05965595329034849  0.06261907035025767
  0.06566777338385490  0.06887767316286710  0.07220548155209368  0.07550678621840086
  0.07895647275588365  0.08261839346029912  0.08663337975873125  0.09110339608198517
  0.09588018867258234  0.10095199173117221  0.10643983280835807  0.11231272141002489
  0.11863625583361433  0.12533133555387718  0.13250298857797851  0.14015479044108978
  0.14824433085798921  0.15696655442794832  0.16648860933483431  0.17682262765673551
  0.18775616217291935  0.19952192364187668  0.21250519441032245  0.22636232138410117
  0.24050947308053602  0.25511319051004200  0.27058177786678322  0.28794660463030292
  0.30646572202395311  0.32684277582964577  0.34952912348027548  0.37599540361823569
  0.40667521493242387  0.44743423953203293  0.52993338407530211  1.00000000000000000
 -0.00242553508617175  0.00903301583121283  0.01909004812540999  0.02922305878158847
  0.03926816590026815  0.04936002999969141  0.05975954341538785  0.07025624555815836
  0.08023569515232741  0.08975102808268724  0.09897394105067438  0.10823817741985339
  0.11766049844525243  0.12724578052488733  0.13681063133420768  0.14627388633870061
  0.15560642887263321  0.16491332479464524  0.17438633167337461  0.18391080347793515
  0.19359745946737122  0.20345812448964631  0.21334000794728800  0.22335964802721514
  0.23355280176139351  0.24373133125276331  0.25396272896878702  0.26422433996659023
  0.27460169936848683  0.28503190695267183  0.29551315575556925  0.30609007881312106
  0.31663128565619336  0.32650384291692114  0.33588548146164815  0.34521120913561332
  0.35527348412995524  0.36614385212404765  0.37690866245390187  0.38760408923538037
  0.39808520870797282  0.40861697465918972  0.41950196914204207  0.43065058206286566
  0.44145308365243557  0.45226999726885653  0.46303045810543553  0.47439590442235968
  0.48559384814284728  0.49680347187325397  0.50790479935005550  0.51877529549567203
  0.52968645189650265  0.54058269657102720  0.55164903014558642  0.56288051690700347
  0.57448256724080182  0.58598400664338657  0.59692221182115157  0.60776861344660460
  0.61862886782366233  0.62996330472355588  0.64080587962760927  0.65176749986746652
  0.66271675539205521  0.67407749044924803  0.68537271249499598  0.69680982854166451
  0.70826750779983449  0.71975116860722599  0.73100583719164947  0.74225783614752361
  0.75343208786318050  0.76455111563814349  0.77494712686412881  0.78384906725682768
  0.79335787459609031  0.80325139974520743  0.81461645765448343  0.82576130576621065
  0.83659505639229259  0.84757156367130038  0.85895421163361818  0.86988094761705426
  0.88023261066434244  0.88991958426749918  0.89979603588599677  0.91009404277417605
  0.92064768671281294  0.93158292403095155  0.94230140032776255  0.95342931551770971
  0.96474831837202402  0.97572690289964270  0.98798767277487920  1.00000000000000000
 -0.00224933906439247  0.00910081848872104  0.01966000296111649  0.03028604668421726
  0.04142755868994089  0.05161057810644845  0.06207440812741286  0.07247737698617740
  0.08348487139020033  0.09439353798515000  0.10512237083826964  0.11541904342878474
  0.12581512730172761  0.13620585722000020  0.14684653259525751  0.15776705578746997
  0.16871492347199948  0.17941040753231760  0.19011395240302981  0.20041520715110309
  0.21107731900354451  0.22194783146038521  0.23308032400554327  0.24349752563129304
  0.25390228918725599  0.26421918267830052  0.27510985238826474  0.28608599100292587
  0.29708612057660283  0.30811688811975729  0.31910754935938329  0.32996563025841325
  0.34069509250706181  0.35122066466757329  0.36171620352021450  0.37238837597204255
  0.38312692852880015  0.39383479930410126  0.40459506907620080  0.41549571958662590
  0.42627935586060589  0.43691757002384252  0.44777225743794230  0.45862108761426029
  0.46912863228616064  0.47942958949202213  0.48995871923547346  0.50096078346315220
  0.51191014789932521  0.52264823361253132  0.53326549106643950  0.54394295314200403
  0.55454779467968573  0.56544571898069362  0.57616912425184419  0.58623845561220522
  0.59617694949934996  0.60596376186112710  0.61607952541243582  0.62692304958302203
  0.63767153902494311  0.64785783881945502  0.65778080032417141  0.66759437637707786
  0.67795732674123854  0.68873811486719572  0.69976562664122510  0.71083913798107168
  0.72179596387612310  0.73205108765512894  0.74179627073036891  0.75131241974437823
  0.76117110059964510  0.77135566728832738  0.78197202487699935  0.79263998236349709
  0.80307698834592711  0.81325575310507969  0.82331049977350168  0.83366316589142941
  0.84446933341498154  0.85544808278597229  0.86650227021078585  0.87718610184872770
  0.88737124226537001  0.89725112941543039  0.90725628256977953  0.91733535907525887
  0.92758921475696232  0.93812503974443284  0.94836932939126739  0.95855059476780469
  0.96879268086605308  0.97941976650761209  0.98995550537924548  1.00000000000000000
 -0.00229460466752549  0.00924191467386449  0.01852347751768233  0.02954787928727866
  0.03855888584228338  0.04777414205143128  0.05623769852847580  0.06524510829848897
  0.07428882418526925  0.08339499571259307  0.09257514787976483  0.10187939372377261
  0.11142174053289924  0.12114654574662964  0.13071766974183557  0.14012810355111038
  0.14935550389519797  0.15863984379625032  0.16789116496696391  0.17730375343884047
  0.18686205576762241  0.19665169897380022  0.20661448623801473  0.21669500480826420
  0.22659138800251108  0.23623633118213400  0.24599668223998294  0.25603705950873490
  0.26641618806135908  0.27680004688435539  0.28690463892419099  0.29638683986934294
  0.30572384413982251  0.31525838005161472  0.32549746743956087  0.33627015766549789
  0.34710006355606188  0.35781204586686566  0.36840287867946919  0.37904847771958383
  0.38987086588131931  0.40087687088366963  0.41194181379650280  0.42307522526184171
  0.43417836896333289  0.44528948041307231  0.45641449880723639  0.46750170504239152
  0.47863905486586433  0.48981160035674465  0.50107587458561309  0.51229491163295759
  0.52337486679581369  0.53431637507873742  0.54535986667286573  0.55636480310153380
  0.56732716483951406  0.57813991013586452  0.58920152908234513  0.60052307788412140
  0.61160068938161616  0.62227399826566965  0.63292658248021683  0.64388358337465645
  0.65548277704927005  0.66696192401126531  0.67860245907384587  0.69029152643653424
  0.70159586242931105  0.71270688059181808  0.72371126157511312  0.73494980108736097
  0.74608308474301233  0.75714867565570110  0.76862512571790287  0.77999312633083284
  0.79127570020141968  0.80230125972041300  0.81333638565665722  0.82444504259184415
  0.83543960636141523  0.84625901347940957  0.85712579563665636  0.86825591485814124
  0.87976359021971096  0.89105247223383832  0.90197374322475499  0.91259198512247564
  0.92315567323529724  0.93436723548768774  0.94567138387489491  0.95744294738723501
  0.96855072775468665  0.97915034585461191  0.98976613730280383  1.00000000000000000
 -0.00214347942097666  0.00835955206139257  0.01826974438402641  0.02891333514211304
  0.04011293762455119  0.05096213306972590  0.06115251342502485  0.07106407760541891
  0.08126953571002560  0.09172724940300953  0.10196715369812562  0.11176478057696772
  0.12198905125031566  0.13224609023239373  0.14277573120018561  0.15350419060593939
  0.16414647694399584  0.17506681543610511  0.18594125125422148  0.19612374510009706
  0.20551624298608262  0.21531082882245353  0.22546409220485389  0.23636021288530257
  0.24735478087665921  0.25826233794066539  0.26898193369818413  0.27964787360172977
  0.29019124311466804  0.30072463199763322  0.31115369234011769  0.32157833936751251
  0.33220484537524703  0.34305644462257501  0.35400461337462907  0.36493272079912542
  0.37568409245016848  0.38656156949902276  0.39741808450847999  0.40852063628031438
  0.41975701513500618  0.43095773726466874  0.44210157687624413  0.45303702959745001
  0.46376866814405410  0.47433431184880998  0.48517132057140133  0.49610939071488391
  0.50730753585477417  0.51765536840285464  0.52802048180771044  0.53808643845281967
  0.54842261469286202  0.55875550921297501  0.56914389520218012  0.57965397641246152
  0.59044008798869940  0.60116069481448231  0.61199488669499635  0.62236831685243788
  0.63275694219180656  0.64301855315678547  0.65331073776949389  0.66374549688534212
  0.67417437978821226  0.68468302910418055  0.69500882550133536  0.70518622177486434
  0.71556228130407840  0.72606175662529526  0.73668236041223856  0.74722580786772963
  0.75784610648505690  0.76840388537158955  0.77852691678340846  0.78870378593881807
  0.79879538042100462  0.80935074136999596  0.81985382231896875  0.83041905224400059
  0.84075815422077571  0.85127369059272262  0.86180011115334010  0.87281865660014779
  0.88400972782495457  0.89493039205666380  0.90546308557042388  0.91536918650529187
  0.92555191731325093  0.93546094007066105  0.94618399958587351  0.95735794711165878
  0.96773760618570026  0.97893532169621289  0.98916582318367374  1.00000000000000000
 -0.00225400824399190  0.00872331117287365  0.01872806282464200  0.02949242194863355
  0.04055167565410826  0.05084929457614708  0.06109156162245672  0.07123677129657791
  0.08125426987154648  0.09181649397256994  0.10280761120975396  0.11358292892666118
  0.12418140310925846  0.13440028945948351  0.14450432512826966  0.15492444954910939
  0.16481288401528288  0.17460760960044144  0.18419999371316942  0.19338183132319889
  0.20389991422257409  0.21476293836485627  0.22488003799377404  0.23489930825232655
  0.24509569199113992  0.25553339480571896  0.26612215616320456  0.27666189040576461
  0.28734708790181257  0.29804238875244099  0.30875743977614889  0.31940770025911130
  0.33009389651049653  0.34079200192489811  0.35162465911832586  0.36245827022841287
  0.37325505534214098  0.38404869997468460  0.39500166875583087  0.40589778863928200
  0.41682587659511100  0.42784190179964138  0.43890995907460689  0.44984781247767935
  0.46093774272019322  0.47203875141599744  0.48283989641333930  0.49318770057582978
  0.50360279833860189  0.51431012885626404  0.52527298878872841  0.53609609672480030
  0.54699337640921475  0.55788000968879004  0.56850160407835160  0.57900228468305981
  0.58958454272465255  0.60033891486863322  0.61099751357158050  0.62162136014100955
  0.63211311901920153  0.64267681514119201  0.65325015949484300  0.66396372624317546
  0.67482776621750495  0.68578970235245884  0.69598283379895187  0.70560557172085858
  0.71512601422753430  0.72488364960118967  0.73602917378398791  0.74657987888535182
  0.75651923664302878  0.76626936347168173  0.77629754353632330  0.78629422106461777
  0.79649641802590487  0.80676738866801812  0.81740659268277482  0.82838477426341639
  0.83902177913937703  0.84978073427600342  0.86053073774732702  0.87139619109111333
  0.88204501801936464  0.89285665417952320  0.90343367330776392  0.91382989103321721
  0.92400707681427485  0.93425574674710488  0.94531025750093889  0.95659505844100912
  0.96720402595476496  0.97818795115375468  0.98870928352527887  1.00000000000000000
   1.2111197672260164E-011  -1.0000000000000000     
 F F F F F F F F F F F F F F F F F F F F F F F F F F F F F F F F F F F F F F F F F F F F F F F F F F F F F F F F F F F F F F F F F F F F F F F F F F F F F F F F F F F F F F F F F F F F F F F F F F F F F F F F F F F F F F F F F F F F F F F F F F F F F F F F
  <DiscreteSampler_grid>
  grouped_processes
  1 # 1 for a reference and 2 for a running grid.
  10 # Attribute 'min_bin_probing_points' of the grid.
  1 # Attribute 'grid_mode' of the grid. 1=='default',2=='initialization'
  0.0000000000000000 # Attribute 'small_contrib_threshold' of the grid.
  0.5000000000000000 # Attribute 'damping_power' of the grid.
 # binID   n_entries weight   weight_sqr   abs_weight
    10   10   1.662942424388869E+000   8.959615740314471E+000   1.662942424388869E+000
    16   10   1.662942424388869E+000   8.959615740314471E+000   1.662942424388869E+000
    22   10   1.662942424388869E+000   8.959615740314467E+000   1.662942424388869E+000
    28   10   1.662942424388868E+000   8.959615740314465E+000   1.662942424388868E+000
  </DiscreteSampler_grid>
