  0.00002100425330325  0.00005796669473657  0.00006760868230729  0.00007660756063276
  0.00008452010395756  0.00009216611696083  0.00010027201197802  0.00011073916435410
  0.00012521443432727  0.00014446895186071  0.00017106419373176  0.00020570929507967
  0.00024689953199929  0.00029709482584168  0.00036397642332042  0.00045844280668546
  0.00056959204306596  0.00069729523628593  0.00083776336971556  0.00100124598065046
  0.00121316566321059  0.00147076446093350  0.00179512855392523  0.00221045435751297
  0.00274349040529459  0.00345402082251995  0.00441537334189231  0.00571934430950480
  0.00743727079195546  0.00978914361373092  0.01321132078247326  0.01835139167014348
  0.02620721751819259  0.03737963184438528  0.05175249582691304  0.06873444041526258
  0.08744253866552143  0.10672253144362795  0.12633380723869528  0.14620366548107777
  0.16607216091578478  0.18597646280687544  0.20591564476511084  0.22586170326568994
  0.24593311180017957  0.26617936946093279  0.28629595347548586  0.30627452465416116
  0.32632695627809855  0.34645521571557192  0.36658794690359747  0.38671004574501538
  0.40668266616297494  0.42663684898084903  0.44670967952296603  0.46681219953705383
  0.48692910696891256  0.50695029026977567  0.52685957204681388  0.54670482407578325
  0.56657113846471163  0.58555507363078874  0.60435765795989582  0.62306129186488912
  0.64262176524658687  0.66227675489325744  0.68189140799998715  0.70151094236283129
  0.72103634160788799  0.74040776094054273  0.75968237880878864  0.77890029789655912
  0.79798778445455476  0.81697957049247849  0.83578374402656674  0.85422706329504705
  0.87217353674733655  0.89002069341482226  0.90755283550909649  0.92430558618792302
  0.93988724050576966  0.95408692505240755  0.96651676046041535  0.97635083091302632
  0.98347358192222745  0.98850440935362571  0.99188096807796600  0.99420053054077495
  0.99587991243414198  0.99716071156633390  0.99811976637557209  0.99879886648414096
  0.99921335834909220  0.99951800277379033  0.99977310630844130  1.00000000000000000
  0.00001950685722625  0.00005207929106197  0.00007202337606238  0.00008412306978049
  0.00009821627656623  0.00011377950827991  0.00013274341157295  0.00015659161147852
  0.00018659574670246  0.00022225445567608  0.00026369274488177  0.00031423205055880
  0.00037247589250467  0.00044299160015192  0.00055089566866103  0.00070099815848819
  0.00088556612393025  0.00110217647312626  0.00134069310288776  0.00157880483084989
  0.00185503711700164  0.00219384482675920  0.00272341260293353  0.00344379375459495
  0.00434865925567578  0.00561500129370430  0.00729778278400017  0.00960949197898077
  0.01311300095541196  0.01922097336025851  0.02881882607448285  0.04217683525996652
  0.05888265193268813  0.07754676472711147  0.09705804517288598  0.11694470926124276
  0.13730698175648168  0.15806303314665898  0.17889040087163416  0.19963508356890175
  0.22046203893716948  0.24136128269172610  0.26230338962854544  0.28325400178662857
  0.30400209422705782  0.32477611980911519  0.34558035298739959  0.36620254677196207
  0.38678432585774225  0.40741909023130007  0.42811778383946081  0.44887277854352098
  0.46968661772226000  0.49051086865870597  0.51112126567278127  0.53172899647052341
  0.55238893419436774  0.57305227962621275  0.59368109603822783  0.61428572127493763
  0.63487223346827659  0.65534544521718596  0.67532510427135040  0.69530012207047798
  0.71560281996106356  0.73590983001038546  0.75598888724960212  0.77590092358978768
  0.79572011548622812  0.81545677439244701  0.83509100573008332  0.85455695784972541
  0.87367716533623296  0.89220809180798200  0.91018642805257388  0.92740683218683384
  0.94335403057172307  0.95740656184322948  0.96907230709409597  0.97823178506613706
  0.98500771999938108  0.98972112735092277  0.99299033090237976  0.99528241203376511
  0.99685306566407983  0.99794958502055386  0.99868387326197405  0.99908852631974432
  0.99932367628374985  0.99948759828773726  0.99960032410504951  0.99968576151456034
  0.99976020203780402  0.99983747349876251  0.99991728255006984  1.00000000000000000
  0.00137775167969032  0.00144232453161108  0.00150689738353183  0.00157147023545259
  0.00165629763816015  0.00183018622495009  0.00200407481174003  0.00217588131661643
  0.00234399326461206  0.00262241233413414  0.00292984661745633  0.00324912880448185
  0.00358986136725877  0.00396501533093313  0.00439287007293631  0.00488226070806329
  0.00543419802953213  0.00602243881968656  0.00661992020752258  0.00722598778038281
  0.00785287118500050  0.00849831481156230  0.00915716184822186  0.00983600743995187
  0.01054117110277864  0.01127730320224027  0.01203756518850276  0.01282228279540733
  0.01363479094250890  0.01448929175455011  0.01535648579235621  0.01622761709468961
  0.01713093468404437  0.01807444300868728  0.01911049701383469  0.02019129830033421
  0.02133015408625995  0.02254156357357076  0.02380531056440044  0.02513620142932931
  0.02651358718825284  0.02791221758856021  0.02938351135472115  0.03096100341294152
  0.03255476929854206  0.03412624351582829  0.03575504053823586  0.03750635613427526
  0.03936340097133249  0.04127276014850319  0.04322782773714947  0.04520881546934576
  0.04742008533673546  0.04966950561688252  0.05198659247952443  0.05431346578338127
  0.05670059249611659  0.05912090648078855  0.06178355728459830  0.06481771792099117
  0.06816760728124668  0.07161049075602620  0.07510774605460585  0.07866448287843764
  0.08237426835419291  0.08626219901471006  0.09052357478855365  0.09464943745859902
  0.09878362113881634  0.10321367441014748  0.10823280008174005  0.11397930758241506
  0.12021023500390399  0.12679811959403786  0.13357459243278735  0.14071817406329862
  0.14850241572680464  0.15710650467396506  0.16653644157650599  0.17642733561746027
  0.18636258681476181  0.19658326232558451  0.20703142431270374  0.21816395078338141
  0.23092067592420629  0.24515967457082777  0.26103156870149646  0.27849116240679728
  0.29762084302971192  0.31862794506399000  0.34214585399994640  0.36895612876113271
  0.40099167968137744  0.43990108554809776  0.56193109779251094  1.00000000000000000
 -0.00286049417877122  0.01061517679904012  0.02004897009129770  0.03019019712298023
  0.03965318625853050  0.04883865283241263  0.05837260531452985  0.06765827020376625
  0.07709869947236139  0.08600580244483849  0.09478877488132077  0.10339127692226917
  0.11236859063343388  0.12194600032079687  0.13109953076962894  0.13964371013247062
  0.14792761617589137  0.15648538913087681  0.16596096016590992  0.17421800048222863
  0.18217488194674197  0.19043623293576567  0.19958327581278290  0.20974402166872624
  0.21962117112358931  0.22961300817785960  0.23979109815701669  0.25030878301292891
  0.26088660590130525  0.27144152685193718  0.28197865841443565  0.29254723369717178
  0.30317364113811263  0.31376630945793715  0.32438501542899889  0.33482381628895597
  0.34513981315265840  0.35566224462019258  0.36614474895827881  0.37710009365837271
  0.38802899906884486  0.39877788195758085  0.40956625707236161  0.42053199670654245
  0.43092232816240450  0.44112037018748962  0.45149444936125871  0.46242816377714568
  0.47405237781212350  0.48528109176497752  0.49645443575699744  0.50767372097247387
  0.51902757273452282  0.52962038874712725  0.53976337984777434  0.54991533314127872
  0.56094044085732864  0.57251301305591751  0.58404685721767313  0.59526426151237988
  0.60637241560024735  0.61758303614409393  0.62905789750551711  0.64093594309385860
  0.65229820296108598  0.66315001969387266  0.67415016857747823  0.68551189218858877
  0.69699318268720811  0.70812167162511408  0.71917357566361328  0.73031192929139832
  0.74164541595065403  0.75305316281741663  0.76459252549794521  0.77617542175849585
  0.78770071122061591  0.79914034141279700  0.81034852069171703  0.82158021666016756
  0.83273717578300177  0.84428435314912509  0.85568703669676793  0.86697914175991775
  0.87818164947972988  0.88949143084688775  0.90111017556325135  0.91225112143498033
  0.92242419285181199  0.93253812920599100  0.94245998116899965  0.95324900861747397
  0.96433285962101212  0.97531427454448749  0.98727349129595776  1.00000000000000000
 -0.00240725539902105  0.00958759835839654  0.01991786107758456  0.03177668721573016
  0.04242280204377386  0.05320511747862751  0.06362267824001112  0.07427071889167920
  0.08533281288199314  0.09545119589401033  0.10533067561047177  0.11535199096914955
  0.12481975028080243  0.13531524280880669  0.14544626667161012  0.15581708188753804
  0.16636961378307660  0.17725322869552562  0.18823941551523990  0.19931276594155195
  0.20981708790357481  0.22039489811135865  0.23087735467880510  0.24137529553078285
  0.25187282530541327  0.26236176351212137  0.27299476491624813  0.28390279916994737
  0.29476911295282088  0.30521083031065993  0.31567480717093188  0.32617874865919405
  0.33700313770548596  0.34810201788048650  0.35914124584906554  0.37023888785181419
  0.38127635482520517  0.39223667614616925  0.40280227419569348  0.41274176697633386
  0.42194779741121841  0.43103701165450653  0.44053946056945781  0.45109657259080294
  0.46193880438006296  0.47287326526227313  0.48372094069370297  0.49444982778953028
  0.50524460996520304  0.51632592139067368  0.52657598483516332  0.53630724949963549
  0.54594753432513754  0.55583264878405492  0.56619877473953073  0.57623784868444872
  0.58643111210217580  0.59654738631506588  0.60695911427327276  0.61741091681926119
  0.62813136298401395  0.63924297642007522  0.65035456605688535  0.66164633808994466
  0.67238344802537531  0.68248620108365265  0.69212398103211659  0.70228731342910833
  0.71288894561290950  0.72355645884259412  0.73438504080319378  0.74553486048545303
  0.75659676394395892  0.76766781864249556  0.77866512495216245  0.78953023919260501
  0.79995413309974184  0.81027148891377232  0.82065425397005742  0.83103654585249898
  0.84123492216691864  0.85144963034482435  0.86230260065905828  0.87314719471744506
  0.88358891998800693  0.89351532278387613  0.90311640453439146  0.91338755001535021
  0.92445232433845836  0.93546244767327591  0.94627328637905861  0.95672244250059402
  0.96772171031549781  0.97857744447249162  0.98959459258690641  1.00000000000000000
 -0.00241986339886305  0.00941214367053431  0.01981787412386053  0.03043200432440009
  0.03967367827701714  0.04853330743399596  0.05733174271098077  0.06606018667210259
  0.07569652091912020  0.08561785707434766  0.09540544576338822  0.10433597450031876
  0.11249973605640831  0.12085688989554472  0.12971842962447669  0.13920825414364138
  0.14909111384818999  0.15874357382450452  0.16851540153777031  0.17827882981878163
  0.18821164615516994  0.19830508576199776  0.20830079761514980  0.21818441729085697
  0.22791713992527632  0.23781872743146931  0.24801973779480865  0.25807089285834073
  0.26785799661595650  0.27718724021138624  0.28649276237842358  0.29603333745325278
  0.30594664165329971  0.31628152318896319  0.32681618512628996  0.33754677881759743
  0.34829771459770464  0.35913198842285332  0.37011836813683674  0.38109361120988938
  0.39212519919442457  0.40316276623896846  0.41417286049162694  0.42495459608991221
  0.43570592780675721  0.44635429395292425  0.45719305159468515  0.46829676458259983
  0.47936416950808242  0.49026566223674012  0.50114999447590725  0.51232114570441267
  0.52367035025403230  0.53490239801538986  0.54597269204572951  0.55699402773175899
  0.56793703326559841  0.57900405394580734  0.59030478598819780  0.60195891613585151
  0.61324737795725814  0.62420057453644584  0.63495501731097936  0.64538896080466113
  0.65604457788267767  0.66711883653295934  0.67890229808347169  0.69092377059136079
  0.70275135341640105  0.71416508333178308  0.72519653991414235  0.73574388435610849
  0.74651461277697073  0.75772706948235158  0.76956059309539715  0.78113234219194572
  0.79242480569589913  0.80312909286555489  0.81371051311079012  0.82419241989759762
  0.83516209110343131  0.84649836484541685  0.85768552952887556  0.86901736438292776
  0.88053623674684156  0.89184239781163177  0.90192940489224405  0.91167059894178260
  0.92183184230575210  0.93248184911330656  0.94428983775276165  0.95614258839759758
  0.96751149545973303  0.97865242351441639  0.98949031226314210  1.00000000000000000
 -0.00230476218687578  0.00911257345289021  0.01891716224502983  0.02970800056301921
  0.04054567304705882  0.05149781386428537  0.06184535828768825  0.07160807424453834
  0.08169531793777378  0.09116957241820203  0.10024728500521723  0.10995658876063398
  0.12064029978647435  0.13156662313917042  0.14143495958970259  0.15105727252282058
  0.16061667814698613  0.17102792240873729  0.18240608050451074  0.19355927876564941
  0.20440920852756164  0.21507153400968723  0.22590012624647665  0.23700057556317580
  0.24807267657024781  0.25859494535688832  0.26882611755985020  0.27910934363988760
  0.28954991202194985  0.30014930050450572  0.31084314896141851  0.32180000885824556
  0.33300964979910436  0.34420708825517643  0.35489008633044494  0.36480492565856570
  0.37443813967410722  0.38436184145855801  0.39500733114190334  0.40600931131050533
  0.41689708406915099  0.42772507799706266  0.43860056835705924  0.44955019724025785
  0.46054259296839922  0.47162856456281932  0.48265030530491687  0.49361918301303320
  0.50450097995662746  0.51529438770935287  0.52593188930771406  0.53620842936259883
  0.54660416248786892  0.55731187368018675  0.56842392626931448  0.57898638409704573
  0.58862241872691456  0.59801203675870740  0.60790540112057556  0.61879869635449902
  0.62976953665237223  0.63964409700213221  0.64885359774079931  0.65841423361935758
  0.66862149578904517  0.67956008534197621  0.69042487299227706  0.70098471907923288
  0.71155038727512654  0.72215921204094347  0.73296560384925558  0.74373953925991632
  0.75448192915926393  0.76523756753086869  0.77604257480300254  0.78701987303310550
  0.79796697375218661  0.80846484256800166  0.81876750974932144  0.82925918235694018
  0.84024258622283399  0.85135540231774831  0.86198900295787428  0.87193377205308387
  0.88184611829095727  0.89207266249064499  0.90246386070575679  0.91322777480619033
  0.92387848876089362  0.93496426227674689  0.94611608104630751  0.95717386304464291
  0.96801726795800247  0.97869288283139177  0.98933995689271470  1.00000000000000000
 -0.00178096158693996  0.00777870848556624  0.01750467335098102  0.02822164209730486
  0.03906279480830144  0.04987198862398436  0.06072803208419314  0.07167927966068560
  0.08273145135058904  0.09369446701484124  0.10468099184758767  0.11563000757214442
  0.12654645355300992  0.13745134016585664  0.14827346071890599  0.15925938480746277
  0.17026878339274601  0.18155127237771310  0.19303141748787328  0.20404786757781787
  0.21439810524140054  0.22437760507890891  0.23447483011200779  0.24526336035300930
  0.25632678768938777  0.26707131683420599  0.27788913671567511  0.28851802968604023
  0.29945798387908218  0.30924176616010396  0.31843159335366189  0.32755239857164320
  0.33688201765877596  0.34542395426360378  0.35513709703460705  0.36463044228578489
  0.37521456008633136  0.38659076390241637  0.39771167334133400  0.40883443227515204
  0.42001912228633576  0.43119143825843131  0.44208816481368796  0.45271708075992112
  0.46337076829356827  0.47408492145889958  0.48491312349963006  0.49544340340044363
  0.50577096870397420  0.51605554913299323  0.52655342291786533  0.53741524089324921
  0.54821651236277480  0.55883962166271972  0.56938565182079581  0.57953186530581202
  0.58979351383382328  0.60015327304464838  0.61094572550827342  0.62149292125769195
  0.63164196336067169  0.64154211503086422  0.65183159458674622  0.66258556134744651
  0.67345759733204968  0.68383332773103422  0.69392325733798177  0.70412284269550440
  0.71478902814005985  0.72595042848489844  0.73693306855322005  0.74794355734029694
  0.75900538000754725  0.77002751264822156  0.78100136317909730  0.79180729422465035
  0.80277178910015223  0.81374448981486036  0.82448068101609917  0.83453740942186183
  0.84451846593451929  0.85469936671810343  0.86488203463486080  0.87521943606872299
  0.88553291485207575  0.89617888783856059  0.90703721524608882  0.91768382686635264
  0.92793108909850597  0.93826096470195297  0.94837620298102587  0.95811492832410283
  0.96763380745826044  0.97700787573294623  0.98880332568900542  1.00000000000000000
   1.2461076518899456E-011  -1.0000000000000000     
 F F F F F F F F F F F F F F F F F F F F F F F F F F F F F F F F F F F F F F F F F F F F F F F F F F F F F F F F F F F F F F F F F F F F F F F F F F F F F F F F F F F F F F F F F F F F F F F F F F F F F F F F F F F F F F F F F F F F F F F F F F F F F F F F
  <DiscreteSampler_grid>
  grouped_processes
  1 # 1 for a reference and 2 for a running grid.
  10 # Attribute 'min_bin_probing_points' of the grid.
  1 # Attribute 'grid_mode' of the grid. 1=='default',2=='initialization'
  0.0000000000000000 # Attribute 'small_contrib_threshold' of the grid.
  0.5000000000000000 # Attribute 'damping_power' of the grid.
 # binID   n_entries weight   weight_sqr   abs_weight
    10   10   2.722881922632318E+001   3.261041596430600E+003   2.722881922632318E+001
    16   10   2.722881922632318E+001   3.261041596430600E+003   2.722881922632318E+001
    22   10   2.722881922632319E+001   3.261041596430602E+003   2.722881922632319E+001
    28   10   2.722881922632319E+001   3.261041596430602E+003   2.722881922632319E+001
  </DiscreteSampler_grid>
