  0.00023454973727531  0.00028264192353441  0.00031234796464127  0.00034118164906627
  0.00037616756615223  0.00041829667338541  0.00046653355330154  0.00056228539777620
  0.00095111657712744  0.00140177798697897  0.00175301805841789  0.00214052273783433
  0.00256659300467233  0.00303658561883639  0.00363082912617651  0.00431713649794874
  0.00508768844430364  0.00590611334667070  0.00685167230171943  0.00792471965744436
  0.00917981284184778  0.01044865108974513  0.01179280782353174  0.01346017573826711
  0.01562615366659541  0.01815390506997465  0.02093546129748367  0.02411097957046191
  0.02775675287848266  0.03187438457479133  0.03649700039138740  0.04184873218894763
  0.04751226106623930  0.05248085530387184  0.05635634460471751  0.05911236784590566
  0.06101314895244295  0.06237035063512568  0.06332811834469058  0.06405213124259468
  0.06461917219161421  0.06507896635202781  0.06545488526444632  0.06576867082896815
  0.06603533248040336  0.06626951005450624  0.06648288099048208  0.06667278814716597
  0.06684143471637684  0.06699701789657210  0.06714504765236108  0.06728650936840500
  0.06742189853891067  0.06755286933926671  0.06768103914118359  0.06780705045127056
  0.06793244612644624  0.06805753813140270  0.06818420460966536  0.06831228976357848
  0.06844359513096591  0.06858366090202152  0.06873436727273212  0.06889586530739704
  0.06906928643067167  0.06925581254396175  0.06945826417871770  0.06968493886021108
  0.06994318841595641  0.07023637857189138  0.07057581679625863  0.07098144584918559
  0.07148106347364111  0.07208933978639794  0.07287164990531531  0.07391385590409096
  0.07532408896490178  0.07736563355554751  0.08038855262890197  0.08491840392381818
  0.09182285999909495  0.10116799348773163  0.11362669141743530  0.13061492865586197
  0.15341945913675720  0.18373795491805128  0.22423647611074574  0.27406098280058644
  0.33709511093166578  0.42614844813486008  0.53333875999265434  0.63327835683009559
  0.72221741010694362  0.81336071080430183  0.90468103364561347  1.00000000000000000
  0.00001400638073424  0.00004583782245056  0.00007245496319602  0.00010424501805672
  0.00013899202787198  0.00017809378934429  0.00022763467187554  0.00028869010993315
  0.00037775762795477  0.00048718444128787  0.00061492605149320  0.00075903221562282
  0.00094898378394634  0.00121783448583943  0.00157399781629636  0.00201992640586275
  0.00257086529617019  0.00325265529005941  0.00411363969848257  0.00528649893768791
  0.00695135802994778  0.00958095465508903  0.01358703140813096  0.01923890460156679
  0.02734813934452264  0.03833535932393409  0.05243497955398661  0.06862861466794898
  0.08610267056787298  0.10402426080272346  0.12210413065343848  0.14049386065787317
  0.15891159250661702  0.17713463431365367  0.19547709554055487  0.21396670417769437
  0.23247314121035062  0.25108280146313494  0.26981756240754179  0.28860301783677134
  0.30728577473294938  0.32584158834588384  0.34429870786339517  0.36283542098439070
  0.38132662116606142  0.39960757389917800  0.41797709991032839  0.43644548470797973
  0.45500640782938923  0.47344265955083586  0.49170706181918816  0.50995576720351810
  0.52826301157669597  0.54662352202462416  0.56480640430891649  0.58286661377440907
  0.60094433817120241  0.61922096756418488  0.63774828257393390  0.65631694721817990
  0.67462590828021074  0.69252792642731742  0.71036298762794703  0.72828952256028157
  0.74628882139523800  0.76417143695620227  0.78173337633729989  0.79926014174138926
  0.81683610415983732  0.83415591379123144  0.85123348424300516  0.86806777960631232
  0.88470718133253834  0.90107423137299780  0.91701656366007689  0.93222237149210618
  0.94627077523980863  0.95869284383343889  0.96911265680687186  0.97722043964556238
  0.98352952872381250  0.98829581410354128  0.99154521783700966  0.99372682776606436
  0.99537301235869258  0.99666675679910111  0.99766373864640456  0.99842866816907527
  0.99894641907604131  0.99927177606477158  0.99946907670602070  0.99960737423474111
  0.99971907607851240  0.99981641069633409  0.99990855561190550  1.00000000000000000
  0.00035261589594759  0.00070460031027229  0.00093196201774286  0.00114055105559591
  0.00135332836663181  0.00158329621148226  0.00183811990692243  0.00212348560997524
  0.00243772998341897  0.00276976819829187  0.00311355232553209  0.00347925019097135
  0.00388889731727342  0.00434733360985869  0.00483607728513266  0.00533998380579356
  0.00586005918986166  0.00638965788410095  0.00692441113866019  0.00746689647551268
  0.00802384186438786  0.00859502474204681  0.00918556098749583  0.00979369756826531
  0.01041342780685734  0.01106181318794529  0.01176463436076857  0.01240723028362435
  0.01305286141655177  0.01370837337245281  0.01442715985733983  0.01521860994183839
  0.01605154370766925  0.01691962508697432  0.01785631382518581  0.01885042474074466
  0.01989404743217056  0.02099185910100917  0.02213371873434427  0.02331134237517200
  0.02452302927614703  0.02579204234308366  0.02712987425904134  0.02852317156911501
  0.02997853328206622  0.03145803088778035  0.03301641870428445  0.03464917075940658
  0.03639888610738320  0.03824401599686126  0.04021578044815951  0.04227782061785740
  0.04446509188744940  0.04670653404832481  0.04907571674023641  0.05159073917120231
  0.05425768795617839  0.05692281085587601  0.05969367863293132  0.06262835501516842
  0.06585372489404095  0.06923177775588921  0.07270056931228228  0.07637209342478138
  0.08024551140356541  0.08430423833788399  0.08847611343955981  0.09279145724403583
  0.09748545022954697  0.10254663970593798  0.10816939111227838  0.11413337151703822
  0.12032799836545083  0.12676579091502804  0.13349157620462962  0.14070527292389257
  0.14837813352120099  0.15713889881288637  0.16657356331928042  0.17636000147213535
  0.18691769424647381  0.19830565771537231  0.21096643903666373  0.22466183798487058
  0.23890201885412837  0.25388113211063135  0.27018784192776296  0.28808044005561234
  0.30763111985569258  0.32889366038650414  0.35276403749965723  0.37930131111511017
  0.41056389029157897  0.44925067408614855  0.53882972351939817  1.00000000000000000
 -0.00192782226717045  0.00771547215443589  0.01788583523620084  0.02773763624227663
  0.03811761719869584  0.04788667218088232  0.05801585679202888  0.06777293391859779
  0.07707209447079964  0.08728664406355249  0.09609516527569627  0.10464160925297780
  0.11321874255969064  0.12194807268635192  0.13021986890017001  0.14020170041072269
  0.15042322688813428  0.16010130535366118  0.16979715542183399  0.17951250357033730
  0.18946256038023987  0.19952328225272575  0.20935530370548588  0.21858926262152839
  0.22785667949036992  0.23701580013026533  0.24647785142893577  0.25596112778612146
  0.26577735240224498  0.27570244453348247  0.28564179700426756  0.29491605996996789
  0.30466546596704902  0.31457755273628318  0.32457494156393263  0.33510033872932410
  0.34547213115230491  0.35545507864963177  0.36563513005623827  0.37626859991983908
  0.38750719214454660  0.39878996322808374  0.41008942395452075  0.42132711066491191
  0.43265256968614835  0.44353694088757223  0.45446135350393413  0.46514268532777986
  0.47600298538162650  0.48688192780144085  0.49804400035015123  0.50933930876328926
  0.52067216592094268  0.53206721832518533  0.54374708368219915  0.55556311176346507
  0.56692610925042064  0.57786484116246539  0.58905656768735692  0.60009974350733208
  0.61084465454879322  0.62147774691495206  0.63264064947298371  0.64431805793501229
  0.65587610352831527  0.66727955386718718  0.67856902977235256  0.69024744051991027
  0.70168748024567440  0.71272764919954368  0.72343531099397440  0.73433335465912142
  0.74521011465491971  0.75615816327057561  0.76657306625763955  0.77633887572186877
  0.78618715988663246  0.79663954817755844  0.80774010764571935  0.81889693002252517
  0.82988812473249762  0.84095130062578860  0.85250460877705059  0.86424581729008088
  0.87615308233156564  0.88790156456260572  0.89929914468039696  0.91069014019018746
  0.92178505243202880  0.93257133351455412  0.94414932474633873  0.95524600020569139
  0.96684953060269729  0.97803573971049174  0.98902515853285444  1.00000000000000000
 -0.00220847646255468  0.00882998823441222  0.01922002773065548  0.03027155291443263
  0.04096961086410667  0.05209384956600530  0.06287113290176166  0.07371118314850590
  0.08449253285568101  0.09450965706100758  0.10435415051148303  0.11414893313301673
  0.12408697554428824  0.13369402770635591  0.14332926514182931  0.15312132154724492
  0.16372827643630244  0.17477708619506063  0.18571918121771905  0.19616819910782166
  0.20620038222377637  0.21636587493141038  0.22651881845594737  0.23713143986166735
  0.24768581605960360  0.25842169392283915  0.26924722387634520  0.28009938850617849
  0.29083842554199635  0.30152090331571219  0.31188475827606199  0.32236333460802458
  0.33302868382748951  0.34394192161963072  0.35472229856106702  0.36512638537859465
  0.37563100508498271  0.38630974362948972  0.39727328240469156  0.40832906449579542
  0.41928276996880787  0.43035175869056713  0.44120523047936122  0.45208148233797069
  0.46305065703952175  0.47406010303771257  0.48451636285517108  0.49477911630156690
  0.50498474616475753  0.51605684335009760  0.52712053384044155  0.53778565568255998
  0.54782182810754421  0.55756134531790402  0.56748887036855244  0.57764989758092000
  0.58859752630169293  0.59940937173674436  0.61006943531689717  0.62064701471041550
  0.63145142855229797  0.64244594308437608  0.65351725298981889  0.66452459543191533
  0.67564613022389808  0.68674727698203974  0.69733784677476895  0.70750092644504448
  0.71748916913484206  0.72755867904249094  0.73707312691543903  0.74687351559666926
  0.75665833616827483  0.76710500359495670  0.77754667836602953  0.78827790418788635
  0.79914570117419448  0.81025040736536924  0.82126930515229501  0.83208301164287823
  0.84297262206446721  0.85384361072215598  0.86454287182154577  0.87516141370745659
  0.88575500810808461  0.89654632548278401  0.90723097479652748  0.91754244833942145
  0.92781683363448975  0.93839525425063786  0.94935699103096005  0.96025455964889050
  0.97090172891364424  0.98102641006647506  0.99095509478265398  1.00000000000000000
 -0.00223619235989660  0.00892492761107331  0.01863588288638499  0.02854629273607507
  0.03807820723066242  0.04822464972598252  0.05791245147378007  0.06732032363244658
  0.07689654803282671  0.08645568470963470  0.09648805378512007  0.10641967939826522
  0.11587422150035140  0.12535782235313772  0.13497367843925623  0.14431956698763568
  0.15334291374741094  0.16236969493089726  0.17195356233768266  0.18193731824326456
  0.19198875667181101  0.20173734538852595  0.21140506547438928  0.22116540233603019
  0.23116846221936296  0.24130181484973678  0.25148323702856473  0.26169555848859277
  0.27171619445977735  0.28162039105137493  0.29159812348912567  0.30218335018241699
  0.31310551885820281  0.32366448251594493  0.33398426894794891  0.34438103338448683
  0.35518669533718872  0.36573222787300619  0.37541682761672263  0.38467762632160202
  0.39404522284525939  0.40461769251778296  0.41563793245156389  0.42751164962039434
  0.43905734258063278  0.45012971096024251  0.46075886185249959  0.47140292302709291
  0.48216147309653018  0.49337444372613254  0.50475353932835210  0.51627052905485527
  0.52784770834134376  0.53908108027565582  0.54945211378649783  0.55956462815682395
  0.56963472660933412  0.58042593463661873  0.59206287818331405  0.60354293594162733
  0.61521781721366453  0.62703172566285548  0.63795483310313494  0.64872555801927323
  0.65985103561527036  0.67111429802838762  0.68262182243792491  0.69329763814381495
  0.70321414701430007  0.71301299889732617  0.72322327704590905  0.73344332718362837
  0.74427669545466069  0.75502525823627120  0.76634513959808626  0.77797988602622559
  0.78940216230401028  0.80086619927255209  0.81228217695938476  0.82371339853746839
  0.83506550584757699  0.84581059402194614  0.85667857664446834  0.86744827802840130
  0.87844456300273366  0.88938102920116424  0.90041533592855538  0.91137346359939708
  0.92218878768310930  0.93277658466904789  0.94339023343781858  0.95430566475023715
  0.96546145125114202  0.97720106490646419  0.98868316760642261  1.00000000000000000
 -0.00213944944651500  0.00861609709005069  0.01805662429143476  0.02829254671781472
  0.03852651241335147  0.04941335588448169  0.06081647438040144  0.07169144181634804
  0.08220354951522554  0.09263020594612949  0.10271820966428097  0.11292142191711652
  0.12325172349836266  0.13340228109999977  0.14403583419846483  0.15478502625490179
  0.16571616938512340  0.17628675369721261  0.18674669662759208  0.19751958941045167
  0.20822755661950260  0.21836572060836010  0.22844637564975387  0.23854358586530924
  0.24922688041700908  0.25998492875534907  0.27083824423623232  0.28148502959617133
  0.29206703813024254  0.30272231598832333  0.31353912543560930  0.32448557099068726
  0.33548232173651316  0.34654834276623325  0.35760112240098507  0.36855930265085973
  0.37929809068970716  0.38996293643577584  0.40062363380030047  0.41103844882131690
  0.42149137622580857  0.43208653224577531  0.44310188965237601  0.45408260649670440
  0.46507978487899043  0.47611562163656990  0.48741104507403005  0.49854966689107511
  0.50908215555608682  0.51924706579246716  0.52920449660665014  0.53977749617247672
  0.55018539324717319  0.56050029828800307  0.57081069441795151  0.58160166074788910
  0.59288176588499197  0.60362536824009805  0.61410852970996188  0.62425861792617332
  0.63477993950420541  0.64526388397411427  0.65591278316512847  0.66643055589615874
  0.67719016591370962  0.68797943799241212  0.69881945098182663  0.70980779425388540
  0.72005019031216178  0.72966347745286886  0.73937368455368313  0.74971432262182147
  0.76099555226423488  0.77175691763460175  0.78173501173743376  0.79145878697831218
  0.80109875141935938  0.81105339311378299  0.82158611490595901  0.83183102491681815
  0.84197264959138818  0.85221372655281424  0.86246498809699257  0.87296051882758607
  0.88313952529490303  0.89333547753111731  0.90368788963761393  0.91410161977329063
  0.92446580787072807  0.93525030307551293  0.94603972239509182  0.95688353959171879
  0.96735205661273738  0.97790283658894261  0.98907592948936329  1.00000000000000000
 -0.00221807873006912  0.00889431127976648  0.02004632894799763  0.03078279773089539
  0.04245789657415113  0.05344684160252797  0.06446348857383027  0.07552075121391863
  0.08513661517577654  0.09470321149279427  0.10432344692901983  0.11475551195075473
  0.12599349352720132  0.13700414468946498  0.14769034007132609  0.15828586734877026
  0.16906298864892771  0.18011217443566732  0.19129101897667733  0.20212350774068116
  0.21264494242639595  0.22319253331762903  0.23352114990045691  0.24384070981242839
  0.25409485687367239  0.26473018152047922  0.27488996113509084  0.28483292685322492
  0.29504366929914905  0.30562879358473810  0.31632440660556516  0.32684700421441970
  0.33626210038166537  0.34561418553748718  0.35542519747954432  0.36609733053099408
  0.37656485044802834  0.38672025758533823  0.39722544451595404  0.40843056619850510
  0.41959272439246154  0.43019025644879327  0.44021682685211183  0.45019834423850197
  0.46025762229263462  0.47057089793684720  0.48093919824930248  0.49124995994014237
  0.50170574169252136  0.51225409316386450  0.52326579648266058  0.53416974853984145
  0.54458661789431073  0.55497417676950334  0.56530836720727340  0.57601236936297684
  0.58661262253015034  0.59724586543454661  0.60788948899675022  0.61874381149285751
  0.62973872487726856  0.64087647216578425  0.65195488204720831  0.66287203580263021
  0.67352318594414828  0.68387338635918005  0.69424696912083217  0.70445958227122951
  0.71501838497941805  0.72532317243313515  0.73464734653617636  0.74425188471334103
  0.75371175498519916  0.76403952608512793  0.77496577701145375  0.78612677190947178
  0.79721985970765730  0.80807100438646695  0.81874359350137182  0.82939237901891893
  0.84036003198439069  0.85147534995763796  0.86259986386016618  0.87322196826129195
  0.88353696067339116  0.89365245755172407  0.90430087784664359  0.91527682112501496
  0.92611494202779210  0.93715531511996053  0.94770003782017986  0.95817991354092447
  0.96822976275111028  0.97873450616344204  0.98892246654956351  1.00000000000000000
   1.2360608547160626E-011  -1.0000000000000000     
 F F F F F F F F F F F F F F F F F F F F F F F F F F F F F F F F F F F F F F F F F F F F F F F F F F F F F F F F F F F F F F F F F F F F F F F F F F F F F F F F F F F F F F F F F F F F F F F F F F F F F F F F F F F F F F F F F F F F F F F F F F F F F F F F
  <DiscreteSampler_grid>
  grouped_processes
  1 # 1 for a reference and 2 for a running grid.
  10 # Attribute 'min_bin_probing_points' of the grid.
  1 # Attribute 'grid_mode' of the grid. 1=='default',2=='initialization'
  0.0000000000000000 # Attribute 'small_contrib_threshold' of the grid.
  0.5000000000000000 # Attribute 'damping_power' of the grid.
 # binID   n_entries weight   weight_sqr   abs_weight
    10   10   6.315718731891351E-001   2.026063528828757E+000   6.315718731891351E-001
    16   10   6.315718731891351E-001   2.026063528828757E+000   6.315718731891351E-001
    22   10   6.315718731891350E-001   2.026063528828756E+000   6.315718731891350E-001
    28   10   6.315718731891353E-001   2.026063528828758E+000   6.315718731891353E-001
  </DiscreteSampler_grid>
