  0.00001112801083696  0.00005125048228561  0.00007271064302493  0.00008994725687705
  0.00010605188801043  0.00012240651022085  0.00014005770367757  0.00016080498567775
  0.00018748136465368  0.00022112584324405  0.00026058338907858  0.00030757686806305
  0.00036850740688666  0.00044652489944606  0.00053813335892131  0.00064478322256759
  0.00077305744888121  0.00092571322692591  0.00110999910328589  0.00132785564370761
  0.00158912242050467  0.00191577088892671  0.00233493074285093  0.00288226556337941
  0.00356494390963223  0.00446331371491472  0.00562691634322223  0.00719331240437721
  0.00942676327496574  0.01284875115434605  0.01815057983342608  0.02604829578757384
  0.03696417149123300  0.05144497861375640  0.06809674998925568  0.08564133166593883
  0.10388396104418815  0.12262837931657125  0.14184634551109601  0.16123422771965989
  0.18073095732514313  0.20031928078963820  0.21993813184352357  0.23960762557340154
  0.25926552482416820  0.27866479458808702  0.29784492903501292  0.31712674380311362
  0.33654706032856307  0.35593650778424496  0.37535215864972082  0.39471514521460327
  0.41393410210184617  0.43299770950733074  0.45196389901600809  0.47115671518532654
  0.49066831665806043  0.51009832177598380  0.52934968312449604  0.54840362677113275
  0.56746942053566229  0.58672301283924200  0.60594336342186839  0.62527687887641326
  0.64447687604615256  0.66355994400510965  0.68262024670602683  0.70137633744772276
  0.71995195056808869  0.73869101499768020  0.75746024243571930  0.77625471365338172
  0.79494123775071623  0.81358171656802769  0.83206079535549848  0.85029004376875461
  0.86822731080264781  0.88587997695494169  0.90307377219223950  0.91956948545048511
  0.93513448832010726  0.94938486398021504  0.96181049145561959  0.97207895248443099
  0.98014873159674476  0.98617902291393578  0.99045793918394509  0.99339548878008632
  0.99542972509922489  0.99688495424124746  0.99793273673332283  0.99866623521664433
  0.99915427497941300  0.99949447336360653  0.99976637074637031  1.00000000000000000
  0.00029271254556388  0.00035040535332604  0.00037907657895199  0.00042078181902930
  0.00049044128411514  0.00071162670478115  0.00114745983098782  0.00157804596809448
  0.00195659464626896  0.00235771378114710  0.00274262191987191  0.00319731177197264
  0.00384808318961327  0.00462698689375092  0.00550047514966340  0.00653968796710973
  0.00778213546815896  0.00925549348495113  0.01090261017918220  0.01282154799144081
  0.01491240434646203  0.01733751418094489  0.02010878958375500  0.02359057548622260
  0.02757828611926110  0.03241426961906154  0.03780955255640821  0.04370471288522812
  0.04949212761348930  0.05446705093228976  0.05807428892473475  0.06049869865708726
  0.06212133484391259  0.06323463835294306  0.06403158094377334  0.06463768081710231
  0.06511963889718798  0.06551523858092130  0.06584540298247957  0.06612683768761760
  0.06637275336383686  0.06659154295342057  0.06678920075054028  0.06697020582850456
  0.06713790508483779  0.06729585138958599  0.06744677481824805  0.06759182811704201
  0.06773284189772809  0.06787234613134965  0.06801176545031903  0.06815229045437921
  0.06829582126415266  0.06844445845856136  0.06859974844726065  0.06876366197793984
  0.06893846066119706  0.06912724548460578  0.06933428309974643  0.06956407909020346
  0.06982515803055166  0.07012474034784154  0.07047969673242006  0.07091284963155001
  0.07144264403197022  0.07211740617377986  0.07300803071579630  0.07420704634251700
  0.07587456448910052  0.07836358210299504  0.08202759174237932  0.08772352766223304
  0.09663890668658889  0.10967229633544745  0.12809901286401459  0.15415283610969480
  0.18906548412566471  0.23222913797221148  0.28563195491200227  0.36001793809647453
  0.46669383349320642  0.54695983456364061  0.59275830219336900  0.61911749654135118
  0.63950516813533909  0.66244404570897908  0.68535016254879466  0.70580032578995211
  0.72534062401134547  0.74379304919839606  0.76525179927615550  0.78819010028316527
  0.81381010279308663  0.85144858217757813  0.88638794618366101  1.00000000000000000
  0.00043562979941676  0.00077030645811317  0.00096893773438895  0.00115829497156655
  0.00136361889474348  0.00158789154470221  0.00184056310674361  0.00212680583603879
  0.00244391783487423  0.00278590809481845  0.00315119407422731  0.00353612883475632
  0.00393621095860974  0.00437771169298140  0.00487207889860770  0.00540052489052724
  0.00592183108975434  0.00642539712432829  0.00690329340115994  0.00741656267898293
  0.00796908001196726  0.00852697822423108  0.00910169880277448  0.00971617512540718
  0.01035749916116934  0.01101319118024973  0.01168196337734554  0.01237697378493711
  0.01311454914125162  0.01389340879194523  0.01470746062390114  0.01554309334216468
  0.01641808411022370  0.01734464668625291  0.01830329843256802  0.01927313503534826
  0.02032482523413853  0.02144920067956358  0.02263690704921914  0.02386774089625036
  0.02513786486663801  0.02646750596999046  0.02787994311125580  0.02936949237847087
  0.03090459960922909  0.03251199420749484  0.03417084254411260  0.03596356845598038
  0.03768607804814984  0.03953193482074444  0.04136235869745337  0.04335285285445629
  0.04550130755181247  0.04775275148863119  0.05011016328010367  0.05258737444169728
  0.05518735580910161  0.05795407796148740  0.06094596366560112  0.06405428955894726
  0.06741862031020036  0.07068342538658129  0.07405427615443434  0.07757532518391391
  0.08119133519999837  0.08504957324196553  0.08897856633841092  0.09318593152947595
  0.09747119886190543  0.10220661554916560  0.10750250006614233  0.11319549056121049
  0.11920239290597687  0.12568212347916902  0.13262358036672164  0.14004461708123722
  0.14802325302255132  0.15658804567562298  0.16568957989766911  0.17531767169227055
  0.18542787348025019  0.19597730266086952  0.20745879561315581  0.22010673192399066
  0.23394048712826687  0.24918016284916109  0.26562264742235275  0.28357158747185046
  0.30294261029222508  0.32398017191637019  0.34750160196556634  0.37376874051131992
  0.40450876181617068  0.44381638796887596  0.52870662682428371  1.00000000000000000
 -0.00202458331304156  0.00821722403429125  0.01861758841001361  0.02804542616711097
  0.03797318456708684  0.04790695476401831  0.05768302550953359  0.06698173612787950
  0.07649698412632121  0.08605061753534496  0.09632509867204328  0.10501108980904403
  0.11438383936281561  0.12340088054827668  0.13224637208420145  0.14155965464057182
  0.15110644689352429  0.16090284312224035  0.17049758905424509  0.18033789608345907
  0.18995059374210502  0.19976726240373502  0.20979595112468713  0.21956701651960273
  0.22941202915654207  0.23930407822592925  0.24903376860963838  0.25912210542384417
  0.26948668776346291  0.28011956367521224  0.29058818690356281  0.30068095270538681
  0.31103724122170184  0.32155344049101059  0.33225143266475315  0.34273806448032129
  0.35320517231868359  0.36377168484575628  0.37422931884671434  0.38473609667473402
  0.39541139498141559  0.40602917525043697  0.41669211618495133  0.42733028155022007
  0.43861296369847430  0.44992619530617034  0.46121215505081570  0.47211851424400836
  0.48296988782129019  0.49380552930133759  0.50456857037767344  0.51547936073892209
  0.52652721780291312  0.53733264631672051  0.54851298360435641  0.55966550989355346
  0.57121806215060000  0.58275088065765679  0.59439536408422944  0.60595569349965495
  0.61756378363278464  0.62884452677466951  0.64012131870331945  0.65131745424573328
  0.66254940626151737  0.67382485892149191  0.68504724513449755  0.69611994527515608
  0.70709761406411964  0.71805815358777292  0.72921090534478494  0.74058667604416784
  0.75213524695919398  0.76344623581810878  0.77470837897633060  0.78595255537167386
  0.79751488688164052  0.80923836118272230  0.82071546999131029  0.83149547208420993
  0.84153830025282184  0.85147261296222665  0.86093133926546095  0.87095098018800166
  0.88082580161857982  0.89065922435727074  0.90164861302745103  0.91282943899008795
  0.92346695303814019  0.93401969959580078  0.94479941632437459  0.95619518004930004
  0.96755570512738409  0.97856720027028499  0.98914025517828996  1.00000000000000000
 -0.00220362111351223  0.00854420596833438  0.01923627256802082  0.02971217613435872
  0.04053543289641045  0.05089019130267907  0.06144310981674104  0.07193910756163582
  0.08281001047131499  0.09372863134474106  0.10458373906992062  0.11527663082539330
  0.12607924381254321  0.13712023632073719  0.14775284624374954  0.15765152820301584
  0.16746729431539820  0.17710438154276503  0.18799803667485676  0.19865543584331888
  0.20943932432237583  0.22017208033501767  0.22993432269406813  0.23960527376138110
  0.24933927818111529  0.25954903768659987  0.26995776108425129  0.28008036411625886
  0.29052324790854828  0.30108546359036842  0.31151156031689892  0.32215994739580867
  0.33296185238451470  0.34384343069856366  0.35480277623512907  0.36553545728654374
  0.37553098531676388  0.38523813139387397  0.39518348948208404  0.40562573656540490
  0.41638231249788460  0.42678855444732744  0.43700065224653406  0.44695572978859499
  0.45700477283096724  0.46724419431819003  0.47780117039296038  0.48862436535174048
  0.49969603368702559  0.51083581538674128  0.52179362223700476  0.53256617653289784
  0.54328984082173348  0.55402000427957243  0.56468817122065251  0.57528818314982666
  0.58573895839010526  0.59602190582836145  0.60639012424457839  0.61680126716275929
  0.62752842754558646  0.63836402410966575  0.64920002726307602  0.66009758198676616
  0.67100710429047328  0.68169842235366107  0.69219452301289564  0.70257858227883208
  0.71321424540272849  0.72406502364109959  0.73505123976652764  0.74609819095942376
  0.75716070521889223  0.76823652072266702  0.77918622122866399  0.79039254896216748
  0.80155805478103570  0.81232925220215935  0.82284806375057817  0.83331625315286162
  0.84353684520634853  0.85407233730071175  0.86394923295882398  0.87414776466225030
  0.88462699556231361  0.89523668948207991  0.90609498410462108  0.91707963180626151
  0.92736286298596671  0.93723253327899447  0.94705714088477788  0.95724089719256300
  0.96784213485819426  0.97829706490591684  0.98919043155409003  1.00000000000000000
 -0.00218130425173882  0.00812070270563776  0.01681178708704626  0.02670651050684075
  0.03643564408670609  0.04634708286453862  0.05629201836444277  0.06556556866596566
  0.07417090604776255  0.08254206456018942  0.08937934791208582  0.09828065836296764
  0.10642545066981894  0.11526806354515180  0.12465858565265991  0.13412824190026437
  0.14374511748417726  0.15332477886741946  0.16312612959652267  0.17295426485773785
  0.18272104994069510  0.19240255686780180  0.20192702896374995  0.21125071457431774
  0.22072707473795952  0.23038301007845938  0.24042447272024128  0.25073275650804333
  0.26100558966868381  0.27133507201837287  0.28163276970510553  0.29191360243550013
  0.30208423019207969  0.31239173870595027  0.32252134515479752  0.33289368583157342
  0.34338589102442107  0.35404276264733620  0.36502997508795182  0.37610440614710983
  0.38720929176672603  0.39819124343558421  0.40870209549705155  0.41921289849919030
  0.42985342040266322  0.44097544038425701  0.45217699772077591  0.46295419848425801
  0.47384754880154734  0.48488462705285623  0.49604959123761921  0.50719124124275716
  0.51835789194107473  0.52966506820308157  0.54108871791047408  0.55278435068264131
  0.56404795081926418  0.57479863172767909  0.58553814484462818  0.59669565145955994
  0.60801824593822940  0.61929827146426020  0.63085055296313564  0.64222792707686949
  0.65352170180874214  0.66450336346891847  0.67584851031615467  0.68736596992560683
  0.69905759045659377  0.71062920441572763  0.72205544090382023  0.73350188070620237
  0.74506831047673416  0.75660149434510016  0.76812797918787090  0.77963850968638326
  0.79091876388287208  0.80196132984885726  0.81290216205293830  0.82398827621650650
  0.83511720356234798  0.84643851519695312  0.85801474842795677  0.86871838998939133
  0.87877182860561198  0.88890718639402211  0.89913111508869858  0.90999178437903006
  0.92116785386994360  0.93188784214183928  0.94282690021020688  0.95412637958154567
  0.96556586676713363  0.97673337895000667  0.98824352847532404  1.00000000000000000
 -0.00203426487888789  0.00830269739300941  0.01862968225699575  0.02818040630036095
  0.03858766586579464  0.04932436865633927  0.06006636816663471  0.07077431732145534
  0.08091404435374830  0.09142377699470439  0.10192001556687313  0.11232951304404593
  0.12255681609539625  0.13256580800287163  0.14296889333757756  0.15277017231098616
  0.16227580586567475  0.17212877721016084  0.18186448401638211  0.19311767951349659
  0.20363473827663320  0.21411988049009378  0.22449844665724522  0.23526515594717970
  0.24611471308019042  0.25681493999495331  0.26772332568214502  0.27862556114985992
  0.28951564902539001  0.29991278609234734  0.31044029688128172  0.32111101498119782
  0.33189452360456423  0.34222321932831168  0.35251180697173379  0.36313581627142355
  0.37423537847912752  0.38472045925873571  0.39482303212807812  0.40521348110544014
  0.41529260018618291  0.42558346128978297  0.43556664130124190  0.44558524707776620
  0.45582398383156963  0.46638137882500119  0.47710229888325983  0.48798680539557437
  0.49900124943688878  0.50995940497789294  0.52053406743172714  0.53081386347642279
  0.54122422178643326  0.55181805742311829  0.56258072549892257  0.57311035001728539
  0.58368029579897562  0.59469161495953016  0.60590464629007179  0.61699650385284943
  0.62791507757879761  0.63870279318499779  0.64962854256265001  0.66044621903951561
  0.67124354362726835  0.68181445153048814  0.69236439223008339  0.70294071397732960
  0.71344885857913098  0.72352964995992308  0.73305690399549417  0.74296472483336795
  0.75308038906765817  0.76387654344553213  0.77484806463890288  0.78558143066406894
  0.79645494622589419  0.80755226943107550  0.81873052553943049  0.82985061635604007
  0.84086081171847427  0.85141566256589141  0.86194048138748969  0.87243293539523570
  0.88344773747846983  0.89454001151526841  0.90571873077376797  0.91683168253223268
  0.92743135823190659  0.93781681669998918  0.94786253148403299  0.95830013134233383
  0.96887449425532257  0.97957254801224558  0.98986566736268755  1.00000000000000000
 -0.00217220663096664  0.00855190546684959  0.02014584665299464  0.03043715996080198
  0.03958282279209799  0.04925179502189284  0.05894641688719381  0.06905648932531754
  0.07925431720477494  0.08895333087470522  0.09859414783927174  0.10878117527201149
  0.11893814263457703  0.12881289509899074  0.13852644321969468  0.14826741748685679
  0.15840798387769867  0.16862866812911348  0.17887676003310007  0.18929141211156236
  0.20014502647502033  0.21116335059645894  0.22194926510746590  0.23233763144919320
  0.24263371961280619  0.25320286518659274  0.26422623989370603  0.27546195009161090
  0.28650406153470809  0.29714844560931691  0.30751761406271000  0.31786867997401785
  0.32827425931440463  0.33882195106008201  0.34948139203383416  0.36021516691630012
  0.37103948731480252  0.38168541026764485  0.39209521650596502  0.40247310848977891
  0.41304991317641732  0.42389113546445217  0.43489724292819659  0.44580391730016627
  0.45657308939104702  0.46722847343222079  0.47768345695581527  0.48797469586482695
  0.49820535443504321  0.50878322603597759  0.51958606444675592  0.53040088075953340
  0.54127827000132667  0.55221598000074756  0.56256963916261238  0.57221405396994696
  0.58166710551260559  0.59124139326736258  0.60184928829017126  0.61267665630376600
  0.62347691581471654  0.63439867615214895  0.64531697160485968  0.65635528525621722
  0.66753502153638100  0.67854114795369325  0.68931009215149963  0.69989143848930535
  0.71055629185050262  0.72138896725104917  0.73236112275894283  0.74337325391499909
  0.75440318853184685  0.76558061230203667  0.77678569194742109  0.78792500683987621
  0.79881772658268002  0.80944794039782431  0.81996087174469323  0.83053071930507560
  0.84125682174156502  0.85195993744616971  0.86269608942752996  0.87367833246976434
  0.88436616994505457  0.89526319352324735  0.90604731622463797  0.91667809147413981
  0.92748546392357389  0.93707825364299735  0.94721178190489019  0.95747875657291903
  0.96697551263717041  0.97793629394068549  0.98861230828779645  1.00000000000000000
   1.2123361462878394E-011  -1.0000000000000000     
 F F F F F F F F F F F F F F F F F F F F F F F F F F F F F F F F F F F F F F F F F F F F F F F F F F F F F F F F F F F F F F F F F F F F F F F F F F F F F F F F F F F F F F F F F F F F F F F F F F F F F F F F F F F F F F F F F F F F F F F F F F F F F F F F
  <DiscreteSampler_grid>
  grouped_processes
  1 # 1 for a reference and 2 for a running grid.
  10 # Attribute 'min_bin_probing_points' of the grid.
  1 # Attribute 'grid_mode' of the grid. 1=='default',2=='initialization'
  0.0000000000000000 # Attribute 'small_contrib_threshold' of the grid.
  0.5000000000000000 # Attribute 'damping_power' of the grid.
 # binID   n_entries weight   weight_sqr   abs_weight
    10   10   1.560118450484841E+000   9.527655229772067E+000   1.560118450484841E+000
    16   10   1.560118450484840E+000   9.527655229772064E+000   1.560118450484840E+000
    22   10   1.560118450484840E+000   9.527655229772066E+000   1.560118450484840E+000
    28   10   1.560118450484840E+000   9.527655229772062E+000   1.560118450484840E+000
  </DiscreteSampler_grid>
