  0.00928419078888891  0.01528697619631084  0.02444796760451716  0.03538093400537998
  0.04555848696082080  0.05525304144528917  0.06552619505955815  0.07582122091930235
  0.08556126501272024  0.09510365005539514  0.10475909646653217  0.11509478889138881
  0.12573100076169078  0.13663170999340202  0.14772963270307093  0.15943524630592035
  0.17069352032655069  0.18105652178809412  0.19136349885431828  0.20119691957357597
  0.21134911559035413  0.22101255711746828  0.23023692938183241  0.23905777928619767
  0.24823510022693304  0.25831418167174175  0.26884536506988899  0.27914687137111149
  0.28948724455177832  0.30080474244817440  0.31295423040042997  0.32458696779874030
  0.33596707908906837  0.34737068967723145  0.35874377827283149  0.36982689987685902
  0.38049065522064546  0.39062063061860763  0.40031266929380538  0.40990298239950607
  0.41981466791129585  0.43022131728659946  0.44089467497621831  0.45150784802497818
  0.46216649178859004  0.47300884878513288  0.48363481700216504  0.49424213427237085
  0.50511467733991622  0.51582681739971759  0.52589327129605190  0.53528389876671312
  0.54452287781536901  0.55400903905610488  0.56391971440843280  0.57437588540229623
  0.58507891120518674  0.59620250202095104  0.60752388829569381  0.61893383180895756
  0.63026259442893207  0.64146297572903155  0.65269095112813513  0.66386942556740602
  0.67459051615731103  0.68518209307280309  0.69593973064234282  0.70710461304956351
  0.71808064718378506  0.72872854307416846  0.73900959521036924  0.74892574768629561
  0.75870406934247947  0.76876533664395386  0.77841069178173006  0.78735689467967251
  0.79635813430070057  0.80603577743186305  0.81579412331907253  0.82507135763574102
  0.83443059427816424  0.84433463530707797  0.85430688108044128  0.86396654650514848
  0.87339996684907961  0.88359143398715534  0.89433447639478469  0.90503486501800112
  0.91605799340151894  0.92747253366379467  0.93949104352108226  0.95023228755245837
  0.96061627799679727  0.97102162254862034  0.98116979585525266  1.00000000000000000
  0.00876242088385954  0.01736200476535893  0.02783437665658363  0.03861927335669928
  0.04886954443270003  0.05902127845172735  0.06965390011714094  0.07975703656931382
  0.08957964186849966  0.09927126486256131  0.10921972743166053  0.11957333374299689
  0.12991115468522829  0.14042754819665210  0.15158117630407236  0.16325975247253321
  0.17504346924538655  0.18669217380130532  0.19816345009375361  0.20945678290704012
  0.22089535909409647  0.23187356678446763  0.24207957726035242  0.25233216019207233
  0.26219072637302154  0.27163418246209475  0.28040129678201259  0.28944373139962115
  0.29936894719365148  0.31017475863783689  0.32082275705344099  0.33136912272711827
  0.34217287763025533  0.35300192213781595  0.36355418662705419  0.37370229994721593
  0.38351345559438277  0.39354991871437905  0.40281146678060387  0.41317846471264941
  0.42416424251830570  0.43455376008174967  0.44426416865198459  0.45343709784833947
  0.46289439817254541  0.47300295646691731  0.48314540003543416  0.49302190364689980
  0.50299125944846856  0.51312783154572350  0.52321660501951728  0.53332920618399771
  0.54343838555161417  0.55386522573406627  0.56450377817161079  0.57491877271815894
  0.58536219812175860  0.59595529197834685  0.60612300516092432  0.61561535746896479
  0.62520109977033678  0.63518560283788184  0.64512872861399362  0.65473322908952780
  0.66463143873117980  0.67562552498200201  0.68746855228546766  0.69906736236422362
  0.71005563679154238  0.72043759248317574  0.73055476875877778  0.74035123201072972
  0.75016399996767835  0.75988812127597749  0.76989554144274586  0.78023246703086457
  0.79046149842735325  0.80165957666137866  0.81288052094092822  0.82479593580798749
  0.83638394619374068  0.84771396428682289  0.85835422607173983  0.86809808904657448
  0.87770566774282321  0.88734613868094092  0.89746668528872642  0.90793838205354249
  0.91819390236538878  0.92875643535609398  0.93923713306392187  0.94977553444790863
  0.96001959451394803  0.97026611464362045  0.98045019016446078  1.00000000000000000
  0.05756173199217870  0.05839454703750075  0.06025554863539790  0.06271701792814310
  0.06540141294379130  0.06907366875599513  0.07297991747563731  0.07682248011096976
  0.08072331073371787  0.08466368178494227  0.08870817294703480  0.09273959776927986
  0.09675458896270066  0.10099168612061254  0.10526215483178307  0.10953065698891631
  0.11392316892743876  0.11839118324014222  0.12298711440519849  0.12759528898374778
  0.13233498546053221  0.13787570361223736  0.14357935380268952  0.14820992872354455
  0.14883887043997754  0.14999824008364701  0.15122457601114445  0.15260863226986565
  0.15479078647743386  0.15723018987569923  0.15959526644008523  0.16198075554004823
  0.16439571662275371  0.16683573980593844  0.16931210941988575  0.17177738069372692
  0.17422994236886813  0.17666294806866598  0.17911646676489273  0.18159967228145510
  0.18411682042676483  0.18668307335576917  0.18924729619462405  0.19184127041570495
  0.19445677325002397  0.19708978863540824  0.19974445751072487  0.20242449948593813
  0.20513417888004842  0.20791664105630589  0.21073219773515398  0.21355198178981888
  0.21642286001341107  0.21931306387609750  0.22224181411437613  0.22519095940284881
  0.22820535182309543  0.23127811897048603  0.23440469032989145  0.23755026029694387
  0.24068489755111883  0.24384987819847292  0.24708229810375559  0.25038776346659175
  0.25377802225512430  0.25722761159714164  0.26071359941060579  0.26425875079899758
  0.26787468420577054  0.27158549620493272  0.27541721045627493  0.27936605240308882
  0.28341263603037820  0.28756868482429060  0.29185566334589330  0.29628756162254827
  0.30091815811695405  0.30566267374179079  0.31054658959782927  0.31566382565738477
  0.32108403440548045  0.32681381798929443  0.33285736024532830  0.33929420589195625
  0.34625384841439588  0.35383335839567320  0.36222263053082743  0.37164933441837916
  0.38233317226250341  0.39466185301776424  0.40975343529742952  0.42865439326389621
  0.45539005055063675  0.49840794465930716  0.58488485124661083  1.00000000000000000
 -0.00305658762240141  0.01250584917649011  0.02443095561204339  0.03561136154461719
  0.04645314868088257  0.05728456558907497  0.06800440375484977  0.07901922951073168
  0.09020323445870654  0.10141135484389793  0.11254388126149086  0.12390994635854004
  0.13511531930506174  0.14665624462746105  0.15905018484068728  0.17175853768502383
  0.18404856969202379  0.19588682657520295  0.20721474544272483  0.21827217088553436
  0.22898555295156237  0.23906075783213143  0.24944860313557948  0.26021020923063332
  0.27089810238947698  0.28145025055511630  0.29170579259894619  0.30313227034035739
  0.31425350731244950  0.32532384451101171  0.33625399944200196  0.34723410507383928
  0.35824549577732623  0.36910184410320790  0.37975089571911541  0.39000179888111741
  0.39976857701369545  0.40938497647129352  0.41935456614122152  0.42959209616002014
  0.43947644713415923  0.44909435688291172  0.45905641806869435  0.46961306505338823
  0.48043420912910556  0.49093458838846660  0.50117184182168195  0.51102301852100251
  0.52107733945292678  0.53124245721975072  0.54144132803007472  0.55148424756409464
  0.56128836283637840  0.57062487253187666  0.57990680496491342  0.58935699734604141
  0.59900336958261935  0.60905734485921614  0.61959956514671455  0.63035496703013194
  0.64051563488824470  0.65009501339705100  0.65917796109926075  0.66861377163262825
  0.67824293815765091  0.68810873617976420  0.69872948661502987  0.70934055521792583
  0.72078650739078087  0.73216133099382530  0.74317932465398451  0.75399502988280309
  0.76402324125717858  0.77349538544586272  0.78259112161668742  0.79210540669624574
  0.80219973132564448  0.81254633509625063  0.82316067418112071  0.83388007235641615
  0.84535546971246234  0.85676012077259855  0.86753593466898626  0.87817191256473370
  0.88899115891820202  0.90013185442387034  0.91037011836580128  0.92074763943423032
  0.93112970380564031  0.94115505529046928  0.95069712282168350  0.96042949172225767
  0.97067792216964133  0.98083284360028178  0.99054556699007901  1.00000000000000000
 -0.00297877630609361  0.01113807451618646  0.02201125104430074  0.03177795319380411
  0.04111237377200168  0.05041609663228028  0.06021547677352174  0.06999073929043534
  0.07937763436331305  0.08872643453627405  0.09827252401573663  0.10804314924724163
  0.11805037963980494  0.12822588835330548  0.13862338701215074  0.14874507426023947
  0.15845626104889121  0.16792198265259464  0.17748551060940757  0.18725631870923057
  0.19710707081219964  0.20700329642751464  0.21755602634655713  0.22860084046323065
  0.24011232382136158  0.25181063975959667  0.26337895348305701  0.27491697733992676
  0.28623912605216439  0.29733878333655234  0.30863662852217100  0.31947376731292504
  0.32996270735530459  0.34034268677862745  0.35060446172629095  0.36126779121956371
  0.37215673164385904  0.38351121846451675  0.39493351791272685  0.40635317437952101
  0.41787760980200406  0.42915203062348117  0.44010289186217227  0.45113392916362366
  0.46213441520981896  0.47266207774395985  0.48316803407859810  0.49416888164258532
  0.50501916654424928  0.51598457691362198  0.52697731395179281  0.53895621855035392
  0.55104872679067929  0.56305579714948728  0.57395133987479718  0.58466013568595121
  0.59509702951221355  0.60547033896784808  0.61591787906489082  0.62650997762361305
  0.63703159563178502  0.64775863352337648  0.65883268563426767  0.67038282878882249
  0.68278464654379345  0.69527219184933409  0.70749620364601640  0.71938187635856854
  0.73130277823665990  0.74354945585023613  0.75524609622703931  0.76597071989957166
  0.77600736543466176  0.78553752807956922  0.79469939955633562  0.80346935358708638
  0.81231570808428111  0.82136723411611934  0.83086640590379657  0.84072156107845830
  0.85021734874544941  0.85996485350787777  0.87012940914544679  0.88108285867312808
  0.89217615369525216  0.90278496790165308  0.91313498939489179  0.92369034584830789
  0.93420968630533774  0.94409584949830250  0.95364124278869111  0.96307640407115935
  0.97262617745883462  0.98209172217239060  0.99106372512847229  1.00000000000000000
 -0.00315349407555763  0.01140589866898555  0.02366858550108938  0.03568423848570469
  0.04701777456392251  0.05780654244379806  0.06881845627711601  0.07973009315652217
  0.09033388608970142  0.10103372253229982  0.11304957913774201  0.12583937117239427
  0.13787254910771377  0.14956546330307346  0.16103606230363776  0.17255557701400728
  0.18379483150225190  0.19490375830080753  0.20635708153423085  0.21798761036450187
  0.22941192994019910  0.24014739875461508  0.25089782429201157  0.26207607945936018
  0.27258815718396517  0.28236473276365381  0.29214726801265489  0.30247744066395044
  0.31279301914708735  0.32286373669913471  0.33260523309725182  0.34195011620020821
  0.35115761862659123  0.36074778068437457  0.37029840146058712  0.37956395211614297
  0.38863364353346930  0.39814191792919135  0.40828414491941123  0.41839804756954224
  0.42830468311723563  0.43799018294390868  0.44792598662606020  0.45822012338071549
  0.46879179673359561  0.47935016045156936  0.48961112701844456  0.50021268750165304
  0.51098237708777239  0.52175548983720987  0.53267852297769036  0.54366857406588243
  0.55450246113549628  0.56503368219528527  0.57550082576008954  0.58583671977201901
  0.59558055206690275  0.60492823301513032  0.61397920472000977  0.62291705426711930
  0.63177370015856271  0.64035881064422262  0.64924227441378790  0.65860059328116694
  0.66761994004911351  0.67593542295537357  0.68421996942944874  0.69279640788254515
  0.70164740327014541  0.71051106562186783  0.71943424574567261  0.72779050711806570
  0.73901120964251543  0.75041585310706316  0.76192689741390851  0.77380265664388814
  0.78613062260925581  0.79743915644939289  0.80789567754760727  0.81781432992541780
  0.82777079051506652  0.83756863570697426  0.84708262393352651  0.85649646508468891
  0.86635847824004164  0.87680622291309507  0.88812208101893841  0.89981341932110781
  0.91172810520353031  0.92346264571815506  0.93528931206383159  0.94712430562680472
  0.95874414384781803  0.97197619631135967  0.98545811871784672  1.00000000000000000
 -0.00183018508523516  0.00833929927350853  0.01707123446941178  0.02664666504132363
  0.03618566499768578  0.04569898404333935  0.05544207474413466  0.06565466872991998
  0.07671548089771117  0.08816387281231923  0.10030724788717374  0.11178057060259913
  0.12322788316171465  0.13381877653205626  0.14384986814446746  0.15390932709541277
  0.16427389849315396  0.17560975744547375  0.18683291324225787  0.19796506994618918
  0.20895171748933333  0.21995257593189174  0.23082332055052002  0.24105813000675513
  0.25165771622177685  0.26160308536834548  0.27106384059099031  0.27999760771311999
  0.28888457218048547  0.29794621208659972  0.30711975173322492  0.31669793086426373
  0.32652961748253090  0.33641436128950386  0.34677552124352135  0.35742346509849177
  0.36852090921162262  0.38001065786428090  0.39190495839168404  0.40400235966503162
  0.41539357295717499  0.42647337725653189  0.43791221516696016  0.45001914553164213
  0.46133931081554957  0.47198961694588454  0.48236101665158182  0.49291595529577609
  0.50370310770544446  0.51486681923218269  0.52682764698725937  0.53918632438993930
  0.55129895288411923  0.56306644615624812  0.57407062654845231  0.58474827229463666
  0.59492084049578131  0.60510081335470778  0.61434051260407740  0.62295431763461884
  0.63173398028315142  0.64089799708150486  0.65064232331342642  0.66005311472995531
  0.67003735540194742  0.68167793257737974  0.69274467527986172  0.70316792373784864
  0.71340278632293852  0.72442932712270391  0.73579465399281485  0.74687075960835969
  0.75866640741017510  0.77079632520206876  0.78307718034336704  0.79445265158522460
  0.80519493593542213  0.81545358687910896  0.82527428270923842  0.83502481441377818
  0.84477796925845861  0.85467510891232568  0.86457372126193466  0.87430704662113634
  0.88409258705976823  0.89417445357434644  0.90448300273198412  0.91466851077992306
  0.92523624892436673  0.93556611870265360  0.94632409819571461  0.95683975809245370
  0.96753235494366829  0.97810143421155238  0.98873605083435734  1.00000000000000000
 -0.00234106960341223  0.00877622467080852  0.01855171912528076  0.02846566172442110
  0.03807756432327487  0.04790415334177038  0.05825818429151206  0.06878665209145346
  0.07935303210172356  0.09063939943890301  0.10251871101659830  0.11360632815945777
  0.12425358471261895  0.13522448126741943  0.14606127326259724  0.15686884079197544
  0.16773701582648937  0.17893940140893799  0.19026444032870193  0.20122587335550518
  0.21200762060076539  0.22259071751613543  0.23345147685753595  0.24535865567316525
  0.25786005487033381  0.27012751531470841  0.28140516932743326  0.29262096516175928
  0.30283183990759516  0.31387692336174600  0.32483908809161893  0.33585531173037048
  0.34680782954357159  0.35711196951581831  0.36790574741435161  0.37867359574883258
  0.38968076381809286  0.40097042654651088  0.41258646312463965  0.42447776487511346
  0.43656354777765788  0.44749384291260119  0.45801324256245540  0.46853474571189768
  0.47873289489259596  0.48849871737633938  0.49836817740948436  0.50941775301710490
  0.52127225771345609  0.53278933221250557  0.54396137453550764  0.55475285067172908
  0.56481355041035819  0.57399729860853055  0.58282639661023017  0.59196442355972378
  0.60177777356861972  0.61205610305994151  0.62208288030296588  0.63229568394407143
  0.64253045158597988  0.65270938785576060  0.66259528346718777  0.67280179741463442
  0.68368589366069976  0.69477419087200698  0.70602038813158641  0.71732272541549258
  0.72813679330675496  0.73816210231595270  0.74805310105431067  0.75758145353202688
  0.76676932362523953  0.77551562428665710  0.78408471375092292  0.79288449251768411
  0.80215252357665823  0.81156084650733373  0.82101087926090877  0.83048070144660724
  0.84062935990875554  0.85136453900489928  0.86190218008975805  0.87261286820344808
  0.88385778299092610  0.89502200339254867  0.90541882955910058  0.91562842508887377
  0.92607611242225518  0.93630181280345048  0.94626965671148500  0.95624606829994863
  0.96673203875259139  0.97780746847827937  0.98866079843240129  1.00000000000000000
   2.2179720649876411E-008  -1.0000000000000000     
 F F F F F F F F F F F F F F F F F F F F F F F F F F F F F F F F F F F F F F F F F F F F F F F F F F F F F F F F F F F F F F F F F F F F F F F F F F F F F F F F F F F F F F F F F F F F F F F F F F F F F F F F F F F F F F F F F F F F F F F F F F F F F F F F
  <DiscreteSampler_grid>
  grouped_processes
  1 # 1 for a reference and 2 for a running grid.
  10 # Attribute 'min_bin_probing_points' of the grid.
  1 # Attribute 'grid_mode' of the grid. 1=='default',2=='initialization'
  0.0000000000000000 # Attribute 'small_contrib_threshold' of the grid.
  0.5000000000000000 # Attribute 'damping_power' of the grid.
 # binID   n_entries weight   weight_sqr   abs_weight
    10   10   1.748069556930054E+004   1.261066434658412E+009   1.748069556930054E+004
    16   10   1.748069556930054E+004   1.261066434658412E+009   1.748069556930054E+004
  </DiscreteSampler_grid>
