  0.00022698239470907  0.00028860344598400  0.00031960060337651  0.00035581829379930
  0.00039769585122617  0.00044875090022794  0.00056991450671952  0.00093569243659683
  0.00139127323300345  0.00173523932192926  0.00207932397103948  0.00246480823202687
  0.00292318390560872  0.00345979241467925  0.00405383167673642  0.00468233067614992
  0.00534501066638912  0.00603923381770412  0.00679414235918290  0.00772389128236670
  0.00884407448100449  0.01019376489749568  0.01169796145427509  0.01335086907675316
  0.01529374437222260  0.01754731409203495  0.02004829982326362  0.02288509087841908
  0.02631979414045039  0.03033105384563101  0.03473149251040097  0.03964085500861576
  0.04489893469727352  0.04988987940323398  0.05409832485149735  0.05731612701925609
  0.05968129069532239  0.06139657303219398  0.06261508762470772  0.06350965192790155
  0.06419812457157963  0.06473220616397864  0.06515574378465051  0.06551003169463721
  0.06581645908788411  0.06608623209201961  0.06632399279305905  0.06652995247188180
  0.06671684377391529  0.06689038614298135  0.06705035848041783  0.06719992668293737
  0.06734231854769136  0.06747975204311225  0.06761363629996059  0.06774501406864022
  0.06787449148116660  0.06800284095071131  0.06813297192784143  0.06826601471920599
  0.06840293619349996  0.06854428095419784  0.06869203503859855  0.06884874622674456
  0.06901721722474051  0.06919889738715115  0.06939715453307986  0.06961668457830794
  0.06986173726226172  0.07013602019925058  0.07045933135714713  0.07085214385553323
  0.07132043556248234  0.07188364125730941  0.07259216436941990  0.07351436113305032
  0.07473894003744337  0.07646265804197822  0.07902142597953091  0.08278152505097977
  0.08825737174247382  0.09632241012312034  0.10779668275140293  0.12294901667831651
  0.14187757744395962  0.16518093272436757  0.19448431962352705  0.23292986057560719
  0.28276649419700062  0.34830848147400162  0.43764679060621176  0.55529316171611898
  0.66492507416559399  0.77017478140751439  0.90476535106201994  1.00000000000000000
  0.00019762112300190  0.00026454229759105  0.00029862473863319  0.00034017562984560
  0.00039058521424809  0.00045462150765880  0.00060912959301043  0.00106244739812491
  0.00158903225842970  0.00198541099521261  0.00243526423291895  0.00296985248504690
  0.00358737028255310  0.00430016523691170  0.00515044818616492  0.00611555027688338
  0.00717925522844397  0.00839010210454232  0.00987591045795057  0.01157982750171678
  0.01351496688999667  0.01572868362682384  0.01819792596267632  0.02102217344057652
  0.02440142841753573  0.02839291673148462  0.03294603218301937  0.03818545513066381
  0.04349720253022368  0.04840593788327967  0.05298987127504887  0.05668750397640473
  0.05933600849351930  0.06118859710147240  0.06250950762195549  0.06346492231987007
  0.06418920493117618  0.06475942956947719  0.06520090597764963  0.06555956984970435
  0.06587094095004309  0.06614053841668420  0.06637812340343927  0.06659004486987477
  0.06678152203096081  0.06695710364640675  0.06712099758310863  0.06727577763259580
  0.06742356502509969  0.06756640968427124  0.06770584570927544  0.06784286277796583
  0.06797843257875757  0.06811407649463706  0.06825203052867061  0.06839402507748558
  0.06854139914363924  0.06869709774422764  0.06886179234921755  0.06903978979256550
  0.06923401864559309  0.06944660858914264  0.06968147442504009  0.06994424100891417
  0.07024288370058458  0.07059147190168363  0.07101000433542899  0.07152027844418017
  0.07215430976067901  0.07296682901463954  0.07403935089944644  0.07551635349082404
  0.07770208018359680  0.08101611756609578  0.08579705499237074  0.09256414175906917
  0.10219934323137712  0.11560396794050509  0.13270897523860262  0.15336229694648396
  0.17901475594827110  0.21451991034801929  0.26530173620616720  0.33190589906932411
  0.41365749898957438  0.50484058315462155  0.56856386393652203  0.60942677019129199
  0.64307070424664303  0.67754214892452702  0.71462492281274281  0.75325904295953472
  0.79307366688720593  0.83707764045824229  0.89303622332357691  1.00000000000000000
  0.00020932504671448  0.00061953732823660  0.00089448189925980  0.00111763358732965
  0.00134921123684373  0.00160930179275019  0.00190055978548141  0.00221901365577472
  0.00255865440549906  0.00291971810210375  0.00331897491524631  0.00376651126194860
  0.00425142475207091  0.00474651237568904  0.00523836893778403  0.00571885957511572
  0.00618175618629516  0.00663631283812786  0.00709849216865712  0.00758405032079999
  0.00808460086014490  0.00859500108658526  0.00909380554489552  0.00959335608388192
  0.01011589084356481  0.01068943894800459  0.01131714624316098  0.01198180062015647
  0.01267726344902391  0.01340650030439247  0.01416812926386992  0.01497013567521071
  0.01583272525199639  0.01670192865183485  0.01756181019466580  0.01846159128464455
  0.01939123216486148  0.02041281077461861  0.02142448124552668  0.02252393166456574
  0.02367639230110804  0.02499308670609769  0.02635906824359107  0.02767990494720632
  0.02902373609180345  0.03044994192040164  0.03200990181956896  0.03362140770564158
  0.03530201080791111  0.03714489880637972  0.03907973737747553  0.04106102989903569
  0.04322547211005855  0.04547774647925179  0.04782179047924576  0.05040323036338343
  0.05303274981352584  0.05583137695401992  0.05866238747461729  0.06161877845548242
  0.06469737402478312  0.06825564730885150  0.07190691328223114  0.07571784442756803
  0.07955200642114234  0.08347068879355413  0.08759741554738761  0.09220929153722494
  0.09736319515759066  0.10282639820701611  0.10837596809406422  0.11408374667420018
  0.11990253568761691  0.12612145739288297  0.13291389103799398  0.14029031023315286
  0.14833219628919223  0.15703843439290305  0.16644903286686891  0.17660217919107979
  0.18762225307844979  0.19954752685229352  0.21227505842514657  0.22584611659615128
  0.24046336585091499  0.25623932765486085  0.27323214446140559  0.29157337988555998
  0.31143320231362087  0.33294392889687691  0.35566044380692985  0.38082152388287666
  0.41053255112349119  0.45170275090232642  0.53450315567637008  1.00000000000000000
 -0.00203214439138312  0.00823001525250023  0.01908653939210666  0.02881198539471191
  0.03844013313831759  0.04830048830520103  0.05778297851625627  0.06667291104948987
  0.07540074806728037  0.08396731009147763  0.09408990867694091  0.10415899701189442
  0.11395997490703862  0.12334820876441147  0.13270078575363614  0.14235633031826814
  0.15181756976958660  0.16130245398801576  0.17064863915264578  0.18001721407536833
  0.18980267132099746  0.19947035310003783  0.20919406851608621  0.21896308202294329
  0.22873937322235724  0.23861232472868690  0.24856462792062786  0.25869023825897514
  0.26893224720029335  0.27921106896074988  0.28947538177121723  0.29981366314163876
  0.31031457072250240  0.32108809141018735  0.33190335076174693  0.34281177493112847
  0.35353430708110106  0.36412171227535123  0.37470083331267617  0.38545612462421591
  0.39661391098772536  0.40775181431865626  0.41873582693222811  0.42968768172551736
  0.44072119343781857  0.45194480039570095  0.46314857579912883  0.47432119436703918
  0.48538467556852510  0.49649001615618055  0.50784885430419702  0.51942594853584845
  0.53130140749781862  0.54288737750087068  0.55363220336269414  0.56406477690882173
  0.57449883255987444  0.58538355425224486  0.59651648307229932  0.60790282197963119
  0.61934728678836837  0.63076758323473303  0.64212394239819903  0.65370110289226069
  0.66531925205545650  0.67680808281735572  0.68815270883288604  0.69939580029523785
  0.71085978015416718  0.72221747682997273  0.73342619692791111  0.74467212202012323
  0.75594661670055174  0.76718710204906559  0.77796050107721970  0.78842239665700609
  0.79879976147078069  0.80913683503244571  0.81988638256939339  0.83038584616517297
  0.84031979447683991  0.84989927704954193  0.85943268617067592  0.87003902064154881
  0.88050943081324806  0.89095588702792694  0.90172453105257611  0.91296275110117620
  0.92433286100623979  0.93582425158908877  0.94727483790292966  0.95782064201916606
  0.96817934789146332  0.97805717617161647  0.98919941409363854  1.00000000000000000
 -0.00207313290822433  0.00823830848094218  0.01929976910291285  0.02906496908023816
  0.03943937750201469  0.04880526229813792  0.05874461435216949  0.06892977877529567
  0.07913418607388835  0.08932488361666988  0.09979407311637606  0.11058213065662864
  0.12121686567383345  0.13179114578415291  0.14228502216318903  0.15286367026908018
  0.16361495188989802  0.17450858271264358  0.18532211394452167  0.19592589053024848
  0.20647775436772967  0.21668275399171860  0.22661884858688952  0.23648012737677279
  0.24665553460423731  0.25733613903525465  0.26839852238869139  0.27940275482935900
  0.29037551912209691  0.30157164781811086  0.31300151276282395  0.32449097243682495
  0.33578619337194021  0.34678736450518294  0.35766307880547799  0.36842001069721625
  0.37897119224638143  0.38957316938935665  0.39996533114713961  0.40996195897213994
  0.42009686863326329  0.43015061645340880  0.44039613409724793  0.45023131051402748
  0.45972047100477087  0.46934827127760476  0.47922748548910521  0.48941502785650165
  0.49981437058881012  0.51059886171149982  0.52166174527978459  0.53266283507627821
  0.54359336883706222  0.55457689702591928  0.56568070881527055  0.57688225402330251
  0.58793494413513780  0.59881181454592125  0.60940598349392272  0.61997764879697426
  0.63033633150689250  0.64056930842854820  0.65105350719978072  0.66169671062983304
  0.67268688089631645  0.68296218141906473  0.69310338005519123  0.70323658349958917
  0.71360548954613301  0.72411602413259923  0.73464485968195881  0.74537615685055147
  0.75625321410312307  0.76704382397742354  0.77785686148635247  0.78857875938021349
  0.79872219586275706  0.80892620121874059  0.81939147658401912  0.83053395657322382
  0.84148442704949389  0.85214567747229064  0.86302521378633934  0.87380512230523788
  0.88436791434329276  0.89476607810599273  0.90531440149887166  0.91592335882387255
  0.92626483640498869  0.93652520632312064  0.94710877722639364  0.95758160906019785
  0.96806189923879371  0.97784159848854857  0.98897673286187837  1.00000000000000000
 -0.00249872775438761  0.00943695683027890  0.01980991199063356  0.03037894927065714
  0.04032924698014329  0.05012111342912374  0.05989760931163224  0.06972138689298571
  0.07961491617771853  0.08939937937256015  0.09906563441770119  0.10876977923230348
  0.11886529209773160  0.12886897973927089  0.13896754089844388  0.14882032223257372
  0.15805761145439109  0.16720544790327974  0.17638152818109928  0.18576136845277871
  0.19526534133119225  0.20475267391154212  0.21438992538714594  0.22423502484006816
  0.23422311314695604  0.24404079736131168  0.25376307567088391  0.26355689126033688
  0.27348915361999987  0.28333842792575181  0.29320340128691036  0.30318916669882989
  0.31331530436914629  0.32342857150958926  0.33369854688502476  0.34434775353165875
  0.35508523695459898  0.36573778841096938  0.37643250987540949  0.38726797726891510
  0.39782194387826325  0.40809746257823210  0.41840221572841929  0.42858053425041998
  0.43876830837287212  0.44860117944248662  0.45890368324370012  0.46957711524887047
  0.48070848015755541  0.49218234425980495  0.50359273752762423  0.51485911274075036
  0.52599413330119094  0.53735588243742927  0.54900297662325015  0.56037883574428404
  0.57104603417589284  0.58157912030895476  0.59235180818080224  0.60356944839647031
  0.61472161140224912  0.62583991268226158  0.63718775233999259  0.64870069984392564
  0.66018292956251734  0.67154486678770575  0.68281210912510149  0.69413523230941099
  0.70574472939525945  0.71739866778872174  0.72829133840682569  0.73870886870323649
  0.74850807680300735  0.75883100320569452  0.76954781994747112  0.78074180908173874
  0.79180765657627938  0.80294079570401666  0.81422405914866103  0.82559345276967133
  0.83683339734267814  0.84791019811105317  0.85862863418983693  0.86910293706384367
  0.87949589340623568  0.89012989642533180  0.90066517610131192  0.91114367349989134
  0.92172392134996717  0.93288015469746166  0.94386266153733156  0.95473842485442961
  0.96550288135336937  0.97631234185981419  0.98817452625038871  1.00000000000000000
 -0.00213411853487963  0.00849243233288842  0.01926216688446871  0.03029508852148306
  0.04156083670610762  0.05204886200461281  0.06263162499003447  0.07273913646400863
  0.08253356070939163  0.09271085733958324  0.10271811791880221  0.11347155096653469
  0.12378598276288429  0.13392233855866187  0.14393386555426452  0.15436399393123434
  0.16420203730071539  0.17433938253694367  0.18462136703732393  0.19512821794529545
  0.20550709722959443  0.21615187500405258  0.22681251287307685  0.23759298267701348
  0.24828132323200347  0.25906642998783153  0.27018042657866709  0.28124859400629526
  0.29211694050930748  0.30298674442393869  0.31363452845825551  0.32442259846146004
  0.33480750131556403  0.34544642996827146  0.35607892808985947  0.36694496619455880
  0.37782137322047277  0.38892101247891786  0.39987101851864765  0.41067420144899230
  0.42120888990613242  0.43165758935220577  0.44250505442583543  0.45380806361957782
  0.46501144939376321  0.47584889214715825  0.48594147082961209  0.49583986052745893
  0.50605879114950825  0.51679702988655896  0.52737931086441658  0.53778039351690310
  0.54800972156567140  0.55813432401695551  0.56806303274680170  0.57806045975683928
  0.58843145163405564  0.59872586607823997  0.60878628568596516  0.61895911595762321
  0.62957111688636336  0.64035915013193900  0.65116080193476678  0.66196514898251135
  0.67266326318984759  0.68305765800532547  0.69368481188414410  0.70420999966999809
  0.71457865901904127  0.72491062908169224  0.73494293038194225  0.74554019183144216
  0.75601922198535298  0.76640473438449752  0.77692567049917971  0.78793267929771338
  0.79927313836479019  0.81086349730964058  0.82229483818485294  0.83333750099726966
  0.84351279592376949  0.85349915547339406  0.86331720470523743  0.87407570479910990
  0.88446079223073570  0.89492599053878619  0.90572645605208280  0.91662813472384086
  0.92738842177689740  0.93813816627966895  0.94908328822805899  0.95898557346388014
  0.96878029898428275  0.97806037759471209  0.98845789255616356  1.00000000000000000
 -0.00241006374307177  0.00956331648982839  0.01965331341012285  0.03094043054697461
  0.04169348132889018  0.05240876911604181  0.06240721420940585  0.07274527696545588
  0.08328362320243599  0.09312827007701464  0.10326133595646109  0.11338143057970758
  0.12341001334690728  0.13346899131867593  0.14353157132498195  0.15416610713198045
  0.16518421620768944  0.17572330122476179  0.18590869699938306  0.19602991219396457
  0.20636388012827206  0.21675448294121266  0.22721823037818881  0.23778465237547719
  0.24870356037256416  0.25957998432070573  0.27039651631401218  0.28106078677169377
  0.29149734923440135  0.30180077775755837  0.31161467599216364  0.32142617637578075
  0.33141797714191490  0.34179835685529414  0.35261361377394790  0.36384692518504130
  0.37528384519804547  0.38661672810103376  0.39767711621340690  0.40855458265124478
  0.41942927958502463  0.43044754916889899  0.44157567558716265  0.45262030677586490
  0.46346779399026983  0.47395442994369452  0.48428788810527079  0.49488520268392877
  0.50576168675652666  0.51687223151840744  0.52798163082006688  0.53911233708812401
  0.55017209341717932  0.56144954678852821  0.57191239536539784  0.58231994638763451
  0.59292828947881171  0.60297772023954888  0.61314780562425397  0.62315677363419408
  0.63341162744984170  0.64384986948797940  0.65443056044036230  0.66501460933442813
  0.67483965856656913  0.68482730332544883  0.69477450877934677  0.70499721261906267
  0.71526018616441500  0.72494157652260716  0.73470386642241292  0.74443427152526043
  0.75500219432034210  0.76568730196091117  0.77622552298604264  0.78656506274201921
  0.79681612950734027  0.80754935655396576  0.81861389288535191  0.82971281976909517
  0.84051618503814574  0.85121911544187667  0.86175258905918872  0.87199434268476728
  0.88211848090155653  0.89221414139140387  0.90286167728616995  0.91348462306550016
  0.92418109507998425  0.93492582915050571  0.94578805555239409  0.95665269668947095
  0.96727592929245232  0.97808045135869837  0.98892374409626238  1.00000000000000000
   2.3492875047170979E-011  -1.0000000000000000     
 F F F F F F F F F F F F F F F F F F F F F F F F F F F F F F F F F F F F F F F F F F F F F F F F F F F F F F F F F F F F F F F F F F F F F F F F F F F F F F F F F F F F F F F F F F F F F F F F F F F F F F F F F F F F F F F F F F F F F F F F F F F F F F F F
  <DiscreteSampler_grid>
  grouped_processes
  1 # 1 for a reference and 2 for a running grid.
  10 # Attribute 'min_bin_probing_points' of the grid.
  1 # Attribute 'grid_mode' of the grid. 1=='default',2=='initialization'
  0.0000000000000000 # Attribute 'small_contrib_threshold' of the grid.
  0.5000000000000000 # Attribute 'damping_power' of the grid.
 # binID   n_entries weight   weight_sqr   abs_weight
    10   10   6.057685866039357E-002   1.058456423479463E-002   6.057685866039357E-002
    16   10   6.057685866039358E-002   1.058456423479463E-002   6.057685866039358E-002
    22   10   6.057685866039355E-002   1.058456423479463E-002   6.057685866039355E-002
    28   10   6.057685866039358E-002   1.058456423479463E-002   6.057685866039358E-002
  </DiscreteSampler_grid>
