  0.00919538107810900  0.01586584256042391  0.02614157999360554  0.03842693105505167
  0.05071496341954516  0.06281048967297088  0.07475521763203659  0.08610475215800779
  0.09725622509109069  0.10829734359021594  0.11943813599875251  0.13067963904200477
  0.14209115699378627  0.15346932371760721  0.16482352784722221  0.17640723897126429
  0.18827792391018724  0.20030740021064369  0.21132393694558763  0.22134600909755506
  0.23133967780786682  0.24151612607389247  0.25163837961883567  0.26176865557698648
  0.27243795768577478  0.28410505858261381  0.29567100938723234  0.30678050602282070
  0.31737174538366947  0.32758810103652741  0.33793652524991258  0.34869989474345420
  0.35987813809472818  0.37118748893446257  0.38220192005840586  0.39277314139068242
  0.40251855013316884  0.41134515133843469  0.42023293175020293  0.42898087050553579
  0.43780303841736429  0.44684215452620218  0.45597056413612203  0.46573447350327857
  0.47600842443424773  0.48607532793501229  0.49582047467839468  0.50517186860655949
  0.51462479385774207  0.52447623609425620  0.53433759848331053  0.54393475093138433
  0.55309480340888140  0.56239742656757163  0.57206022808014256  0.58220518076856997
  0.59204218704830924  0.60143943709425463  0.61052907743310370  0.61994305053962417
  0.62946639785222114  0.63931095334208599  0.64941085110720131  0.65982475299701793
  0.67059610880327991  0.68118215364453205  0.69164447800591733  0.70249282495087062
  0.71353335081818947  0.72511033242068157  0.73572602463369619  0.74574536668260538
  0.75556500434383511  0.76542527625999435  0.77507900100285476  0.78441882706385335
  0.79386448172220636  0.80406220736751599  0.81406724490513982  0.82393950829596818
  0.83363124292715485  0.84421983485217411  0.85572256094471644  0.86688981415631639
  0.87788746408344032  0.88861319558520657  0.89892051666640271  0.90928737261128401
  0.91988103852331093  0.93124284787904499  0.94230055070836827  0.95288849398667408
  0.96398751024135365  0.97583186140878575  0.98792700012477064  1.00000000000000000
  0.00930515654333567  0.01618898444856590  0.02577012830765191  0.03671483186307116
  0.04677098614604958  0.05641854969278187  0.06625474339702599  0.07662479162787456
  0.08701302752042758  0.09726478325157918  0.10743707829987220  0.11832172027004471
  0.12915159465509263  0.14029900423019820  0.15131467921897454  0.16250897763020589
  0.17378096710512750  0.18510500859889242  0.19624541237428259  0.20735783037769476
  0.21868128232117207  0.23027709612032124  0.24186914295730605  0.25283333310349132
  0.26396956126470666  0.27461159438822536  0.28488898137430069  0.29504917734023384
  0.30505879525356971  0.31462903312117396  0.32384260973746554  0.33305466087512287
  0.34279839400812323  0.35253720123954507  0.36230672491408572  0.37226866997673358
  0.38184945086703997  0.39124015232772757  0.40031022710495523  0.40918717245777131
  0.41810649939079592  0.42749932113520139  0.43711649037953193  0.44674783855717448
  0.45619885062459375  0.46575973672902682  0.47533319526211842  0.48558836319871285
  0.49582313973685077  0.50685846757367370  0.51794494695427595  0.52833533348367356
  0.53824310012721688  0.54788406449590121  0.55740094639436766  0.56716352919057555
  0.57706002731401063  0.58794744775450281  0.59941295824182561  0.61105360969176314
  0.62265452792429998  0.63403964183523576  0.64530479568315147  0.65674843866511379
  0.66824162183419056  0.67920483376097418  0.68968216082492129  0.70006571137548423
  0.71039649280445183  0.72092184332682563  0.73188895700118284  0.74349759240709157
  0.75477464111578862  0.76538414705648117  0.77606123888460055  0.78707998574482196
  0.79831917283859999  0.80940716835271542  0.82041805107043697  0.83122862210570336
  0.84198343416594801  0.85262949599204896  0.86322542072067876  0.87384451299511634
  0.88521232597786226  0.89668584589976585  0.90767246627903320  0.91869909263914773
  0.93009384923062943  0.94166878584849267  0.95268027707959702  0.96291097209821241
  0.97258331612946058  0.98218375977024575  0.99117267125915420  1.00000000000000000
  0.05780673676506554  0.05830012765958156  0.05990359730221319  0.06220760938616139
  0.06496310818020171  0.06862052978843047  0.07224219972624973  0.07581951289907073
  0.07951129321508915  0.08323681916595341  0.08699827380767247  0.09084954401904810
  0.09476385311879419  0.09882272412931103  0.10294682218972895  0.10713684800778404
  0.11153158024479261  0.11592023948915028  0.12033088586326292  0.12495607067283290
  0.12957647833906580  0.13426632178173523  0.13960271731052393  0.14491632675540717
  0.14854303818374973  0.14930078535192651  0.15055574285584361  0.15175853821039736
  0.15352729922378736  0.15591512831149112  0.15834588404956221  0.16076419789239318
  0.16318981363566434  0.16564180183245120  0.16811439855870694  0.17056829270726567
  0.17298718480349906  0.17539842305175227  0.17783197593879788  0.18029861356799917
  0.18279204609393040  0.18532415742259128  0.18789630862037141  0.19050339689102186
  0.19313934512644385  0.19580426947645294  0.19848941043292478  0.20121833511853768
  0.20399352501517776  0.20678700160087848  0.20956511560915708  0.21232342103084628
  0.21514099264459183  0.21804049262150899  0.22098413250665139  0.22395640892169213
  0.22698308157129410  0.23002938996202735  0.23312108044315946  0.23625012533326398
  0.23942922177662052  0.24266442511923306  0.24598316348196858  0.24930981883327308
  0.25266289167655298  0.25607901901433383  0.25957586691780155  0.26315899352129479
  0.26683177656866874  0.27059981486613566  0.27447320992593582  0.27843813811057860
  0.28247338865707028  0.28660499740822132  0.29080813765310481  0.29513653994954248
  0.29971311224131525  0.30449954418830122  0.30949157709857694  0.31466384591153285
  0.32003884663383964  0.32571222966739888  0.33180208571308628  0.33831542023004030
  0.34528947493890394  0.35285211983840031  0.36115698216568237  0.37047276616401920
  0.38104654587511644  0.39319630778660752  0.40825513611837538  0.42735717263913026
  0.45433579277867864  0.49798064652477253  0.58602378927241394  1.00000000000000000
 -0.00335349558928286  0.01275207384116289  0.02556671245678687  0.03850496067089216
  0.05076408865395354  0.06240965923607747  0.07284232367690231  0.08344409736517847
  0.09352422011681018  0.10310465926124379  0.11246112219246734  0.12227417679201991
  0.13281378723977699  0.14337728982788414  0.15359223090399493  0.16368032789864270
  0.17390872128059856  0.18447170890043432  0.19536842652452369  0.20645558401313432
  0.21819871166694718  0.22988818354779658  0.24115319535979665  0.25207233332499523
  0.26289553065474186  0.27333909728895583  0.28321789516304402  0.29306961023974870
  0.30307371848453063  0.31319124369387891  0.32317401107837146  0.33326171399725474
  0.34412035113760508  0.35541809988303147  0.36689147699989727  0.37815684398819616
  0.38911698982557025  0.39919765252056660  0.40834572348251863  0.41760850449034514
  0.42680847504395553  0.43610148400206084  0.44523886252272854  0.45398325402285700
  0.46313535511931486  0.47288960361041238  0.48284234899072559  0.49243836152290593
  0.50185079947209255  0.51120207239008819  0.52046779501697293  0.52940706544093774
  0.53811261756554007  0.54699834484612864  0.55604279689629732  0.56551176082030419
  0.57569867820971143  0.58640909248257977  0.59760900110952053  0.60882315276855992
  0.61952821867604635  0.62989404820472938  0.63980460791053506  0.64957720861703883
  0.65954764226241303  0.66935101790733442  0.67850836815895366  0.68770073935484033
  0.69650251614318226  0.70547635267897923  0.71450513626120482  0.72371395532217964
  0.73342613162620329  0.74376724182118936  0.75455731600878728  0.76601463353785881
  0.77764633038471465  0.78930011746695983  0.80121704108736658  0.81314345670024135
  0.82434274428848375  0.83508541863513319  0.84564222928103649  0.85618990942079087
  0.86644960305947505  0.87703067769465837  0.88785867125662810  0.89873575389365656
  0.90988003685366481  0.92141272104910554  0.93422435536127335  0.94704008111939186
  0.96014212008156608  0.97361456899804943  0.98684814582456015  1.00000000000000000
 -0.00234725902218775  0.00906629100889283  0.01972355473991636  0.03030925268224937
  0.04147214307346329  0.05311201929725688  0.06442264666966568  0.07564290479996026
  0.08689474068567822  0.09872067461188672  0.10999263006511986  0.12067589797615470
  0.13100791057167216  0.14147721169333036  0.15205115344067835  0.16282630034378040
  0.17390521330227857  0.18520932188971903  0.19680061793643994  0.20853396311516023
  0.22010845190730380  0.23138136373275625  0.24253787317420003  0.25402570215339254
  0.26588778877403180  0.27742324186525774  0.28844564102402070  0.29961996085904374
  0.31074486719622296  0.32162585026253665  0.33251270462757021  0.34371563500187641
  0.35492668446849929  0.36584109314687180  0.37668579496230609  0.38764479415333075
  0.39875366066942297  0.40967677130169217  0.42094326264993043  0.43207601119293049
  0.44329450009124449  0.45460708499052543  0.46502937362858177  0.47557452570876013
  0.48595172665425912  0.49612342853285252  0.50566831823911240  0.51505040311689099
  0.52450225765665548  0.53377968242389029  0.54300833227849610  0.55287555350265583
  0.56337388130774302  0.57436564680390112  0.58511065032787113  0.59514505682627539
  0.60488582835112503  0.61394029329587607  0.62297063420537291  0.63191437005686857
  0.64099335766323762  0.65033493180548307  0.65941867215415551  0.66877962645711586
  0.67881500595543953  0.68897682350379519  0.69904866541391697  0.70926745347438358
  0.72048200888185054  0.73057787976098765  0.73945449540911867  0.74807756570723327
  0.75718457365402991  0.76632656942343580  0.77534371892697362  0.78407990194844246
  0.79316508572388078  0.80380743388654274  0.81490572771631198  0.82595146819020249
  0.83680451018899848  0.84781311897304834  0.85901962618837524  0.87016593320701352
  0.88121704177878823  0.89205977989671892  0.90319304107683540  0.91458633763235597
  0.92570691655699477  0.93662652808963764  0.94803343930465933  0.95922416429112689
  0.96957928111278213  0.97964118607363693  0.98960349689485472  1.00000000000000000
 -0.00196040456039421  0.01033434761026120  0.02059003582149482  0.03102215156199171
  0.04180113957329674  0.05316121678065414  0.06493033986545330  0.07643621767203029
  0.08710493596486410  0.09726743368821066  0.10740737041824255  0.11735299249617562
  0.12758444182527010  0.13813872034642294  0.14943536624977866  0.16111265919728379
  0.17265757165358703  0.18410096339899365  0.19538146463987296  0.20644506023066880
  0.21745854909606996  0.22852910540198693  0.23988405285765957  0.25149748128715310
  0.26290632206665521  0.27414452879218876  0.28514239645378237  0.29568973964336165
  0.30548567258382864  0.31573052043141336  0.32606794425407826  0.33586501368688149
  0.34490834084861244  0.35366743506385673  0.36267870262246299  0.37233211165284325
  0.38196268337896000  0.39255919932231481  0.40305873617956950  0.41396317952719153
  0.42435434272221306  0.43445503393383633  0.44471829377703626  0.45526207896239795
  0.46620630710926125  0.47697237031115708  0.48694735050067356  0.49633700689830307
  0.50530972900624427  0.51407653188398461  0.52285096875275827  0.53156901336895590
  0.54038467105713062  0.54963423031959024  0.55895648224419159  0.56867981134420242
  0.57870257754341836  0.58845826021687953  0.59847831226759995  0.60843081724261083
  0.61851319574890551  0.62810508004824406  0.63708558232041079  0.64600217412226146
  0.65447433521160270  0.66285445772771001  0.67147651250460294  0.68051885135982848
  0.68999983396969289  0.70018782823467907  0.71082422523030520  0.72192269542050491
  0.73295266670633474  0.74404626763756743  0.75530815575066179  0.76689616620169143
  0.77865918501714082  0.78995583767298394  0.80131851171024970  0.81254873981953957
  0.82438551462793608  0.83651474921744617  0.84827763056784944  0.85962091400361107
  0.87014573983213217  0.88084943205670563  0.89150040632505523  0.90251947091152862
  0.91392273807345981  0.92648704166424101  0.93938043049291120  0.95135589903690143
  0.96305848207001465  0.97506542525884443  0.98754605291533304  1.00000000000000000
 -0.00208669885565286  0.00823674290714983  0.01711214980599968  0.02745254082132014
  0.03778430141484740  0.04763106773447980  0.05729144376438507  0.06699246250516248
  0.07672366417433715  0.08644894343198120  0.09606200342642020  0.10568826637273530
  0.11533245529828520  0.12548914019289736  0.13703623285349179  0.14930674557138240
  0.16110145191777042  0.17198048847816907  0.18210874716978601  0.19241890874263606
  0.20246085331753347  0.21241942561885638  0.22236044872899946  0.23261906109017336
  0.24311610666771324  0.25377369878721123  0.26476242085208773  0.27569550007282018
  0.28602104440348769  0.29623631602033190  0.30660665341894067  0.31701664420897480
  0.32757867215020203  0.33851522080008056  0.34958281440772221  0.36039965941359076
  0.37113835015685465  0.38202301747090928  0.39316481527672237  0.40445803746088943
  0.41578159048935143  0.42670379284154136  0.43723618280886489  0.44821780542898815
  0.45938807452353769  0.47052463286690538  0.48160172177238869  0.49329883636416566
  0.50507847251961480  0.51665608009494479  0.52809877543024974  0.53943359713209826
  0.55066206970907239  0.56179407102490886  0.57283631132704915  0.58401256383753242
  0.59527065778834376  0.60652987251615675  0.61743051956348161  0.62780226601839761
  0.63768546837278728  0.64774747117593168  0.65772971906282351  0.66744801371289708
  0.67749985938594115  0.68854312541249274  0.70038276437765612  0.71236843508206427
  0.72420626626815265  0.73523554107522326  0.74556678914366359  0.75549226026813876
  0.76540035664011075  0.77465805043964264  0.78351527268270305  0.79256039439823067
  0.80209853607274195  0.81172691646361050  0.82134983612642309  0.83081237276799869
  0.84019544333839813  0.84997398817983327  0.86060568080345290  0.87203443232193778
  0.88290046483850360  0.89326371249702696  0.90433330795103406  0.91544123346018424
  0.92615684931691711  0.93672562716299534  0.94756009263548835  0.95839458135510325
  0.96865643266560564  0.97883538996123720  0.98905398217892171  1.00000000000000000
 -0.00244731925229373  0.01003294822028976  0.01974660816709295  0.02981504723081724
  0.03962918082985546  0.05087583740737132  0.06243306998478317  0.07379930287225457
  0.08474087884474708  0.09595315821298650  0.10698354180401486  0.11812469341510762
  0.12906957661865026  0.13995424154861155  0.15105348708984520  0.16226333758224692
  0.17325288622706800  0.18398624919812209  0.19434692016160648  0.20453508309183610
  0.21464297715298730  0.22490205789499737  0.23604583305812504  0.24789199360915631
  0.25986995021977166  0.27155736187867380  0.28219895370639292  0.29236885499247867
  0.30176640563960300  0.31140425109625608  0.32077672375991895  0.33030906401446608
  0.33975741468528842  0.34931879174993175  0.35968616732684433  0.37065010357516198
  0.38070955399931666  0.39035124616241379  0.40037182157354217  0.41074623742313837
  0.42095276798052067  0.43091457167885572  0.44078811247617705  0.45137853188110361
  0.46178542756117263  0.47194284668648490  0.48193440686408712  0.49191481267202419
  0.50198146520088771  0.51315765531447954  0.52395235588957112  0.53402881248966683
  0.54452323171205519  0.55527375083018227  0.56568576745550103  0.57624496940881742
  0.58724629829227781  0.59949686446410477  0.61022920779942558  0.62026235032469645
  0.63031171578565737  0.64065641086983882  0.65130141794001606  0.66227263576661211
  0.67309262652300028  0.68432383324461799  0.69518537215302789  0.70612818940468824
  0.71601282291283530  0.72545058858588418  0.73542316485743109  0.74598939709325962
  0.75695002610367268  0.76764564735990182  0.77808969512671267  0.78847853199098383
  0.79861985183268736  0.80878793822288808  0.81885924311617408  0.82912669476196244
  0.84018003201521618  0.85178187405647099  0.86317711319994228  0.87431189190495218
  0.88464471760705543  0.89487102214052316  0.90524098481886783  0.91596960050856502
  0.92662334190286133  0.93744109199373182  0.94917768611399811  0.96046844922575703
  0.97078809901236940  0.98069327768117898  0.99032128860623425  1.00000000000000000
   2.1936503489545422E-008  -1.0000000000000000     
 F F F F F F F F F F F F F F F F F F F F F F F F F F F F F F F F F F F F F F F F F F F F F F F F F F F F F F F F F F F F F F F F F F F F F F F F F F F F F F F F F F F F F F F F F F F F F F F F F F F F F F F F F F F F F F F F F F F F F F F F F F F F F F F F
  <DiscreteSampler_grid>
  grouped_processes
  1 # 1 for a reference and 2 for a running grid.
  10 # Attribute 'min_bin_probing_points' of the grid.
  1 # Attribute 'grid_mode' of the grid. 1=='default',2=='initialization'
  0.0000000000000000 # Attribute 'small_contrib_threshold' of the grid.
  0.5000000000000000 # Attribute 'damping_power' of the grid.
 # binID   n_entries weight   weight_sqr   abs_weight
    10   10   1.160096243106089E+005   3.285117153032617E+010   1.160096243106089E+005
    16   10   1.160096243106089E+005   3.285117153032617E+010   1.160096243106089E+005
  </DiscreteSampler_grid>
