  0.00001450772883355  0.00004782740140156  0.00006997669907654  0.00009164887511803
  0.00011420806763542  0.00013874347312156  0.00016655201390569  0.00020083485095993
  0.00024930637514785  0.00030757780755617  0.00037506005349177  0.00045516560583662
  0.00055287287620787  0.00066881143345965  0.00080565696312930  0.00096894314393469
  0.00116148156921241  0.00139084890060695  0.00167238928366646  0.00201645362940601
  0.00242868845248151  0.00292924514669238  0.00356000239404592  0.00445296917053791
  0.00573828233364280  0.00743289552721836  0.00973122043573101  0.01314901305391519
  0.01859824995937596  0.02680774748893828  0.03806550843800871  0.05193811404261455
  0.06776108471568792  0.08489915884737788  0.10299012784078262  0.12165818269764132
  0.14046106051250901  0.15916214453819202  0.17788537838168483  0.19671564631826832
  0.21574033848758650  0.23485097980947436  0.25373271529047869  0.27248947576527927
  0.29134829127846490  0.31039511744893938  0.32958025725459034  0.34852178505334747
  0.36738333120686706  0.38653487741269760  0.40543222770559384  0.42412230621688063
  0.44294857724446274  0.46169187261759370  0.48051477204435333  0.49936188263164033
  0.51807436864809930  0.53667120300661486  0.55539082026670206  0.57420976632058640
  0.59308901844862771  0.61202078794068893  0.63096633550909120  0.64979469096817621
  0.66836282883359432  0.68676321005354968  0.70518420336503929  0.72362544537951146
  0.74207003971873031  0.76053217064310596  0.77879834258375502  0.79674350817679584
  0.81455483572041021  0.83230714494368241  0.84986258814070514  0.86717382546311617
  0.88408762455383239  0.90081420163479564  0.91711735182080856  0.93245181631187202
  0.94661533106028062  0.95933926972879857  0.96974321685623310  0.97817726858959708
  0.98450819470665374  0.98903365180407310  0.99225422393432183  0.99453918401567731
  0.99610660369074500  0.99723896193554840  0.99811443329733829  0.99876827171590210
  0.99922706601055167  0.99954573175518069  0.99978860248626400  1.00000000000000000
  0.00018211895447228  0.00025862413949565  0.00030631383197513  0.00034745820420972
  0.00039007224738253  0.00044844692544552  0.00060681028680557  0.00100131597050428
  0.00149018466918154  0.00188723268872105  0.00232505482882845  0.00276567768737030
  0.00326834865348673  0.00392449306976101  0.00473666860367741  0.00566433331226848
  0.00678043039446292  0.00810449546921720  0.00965377431908805  0.01123470154375529
  0.01289021762564730  0.01494676805159606  0.01745568657957110  0.02027882506612609
  0.02363379458317924  0.02766775887337396  0.03218056653149091  0.03767066079553984
  0.04388680452775073  0.05005540742207444  0.05521055803024501  0.05876155884965271
  0.06101224345912946  0.06251067239952608  0.06354697970839100  0.06429604602781039
  0.06487959444101031  0.06532456795544390  0.06568323415764055  0.06599207414460506
  0.06625859382597991  0.06649309426663666  0.06670235344360846  0.06689229199555151
  0.06706738377525143  0.06723128084172919  0.06738608076868534  0.06753434915043467
  0.06767851999831753  0.06782071545876033  0.06796156520165240  0.06810304264644514
  0.06824786327846648  0.06839723915061149  0.06855274053545425  0.06871622772923508
  0.06889050927046941  0.06907834323088051  0.06928328270616228  0.06950944527550033
  0.06976279769465214  0.07005764361076205  0.07041060279764631  0.07083550637275957
  0.07135001616556848  0.07200631189326914  0.07289084889272474  0.07409542471579507
  0.07580371607421248  0.07827124699723087  0.08200009141513433  0.08782340012926501
  0.09708684973480924  0.11060055944583684  0.12914540810568451  0.15451058009755184
  0.19032735516358665  0.23886406503091834  0.30392267295023434  0.39288127724790350
  0.48924166292880028  0.55862652319730344  0.60027135891629413  0.63142582686109161
  0.65885933183011780  0.68275293121324931  0.70434285492205673  0.72510507479177611
  0.74449626170763461  0.76152379326373687  0.78013471404968238  0.80258728169189186
  0.82785760123385554  0.85934641043432003  0.88458085079815729  1.00000000000000000
  0.00054904437151248  0.00086223799117800  0.00106945535800616  0.00129572745450824
  0.00154575971950501  0.00181064330822895  0.00211051189892545  0.00243727268766188
  0.00279914558861938  0.00319678037246938  0.00362635003199919  0.00408291549400059
  0.00457053293756636  0.00508023825432048  0.00559289870984934  0.00610641368442794
  0.00662403531935335  0.00714642181353728  0.00767593368405244  0.00822018397440413
  0.00876989940157373  0.00932925989516602  0.00990127830943708  0.01051047035166836
  0.01114139198922204  0.01179711731960022  0.01247858636348703  0.01319419351156530
  0.01394069061148868  0.01472366727016876  0.01554265675318844  0.01642855516372313
  0.01735709148910445  0.01829457328875523  0.01927785839821482  0.02027505515766307
  0.02130750327413400  0.02240875331761890  0.02354567421510327  0.02467215135195328
  0.02586741088407733  0.02711622367299658  0.02844771183590795  0.02986560720885320
  0.03138351945665497  0.03295670027508114  0.03455875714336940  0.03615527199356095
  0.03784606009989363  0.03965321255446463  0.04167440400136180  0.04379616476708246
  0.04603983458935210  0.04829798359206271  0.05059072740451009  0.05300772726482881
  0.05569548447820546  0.05854413756988987  0.06150703231239895  0.06461231461386420
  0.06786525805756907  0.07125859881721196  0.07472314089424170  0.07836303920699086
  0.08222888775547373  0.08635560524418248  0.09078165363108529  0.09533948530955848
  0.10007831871807299  0.10522942024538512  0.11068899606001599  0.11650293828016575
  0.12271807620502349  0.12923555048571936  0.13587284484943804  0.14287675987721202
  0.15078878584038011  0.15966229010481542  0.16920618394330156  0.17941389427552615
  0.19033772327194334  0.20193981112769410  0.21409076394354479  0.22649021886787168
  0.23945194529304797  0.25359605695814108  0.26929015921913591  0.28677129652897321
  0.30569136576583000  0.32654315678268858  0.35006074346316202  0.37719761402956309
  0.40842179406320328  0.44675036836384546  0.52453325940875595  1.00000000000000000
 -0.00251004683179732  0.00952172977510994  0.02011514627548040  0.03056542139450328
  0.03997162191642799  0.04968244537451974  0.05917312509857185  0.06891167750289054
  0.07862055482093680  0.08853780964062026  0.09830969011815741  0.10838747032727715
  0.11777220947661407  0.12685891070787284  0.13558719321381235  0.14422712080313338
  0.15280142399008337  0.16147047801177999  0.17038290919317206  0.17933309231480918
  0.18904541789080909  0.19903927775620331  0.20880926514449041  0.21866601724753365
  0.22858743994575062  0.23872893498158840  0.24907340629032559  0.25885268551503765
  0.26878098254697319  0.27874173621951415  0.28924374813509002  0.29959873933349024
  0.31009583785586969  0.32035376686494926  0.33028010930712426  0.34021323188444375
  0.35013513014419712  0.36050919320538199  0.37112020570814258  0.38191249357562573
  0.39266891889078592  0.40314171398110382  0.41298804612171858  0.42304661857757769
  0.43304419316730891  0.44327040329621398  0.45344611170813409  0.46424318943263426
  0.47540596282261566  0.48661577453746357  0.49777348502207619  0.50887781646919639
  0.51968960942506903  0.53059219955433390  0.54153468402272509  0.55266233013215871
  0.56385531336769357  0.57505879511143931  0.58543455470969097  0.59575843524845618
  0.60615937693419741  0.61729395036794132  0.62905022065787586  0.64044257511871860
  0.65175886666433180  0.66304076356720487  0.67408740195495165  0.68516507646713443
  0.69643895010673085  0.70776555208870939  0.71906526218731781  0.73025758453173373
  0.74164637723720672  0.75331771069330022  0.76504602881865480  0.77651949224556560
  0.78764416394876091  0.79869461619310955  0.80974165865626879  0.82080661473918559
  0.83159058469692382  0.84250428367443841  0.85360131425042018  0.86486919139503826
  0.87575233100432326  0.88643407572904320  0.89712718577672712  0.90828762422474285
  0.91964448008515631  0.93116922560803284  0.94287291940274121  0.95476131813935550
  0.96637836798586774  0.97772655251451268  0.98869916936252933  1.00000000000000000
 -0.00244174635630902  0.00918605927729910  0.01841389557374982  0.02844684825173106
  0.03889631590068418  0.04958927027492960  0.06052827278486290  0.07119311723619680
  0.08144651129275358  0.09149957100358075  0.10126978123956198  0.11136193670324525
  0.12186359819040883  0.13274727159371755  0.14384267408733500  0.15480519564516904
  0.16512457213373211  0.17481459513194364  0.18429146303422062  0.19429983095177605
  0.20493372795408671  0.21588834819969133  0.22682325540633086  0.23761229330218295
  0.24825078424111549  0.25850853707839366  0.26866495412373143  0.27870108168036783
  0.28922385021132152  0.29980308736431455  0.31039962537765775  0.32086273663667741
  0.33114142162204374  0.34171712443327962  0.35260428083357415  0.36364114886284582
  0.37464575172958159  0.38552260588220788  0.39630080164222148  0.40703885224176029
  0.41768667920850977  0.42839381656887537  0.43902000337035341  0.44991422088229049
  0.46075021462789600  0.47149568401557695  0.48223638999771939  0.49275296001586838
  0.50365997999908951  0.51430145196531252  0.52504327211318247  0.53544746420081724
  0.54517660250541289  0.55494943816376685  0.56470768638817692  0.57506490012594480
  0.58543881849923352  0.59589329033717420  0.60659023272298151  0.61732455889031712
  0.62794406247491441  0.63850731696830954  0.64918958200298593  0.65980470546017655
  0.67059733436521907  0.68123772753678435  0.69208131566431019  0.70287494940242090
  0.71398443675423473  0.72430776258888829  0.73453345294820049  0.74426763692424702
  0.75437478201418329  0.76499371052596143  0.77618552015765852  0.78673596726188189
  0.79747051027602645  0.80788735979262560  0.81863203649860583  0.82946032456205621
  0.84050715656772246  0.85134145463074429  0.86201146903036363  0.87271955019561043
  0.88303162068751961  0.89391644527036918  0.90391490582357770  0.91450665310158330
  0.92495058601185742  0.93521044173310397  0.94646532300155872  0.95714912989398027
  0.96783777592367393  0.97843978760746941  0.98900166802365486  1.00000000000000000
 -0.00207412223266003  0.00847953785739874  0.01781177926252575  0.02756011385808503
  0.03694383989399933  0.04617540859235612  0.05471559878566525  0.06360146194022701
  0.07238843407101633  0.08148788817818219  0.09028865700108292  0.09925227454794068
  0.10877040662055695  0.11844742038675152  0.12804897846846186  0.13783404959469711
  0.14777644764196496  0.15760645319610506  0.16717206563091455  0.17675584916620640
  0.18651383598516874  0.19641243328139427  0.20633772864475414  0.21624395630860815
  0.22633021661089464  0.23667588061050407  0.24700760253136306  0.25714747470892058
  0.26689288459282151  0.27672921849095278  0.28653517758534941  0.29661530900280747
  0.30690723196137754  0.31758551711234656  0.32851644677456387  0.33941727898926027
  0.35021457553678803  0.36102177127025675  0.37189377838651033  0.38275794510320410
  0.39364699647855617  0.40444587181018649  0.41514655159164149  0.42576913925788240
  0.43647240345186089  0.44748002722267921  0.45863739818062327  0.46957043692786893
  0.48046015101467282  0.49125341437120768  0.50228051877311775  0.51341086642743206
  0.52410551711466480  0.53445646209589648  0.54471506060130137  0.55558599377949103
  0.56703685390259773  0.57858269071937218  0.59017141819942676  0.60179556758815933
  0.61305205829423703  0.62400475517683329  0.63487927845227599  0.64601378935473530
  0.65754746623556137  0.66862850572071952  0.67924065146343182  0.68956687412127293
  0.70011768783878048  0.71127426360640855  0.72254980769421651  0.73414537138429936
  0.74578130307129176  0.75731978962642699  0.76866393619116991  0.78007456697115973
  0.79162016302189919  0.80366650882189217  0.81548166198983651  0.82623999359460110
  0.83639880428030988  0.84647497163030005  0.85755006997381722  0.86920322564433516
  0.88060544808746422  0.89180232124944325  0.90299279609753280  0.91392626168026958
  0.92431310804042677  0.93440225320030379  0.94419857389797923  0.95613602484922522
  0.96719503802934270  0.97813434205273098  0.98894431285359297  1.00000000000000000
 -0.00218320020462075  0.00836156413810830  0.01860520084823675  0.02942070031069937
  0.04054945608112982  0.05188341633900537  0.06261606432525557  0.07328936612305630
  0.08382866016859319  0.09430741309282813  0.10503148354763053  0.11571383700717687
  0.12636194461590222  0.13706956677115001  0.14783310808300390  0.15871324751121513
  0.16954659084426663  0.18042036908944109  0.19127648543472642  0.20223630151271899
  0.21319416213700984  0.22422094825048838  0.23460270138820996  0.24446004401933022
  0.25420009916527586  0.26430336188201242  0.27524631792356608  0.28617597202859740
  0.29695466052026687  0.30766434270103360  0.31847400012129157  0.32926428906270322
  0.34025205660354990  0.35064342633122308  0.36089615771076400  0.37107446347470940
  0.38180222337942077  0.39287204752943289  0.40382643285925668  0.41470402655310462
  0.42543614919443107  0.43556584278597493  0.44550537501989856  0.45547331702126775
  0.46568128086239041  0.47579624604230109  0.48583633837222956  0.49592453501864447
  0.50608815172971600  0.51636584060684609  0.52675116390243182  0.53725478484259648
  0.54815348796614149  0.55895511359629668  0.56976090122978540  0.58048285062350835
  0.59119440935667156  0.60186367623638981  0.61226865139126307  0.62249806340994895
  0.63289313192808605  0.64329048344710393  0.65356573780009852  0.66354170927930856
  0.67361344290542913  0.68362339006271111  0.69363878167990467  0.70407641333331794
  0.71498938596799377  0.72585698499081919  0.73639567338961209  0.74698768635279167
  0.75768715736535652  0.76854737219694202  0.77935566270224765  0.79025946482475995
  0.80124873695166865  0.81221159431355905  0.82274486909445910  0.83339922681876366
  0.84403242180682470  0.85456258847985367  0.86457583549831274  0.87396040154000598
  0.88353290304614118  0.89337693256803286  0.90389979635823847  0.91444903226859231
  0.92548597547747991  0.93652684986264256  0.94717362822652873  0.95780325766819596
  0.96840740592149566  0.97951394479689358  0.98989435525474734  1.00000000000000000
 -0.00208486867218334  0.00853587674611474  0.01870293935645759  0.02950586710029653
  0.03975841815630374  0.04902568027547563  0.05831259379570670  0.06831709965243349
  0.07938046231944706  0.09057361686414298  0.10173558218363883  0.11264755300028406
  0.12320468252395302  0.13350559721937377  0.14382871069470171  0.15435761430802172
  0.16507470102088942  0.17561983272104731  0.18612527341877008  0.19674769502437453
  0.20757772106665912  0.21856748275080268  0.22936585303152521  0.24013005565141374
  0.25093207599119510  0.26185362147594027  0.27288193932113752  0.28379032876631521
  0.29450493445057790  0.30499435511705231  0.31553310338273166  0.32596466597484197
  0.33621807303737100  0.34637593150615320  0.35668425492680778  0.36727119618682347
  0.37794032184087650  0.38848847911344125  0.39899655343210444  0.40962697656194541
  0.42024352648900037  0.43084953582662477  0.44135386088988637  0.45210510528105524
  0.46274042967545853  0.47294144088528622  0.48331401107168487  0.49388932047194600
  0.50482162999641078  0.51587993781523855  0.52658646945048704  0.53682364906445035
  0.54665262631084954  0.55660050144570572  0.56659498628167781  0.57699088343371208
  0.58745598875526028  0.59804067509958481  0.60863667362102414  0.61918311926536718
  0.62985832879754422  0.64068982733365831  0.65146885691095691  0.66203690308218510
  0.67242264810102959  0.68288791292081152  0.69356076741957440  0.70434812811022873
  0.71507324532719529  0.72571914559620643  0.73621732468117373  0.74631125245218177
  0.75643553662069107  0.76651582773050764  0.77666648736573674  0.78655055538256957
  0.79663171329511018  0.80709627093491587  0.81789516614805169  0.82868640362310830
  0.83974309926336876  0.85073023511509294  0.86091224834396518  0.87094029789873773
  0.88109517249397584  0.89194385444474422  0.90233825176734428  0.91297040732845680
  0.92332426757939212  0.93402226921066722  0.94508616729638550  0.95597767764146380
  0.96706324944831956  0.97781671713809293  0.98900681684909664  1.00000000000000000
   1.2116010575656782E-011  -1.0000000000000000     
 F F F F F F F F F F F F F F F F F F F F F F F F F F F F F F F F F F F F F F F F F F F F F F F F F F F F F F F F F F F F F F F F F F F F F F F F F F F F F F F F F F F F F F F F F F F F F F F F F F F F F F F F F F F F F F F F F F F F F F F F F F F F F F F F
  <DiscreteSampler_grid>
  grouped_processes
  1 # 1 for a reference and 2 for a running grid.
  10 # Attribute 'min_bin_probing_points' of the grid.
  1 # Attribute 'grid_mode' of the grid. 1=='default',2=='initialization'
  0.0000000000000000 # Attribute 'small_contrib_threshold' of the grid.
  0.5000000000000000 # Attribute 'damping_power' of the grid.
 # binID   n_entries weight   weight_sqr   abs_weight
    10   10   1.344607928447145E-001   3.834830261272131E-002   1.344607928447145E-001
    16   10   1.344607928447145E-001   3.834830261272131E-002   1.344607928447145E-001
    22   10   1.344607928447144E-001   3.834830261272131E-002   1.344607928447144E-001
    28   10   1.344607928447145E-001   3.834830261272133E-002   1.344607928447145E-001
  </DiscreteSampler_grid>
