  0.00892615961965701  0.01679994158310864  0.02835295240532012  0.04047571606422978
  0.05182848225538624  0.06296462412041412  0.07335284240639478  0.08436162049923437
  0.09512115213923551  0.10585227379231207  0.11582528460139180  0.12660906998923951
  0.13846291125223573  0.15083585677512737  0.16234497263959605  0.17379915615858738
  0.18525612959732116  0.19626201222255529  0.20703587319714573  0.21785458072144387
  0.22895633479417818  0.24006334913339880  0.25138752730915931  0.26300853985865597
  0.27422156278999055  0.28463849370165634  0.29486690022680495  0.30534134636594989
  0.31608401734489572  0.32690021455267487  0.33813230781546066  0.34952025529256520
  0.36038819588171839  0.37082693921510723  0.38086079097914566  0.39055642073270080
  0.40028953137898671  0.40987525684906884  0.41941749277108681  0.42892342131378225
  0.43883731571457901  0.44948462990401200  0.46029087811167957  0.47069513222909359
  0.48113437808417348  0.49157059764028738  0.50185825106801996  0.51188597823284954
  0.52207715572250402  0.53226655590283312  0.54204645996401912  0.55166889779193395
  0.56131269417772844  0.57086979806347204  0.58018794571890631  0.58962893546747619
  0.59922845825338988  0.60886271343544229  0.61853102263481619  0.62904470233396503
  0.64060678897376122  0.65229867790831642  0.66382184066091465  0.67522708006407250
  0.68654029036222408  0.69685822859213442  0.70696224015749765  0.71696761380241891
  0.72755557752632860  0.73862734832250321  0.75006307469876599  0.76137563290004395
  0.77246504623585932  0.78333500098436515  0.79400348957655620  0.80440239664828417
  0.81460877932966813  0.82485726044605034  0.83517632438781486  0.84555071689579531
  0.85600859191997702  0.86674952686122275  0.87768575840628948  0.88837570897599660
  0.89888051973936900  0.90928542008194146  0.91957229657830475  0.92958087838186354
  0.93928556238599803  0.94909277223580535  0.95852890113057676  0.96710373842194908
  0.97553793093532615  0.98420145232823264  0.99067197001313900  1.00000000000000000
  0.00922726305535507  0.01610074953597964  0.02613945257869701  0.03649842252845185
  0.04647727130474465  0.05631640752603376  0.06618250887701661  0.07634811819220606
  0.08691001400575940  0.09830518700789972  0.10976575223622854  0.12116018354957650
  0.13137052077435601  0.14102777124899579  0.15067945305594355  0.16044055480252029
  0.16996223738853974  0.17915195828172537  0.18841765740747177  0.19840383508635265
  0.20898282823629483  0.22033977585507472  0.23210372496275111  0.24385909567380354
  0.25567667995912885  0.26739784943050476  0.27855373375506048  0.28869896140570328
  0.29887325198795439  0.30877502072342622  0.31830363932355488  0.32761775704089341
  0.33737502898954741  0.34774363164741845  0.35805564229367082  0.36848572617566361
  0.37901223964235886  0.38942404976048323  0.39979675881551990  0.41036690324332442
  0.42107280729671237  0.43154393587285639  0.44191150064030627  0.45227167234556009
  0.46237176975457395  0.47245210176912955  0.48311876761169720  0.49412836713238539
  0.50475838455030753  0.51512345572860652  0.52576018383632384  0.53697302059321006
  0.54810298869478702  0.55845340393844489  0.56825541710230998  0.57794382802176147
  0.58796898936875397  0.59858873490242270  0.60979594365212109  0.62123386143573234
  0.63249298469294346  0.64360754756561556  0.65406932411604479  0.66464743708323326
  0.67455283214770267  0.68418747885449938  0.69331045752373999  0.70171522856863100
  0.71027987207584664  0.71956486417692056  0.72959077478410894  0.74147071691684019
  0.75318485757051190  0.76379204041827775  0.77380406066644225  0.78353955011332554
  0.79340562574861262  0.80345329718416769  0.81408747817728844  0.82570391552798728
  0.83723943348587304  0.84838512906052987  0.85921361905108062  0.86962511493244177
  0.88008081681888595  0.89043665451714782  0.90179083255528414  0.91374269735347768
  0.92578000115117476  0.93747540944389429  0.94811464510538135  0.95840758878482391
  0.96891823648267061  0.97988008880446886  0.98996376381823659  1.00000000000000000
  0.05679583817367023  0.05876726837206774  0.06117294595763725  0.06404469032602240
  0.06716697859036730  0.07056495287238364  0.07439223218536817  0.07816109694328421
  0.08193363333891486  0.08585409164069391  0.08981032040554514  0.09379975610282652
  0.09790314473563726  0.10209842375973398  0.10643906681865381  0.11081411800236020
  0.11523127227608626  0.11974856738963884  0.12428847576173895  0.12891448327965810
  0.13388693959035505  0.13939258548047337  0.14469406372120860  0.14813376869856654
  0.14904735932367602  0.15027026422548762  0.15147050174977700  0.15292852002659052
  0.15523759729802267  0.15759611761014033  0.15993913475342164  0.16230625910807742
  0.16470141733492322  0.16712709401022544  0.16957948247998975  0.17203230195937153
  0.17447843071939392  0.17689923409963090  0.17932495038752835  0.18178737445076748
  0.18429281820979121  0.18682489317546436  0.18935669789030643  0.19190905214006976
  0.19449435984834326  0.19710356218091404  0.19974421899028205  0.20242080690866571
  0.20513197175910713  0.20790351828565903  0.21069891390706832  0.21352534758837702
  0.21640294732613863  0.21932248345743219  0.22228602117050558  0.22525756383047082
  0.22825984056086168  0.23129058084349824  0.23439617997198153  0.23755928787815692
  0.24079026403580492  0.24406978429971737  0.24738412623716827  0.25072864741496331
  0.25412310410470546  0.25755512979829459  0.26103217588961286  0.26457268933217581
  0.26818378254005942  0.27188180571536713  0.27569974530086244  0.27962017596406757
  0.28361159346733700  0.28771984350235014  0.29190659368489580  0.29627488796356227
  0.30083084679112015  0.30558454280578107  0.31052716953622395  0.31568830066901304
  0.32108187064775690  0.32677052479615309  0.33281060043440941  0.33925129228216688
  0.34614836702730450  0.35364882633496841  0.36188264954671456  0.37113484001583424
  0.38161822022712960  0.39381265573098306  0.40860697815814623  0.42694247682069492
  0.45273233794797352  0.49410188313302761  0.58455986264754378  1.00000000000000000
 -0.00331590372327616  0.01401049340441911  0.02732299084432153  0.04110088384090205
  0.05440869203668613  0.06750688774660264  0.07965935600741110  0.09074314181407160
  0.10152678312979618  0.11282266485026234  0.12388209524184643  0.13441158696765981
  0.14453298804000855  0.15593219286561660  0.16744908367184577  0.17811691578949232
  0.18873687683157600  0.19950789503086303  0.21054125913647412  0.22138253237501462
  0.23183151408544680  0.24217734367128041  0.25254671138344525  0.26272130506656377
  0.27248942306164142  0.28139127583265983  0.29019987309883405  0.29946092236593647
  0.30835056784496501  0.31739603182993981  0.32650869670627114  0.33642996856803747
  0.34713737434405456  0.35787241477166987  0.36795083816436780  0.37788962493509370
  0.38784582848555510  0.39758886135421861  0.40710617086258799  0.41672872262569666
  0.42684903216213932  0.43761616897633909  0.44735889488893077  0.45732139856226101
  0.46687044863537314  0.47651355689711672  0.48606167454280275  0.49544176813387764
  0.50513726497659728  0.51532357930531902  0.52576263266177437  0.53682351543880880
  0.54704334225844520  0.55630547408845865  0.56526291390051808  0.57381059291399084
  0.58276887557720669  0.59166064697818932  0.60025032529165079  0.60867191737127568
  0.61720078832188618  0.62535189504226163  0.63405737396117634  0.64281111320214268
  0.65255340284051300  0.66298686471151014  0.67371840071336309  0.68456518586990778
  0.69579046356727126  0.70722640796825353  0.71829028305300957  0.72957882279580166
  0.74070388413940091  0.75219934899577068  0.76378115766751242  0.77522703986992814
  0.78667255029653760  0.79739552522677581  0.80800315283005586  0.81882356839328851
  0.82971434276508427  0.84011550721325268  0.85021825253277072  0.86122425163426997
  0.87237230123730936  0.88325556972866992  0.89430684978842168  0.90587852203577013
  0.91786990725446349  0.92985352361807183  0.94174712207831257  0.95388797876007392
  0.96598386202087461  0.97819931330669174  0.98922611033355190  1.00000000000000000
 -0.00259031628364744  0.00951421256718743  0.02021610926413161  0.03121795294315510
  0.04268464983679617  0.05410586185991727  0.06565417549162110  0.07724710092425108
  0.08897977412418327  0.10052617981754115  0.11175039806240658  0.12294187023260414
  0.13421702436947494  0.14569365838672119  0.15733723369659752  0.16872216766891424
  0.17970488026873632  0.19046719372675122  0.20127902798970773  0.21187549936892364
  0.22204112049637015  0.23240420116256821  0.24273559580820178  0.25326343508780713
  0.26395830325364189  0.27482387749195786  0.28469783729850068  0.29427111136932455
  0.30437128749478765  0.31427210292991825  0.32380130599852502  0.33333321440248970
  0.34329931395354424  0.35325375281351068  0.36244221707748792  0.37146445387527138
  0.38119995320401556  0.39144354858425651  0.40208553284792004  0.41288660285517303
  0.42368653023505209  0.43398343989745292  0.44400535965793181  0.45413391141650306
  0.46460203132277039  0.47469857904403329  0.48476726971758183  0.49518246993085707
  0.50569366900683455  0.51646132000276490  0.52640587160922681  0.53673141445819905
  0.54727290184865385  0.55934980068417439  0.57092902210120189  0.58217336050537150
  0.59326646237128677  0.60440695588309812  0.61571672865057214  0.62678261391286216
  0.63778185341412696  0.64887356604689495  0.66002924145891351  0.67112467159384659
  0.68184421563862407  0.69214776289885693  0.70214381730397279  0.71206843616021820
  0.72195198784463932  0.73200356787516208  0.74248099312100091  0.75330535420432765
  0.76444771258186062  0.77552682993113964  0.78650996941883566  0.79773893936828211
  0.80897032262534274  0.81957187883523797  0.82952709026627702  0.83933259136346816
  0.84948554821346856  0.85991445809339129  0.87051540168869546  0.88087529225550310
  0.89099331542052773  0.90074238495406633  0.91042279406024262  0.91985988473391023
  0.92888206837430232  0.93780398675321508  0.94735993289423115  0.95625821415080714
  0.96589765826736074  0.97573544583678273  0.98726017489723117  1.00000000000000000
 -0.00271352468877721  0.01073465237206956  0.02138889962985920  0.03253020804495697
  0.04414151059141576  0.05676966358593139  0.06875243845810251  0.08023457233618556
  0.09202803680263898  0.10397265826671311  0.11504775329380490  0.12599595967534674
  0.13743809642956414  0.14876352983396057  0.15915883292344288  0.16965080355944223
  0.18046840326216190  0.19108503544881192  0.20156096901267997  0.21244781603739385
  0.22387313245210899  0.23539186046664196  0.24668899395235830  0.25831283916762454
  0.26945403451859012  0.27959864709917204  0.28937492018457689  0.29875105694212500
  0.30848829653397447  0.31829386664573533  0.32809072665164718  0.33822342351927454
  0.34845073694669720  0.35875490419814432  0.36943434819338217  0.37998165808797713
  0.39044209169397665  0.40039395939162359  0.41015579734964386  0.41972093650098535
  0.42914774647661369  0.43846416204219857  0.44807327433806660  0.45783796833072826
  0.46782155690309346  0.47778092004950368  0.48787948587270674  0.49814351433841514
  0.50845445085309171  0.51873927236114281  0.52914683681847241  0.53961540446466560
  0.54897406665543214  0.55829823829639158  0.56742624655708129  0.57629431881323900
  0.58513385616968872  0.59396158724455139  0.60303156899327626  0.61240248252420826
  0.62182534263997191  0.63101194493164592  0.64020434130856274  0.64970007642147865
  0.65953363749904559  0.66987136935565228  0.68141999850998858  0.69285085083385722
  0.70486826997858165  0.71492221868474248  0.72466573676466428  0.73372919602499120
  0.74246511986454655  0.75139959364772679  0.76066330595474474  0.77016842952635201
  0.78051499139269431  0.79057060005532032  0.80156304473644613  0.81280526115176222
  0.82503216529074974  0.83711694787555702  0.84950053609689102  0.86128890170446115
  0.87316870117087331  0.88466904356390508  0.89621725207003322  0.90676149425132313
  0.91778349354718936  0.92906439675193386  0.94051413185719168  0.95162565033024216
  0.96331017822352627  0.97566162733987716  0.98782690231065329  1.00000000000000000
 -0.00244076028441943  0.00946137090117046  0.01903752420433430  0.02808529458881125
  0.03784445597560713  0.04780950653270889  0.05807884285216523  0.06810280135594907
  0.07876386755787528  0.08976459137967412  0.10174026979519914  0.11299465230740013
  0.12426361725044910  0.13506122098715087  0.14620147255963584  0.15734764579113095
  0.16816973165037019  0.17896116762621464  0.18987771411163429  0.20093607881645684
  0.21160325032662219  0.22214439159125152  0.23289699723612500  0.24400688580984237
  0.25426562967270944  0.26337862518525534  0.27220901346466192  0.28081603638216435
  0.28974147774242254  0.29876263601144470  0.30771867646668366  0.31767007945965930
  0.32843289592849484  0.33903085090880930  0.34946401514163955  0.36023447852285589
  0.37136293013300292  0.38233180191896421  0.39305437611533661  0.40376090566307338
  0.41473850546503144  0.42600963919415752  0.43716416883702597  0.44863914100462199
  0.46016554942221760  0.47121893731187842  0.48236746845385464  0.49301396420250626
  0.50360669296712590  0.51394110770180090  0.52455164231509677  0.53572129669899682
  0.54730395273610943  0.55896791144303271  0.57087634470784610  0.58275044121916053
  0.59467863259032794  0.60576674914080197  0.61581835419326536  0.62544347872218298
  0.63520203334496961  0.64491256082827475  0.65483125785358498  0.66521964253916421
  0.67673725752318159  0.68844780380155945  0.69965692368317978  0.71075688165391282
  0.72164580184605620  0.73222050756844270  0.74302992540245438  0.75454072718452314
  0.76655884025844501  0.77826772600971783  0.78959868078262407  0.80043391065921743
  0.81101073360107923  0.82167174460016290  0.83165848390026731  0.84103140650583430
  0.85023637159041188  0.85990619663431311  0.86974354237227414  0.87910116864834931
  0.88811158867949724  0.89704036217718230  0.90607757123869204  0.91557244028272100
  0.92579043886594226  0.93688234359496125  0.94800905715588368  0.95918213887231774
  0.96931630916001166  0.97991747489494208  0.98974898865658889  1.00000000000000000
 -0.00296028245807090  0.01064343353995274  0.02157150067989442  0.03162304647616126
  0.04117176334200162  0.05075770949003501  0.06039850874138054  0.06890073597126406
  0.07746380391785194  0.08639808194811970  0.09581116941463688  0.10494635744003900
  0.11405578331748156  0.12313675810400365  0.13293428399253271  0.14290011407850065
  0.15347109619915392  0.16456867262662794  0.17601545230853594  0.18733835883787237
  0.19790762996475966  0.20791155630448369  0.21751743392085643  0.22695109127609686
  0.23686397186749555  0.24741210338894493  0.25827994815444305  0.26907364607611461
  0.28010959650516903  0.29148615995211602  0.30280342077988054  0.31377663645205461
  0.32444916834788451  0.33537442089000757  0.34665777307313977  0.35799707384121293
  0.36920385904937630  0.38062727460802809  0.39253297855696340  0.40454334569980571
  0.41630288428643980  0.42741327233696835  0.43820578567794705  0.44877684252771749
  0.45968566056278648  0.47047657139555538  0.48131168047771078  0.49190490503472750
  0.50251574931213350  0.51346117714953643  0.52417204849700405  0.53454420153628679
  0.54478776145144925  0.55458476691072789  0.56459067490259840  0.57451688958892122
  0.58467161338343054  0.59517910496987170  0.60595780294253521  0.61708834476698449
  0.62804699569353339  0.63928835048145849  0.65068690147901787  0.66215990111677558
  0.67352724087552118  0.68479177585588402  0.69640834222120673  0.70829897450946244
  0.71963975104516831  0.73052530238218272  0.74089224898390005  0.75166888217551586
  0.76271335161908638  0.77363008389618226  0.78453478868431492  0.79503301527485126
  0.80527519471368558  0.81543024484097404  0.82503982317920810  0.83475027872703467
  0.84448384181083835  0.85450340966088711  0.86465892318481852  0.87478898526892812
  0.88433843922690170  0.89381045052184671  0.90310721797411309  0.91265854754750531
  0.92246924993464019  0.93240757198910384  0.94244906034481724  0.95336246544583381
  0.96425851887795455  0.97618354148770681  0.98789008753004759  1.00000000000000000
   2.2124516871260689E-008  -1.0000000000000000     
 F F F F F F F F F F F F F F F F F F F F F F F F F F F F F F F F F F F F F F F F F F F F F F F F F F F F F F F F F F F F F F F F F F F F F F F F F F F F F F F F F F F F F F F F F F F F F F F F F F F F F F F F F F F F F F F F F F F F F F F F F F F F F F F F
  <DiscreteSampler_grid>
  grouped_processes
  1 # 1 for a reference and 2 for a running grid.
  10 # Attribute 'min_bin_probing_points' of the grid.
  1 # Attribute 'grid_mode' of the grid. 1=='default',2=='initialization'
  0.0000000000000000 # Attribute 'small_contrib_threshold' of the grid.
  0.5000000000000000 # Attribute 'damping_power' of the grid.
 # binID   n_entries weight   weight_sqr   abs_weight
    10   10   2.259392893166101E+004   1.428054261894800E+009   2.259392893166101E+004
    16   10   2.259392893166100E+004   1.428054261894799E+009   2.259392893166100E+004
  </DiscreteSampler_grid>
