  0.00001652417668061  0.00005287293614632  0.00007088599015948  0.00008412975888721
  0.00009825329983249  0.00011440539871121  0.00013335232166047  0.00015646156082947
  0.00018622928323623  0.00022497504332234  0.00027307289556409  0.00032905251510260
  0.00039355013638567  0.00046988315159141  0.00055586718621732  0.00067268565523556
  0.00081805659962425  0.00099245803987663  0.00121832379800785  0.00149323045619564
  0.00181670791762798  0.00218517202799329  0.00261725076428031  0.00313450866668502
  0.00380485808385756  0.00469905249455463  0.00593087958245442  0.00765847357151392
  0.01016607912579805  0.01401924494746937  0.02003302991938387  0.02899907155287114
  0.04116479588788508  0.05611750755652210  0.07294920872657606  0.09084791278856200
  0.10938515756000675  0.12825607864795976  0.14726642560925793  0.16633436114250957
  0.18572673331307399  0.20536581891793901  0.22497742746928198  0.24459941234881061
  0.26421750844507008  0.28381372625339768  0.30319424497061431  0.32231603827148270
  0.34136903270726671  0.36060675196512038  0.38011742257063297  0.39967158019966448
  0.41884030521568760  0.43792268846346533  0.45717364859820958  0.47624617594940782
  0.49517225516115554  0.51414601699504614  0.53317192869486363  0.55224886579906607
  0.57127241955666319  0.59029031650171104  0.60928670458774159  0.62813926258204433
  0.64698178004527318  0.66574644934246208  0.68432287570819028  0.70292914059899092
  0.72177886031737681  0.74067651065816265  0.75948168656191550  0.77796967571212239
  0.79629726408867052  0.81460772408756177  0.83277633293339071  0.85089244024885569
  0.86859491223765539  0.88593565173874378  0.90292756669370811  0.91922907722961189
  0.93466058963201815  0.94900792610213081  0.96162465090762395  0.97196574010091530
  0.97997969035259380  0.98584468656912438  0.99000815326676961  0.99293067795288692
  0.99499887101043138  0.99648970380768076  0.99758112242530728  0.99838405002856223
  0.99896228282718158  0.99937976904933734  0.99971012521849623  1.00000000000000000
  0.00027222833212013  0.00032372177306256  0.00035018430841886  0.00038712331161473
  0.00043255843736076  0.00052123330816582  0.00081539524076651  0.00131609925952432
  0.00171569833576945  0.00214537124550254  0.00261786650749928  0.00316109337683106
  0.00377226746378631  0.00451043882014022  0.00542135337549968  0.00657649883026359
  0.00788221815119790  0.00928651986368551  0.01085639532151573  0.01273623395896904
  0.01498963346466283  0.01767643162459891  0.02081243078185404  0.02430050553277322
  0.02790032187798987  0.03181067751307144  0.03658207695102455  0.04227246314250623
  0.04817008439354190  0.05331258926472427  0.05716197173164830  0.05982671888132297
  0.06166808255242706  0.06293494273488633  0.06383668720057845  0.06450302336902594
  0.06501388101273904  0.06542789576506348  0.06577386302728039  0.06606582191064260
  0.06631793730427932  0.06654189163945246  0.06674466354567589  0.06693065000363622
  0.06710257350448358  0.06726313031475169  0.06741543309010933  0.06756195564666784
  0.06770454974076709  0.06784471307466292  0.06798395064107965  0.06812400089662077
  0.06826643579128301  0.06841328107911830  0.06856527159027816  0.06872569648698847
  0.06889746063513282  0.06908415877501782  0.06928835690423636  0.06951488354021387
  0.06977229419793124  0.07006861043498896  0.07041247461854870  0.07082358083160183
  0.07133220546481683  0.07197452841933194  0.07280648700677765  0.07392448339812843
  0.07551077438212719  0.07786206398008534  0.08133955288131729  0.08635471889821879
  0.09368028380473173  0.10447854226630168  0.12054089287040289  0.14378964259469432
  0.17339121731347762  0.21025826482649654  0.25893348208042372  0.32608978419124612
  0.41446486475646421  0.50450345664676222  0.56969055507689881  0.60919351802648691
  0.63581259593080819  0.65828635788280365  0.67894574962298893  0.69811463951772335
  0.71878697280739556  0.74020046438821296  0.76366855440948445  0.78770982949654855
  0.81597981889584081  0.85484128811479210  0.88907776387404835  1.00000000000000000
  0.00062363218024531  0.00103284825006623  0.00125955588723565  0.00147719421843636
  0.00172437464748565  0.00200627318323233  0.00232186259125633  0.00266750060611200
  0.00304153917096036  0.00344740614036487  0.00389053135591261  0.00436745204534786
  0.00485988840450562  0.00535312480548562  0.00585704497834621  0.00638069468869953
  0.00691359604232658  0.00745099014389705  0.00799207375408816  0.00854794572599796
  0.00912364873423386  0.00972409976037704  0.01034681004513194  0.01099564967832931
  0.01166847656326275  0.01236612277217711  0.01308985423598223  0.01385280110852472
  0.01464057114895484  0.01546017217094860  0.01632035837512006  0.01724169675267063
  0.01821995809316267  0.01924503177384211  0.02030430127811211  0.02142207404349681
  0.02259355619650369  0.02380959705487462  0.02504155295925162  0.02631627057189100
  0.02767791761925316  0.02913218508109283  0.03061926899351719  0.03212645464411247
  0.03366906625776715  0.03530984619247243  0.03707981268553200  0.03885269942721944
  0.04063951071155922  0.04249197842085137  0.04449281786997441  0.04668444115663788
  0.04904143703686669  0.05154875157115511  0.05411421504337432  0.05659867625549567
  0.05913417267105316  0.06181134105211888  0.06466662557630645  0.06781211514692102
  0.07115097603382949  0.07454870960877283  0.07802006194320671  0.08159613412859383
  0.08532820214188162  0.08929694812135180  0.09361529043945629  0.09830822380240349
  0.10340818025355325  0.10873269671191836  0.11416976784092288  0.11987810662046175
  0.12599709726908734  0.13270394068749972  0.13988166030725091  0.14740552871251417
  0.15530025113965759  0.16381506417503494  0.17335696420078928  0.18363134163452682
  0.19462334594332328  0.20596755488335719  0.21788678284089830  0.23051906469989109
  0.24431139942726693  0.25920066703783806  0.27511323750634248  0.29217159416435512
  0.31090707945899698  0.33092292300601212  0.35280350832817553  0.37730948371147094
  0.40750656372345950  0.44712109451537824  0.52984084648354257  1.00000000000000000
 -0.00241406868887861  0.00965012706891800  0.01909636617866086  0.02944709957252656
  0.03919679859461500  0.04916266950924028  0.05900850650822847  0.06855326477086923
  0.07816578124586719  0.08805366009892665  0.09808340849509402  0.10832148831992688
  0.11826077209607458  0.12798127591329517  0.13807040481453117  0.14768423773763042
  0.15660481916928395  0.16553200892495445  0.17429928612388712  0.18328416165127054
  0.19329832248915563  0.20309740258519468  0.21301587046809442  0.22320480180563720
  0.23367746256153174  0.24420603960611451  0.25458669681569757  0.26467748825382109
  0.27471996246496300  0.28486536711909038  0.29503059120720604  0.30519312924033515
  0.31536326884014865  0.32594732641594060  0.33642996408110631  0.34708100767761835
  0.35756889931766028  0.36824329547756462  0.37880839105468489  0.38950089073796335
  0.40014758478118440  0.41101667098268213  0.42194746283650497  0.43279599221254267
  0.44390166850794144  0.45505081242068701  0.46543668948313116  0.47605749809601267
  0.48683726779898129  0.49770737214960675  0.50894719045354020  0.52030777647148840
  0.53176516179051447  0.54248499644338111  0.55280021916950262  0.56311197173272443
  0.57378283816780495  0.58454849251741448  0.59545474679178134  0.60665284674386233
  0.61817214932404085  0.62930563910517001  0.64064617458159845  0.65189127907838362
  0.66277945249129300  0.67354672106798863  0.68438215462639351  0.69535436981347343
  0.70597094948430628  0.71660693384930596  0.72740894870024597  0.73861771299716206
  0.74978107716056697  0.76076976969920307  0.77150667143993323  0.78217555984453047
  0.79316428990560528  0.80435323423720695  0.81536333797304472  0.82604796731959529
  0.83673568590925329  0.84779222789737563  0.85893552292351971  0.86987453641654677
  0.88090876077306413  0.89200280475472493  0.90329892912509480  0.91456961827141525
  0.92561210325858934  0.93596999420761429  0.94632048512884770  0.95689091941580862
  0.96879862965842534  0.97992959986722739  0.99042869916380882  1.00000000000000000
 -0.00240243614554479  0.00913401545791518  0.01918181593163852  0.02931804842344433
  0.03947348094868465  0.04967275960008394  0.05994391107816743  0.07002164586099369
  0.08001679145217373  0.09040978244221376  0.10109650285386458  0.11179055913083191
  0.12215886732020836  0.13275729754979360  0.14334359859007689  0.15411028615780548
  0.16456644173555277  0.17474188591929088  0.18491152290510554  0.19528431635485069
  0.20633875342695440  0.21726124841875635  0.22706529134457876  0.23651603718070735
  0.24620457024042053  0.25661572394418314  0.26759113981976645  0.27852079548695491
  0.28943646077270840  0.30039927586018461  0.31125076842636823  0.32206609611343873
  0.33269473604369004  0.34330183640849526  0.35390908418009442  0.36467556514866589
  0.37558260894727835  0.38626676067078669  0.39694546044705065  0.40733359533933339
  0.41749154197048316  0.42752719888012930  0.43745025159296336  0.44771096865793797
  0.45811889909348485  0.46864360562586366  0.47924476238191954  0.48921581510324763
  0.49947602949959924  0.50941844690988514  0.52020889000204551  0.53085397519095701
  0.54186146932016666  0.55224937564495391  0.56263573293751501  0.57272105115952798
  0.58306703212840727  0.59348139309733838  0.60400430193768051  0.61494960595856263
  0.62591419133870907  0.63690273506622475  0.64781560806404359  0.65812954788190048
  0.66853448089563217  0.67895173501778061  0.69010212339764254  0.70107369850954426
  0.71172622873246461  0.72238738279172710  0.73289643943328753  0.74364439774644686
  0.75433793132939819  0.76473901327764704  0.77513564295758641  0.78570259962639111
  0.79643842345150373  0.80737214743048757  0.81817271828318694  0.82926991888058432
  0.83978061391627457  0.85010556653135372  0.86008521908893598  0.87013783041815562
  0.88092457088261034  0.89194069207034310  0.90279732848116656  0.91380785241388507
  0.92460686354912158  0.93567427172211604  0.94654758159379015  0.95758159118999042
  0.96814878248351166  0.97891975943008680  0.98932034871506314  1.00000000000000000
 -0.00229901662394102  0.00831745801503227  0.01831735734216261  0.02848120384048292
  0.03839131251458681  0.04784597035031842  0.05709179402242747  0.06661317741023104
  0.07597711656782873  0.08527909155300899  0.09457896344894894  0.10387457556350219
  0.11302229935702077  0.12206759894379010  0.13124089947985135  0.14062694986323376
  0.15022151299285832  0.15985359127684262  0.16932039303990540  0.17867018128477596
  0.18798354826939512  0.19748796439273569  0.20717419053096123  0.21691790683725617
  0.22642255594165803  0.23570014253481739  0.24513933040491076  0.25503773006162705
  0.26526188601260242  0.27562826205042779  0.28604491318222458  0.29645032582672193
  0.30679341786071285  0.31731279876799973  0.32798239381658700  0.33841753465910085
  0.34853010056270828  0.35871338287402726  0.36914472821795397  0.37972902098647315
  0.39048868838966549  0.40109008618010966  0.41161395933633788  0.42222565652330285
  0.43332682403583983  0.44438547201156897  0.45532381868116900  0.46594042228007448
  0.47666355508799341  0.48727292922575571  0.49808226687548701  0.50897495053428643
  0.52003714300959014  0.53138321730589710  0.54287470928206372  0.55406957037603255
  0.56525087290336795  0.57621561049942793  0.58716417777550267  0.59787342486480621
  0.60881272266613662  0.62005041826203544  0.63136762216331621  0.64256561628136044
  0.65371788274683817  0.66456608444383880  0.67519582546180867  0.68567637350672639
  0.69635197945875393  0.70783333057093811  0.71918776221588565  0.73029113755022534
  0.74130671204445753  0.75253398034005947  0.76399760221242508  0.77582338226743819
  0.78752854978070874  0.79895309604623266  0.80987781925245106  0.82047305607022258
  0.83109524765652965  0.84213277580244983  0.85356328440043494  0.86514389232074640
  0.87673023743465484  0.88846780592048979  0.90011756792182507  0.91152167364263614
  0.92263929125206967  0.93357348527219541  0.94443079657383477  0.95512498915456756
  0.96591671373788346  0.97745322548657398  0.98867957459044264  1.00000000000000000
 -0.00237884120036557  0.00925127628598831  0.01913237483134157  0.02968071836107132
  0.04047761123829529  0.05126791022192469  0.06170557744402754  0.07168980355643578
  0.08185372597177155  0.09225796653098192  0.10290534525979751  0.11351056960853143
  0.12412157792350215  0.13465577889026661  0.14529786511073786  0.15594473815269391
  0.16707456746349481  0.17821099446751520  0.18914252398257239  0.19998426105771724
  0.21063953693082330  0.22119079617100806  0.23204771679321107  0.24294687775600787
  0.25331352700135529  0.26352871074414352  0.27362904304680735  0.28387878532846617
  0.29459626191231431  0.30522696930940407  0.31583120689789901  0.32652603622310278
  0.33731906174277831  0.34809876243783661  0.35903292645417612  0.36981102663701976
  0.38031107746012416  0.39086139911195611  0.40111350539693752  0.41139755128487038
  0.42156661519468969  0.43216753078083237  0.44311104087342712  0.45388451587629369
  0.46418580887543537  0.47440755579226057  0.48489709182569607  0.49567214635112516
  0.50623988859272462  0.51660012347062501  0.52702236047300488  0.53741928677261297
  0.54787655110345324  0.55816529070586873  0.56849915780074733  0.57905525601597341
  0.58993992136878148  0.60097063690283770  0.61204011355724108  0.62291941844426046
  0.63376555713639993  0.64466660641618323  0.65558999971645271  0.66653800962141896
  0.67739506531406390  0.68821385654542599  0.69904692362032661  0.70992375979745959
  0.72083069255947374  0.73176895404471942  0.74237780380822660  0.75268362630116803
  0.76304075054752152  0.77384670835820746  0.78491880768492761  0.79571455790067491
  0.80653078902702546  0.81722825187255610  0.82766071920297779  0.83786803790322983
  0.84781674214030700  0.85807566620655829  0.86861993599794396  0.87927499882100757
  0.88951538655567819  0.89967391208302838  0.90982446428053854  0.92002841061147078
  0.93031327760512716  0.94046538210108843  0.95054863556001956  0.96069483975041248
  0.97094676231708554  0.98102789276098312  0.99040158883650331  1.00000000000000000
 -0.00245082154318831  0.00976143820522194  0.01959064501141630  0.03010353394884029
  0.04025679530027194  0.05066868519721968  0.06148264270526953  0.07258526740928774
  0.08386592037467397  0.09478477517143462  0.10534779669351396  0.11586014817952478
  0.12606542354855227  0.13667012363061645  0.14733278384935020  0.15816068178161555
  0.16863068557714470  0.17911734589517964  0.18980883341780827  0.20062217537483409
  0.21120026376915482  0.22186038610784317  0.23258890070831303  0.24310703580868231
  0.25358036006724233  0.26407915682410127  0.27430283539486627  0.28412355445284848
  0.29374270985397205  0.30354296794894647  0.31408004064805345  0.32412517128739016
  0.33407682914656667  0.34395289638199955  0.35443870280914297  0.36536922584066195
  0.37625724730376253  0.38709635776373147  0.39803667983429114  0.40906403006935249
  0.41984295038515423  0.43039372263264675  0.44074578242723078  0.45113371208421327
  0.46136120112635698  0.47165892882646687  0.48201545765979814  0.49262872471678465
  0.50316687280967864  0.51374253111349266  0.52410504956992054  0.53437412564136422
  0.54495616582688777  0.55566797150864067  0.56666516969021574  0.57774953301709220
  0.58878088875858847  0.59953999340558684  0.61001752962112565  0.62064812669352021
  0.63135608316720271  0.64192107663080966  0.65255340894567815  0.66262993767324341
  0.67277688025121918  0.68311964321708407  0.69409492171326626  0.70526826725041236
  0.71663953949012915  0.72776620889033861  0.73865365905060343  0.74908258208122602
  0.75950717850814897  0.76987595120686036  0.78013585973532174  0.79016048716011367
  0.80053196844950736  0.81118487971363096  0.82199333902073080  0.83289377521075425
  0.84379658461269957  0.85487740978183790  0.86577136295255808  0.87668747179650552
  0.88748164844078214  0.89819328480464522  0.90891004535421793  0.91958475229325420
  0.93058377267743131  0.94104245194102998  0.95066811668989781  0.96000618185566811
  0.96976319477686257  0.97999441560318812  0.99032931277507597  1.00000000000000000
   1.2292737284146795E-011  -1.0000000000000000     
 F F F F F F F F F F F F F F F F F F F F F F F F F F F F F F F F F F F F F F F F F F F F F F F F F F F F F F F F F F F F F F F F F F F F F F F F F F F F F F F F F F F F F F F F F F F F F F F F F F F F F F F F F F F F F F F F F F F F F F F F F F F F F F F F
  <DiscreteSampler_grid>
  grouped_processes
  1 # 1 for a reference and 2 for a running grid.
  10 # Attribute 'min_bin_probing_points' of the grid.
  1 # Attribute 'grid_mode' of the grid. 1=='default',2=='initialization'
  0.0000000000000000 # Attribute 'small_contrib_threshold' of the grid.
  0.5000000000000000 # Attribute 'damping_power' of the grid.
 # binID   n_entries weight   weight_sqr   abs_weight
    10   10   1.570148947902144E+000   1.836006762611786E+001   1.570148947902144E+000
    16   10   1.570148947902144E+000   1.836006762611786E+001   1.570148947902144E+000
    22   10   1.570148947902143E+000   1.836006762611784E+001   1.570148947902143E+000
    28   10   1.570148947902143E+000   1.836006762611785E+001   1.570148947902143E+000
  </DiscreteSampler_grid>
