  0.00001218749876069  0.00005437356765150  0.00007373132467124  0.00008872160589023
  0.00010359546318948  0.00012040606431299  0.00014103522553559  0.00016734764169681
  0.00020087984774274  0.00024322031640403  0.00029786890827119  0.00036415827392318
  0.00044194259418769  0.00053283329238204  0.00064246843396488  0.00077212482652218
  0.00092797247933270  0.00111096879454760  0.00132894892945314  0.00164402075663730
  0.00203394275897527  0.00248127581934588  0.00300882923620260  0.00368346692897259
  0.00457735202656666  0.00580304797432983  0.00750666580192572  0.00985302605593924
  0.01318813362078866  0.01845026663476537  0.02674821065095081  0.03820439380607032
  0.05243333241693060  0.06880421546960443  0.08665804440542897  0.10500020858819867
  0.12358396089832922  0.14255293540937775  0.16171093163243649  0.18111813995833370
  0.20070871828219802  0.22009250255752758  0.23931225293332986  0.25868870710923175
  0.27813648186371542  0.29760844820761989  0.31707008678958987  0.33636030920635490
  0.35556261581647092  0.37478252164223030  0.39403270273098173  0.41329887487162215
  0.43250452606380646  0.45163000289718919  0.47079918950918231  0.49017965249708051
  0.50961067612084898  0.52880921715189555  0.54777077108283712  0.56673539328009426
  0.58572008442887269  0.60477039252088405  0.62377850102370336  0.64266746647959394
  0.66147092192410073  0.68011028689644104  0.69874635337567292  0.71745167304233481
  0.73621389921739944  0.75493918700644747  0.77346898810905540  0.79192999201111480
  0.81022171444856772  0.82828446893119223  0.84625199398168105  0.86414429962398864
  0.88184834892845310  0.89917387005266491  0.91575261556795096  0.93144324923998911
  0.94589596187655678  0.95881451190635303  0.96935801974029145  0.97767852767142560
  0.98407686032660946  0.98872381503210383  0.99196615392633447  0.99425103598558118
  0.99593417893150182  0.99720733917939941  0.99813660553927952  0.99878817263407049
  0.99922866601759142  0.99953782597003649  0.99978833502264353  1.00000000000000000
  0.00028262203117728  0.00034931733810907  0.00038607463851843  0.00042868078302708
  0.00051563346617647  0.00080115233409031  0.00131655339108732  0.00175720679693870
  0.00218284338040244  0.00267885215546579  0.00325755350280705  0.00395237504015166
  0.00475516278030264  0.00560700190295072  0.00654514873855067  0.00771650154561448
  0.00911789402829963  0.01069734876985738  0.01254374352968895  0.01469930464692218
  0.01707231990587117  0.01970812777470865  0.02290873987369508  0.02675699954117239
  0.03138696085349350  0.03661446376599669  0.04227909694193956  0.04811411166756444
  0.05344230311816533  0.05742183843140789  0.06004288816102435  0.06183817413302539
  0.06308890790085016  0.06397980307189920  0.06463207375119071  0.06513211555114143
  0.06553946370340231  0.06587907472534882  0.06616353806572177  0.06641016339050175
  0.06662933145497493  0.06682848471740489  0.06701086624410751  0.06718047066143143
  0.06734077783170962  0.06749412476830770  0.06764251592114438  0.06778796527190355
  0.06793223879920379  0.06807693305678528  0.06822336692137120  0.06837312753686844
  0.06852829263873446  0.06869128686366513  0.06886496752081933  0.06905311143014502
  0.06926072545459136  0.06949277053157332  0.06975354755061740  0.07005346119000798
  0.07040568536714248  0.07082757620619574  0.07134555078814833  0.07199625378047858
  0.07285118027119489  0.07401003156735406  0.07565836850847775  0.07816022885321745
  0.08209193474882097  0.08842894133184324  0.09814516218386854  0.11083672061045370
  0.12715424541334525  0.14853422996541546  0.17916707298797124  0.22465514473846809
  0.28326533876053461  0.36147844778261762  0.45865499860845682  0.54558777204172826
  0.59097931955598715  0.61192571362630577  0.63367031899243575  0.65434021751848470
  0.67472788053425803  0.69102617801644151  0.70744332093689177  0.72445253605439075
  0.74138766970759151  0.75771703337260676  0.77512487589703061  0.79733104715183400
  0.82490412547774072  0.86067422731002785  0.88818713792875992  1.00000000000000000
  0.00038550345820645  0.00076010956903745  0.00098306061057036  0.00119643114735218
  0.00142694180483139  0.00167788426373692  0.00195386797228065  0.00225734406650944
  0.00258705401116886  0.00293913514355070  0.00331873734794219  0.00374050856823236
  0.00421349359397114  0.00472737975780764  0.00525621248707392  0.00578223837109213
  0.00630547040061968  0.00683340494734662  0.00736323288409556  0.00789759102242662
  0.00844625978777466  0.00902121536409768  0.00961538518403171  0.01023419812759713
  0.01087565767769802  0.01154195353930101  0.01224474917384821  0.01298351031202668
  0.01375877575868044  0.01455505416908340  0.01537571634114671  0.01623145883871801
  0.01713009642154878  0.01807618779271848  0.01906878219029939  0.02011883000570977
  0.02121124178790450  0.02235284015532659  0.02353091328211181  0.02473480752745667
  0.02598857189424888  0.02733943017353652  0.02877614931501087  0.03028123971773095
  0.03183801324462859  0.03347248919658510  0.03517354888435835  0.03697691703325645
  0.03888110549244832  0.04087329231201809  0.04292047764493796  0.04503385528574663
  0.04727780920703702  0.04967171371533790  0.05220019909544699  0.05486138634019579
  0.05761342395300625  0.06046417595929849  0.06345670716985866  0.06662756739979724
  0.06996968312158137  0.07344917366382642  0.07701428512403938  0.08074110924382998
  0.08469143148134485  0.08886956215570986  0.09320513041624154  0.09778689559122544
  0.10271133179950788  0.10808945381321322  0.11375882845486748  0.11948065190088521
  0.12538556571136239  0.13182464395184737  0.13888338165443617  0.14650399021290933
  0.15473928721943500  0.16353440992691637  0.17269786511164401  0.18243368639788374
  0.19278984040519190  0.20417601071143579  0.21664422738003145  0.23037019085597141
  0.24486734791569567  0.26008970074980620  0.27631424121104559  0.29328407650026322
  0.31065450342256817  0.32939570880153596  0.34993192671592477  0.37715627199651813
  0.40885661515169719  0.44901324034084505  0.53005471393306036  1.00000000000000000
 -0.00239394608314957  0.00928570549487187  0.01961770061323597  0.03014619701761836
  0.04044661760867715  0.05047899631927801  0.06033100118457337  0.07017485341874811
  0.07988205781942234  0.08946606725429662  0.09901469358168645  0.10907575932341845
  0.11822940976156411  0.12707772769384343  0.13595325134103201  0.14464738433733074
  0.15437323819590934  0.16372814338607750  0.17323235188799233  0.18300392451593675
  0.19279174250760842  0.20232978589837275  0.21176969318803415  0.22117234555022280
  0.23067452491529497  0.24043880989267361  0.25061517657393401  0.26095119147938550
  0.27116325485395953  0.28147078558323063  0.29169504406229751  0.30210645426651789
  0.31260255155068123  0.32266705391752210  0.33231501933933572  0.34144412766504662
  0.35107432973229025  0.36134010937052863  0.37202893267643428  0.38253787571860592
  0.39314210567740332  0.40395479284581298  0.41445165841824988  0.42497965184654263
  0.43454026110918292  0.44439970564486764  0.45467420844657375  0.46522291957576684
  0.47601392956314514  0.48677953182765477  0.49769720921954008  0.50868643774147460
  0.51972011996578582  0.53051559757665701  0.54140186327072493  0.55227754617143543
  0.56354019413041179  0.57471648022530575  0.58565042755382368  0.59625354275594400
  0.60714146754038123  0.61847301538161925  0.62972091120810858  0.64115493863621786
  0.65261153217025825  0.66424868281440919  0.67547822462202833  0.68613940886821845
  0.69696756218171541  0.70793473962011133  0.71933336243625945  0.73061891473791463
  0.74170412447726641  0.75265429834103936  0.76363260693690183  0.77477961491369129
  0.78601330513124945  0.79684043780883640  0.80743973349511311  0.81792314361307328
  0.82852948820710137  0.83869156229694830  0.84901017972255399  0.85967021573765223
  0.87117306838163522  0.88250026777476709  0.89398087370127921  0.90579930962612620
  0.91760583794205330  0.92950175970795579  0.94142397760858287  0.95330233327153735
  0.96504081111486151  0.97659915415040943  0.98841502565295691  1.00000000000000000
 -0.00223208652357490  0.00891141830321829  0.01858660828962219  0.02976286594526234
  0.04042197349433435  0.05117595715274364  0.06187353198150183  0.07281945248204635
  0.08465163503680123  0.09449344885342806  0.10497662165157456  0.11492582568809553
  0.12511977093183962  0.13525193315652187  0.14526001849835146  0.15563419701635214
  0.16623062211389864  0.17673718513830122  0.18594793379739744  0.19560994285174618
  0.20548709689806388  0.21623813858483112  0.22717662832112648  0.23774563170803342
  0.24827942609150122  0.25870604706159556  0.26910606547812688  0.27945963153929493
  0.29024109739370596  0.30118042462931549  0.31214230516228575  0.32303594339817182
  0.33377669767112916  0.34462882730279687  0.35534438773213073  0.36608674765820398
  0.37653332289938457  0.38698052612243777  0.39758901214837544  0.40827372030767045
  0.41907318363734253  0.42963043299457448  0.43959740735332969  0.44886617000678763
  0.45816777637430539  0.46853026241044360  0.47951036527286667  0.49062146194753847
  0.50164377468556576  0.51261723338465226  0.52351169196429903  0.53421229308557849
  0.54507628252766216  0.55594616720257128  0.56653877744542158  0.57696683335901577
  0.58725795334399256  0.59745504476205902  0.60762483616598517  0.61791230587061508
  0.62867851404777308  0.63940648235300557  0.65001547718085506  0.66079632030511026
  0.67180281932529740  0.68285636463336918  0.69398754738133861  0.70469638185816297
  0.71511022261737489  0.72559551660309840  0.73639783746592424  0.74724911990441700
  0.75796308622887032  0.76780134119370591  0.77795134624458917  0.78833922300923021
  0.79922841220054619  0.81003668898570413  0.82057340029063852  0.83120560532630117
  0.84195001143317727  0.85274616668673975  0.86383779537885896  0.87476678966304056
  0.88565879077001175  0.89570526681810347  0.90623748085989431  0.91633333874913336
  0.92661958700935954  0.93657327130857193  0.94673798003479204  0.95736406734745383
  0.96791723842917854  0.97835583624424216  0.98924882972675288  1.00000000000000000
 -0.00237021741711878  0.00923227222070837  0.01868736695872034  0.02793312812360606
  0.03698596278809611  0.04644445265739659  0.05625662242252993  0.06610405326477573
  0.07591643732623048  0.08553883191684683  0.09516659896660146  0.10484595535310340
  0.11450583742525898  0.12417938130511968  0.13387912873549729  0.14378224044826507
  0.15375701777530720  0.16354243368827889  0.17307130166345480  0.18265817454605379
  0.19245451867033639  0.20245208526213304  0.21247947000806869  0.22251443389853937
  0.23265521634081537  0.24270714055117351  0.25246738848543848  0.26216095870307526
  0.27204612110891413  0.28217085859808499  0.29256487366707296  0.30299233530811609
  0.31354938316339848  0.32385514280808336  0.33369712788865524  0.34322144002028393
  0.35308932946698107  0.36376141179111249  0.37486050174541108  0.38607516854171114
  0.39709469573033829  0.40784140294311089  0.41829845453282016  0.42858745428795703
  0.43930625740888013  0.45045063131611296  0.46144972031108289  0.47176857655736393
  0.48196961503881885  0.49248491358790991  0.50352529894374520  0.51462871183716663
  0.52562082032927770  0.53688223145798442  0.54825700615531858  0.55949859740509900
  0.56954245737681208  0.57867498838750198  0.58790569899433354  0.59752331688409288
  0.60871902552337975  0.61996858323644166  0.63133903431331606  0.64296031547915988
  0.65434676953026061  0.66578343917085081  0.67699048398144934  0.68817519552115247
  0.69931876862863818  0.71083021407970837  0.72222460948571876  0.73356530005106335
  0.74476234468825053  0.75601635004260204  0.76729302771043795  0.77833861219762934
  0.78878156297159352  0.79925772711058873  0.81000469610707171  0.82097562020957771
  0.83167863722275637  0.84282339731513889  0.85421126598669384  0.86576565789137017
  0.87693926427157864  0.88742621638531061  0.89799623193053302  0.90880068823355742
  0.92010427081131807  0.93182027480125573  0.94350576282075072  0.95496567085653083
  0.96645331498379905  0.97730923946827575  0.98921451550470685  1.00000000000000000
 -0.00247942945977329  0.00981415832113905  0.01989238468149530  0.03128998098804837
  0.04233706475110796  0.05331739556515942  0.06408890186651180  0.07464041797152564
  0.08522486078694363  0.09608217303281318  0.10713168522506106  0.11839178165316168
  0.12956302035103351  0.14063083862416684  0.15167291953044199  0.16225652531114812
  0.17238020759213799  0.18251841370331792  0.19309782101055722  0.20429479890464983
  0.21520107294063304  0.22583002518045525  0.23613282323821813  0.24652767013118940
  0.25710721597926289  0.26804641979658494  0.27903602023982815  0.28989961270398062
  0.30061754608630964  0.31121210330888499  0.32197153245878130  0.33295690605569178
  0.34404782891707358  0.35504270238075658  0.36567519021933065  0.37601792037207565
  0.38617542069718663  0.39639119593431643  0.40685829415394081  0.41743183286114327
  0.42782879457247680  0.43810910337103998  0.44850548408916896  0.45908277371857870
  0.46982236306386699  0.48046925671946200  0.49114250975140950  0.50179747241150774
  0.51225813443676782  0.52268056050623868  0.53321957214360827  0.54401824743512039
  0.55509200808628423  0.56609673607714628  0.57613673073927552  0.58544771062962675
  0.59474458922910090  0.60448896364621574  0.61484575181616341  0.62518966406707666
  0.63486487625892618  0.64409368603621697  0.65335754390751588  0.66308443020952723
  0.67334833476395195  0.68341957788421481  0.69368442259656660  0.70408399414646472
  0.71481511158303712  0.72568230810140033  0.73650828988267780  0.74695668657194625
  0.75716637569723044  0.76760803267125932  0.77831981173626752  0.78897057112354285
  0.79977138318217045  0.81074985358510154  0.82185600653744795  0.83292632778583753
  0.84367513545849582  0.85420988585236779  0.86457248073377047  0.87478607933380892
  0.88509994158352356  0.89554114665261753  0.90630830740880430  0.91723268865978735
  0.92814861098190238  0.93869616197622574  0.94874200287672472  0.95897249162346465
  0.96784280736338213  0.97878610560527135  0.98895239123478007  1.00000000000000000
 -0.00213638049493337  0.00843707933725673  0.01830877712707769  0.02824664645478741
  0.03825669797094235  0.04837091603431756  0.05933954372661068  0.07002723023525217
  0.08079547059489268  0.09153776624155846  0.10245522823995039  0.11320467743003568
  0.12379069160074045  0.13436255588366403  0.14521664639227658  0.15625262297728573
  0.16673915232322084  0.17675753790757401  0.18680893499677848  0.19735253648666262
  0.20845739754861684  0.21926321348189437  0.22935548868402866  0.23947791994765988
  0.24903733942673029  0.25946481357933793  0.26991869042742583  0.28015041455379602
  0.29067033107986973  0.30148506855485563  0.31255314667888556  0.32358164191884276
  0.33453157837195097  0.34541887545208511  0.35625868489702578  0.36714120613914059
  0.37799158224857221  0.38883792718176174  0.39966193205563022  0.41059584090842172
  0.42154643574274747  0.43204241882970884  0.44202303946391380  0.45194904329816021
  0.46240586296933328  0.47317799409764516  0.48404605454960975  0.49488292166818776
  0.50563074773013983  0.51602541379397882  0.52651335924115927  0.53703141096594953
  0.54764814657540550  0.55818170161525338  0.56872656063783522  0.57942810693412683
  0.59008796629809923  0.60059065362098796  0.61116684485857786  0.62196011954032082
  0.63293118190542619  0.64396212150924115  0.65502421987653170  0.66525547038601229
  0.67481472189371694  0.68423959135383317  0.69366039192266549  0.70348712434656424
  0.71338833723270545  0.72318399174940851  0.73365632119177371  0.74458812999598423
  0.75568307820878089  0.76664864788642950  0.77689776244138675  0.78648923989039932
  0.79636944795521436  0.80702469804440391  0.81810625452971986  0.82918575237374326
  0.84034579754832150  0.85161342254659678  0.86284217817033870  0.87392204668608353
  0.88488689434496026  0.89582162736715731  0.90666869055587429  0.91745415369608163
  0.92812860764569627  0.93893214460350394  0.94959019859791083  0.96002069823937308
  0.97013197269650797  0.98009569281934883  0.99004743360172898  1.00000000000000000
   1.2189524379657287E-011  -1.0000000000000000     
 F F F F F F F F F F F F F F F F F F F F F F F F F F F F F F F F F F F F F F F F F F F F F F F F F F F F F F F F F F F F F F F F F F F F F F F F F F F F F F F F F F F F F F F F F F F F F F F F F F F F F F F F F F F F F F F F F F F F F F F F F F F F F F F F
  <DiscreteSampler_grid>
  grouped_processes
  1 # 1 for a reference and 2 for a running grid.
  10 # Attribute 'min_bin_probing_points' of the grid.
  1 # Attribute 'grid_mode' of the grid. 1=='default',2=='initialization'
  0.0000000000000000 # Attribute 'small_contrib_threshold' of the grid.
  0.5000000000000000 # Attribute 'damping_power' of the grid.
 # binID   n_entries weight   weight_sqr   abs_weight
    10   10   1.530286892683228E+000   1.330043529405039E+001   1.530286892683228E+000
    16   10   1.530286892683228E+000   1.330043529405039E+001   1.530286892683228E+000
    22   10   1.530286892683228E+000   1.330043529405040E+001   1.530286892683228E+000
    28   10   1.530286892683229E+000   1.330043529405040E+001   1.530286892683229E+000
  </DiscreteSampler_grid>
