  0.00022616149561079  0.00027473684666171  0.00030461715728651  0.00033140926151363
  0.00035855862079570  0.00038478445990817  0.00042119730679176  0.00047870293248825
  0.00067524551726228  0.00108930751636568  0.00152851939227025  0.00190485792954091
  0.00230413254146039  0.00274348275049786  0.00323284521774894  0.00382493977337265
  0.00453590454646872  0.00534163571082932  0.00620341561655648  0.00712238074233567
  0.00815284538455060  0.00937566311327369  0.01086054794847961  0.01238974799429151
  0.01406991551004743  0.01605273494840741  0.01853532311639661  0.02138253708547740
  0.02441580410165566  0.02779734027059654  0.03175228139245467  0.03651946643111113
  0.04170995431284136  0.04683059931858979  0.05159918792791599  0.05564364574583722
  0.05863208773838539  0.06068958724460657  0.06212132024080137  0.06315386268226936
  0.06392568764044629  0.06452381499687249  0.06499471597504922  0.06537728224950559
  0.06569734000131816  0.06597292793728436  0.06621448878333992  0.06643058391357416
  0.06662448576055817  0.06680038856229928  0.06696302737453159  0.06711549343893156
  0.06725986402011690  0.06739793168250346  0.06753121876046267  0.06766093041680936
  0.06778833077724986  0.06791483421684363  0.06804140066681366  0.06816881085408999
  0.06829889079389009  0.06843353873348711  0.06857358791210519  0.06872039441530353
  0.06887531640610559  0.06904072907887539  0.06921914691801363  0.06941334374157496
  0.06962629713433227  0.06986319820209075  0.07013492203004675  0.07045568931168458
  0.07083444956719981  0.07128569750413626  0.07183539660502193  0.07254301863311588
  0.07348444043061413  0.07472046863857985  0.07640167873367855  0.07878392704173945
  0.08226964264949117  0.08764597396267573  0.09575075287707804  0.10666436313707424
  0.12076063322426550  0.13967287815147511  0.16514331331943743  0.19849560509507291
  0.24362625769493329  0.30683296264924459  0.39303401424883833  0.50398773580578904
  0.62163992357334796  0.72663457990103297  0.84077313105931117  1.00000000000000000
  0.00001416235375833  0.00003538317068394  0.00006926129082800  0.00010537993401563
  0.00015044378542560  0.00020952961490157  0.00027986958844466  0.00036451992371746
  0.00049352894834827  0.00067611673876937  0.00088168154762932  0.00112498316096665
  0.00148534557134763  0.00198942906002160  0.00263862722337804  0.00345671057409122
  0.00452728301549757  0.00595466752530770  0.00784251756733980  0.01053056035332420
  0.01454316876282671  0.02063200226137352  0.02895044886417559  0.03947259285780109
  0.05266859222704652  0.06823031791925295  0.08502605990627882  0.10245460127826134
  0.12014313677383136  0.13803144685100630  0.15597951307044849  0.17390964762481015
  0.19194524129819102  0.21013215288178660  0.22813426542263751  0.24616392537770110
  0.26428220723495877  0.28241760781658409  0.30047144861781000  0.31836004939773960
  0.33617126250947005  0.35403600845279537  0.37186644258358098  0.38969747013351985
  0.40776978125552626  0.42571679171198912  0.44350188740371665  0.46143838672402021
  0.47941588575166499  0.49720207795745036  0.51483257709713970  0.53243558918486056
  0.55004989980790475  0.56774744603594907  0.58556551639351861  0.60343601315703199
  0.62129349156005298  0.63903708434090212  0.65678050197571047  0.67445067616166765
  0.69191699489250613  0.70928595743331990  0.72668888430951462  0.74416412903011986
  0.76141289434227755  0.77850746138789573  0.79566189552574884  0.81258965716210274
  0.82944651779585921  0.84617247152776187  0.86266400501318452  0.87896000190061241
  0.89494252304854105  0.91043240655089397  0.92526997295915248  0.93930174543307832
  0.95248302414169361  0.96378992480608028  0.97304046644868847  0.98038709864064300
  0.98577353251493494  0.98962029010439845  0.99244432267430716  0.99446873190962359
  0.99597542365693437  0.99712577866437235  0.99803467013543568  0.99867572456417242
  0.99908999251615671  0.99934653416701003  0.99951507866058287  0.99962951774299946
  0.99971866061978154  0.99981006663119709  0.99990435540135802  1.00000000000000000
  0.00063524573927149  0.00108078607571204  0.00134530593495757  0.00157213155230515
  0.00180245135686728  0.00204666704817845  0.00231461035266873  0.00260909006082751
  0.00292526798598591  0.00326376546300614  0.00363001633922438  0.00402721879300537
  0.00446157195621142  0.00494137964674817  0.00545791236034952  0.00598580670561239
  0.00650930206770048  0.00703341831358093  0.00756482212363608  0.00810394329270141
  0.00865883819707676  0.00923146234218652  0.00982287618732767  0.01044002421001477
  0.01108229893425803  0.01172826661578944  0.01238216981762682  0.01306642929016615
  0.01380722526175359  0.01454710582828983  0.01532348254478711  0.01612383920704767
  0.01700122149936954  0.01789920785320603  0.01880559745523699  0.01976282748990854
  0.02078472254151981  0.02187849332704524  0.02302109614885977  0.02421690623793760
  0.02546456993942768  0.02676791924967642  0.02807638094017684  0.02942182285517184
  0.03083653983391466  0.03237332773183511  0.03401703316344549  0.03573144124183539
  0.03749943064467384  0.03934237609129660  0.04122406888265399  0.04319650946949211
  0.04522292408460966  0.04735986152784399  0.04964068781567871  0.05211700663710087
  0.05476459059100091  0.05749765434403641  0.06020721442210424  0.06300387383699867
  0.06588334463252137  0.06898989158908506  0.07223228258733334  0.07568282574070874
  0.07934975519238058  0.08326684658846949  0.08748455517289827  0.09182985250797626
  0.09655815499643090  0.10145049641511483  0.10677822939033858  0.11224648632602115
  0.11815475025334689  0.12452865077317796  0.13144585494358249  0.13866559208115509
  0.14647228214913294  0.15499678277440945  0.16432881363296442  0.17412043899969287
  0.18456062375665108  0.19559807698899279  0.20752723135464168  0.22040832756223969
  0.23461093104088443  0.25008507207773406  0.26660530384586800  0.28383712349515883
  0.30217773669335080  0.32258804091355470  0.34583905879409016  0.37179330046698494
  0.40223289342538793  0.44243960799840182  0.52796471557563618  1.00000000000000000
 -0.00208495679338761  0.00850076256546061  0.01781646935088083  0.02664767340121580
  0.03554941217378420  0.04479410802475093  0.05463259876323916  0.06463932507372525
  0.07445878802295065  0.08436510758611065  0.09411103602196319  0.10402984984967061
  0.11349955051658625  0.12274159729445434  0.13204118178080551  0.14151472757870007
  0.15107337600127177  0.16086466334523983  0.17038332656636099  0.17998967297370425
  0.18938780399418348  0.19932902937865279  0.20948645051187728  0.21990995249896456
  0.23033681723984314  0.24072221439645639  0.25105786383622414  0.26125718319422192
  0.27135794496685678  0.28139098870056972  0.29127507109941031  0.30069115771866006
  0.31024856822948194  0.32025950377328249  0.33085025547902486  0.34131847288826883
  0.35156277300204808  0.36203667801320993  0.37263204504449099  0.38311282724796619
  0.39338431556821946  0.40393893823415428  0.41480129088458645  0.42578725885818758
  0.43651562817816647  0.44710093312176324  0.45775228876867785  0.46885515763985069
  0.47999605102221771  0.49107506343147966  0.50211972366452906  0.51327992851687154
  0.52432681242599033  0.53542365655821844  0.54622420831958340  0.55749129982477830
  0.56867347930127921  0.58032844105502790  0.59183427034438985  0.60332267766560765
  0.61461330871592834  0.62585401701131382  0.63712844312911743  0.64874057731121726
  0.66033184951435886  0.67140246796939496  0.68240424414392720  0.69334956916511903
  0.70462294912548851  0.71574337764385765  0.72666485669683678  0.73813748094317577
  0.74966264546190498  0.76106130071110989  0.77212359267799879  0.78280489029384759
  0.79342183903131502  0.80372523074595759  0.81459641830219554  0.82573703060635339
  0.83748874201010992  0.84912624322992514  0.86083004370506244  0.87225995563719050
  0.88361250148922243  0.89412275914979533  0.90487212518360038  0.91540407043405270
  0.92616327954392330  0.93664963661353773  0.94712154849059194  0.95814093362090269
  0.96833947937659837  0.97857691619145859  0.98896223689805329  1.00000000000000000
 -0.00213149240206474  0.00779109875633079  0.01708635303288564  0.02641190088595255
  0.03679561699098350  0.04775728332152235  0.05870497890894112  0.06978671796231223
  0.08064838987276705  0.09178291379322064  0.10284428197654136  0.11285274719307559
  0.12227754828289053  0.13163384356623453  0.14173048775153990  0.15264723573936573
  0.16366177032969129  0.17418618545281972  0.18450531738467366  0.19482835640559656
  0.20558337008678776  0.21656460877228439  0.22758196875130626  0.23845558353693191
  0.24903821031979040  0.25945785186868464  0.26992707011335382  0.28035560688748429
  0.29080870460260094  0.30118752321165521  0.31157467374270925  0.32215469273520636
  0.33294163767323803  0.34347003160928818  0.35349555606578908  0.36315623087053717
  0.37335345806462855  0.38407718943104524  0.39493875426020175  0.40557257491931953
  0.41600213268349273  0.42647780101568616  0.43721367283083029  0.44826174455073448
  0.45905233029204168  0.46971545986273328  0.48019071729064966  0.49040309125025122
  0.50071381115345803  0.51120142906126631  0.52197831281718421  0.53290398510161008
  0.54370664567529370  0.55416191217329047  0.56411510651419472  0.57396607168530744
  0.58429099756666292  0.59474125487108087  0.60488871459885418  0.61509588404088000
  0.62563415648028731  0.63662536394176572  0.64740444040225709  0.65804131740332450
  0.66843517499223948  0.67900743375286976  0.68992449393327793  0.70103648972736221
  0.71204220570922527  0.72288845139962787  0.73385792944063755  0.74492785208016110
  0.75570280976851922  0.76619620571212377  0.77663395376695776  0.78726915708667877
  0.79793380216943433  0.80858046794335248  0.81917412229632947  0.82982132697582922
  0.84059134267544466  0.85130219046154443  0.86195428037498789  0.87279327109213578
  0.88386479202749746  0.89466655872802670  0.90493992737721884  0.91510050875078464
  0.92556534657173617  0.93630636343276674  0.94675229003448058  0.95701473651843783
  0.96775294912514753  0.97874750194154514  0.98966315563411877  1.00000000000000000
 -0.00239762568895324  0.00968747519663771  0.01854381542336429  0.02811093602080287
  0.03737525470730108  0.04712948501091307  0.05691558329655784  0.06638649585191866
  0.07632255677503100  0.08616273542370231  0.09568003631131228  0.10530554147110389
  0.11454626903455112  0.12463214643643061  0.13436328607185635  0.14365469767008540
  0.15251196824295654  0.16136257106114493  0.17038480490889574  0.17988243299921045
  0.18967206094540984  0.19947680800723017  0.20966251453349935  0.21984518259324837
  0.23002027060854943  0.23991273062208576  0.24985733511890487  0.25966645071205546
  0.26987509757605316  0.28023442213280242  0.29070019232140959  0.30112109387050517
  0.31141838182159254  0.32181116751897593  0.33239012069630020  0.34254320388178422
  0.35239232566392215  0.36169146729621232  0.37143957998629884  0.38172852596865731
  0.39238187639908617  0.40298489019261996  0.41332605768554781  0.42388338905170897
  0.43392416013663643  0.44408691277827700  0.45393184012090276  0.46448674220673292
  0.47539988214100531  0.48664655087367942  0.49776685522819458  0.50881598298362507
  0.51982310066116211  0.53112700939580615  0.54237907774000038  0.55350422350951856
  0.56431364149986407  0.57531890290450483  0.58626169870766154  0.59789740538165947
  0.60916574000097257  0.62059368224098010  0.63159145720199694  0.64271785624634370
  0.65417182230352056  0.66562982757021227  0.67692118914276056  0.68829230677399456
  0.69975436908922706  0.71152041130547083  0.72320631023776960  0.73483632844073166
  0.74621284243579511  0.75735905021932104  0.76846593931635843  0.77960934460642428
  0.79064256658149767  0.80134613967214741  0.81217079280688265  0.82310164873408143
  0.83453840096525111  0.84566934883750200  0.85706159360394663  0.86845104790255634
  0.87985009455821528  0.89073190675515324  0.90076268934052628  0.91076434215449487
  0.92103351330537797  0.93261054505403007  0.94389249871538650  0.95478167866646158
  0.96523946819899686  0.97640283867348421  0.98803305553367582  1.00000000000000000
 -0.00232171755301332  0.00940949844818873  0.01965608272816229  0.03110147369043754
  0.04159373170528038  0.05223566789330428  0.06267327997452403  0.07353634867739030
  0.08452164843843871  0.09441018544350201  0.10455040812592337  0.11493205545508117
  0.12571563230376626  0.13652026452621036  0.14713747670889121  0.15789356455116982
  0.16896446871409657  0.18009912583586238  0.19111933712848644  0.20201441424115366
  0.21285735656797466  0.22362893977931403  0.23416956204208367  0.24418720675667294
  0.25418455614478336  0.26434666115838185  0.27506607064084992  0.28592371572428327
  0.29677111679003498  0.30775261196566955  0.31861824120423099  0.32942349235167040
  0.34005180691083864  0.35087105186578588  0.36150868533490410  0.37155882974957644
  0.38105517388597937  0.39106317615667463  0.40152069119664535  0.41262538494964685
  0.42338294388664105  0.43384205361174732  0.44445370567375431  0.45498917050589138
  0.46537804469735988  0.47564558097188320  0.48611672785441540  0.49704052166454449
  0.50809535851803700  0.51913655844012230  0.53008501070500635  0.54082512525187032
  0.55128902261007462  0.56167582864923005  0.57202998648708481  0.58241508152415300
  0.59278155790019771  0.60333952441488647  0.61388991505077539  0.62431952692880888
  0.63479300118903770  0.64516977760120320  0.65546979160080410  0.66587447140414302
  0.67611377118869886  0.68655609223105885  0.69679786028162527  0.70735265251228696
  0.71818377629543373  0.72919052868721568  0.74016146744056233  0.75089531144119370
  0.76149591705282282  0.77212519230051224  0.78304556404752423  0.79414484232172933
  0.80457131964923456  0.81472413286335910  0.82477835572027791  0.83513542620494563
  0.84564339879413386  0.85537821674317516  0.86495607871447566  0.87444182496540335
  0.88446820441867480  0.89484058683328893  0.90553471114947770  0.91632878719489252
  0.92718960873710787  0.93757319357847357  0.94798933093567928  0.95853860149029901
  0.96908320242486290  0.97956628401321844  0.98969015692648621  1.00000000000000000
 -0.00260459997041473  0.01034079245050790  0.01984368797762179  0.03015015105669662
  0.04017276314616874  0.05106912283085543  0.06121398619311772  0.07080243308381105
  0.08080009372292521  0.09160148545737802  0.10275775896488376  0.11300289749564796
  0.12283670424223564  0.13267890518410619  0.14283461591938593  0.15345981261824174
  0.16377224117163619  0.17439824309261598  0.18510754999468901  0.19607709197911788
  0.20672793656613320  0.21723898961451610  0.22789670936613815  0.23859946525447737
  0.24914548948610313  0.25949204694106143  0.26977543982989177  0.28039593932463786
  0.29106459394187040  0.30167697883992517  0.31234336262873158  0.32302639371811626
  0.33320182708728491  0.34298939646561094  0.35251014132349562  0.36268271182484002
  0.37283369867137117  0.38287870791356027  0.39319312426654912  0.40409357221256492
  0.41528573532978880  0.42627612510964458  0.43695619039518069  0.44711138458748995
  0.45714264140527738  0.46736713858513684  0.47820999899189082  0.48932179533947506
  0.50028780180103150  0.51104096973702084  0.52156885744142156  0.53191492650296157
  0.54234983467531217  0.55244879885183429  0.56260709877345549  0.57283584033766011
  0.58330884091758617  0.59406838169604070  0.60463634630725505  0.61503362860852073
  0.62533955774668182  0.63571989428852738  0.64628908031745891  0.65711510615919011
  0.66792387720131075  0.67868660332448738  0.68932692412591023  0.69999359056485289
  0.71068804634900939  0.72090656131819109  0.73108263538483398  0.74124486963012493
  0.75175088196975337  0.76242158796812065  0.77289978527026826  0.78337263021056636
  0.79358135087239845  0.80398810609895843  0.81419372573086179  0.82479769910128786
  0.83535269803352474  0.84639881724046839  0.85758975336596954  0.86850022003995642
  0.87969850349843415  0.89085199463145526  0.90182629850633611  0.91311872358702650
  0.92364449676021387  0.93494367230269326  0.94548532094976190  0.95627304542294755
  0.96689969657174057  0.97792540496203273  0.98892016312107545  1.00000000000000000
   1.2189163751896849E-011  -1.0000000000000000     
 F F F F F F F F F F F F F F F F F F F F F F F F F F F F F F F F F F F F F F F F F F F F F F F F F F F F F F F F F F F F F F F F F F F F F F F F F F F F F F F F F F F F F F F F F F F F F F F F F F F F F F F F F F F F F F F F F F F F F F F F F F F F F F F F
  <DiscreteSampler_grid>
  grouped_processes
  1 # 1 for a reference and 2 for a running grid.
  10 # Attribute 'min_bin_probing_points' of the grid.
  1 # Attribute 'grid_mode' of the grid. 1=='default',2=='initialization'
  0.0000000000000000 # Attribute 'small_contrib_threshold' of the grid.
  0.5000000000000000 # Attribute 'damping_power' of the grid.
 # binID   n_entries weight   weight_sqr   abs_weight
    10   10   3.910020329595237E+000   7.965424560749483E+001   3.910020329595237E+000
    16   10   3.910020329595237E+000   7.965424560749483E+001   3.910020329595237E+000
    22   10   3.910020329595236E+000   7.965424560749483E+001   3.910020329595236E+000
    28   10   3.910020329595236E+000   7.965424560749483E+001   3.910020329595236E+000
  </DiscreteSampler_grid>
