  0.00971145566657445  0.01440908968325849  0.02266412034639340  0.03177206551038627
  0.04116285788611417  0.05109071103756354  0.06171996596278156  0.07307081024524437
  0.08446886196293468  0.09539154393247433  0.10595414213502301  0.11610626330967069
  0.12652487018210998  0.13727007045167172  0.14794424538259607  0.15831307117440188
  0.16867633326739659  0.17989210819934670  0.19098741358086999  0.20160922981768753
  0.21213164645307392  0.22280170307459940  0.23374338406542169  0.24446824034849729
  0.25564143149457591  0.26756845273676688  0.27915240504878741  0.29053994118013443
  0.30068817386468111  0.31037818525287864  0.31964144379855114  0.32914786503848564
  0.33899458457280979  0.34812040108406533  0.35698786458941351  0.36556814033291424
  0.37419964063260364  0.38332720600919323  0.39308020398117466  0.40356083563510664
  0.41449289758340502  0.42523905913548271  0.43578384986433188  0.44603832987437719
  0.45600915291837885  0.46565840705416184  0.47518790863858862  0.48519622144675278
  0.49556741421258860  0.50579870285567174  0.51587816726377222  0.52624470275496549
  0.53680806411979309  0.54734811868560940  0.55782734202094419  0.56846375843847008
  0.57962395701648384  0.59094053164022142  0.60226451437534656  0.61267327346579092
  0.62268350884992585  0.63251641720293350  0.64241533169063669  0.65240305935498422
  0.66259287539561829  0.67316572571425570  0.68409798371371411  0.69532685608448264
  0.70661631891736121  0.71727835969727938  0.72736404887400274  0.73773337217664592
  0.74825106600845781  0.75846547585094504  0.76823216249913195  0.77820698194032412
  0.78840343640727506  0.79863574242735191  0.80874008373727369  0.81904130417921706
  0.82968676090997440  0.84064160674882638  0.85217424446019230  0.86416648013645370
  0.87581820272878308  0.88681514339008150  0.89761263697867899  0.90853730158783885
  0.91951237320195445  0.93036094968946514  0.94167850609069259  0.95379602205836378
  0.96599888533116540  0.97772096279413467  0.98918892420217175  1.00000000000000000
  0.00917073506691372  0.01638195540522164  0.02589350957063152  0.03712229651121882
  0.04785966899600693  0.05894865083294285  0.07025973970718496  0.08148093614089015
  0.09270318250606892  0.10407925749521262  0.11540822812255044  0.12666944808478858
  0.13797737022632445  0.14948895398655040  0.16143199407509709  0.17372453007557018
  0.18606282339607136  0.19803327936309609  0.20935321011284799  0.22008312883557374
  0.23055965314395674  0.24095707750525580  0.25122408186242540  0.26153906328326365
  0.27162352880853269  0.28122921768011877  0.29084523281123953  0.30085983070148331
  0.31091472387224867  0.32084081999053943  0.33083373064883620  0.34099377188239705
  0.35117698372317552  0.36095080836061993  0.37022204900625993  0.37925079476738388
  0.38784645506351439  0.39671324222346660  0.40615081281457771  0.41631872129036518
  0.42733689974211841  0.43864835341509867  0.45006433859752842  0.46158586198025664
  0.47285998288585934  0.48340200698059838  0.49321517138733928  0.50296415496044833
  0.51297636908038258  0.52352534563897957  0.53376146752241405  0.54383867621527304
  0.55442550502846244  0.56553352882813956  0.57752421454792024  0.58936700063350067
  0.60101781702394663  0.61106199926692462  0.62094604645155305  0.63106744238854851
  0.64076007854970041  0.65022149557325426  0.65970641026122223  0.66974711322557290
  0.68048593574852212  0.69070960142047810  0.69996236571274484  0.70910053903094750
  0.71791786022854054  0.72706404496399846  0.73640846894085543  0.74550642511502063
  0.75496296226135684  0.76527977300891525  0.77591039262094175  0.78782627620011636
  0.79993214101669452  0.81214746117248482  0.82330979317930131  0.83394345835403239
  0.84432754964267842  0.85472851040533482  0.86457466162343188  0.87419682094203921
  0.88416277346219907  0.89425614603378389  0.90444454563352916  0.91472905859293308
  0.92419283276303010  0.93361559117789983  0.94245992248445642  0.95156227337487265
  0.96114836256182146  0.97118186127582273  0.98091007050920764  1.00000000000000000
  0.05638400083952826  0.05907374734302501  0.06154161905385131  0.06420579188181233
  0.06808124354305721  0.07190129934592202  0.07562873567111750  0.07947367332281807
  0.08337918076522582  0.08739593105169075  0.09143664761195294  0.09552301107034042
  0.09982944102897945  0.10424050745897442  0.10871354168416050  0.11327691459542222
  0.11793441368102994  0.12266905926314299  0.12751205172918417  0.13253177672842484
  0.13819054028230060  0.14356962004237520  0.14786680600381558  0.14879592509135103
  0.14997154204100427  0.15117982965249244  0.15253261546163321  0.15461381872235658
  0.15697470772588101  0.15931563276756411  0.16166983296461659  0.16406169624632685
  0.16648143031015755  0.16890002676190094  0.17130441803434932  0.17370960026424784
  0.17612602126421362  0.17852612912588289  0.18094321939512278  0.18338967126046984
  0.18589039032260030  0.18843994298039152  0.19099593119389763  0.19355059759034207
  0.19609468115025594  0.19864862665871352  0.20127134617678838  0.20393729343562952
  0.20665405642218648  0.20942466175117538  0.21220242371514428  0.21500027371077332
  0.21783534043295735  0.22070460860419810  0.22361259549064735  0.22654025062593469
  0.22949893918122274  0.23252217676148343  0.23562355240068675  0.23875932668558811
  0.24191738515175873  0.24512422000150050  0.24839601704829595  0.25174253577770106
  0.25514414714103983  0.25858439646523446  0.26208773002284264  0.26569511236486021
  0.26936898770609585  0.27309600687576613  0.27684838832758718  0.28069576959241072
  0.28466688328865369  0.28879486527989862  0.29304540348885977  0.29742604444110682
  0.30194739357861583  0.30657566246108209  0.31138995434022471  0.31643953681852677
  0.32170787451629207  0.32724458385811178  0.33316345204726477  0.33957499838000171
  0.34652439914626998  0.35407234326711057  0.36252108181812237  0.37211083900789949
  0.38289430837863320  0.39525836443952533  0.41054063140754116  0.42931663856342062
  0.45610470596449321  0.49972155271169783  0.58479356181552755  1.00000000000000000
 -0.00337425898118261  0.01258858269936537  0.02574204864725934  0.03893046948153917
  0.05023924516611226  0.06101881044037921  0.07186079496612206  0.08259234630803247
  0.09255441845734219  0.10269050932361395  0.11363237506917065  0.12485872410400536
  0.13558212407641859  0.14682431245373506  0.15866429030223911  0.17073290492233700
  0.18227418773329587  0.19371539232029811  0.20512846601138143  0.21590428594277936
  0.22620620617933973  0.23643829870020022  0.24676547996310555  0.25670473687797640
  0.26672457312026093  0.27680037148227948  0.28687338662423684  0.29622419505905878
  0.30472296359871193  0.31332593469756076  0.32237117927623982  0.33168704359247447
  0.34147339920376341  0.35167597060132899  0.36239995223705623  0.37320741355289333
  0.38383357758349984  0.39423330841668996  0.40409371141483019  0.41346971442154873
  0.42269516395757012  0.43198658376380467  0.44166196493296861  0.45140334538131688
  0.46128427904258218  0.47130897654652920  0.48115331912775833  0.49101386502922528
  0.50108201043088019  0.51088867560043083  0.52086492026608955  0.53073206381951599
  0.54071886725542295  0.55184138473598221  0.56236871763015339  0.57221938749955403
  0.58186627984807582  0.59154786807437476  0.60122120462999240  0.61055029287048046
  0.61980803776553761  0.62957327706833244  0.63989961478321267  0.65028023697334203
  0.66050117439516842  0.67072316971112955  0.68057665862193573  0.69084969551498965
  0.70092316320947579  0.71142326331221373  0.72217798115062226  0.73261223488393157
  0.74277044041574403  0.75268533780756486  0.76278161672154354  0.77307725429234442
  0.78352217251329714  0.79402786344762877  0.80486661350715916  0.81543776992874184
  0.82600398489410753  0.83672552304048409  0.84714490240113105  0.85757326086966978
  0.86827946983743365  0.87892449015718965  0.88970361357467431  0.90055987736899124
  0.91240780248947595  0.92479637613812771  0.93707919174646970  0.94964919532307723
  0.96248534131533026  0.97561741230318244  0.98792493324269814  1.00000000000000000
 -0.00317866810994856  0.01142241672027030  0.02317260532811463  0.03457239719732694
  0.04540072646978521  0.05610864057546373  0.06692962416289759  0.07823474958232174
  0.09027705749044754  0.10220584479465922  0.11247978694317332  0.12164614708489463
  0.13052705119932559  0.13966341915659750  0.14904764644662938  0.15827991027300539
  0.16771251529487030  0.17856508516022640  0.18940623884823446  0.20004759943043990
  0.21099715154175355  0.22267194824261918  0.23402938286785344  0.24485845769533493
  0.25560612267287597  0.26645923381631387  0.27744638562449520  0.28844010183406255
  0.29881258228303820  0.30883696979394981  0.31893171888500998  0.32927638883926819
  0.33953631063474066  0.34958339751849771  0.35980673264530083  0.37034070730980706
  0.38058203033588617  0.39049270099830352  0.40083864247379414  0.41144481157104179
  0.42204902734029254  0.43264060656948089  0.44334647772173963  0.45425572721207369
  0.46487772554925011  0.47488445556543207  0.48418128945525268  0.49322871448524153
  0.50265648633831161  0.51228470988876862  0.52254874172147547  0.53282964812104494
  0.54287099470488021  0.55502212508556070  0.56717689156426909  0.57935323216272927
  0.59011089902146385  0.60017149293118599  0.60948098249558669  0.61847013715426991
  0.62744337623743818  0.63683805203446497  0.64641389817159611  0.65774313464085910
  0.66870442231366145  0.68074459685906663  0.69145728283933949  0.70179680445517212
  0.71222151092251362  0.72322391999721025  0.73402849313157703  0.74448187702681745
  0.75526196916162547  0.76615861403589380  0.77683079540759004  0.78733167687514249
  0.79790819965836024  0.80843995513724798  0.81867632094548559  0.82845026803277366
  0.83832112879055631  0.84790795139179742  0.85746326837253772  0.86771572752120685
  0.87802621701044659  0.89024381048959789  0.90176627278973920  0.91314780259682859
  0.92386119982682080  0.93434101616409160  0.94467415215236650  0.95571825726879733
  0.96695564917045662  0.97865382216753860  0.98941561860057392  1.00000000000000000
 -0.00295336868857102  0.01190193269357539  0.02411279653188947  0.03559660546324367
  0.04763593305631562  0.05947213904409995  0.07111676623955289  0.08250141553543693
  0.09431084996997492  0.10686130924709618  0.11994852469334599  0.13336879572571075
  0.14569673379135789  0.15671351305908643  0.16713881332747779  0.17711655281895342
  0.18714452608341456  0.19700782365633024  0.20686745610026605  0.21667722767216305
  0.22670932833945762  0.23649981331708331  0.24624013828601352  0.25610112273750107
  0.26574797885609713  0.27555767050368335  0.28564853434046295  0.29592375756869432
  0.30696518724618110  0.31806846776434217  0.32911579826874848  0.34044306594426482
  0.35158122349739168  0.36250760319755204  0.37308839596206500  0.38378140431159730
  0.39465951147005246  0.40558231267701078  0.41662969496988833  0.42770102194180248
  0.43888956122944117  0.45016707905266340  0.46110661014055587  0.47122862238869123
  0.48063930802026938  0.48978261623255115  0.49873991558375719  0.50743291500491172
  0.51614387888106839  0.52538867064787020  0.53517599860791332  0.54491740335196215
  0.55454171884271541  0.56465619942717338  0.57534875491266280  0.58612787720078940
  0.59693755464847886  0.60777598809631861  0.61849990277557643  0.62858277660799033
  0.63787854290836798  0.64699156969849425  0.65587554894720368  0.66469847280651684
  0.67339893541007412  0.68180053233639937  0.69043644201652854  0.69982832305787035
  0.70980569412824257  0.71992636056367276  0.73005911476787599  0.74052733845422136
  0.75117019013072628  0.76158559628512656  0.77197478704335032  0.78239390723549584
  0.79273103524614530  0.80316237875540297  0.81392772134235947  0.82518983889845954
  0.83660908625840125  0.84792195566231376  0.85956563001743669  0.87129506487067720
  0.88247547484599809  0.89303252520367571  0.90335640775399983  0.91383872509524433
  0.92468251647342026  0.93570479976756249  0.94674436301492748  0.95784030363426065
  0.96862601034366336  0.97888554471188827  0.98925079732018939  1.00000000000000000
 -0.00297272351699652  0.01030556629784396  0.02222940007071416  0.03428894602680222
  0.04616148828842534  0.05775059019420101  0.06922371402870682  0.08072695725924847
  0.09220875559900001  0.10384224734803565  0.11532087906937416  0.12655129814272517
  0.13739415144645545  0.14776821085515079  0.15731836783931638  0.16639488167796471
  0.17559408710515698  0.18543151794012414  0.19547807194745126  0.20548241357397706
  0.21558339254913569  0.22605655428087640  0.23632529110487011  0.24625455481068553
  0.25668481718497482  0.26664516104840175  0.27679154043157905  0.28656935111447246
  0.29723634299917467  0.30828580702250319  0.31966714083257070  0.33094424641966858
  0.34127254520455408  0.35094607308941100  0.36046477613424305  0.37003768113589680
  0.37945942207193456  0.38852065288628895  0.39813812404018878  0.40740069363001469
  0.41661698211049741  0.42592501252597775  0.43560137013341965  0.44592094383485481
  0.45642492803354023  0.46751404092031579  0.47960747100930767  0.49151865962086094
  0.50322013510052344  0.51436019650106080  0.52523325952054878  0.53636607064785780
  0.54768986254269880  0.55811801559820606  0.56856512749693300  0.57870154771752369
  0.58897411348841722  0.59960446658704236  0.61064729088136072  0.62219301424379658
  0.63286960446622076  0.64256056727393085  0.65176218087472437  0.66113760183308978
  0.67136751551016560  0.68213665055713768  0.69257036843489028  0.70285906793898534
  0.71339374565388003  0.72420694586406431  0.73548932023901270  0.74664490912139547
  0.75738936851527827  0.76794554753845190  0.77911196584043063  0.79030939716444737
  0.80135828629266115  0.81181951962447652  0.82340044588783978  0.83438882916606394
  0.84432299252914844  0.85418027298578070  0.86376428666071658  0.87352704533399794
  0.88352788082763056  0.89367860816461120  0.90510966091051970  0.91653256772871539
  0.92737218442778413  0.93744197224588099  0.94746191525874579  0.95794857064789518
  0.96851334776966669  0.97884658598246788  0.98929238955956467  1.00000000000000000
 -0.00289723954559654  0.01048681938799022  0.02235504099497735  0.03428852435080571
  0.04554101070990948  0.05629399795077311  0.06663896641805730  0.07705446856102743
  0.08748266972022463  0.09765120213363739  0.10808535850961895  0.11896580818932936
  0.12966444764904231  0.13979561850878533  0.14979659740121565  0.15978968226828016
  0.16978335881815837  0.17974470032576853  0.19024231179438020  0.20189085654863112
  0.21309580385842522  0.22374820905665724  0.23461914828532393  0.24565393096662921
  0.25602221202653697  0.26582192137938676  0.27609931327933068  0.28714053285959923
  0.29830898672243372  0.30892122334472089  0.31910893324984430  0.32925633377678581
  0.33950756370640184  0.34968312458954898  0.35954089905409164  0.36907666209005607
  0.37886784278295682  0.38907049013333572  0.39938387856107788  0.40978707114406349
  0.41989727777396485  0.43015992161532612  0.43994830384303157  0.44919015272181190
  0.45829613838396044  0.46738541053641625  0.47666626313916410  0.48597976237485341
  0.49577203267541398  0.50633012436887115  0.51774910450631573  0.52920639387622015
  0.54064812571928689  0.55246428819204774  0.56431035350481740  0.57609343619395692
  0.58746575566613157  0.59844429391482257  0.60919363372267110  0.61955181159973005
  0.62986171059965779  0.64058754988471966  0.65188312347777311  0.66337096751887181
  0.67471411581200524  0.68605838834990773  0.69760851311451366  0.70882436221204070
  0.71901241426172058  0.72887247577838377  0.73903321969755409  0.74916151695560573
  0.75891491109320364  0.76833748447280370  0.77843543592770603  0.78922464808301140
  0.80034648934844754  0.81172875761284125  0.82321923587559864  0.83500355326764175
  0.84649934623055467  0.85731157995176310  0.86777245020689020  0.87856882911549816
  0.88998932896242644  0.90170911470299886  0.91341963138035687  0.92444510739980290
  0.93504507038182794  0.94495355262234837  0.95428963154799007  0.96334825189527229
  0.97255467505087456  0.98187203874028983  0.99112387357421683  1.00000000000000000
   2.2195797070521469E-008  -1.0000000000000000     
 F F F F F F F F F F F F F F F F F F F F F F F F F F F F F F F F F F F F F F F F F F F F F F F F F F F F F F F F F F F F F F F F F F F F F F F F F F F F F F F F F F F F F F F F F F F F F F F F F F F F F F F F F F F F F F F F F F F F F F F F F F F F F F F F
  <DiscreteSampler_grid>
  grouped_processes
  1 # 1 for a reference and 2 for a running grid.
  10 # Attribute 'min_bin_probing_points' of the grid.
  1 # Attribute 'grid_mode' of the grid. 1=='default',2=='initialization'
  0.0000000000000000 # Attribute 'small_contrib_threshold' of the grid.
  0.5000000000000000 # Attribute 'damping_power' of the grid.
 # binID   n_entries weight   weight_sqr   abs_weight
    10   10   1.162697571911483E+005   2.665670461810113E+010   1.162697571911483E+005
    16   10   1.162697571911483E+005   2.665670461810113E+010   1.162697571911483E+005
  </DiscreteSampler_grid>
