  0.00002523331481446  0.00004746838725212  0.00006501357839719  0.00007686615894536
  0.00008651107847302  0.00009616165302104  0.00011050919456914  0.00012788694014117
  0.00014958749958403  0.00017435343391537  0.00020384862656591  0.00024048142859012
  0.00028505405827954  0.00034592682747558  0.00042190762536790  0.00051777469452680
  0.00064334502479003  0.00080426151032254  0.00100170499006369  0.00123971583449959
  0.00152391422029725  0.00184733922333367  0.00224398454895579  0.00276193763434625
  0.00345777430641150  0.00436899582477123  0.00554392615169929  0.00697996892316695
  0.00862312505544032  0.01098131081637689  0.01484349469002720  0.02105503927825499
  0.03095162528390989  0.04391254886904129  0.05926325031257972  0.07620602772720267
  0.09439102676273048  0.11337050869900081  0.13249338930781754  0.15167583951054792
  0.17095766635915821  0.19042044108660894  0.20999105803390475  0.22960945517031672
  0.24925760143733311  0.26889566055081898  0.28851789938012401  0.30816717919467657
  0.32786625555499938  0.34754104924100404  0.36706428634042471  0.38639309150363454
  0.40563510365337818  0.42493550777521660  0.44430335508632912  0.46372458183666132
  0.48312765202898766  0.50254672645068976  0.52194426726962018  0.54128504920282694
  0.56048872651759429  0.57955121169500801  0.59891455995690523  0.61820752066237827
  0.63729439078452688  0.65649278915684373  0.67558762512237125  0.69427591682711332
  0.71318076540521136  0.73223888686508232  0.75081598395583438  0.76921701079832849
  0.78763772955359057  0.80607935711984346  0.82459842238666470  0.84303864639529336
  0.86115630300521151  0.87893633952630335  0.89647680107761418  0.91347986722645247
  0.92955817810884112  0.94439170026223984  0.95760326866999135  0.96875044387342280
  0.97756157542499644  0.98385617155606875  0.98823772864724346  0.99148023687598041
  0.99387551502233629  0.99571516657331904  0.99698743505784249  0.99790292106730161
  0.99860968081790435  0.99913585414542450  0.99958335413323118  1.00000000000000000
  0.00002103597489440  0.00005255959825429  0.00006651383284151  0.00007842889560058
  0.00009007686498710  0.00010303743766799  0.00011858542500319  0.00013771491275184
  0.00016037934647151  0.00019708840806471  0.00024319219690653  0.00029928242567015
  0.00036884699527441  0.00045076283262337  0.00054974610739392  0.00067357542603932
  0.00083095403638845  0.00101086805971747  0.00122162459848711  0.00146352475171277
  0.00177268689057376  0.00222413505738441  0.00279196667174359  0.00350992374951048
  0.00442397734246622  0.00563234575488478  0.00734422099053890  0.00960919279115262
  0.01290761363795178  0.01802020213336930  0.02557399016769603  0.03718927373005031
  0.05150563048634512  0.06861119435613904  0.08730952696410035  0.10685701098372798
  0.12666265816810102  0.14672102782872484  0.16680978726446857  0.18694236134623235
  0.20710455268071268  0.22721923610649516  0.24724896368997273  0.26710130493495604
  0.28678459612871587  0.30662697732403893  0.32684233084013203  0.34683665673623332
  0.36660059021752461  0.38662717281401388  0.40674383584517870  0.42681081014662009
  0.44695253278440700  0.46724191071053628  0.48728874453291199  0.50675035110354572
  0.52615978184886447  0.54581512417015765  0.56563792395955848  0.58528479978232373
  0.60481061600437869  0.62453970472100884  0.64438816588564307  0.66411850316838528
  0.68371549641249474  0.70334462532303899  0.72294282983243052  0.74234362503885565
  0.76168944815634210  0.78103797542563358  0.80023016401918712  0.81915864690125306
  0.83781351287815153  0.85636162639796987  0.87459100910206333  0.89222145212702608
  0.90955076278970237  0.92636217459015602  0.94198765363545367  0.95580925860165089
  0.96763157740555639  0.97709011600664908  0.98416798561509222  0.98902802724336514
  0.99236834380746319  0.99473558557029340  0.99628865601982985  0.99745721445093738
  0.99827901342383685  0.99888080515206523  0.99921141786317402  0.99946175195320353
  0.99961022838584346  0.99975214339668661  0.99987607169834336  1.00000000000000000
  0.00162761285807692  0.00222778959943141  0.00246885275209134  0.00271252086233229
  0.00296325953937596  0.00325352590609291  0.00360300007372420  0.00397204362783342
  0.00436374969661908  0.00480435075538546  0.00530818405567601  0.00586233065928344
  0.00643315486719383  0.00699634569383315  0.00756150066867299  0.00813798915048158
  0.00873000673541637  0.00932863444028919  0.00993926836859149  0.01057108207102369
  0.01123736388821770  0.01194244801437234  0.01267726224865121  0.01343639850624115
  0.01421910201598094  0.01503206112279536  0.01587870310787319  0.01676252829592694
  0.01768354990177848  0.01864647695196908  0.01965485492175055  0.02069720599268732
  0.02176473034462112  0.02286265223253544  0.02399523593462917  0.02517091087123626
  0.02639471215601042  0.02763440084591881  0.02893383100913878  0.03027271121252688
  0.03170071976644757  0.03319292892120825  0.03475825732895111  0.03642227118630157
  0.03816510538342535  0.03987809516218852  0.04155676534789010  0.04334435146405306
  0.04531173469749836  0.04747916607655242  0.04976841964321530  0.05204070016874749
  0.05431240294394232  0.05671168300363619  0.05920488319450376  0.06205995364137145
  0.06512987838959025  0.06820034670815099  0.07136358287518954  0.07458895282355443
  0.07788056378600015  0.08139168854855973  0.08519569435665150  0.08898094059995164
  0.09269751832954500  0.09669396824116719  0.10077485757668454  0.10531614214022736
  0.11016693265661552  0.11526611372830423  0.12060241565714673  0.12615293501312114
  0.13223972170160125  0.13872955338403511  0.14596781419782667  0.15345161774283311
  0.16133912939890083  0.16983695018676456  0.17891892080226754  0.18893827037764377
  0.19921317007857905  0.20941546042935638  0.22021500803128188  0.23201780238110792
  0.24587284259036524  0.26089432385568939  0.27669464563666779  0.29349096730015833
  0.31154730226358734  0.33154691156314031  0.35455650290862095  0.38049419815132962
  0.41036989858172945  0.44783659377987250  0.53458956352689002  1.00000000000000000
 -0.00155669015439118  0.00671027235902824  0.01552299438516608  0.02452990515678826
  0.03382423994417109  0.04381500824325143  0.05394471599395243  0.06388595659213568
  0.07329765322729867  0.08253302615922999  0.09162751963503703  0.10096166024760941
  0.11046825745699398  0.12008433688869320  0.12988677827413431  0.13968509655890898
  0.14848378017086947  0.15677485598500684  0.16515170492384257  0.17383265352390898
  0.18342642308003446  0.19292438189269148  0.20259885744877576  0.21280819482798363
  0.22224915705325443  0.23100069725589364  0.23976539486711371  0.24896811682691111
  0.25897975552629182  0.26957754388804128  0.28014890433575029  0.29069463169854620
  0.30117976587079220  0.31164386320360088  0.32224044278201469  0.33300651660527147
  0.34370027090951843  0.35437202022827669  0.36514201230133625  0.37599279454203999
  0.38673415498561731  0.39730045901651251  0.40798678335613320  0.41884333264614193
  0.42977370261967934  0.44044108757761979  0.45086999462848637  0.46154613469584044
  0.47289643499308465  0.48431886536742041  0.49580248550775935  0.50708461557544149
  0.51816990503597493  0.52935683278356260  0.54063968223830672  0.55209984436447357
  0.56363676736017676  0.57516462825273473  0.58661191047395445  0.59753518206869538
  0.60792278055016225  0.61840991835183456  0.62952546456851288  0.64120905329835354
  0.65298632310803484  0.66453238153592342  0.67592884556765365  0.68739444834647878
  0.69911326521383865  0.71068756947391643  0.72161671007643535  0.73232889510782162
  0.74288073768428653  0.75406825595227156  0.76541588360574009  0.77654785190980880
  0.78751000144490380  0.79815303239837376  0.80918631213649217  0.82048971769005663
  0.83198287855007669  0.84316293583154511  0.85427199415126998  0.86526353042321291
  0.87668346312882284  0.88830836151008152  0.89981718339887495  0.91122251011495203
  0.92248311086837742  0.93364576423241152  0.94430579066608955  0.95495314770751916
  0.96549637608676475  0.97667549307928336  0.98806007276766494  1.00000000000000000
 -0.00224604361688213  0.00909353922410750  0.01880094945025412  0.02981158904292586
  0.04015910124488532  0.05100114067138703  0.06134519376214702  0.07146167397067575
  0.08163779024456415  0.09204733159317052  0.10286889041439255  0.11357017151856416
  0.12441072588706971  0.13546826668793041  0.14662192064959445  0.15780599822189770
  0.16874641826217879  0.17962652537738591  0.19064944120738966  0.20162775451485815
  0.21267062733160325  0.22303234446828388  0.23329940565024995  0.24382224710087211
  0.25469906426393701  0.26576883344005942  0.27687113401952024  0.28798436769408597
  0.29899828363398040  0.30960214603722280  0.31989099879550142  0.33032106774551512
  0.34064545652916589  0.35032097058149131  0.36025569861316659  0.37015811506749741
  0.38071178068858041  0.39195650634951312  0.40297361727289277  0.41383753853567179
  0.42431588674694593  0.43453537726552671  0.44461424795177140  0.45501809168497176
  0.46568701617377883  0.47655117827957266  0.48679855895589236  0.49646211429887210
  0.50629359769902349  0.51614040930800309  0.52625374715108331  0.53648286027034275
  0.54662379960762586  0.55687017453645304  0.56751733969969154  0.57801232010805215
  0.58850296474489427  0.59893579218043635  0.60955188231302371  0.62009034730492585
  0.63052240394968884  0.64116042411936280  0.65218976013398122  0.66315683211442156
  0.67389211054977649  0.68446734051117275  0.69492597785640298  0.70553686081897182
  0.71637741264137578  0.72734369726718806  0.73823745408425567  0.74903966958969592
  0.75988796123611058  0.77089787893013495  0.78205261566946838  0.79326895119269270
  0.80448828452333287  0.81523306943677187  0.82503004967643301  0.83423495083715060
  0.84333967081319083  0.85360112251515996  0.86473965347399295  0.87493998273586127
  0.88454129917893776  0.89422071477649867  0.90404370534810274  0.91529792148679268
  0.92625870541626842  0.93708699376603943  0.94743209910082016  0.95728556795020836
  0.96749049017203714  0.97770027982004470  0.98894859479981378  1.00000000000000000
 -0.00244545557681391  0.00945665405524248  0.01894162620270122  0.02821225402510005
  0.03742102231137388  0.04666274644675993  0.05621801363845239  0.06615734155399949
  0.07603970549048857  0.08626305822126092  0.09643700485087546  0.10607186772686662
  0.11521610618378263  0.12410203568977995  0.13246022172464053  0.14065070051941894
  0.14918324481720088  0.15831541723723519  0.16758043459079802  0.17680136596256207
  0.18608229149011113  0.19624655026953872  0.20663736375591654  0.21690680167439744
  0.22682342045899889  0.23672423124169475  0.24674989980784640  0.25707498612125212
  0.26741786187540451  0.27754666822013435  0.28778384614460945  0.29805830785934867
  0.30838844587981878  0.31829201593898421  0.32797522667231516  0.33790416427392506
  0.34828164505470660  0.35907175912125966  0.37013566535802184  0.38109482548301965
  0.39229379144965176  0.40310638031495327  0.41354322089058770  0.42405717109609226
  0.43473034924085152  0.44561322774852852  0.45517572500838666  0.46494324855200203
  0.47479699411677995  0.48530628564292383  0.49610394825992787  0.50707115157952054
  0.51839098537603157  0.52965516751761654  0.54072146509932562  0.55170948280573073
  0.56269639728216370  0.57386460526341265  0.58518619337461986  0.59668727037416491
  0.60816260664035937  0.61950996360145738  0.63097641740633081  0.64257537723462366
  0.65429468890058196  0.66595871361395886  0.67753881619828438  0.68890714396742614
  0.69995820227082362  0.71109443777665915  0.72252482621300074  0.73387405869127487
  0.74455453611181732  0.75477409411334362  0.76497013356086396  0.77591054399808279
  0.78738582250537714  0.79900717031517221  0.81048752035403537  0.82208932483496322
  0.83376553813568177  0.84533802183827988  0.85658718003006018  0.86750993596719728
  0.87854180529765447  0.88970062867570143  0.90111803899617260  0.91261971525841024
  0.92446540430975954  0.93646831600649361  0.94764062031507623  0.95750715160529243
  0.96686791433076535  0.97759640788031688  0.98565869565412423  1.00000000000000000
 -0.00229213531265602  0.00857986888872792  0.01899565022655636  0.02936091095838192
  0.04004747674669460  0.05041238184363398  0.06092037850684199  0.07172068740111273
  0.08262690805587980  0.09335381410000196  0.10448551803094693  0.11390865718943603
  0.12250180784674092  0.13115392916799648  0.14058474852449213  0.15085285872505377
  0.16077244272240429  0.17063666147566992  0.18024640238832468  0.19050266079599487
  0.20133359285015592  0.21168756049767057  0.22169749312975884  0.23152023272366340
  0.24193403577493419  0.25273855650251176  0.26429020945714854  0.27548386666321895
  0.28645019329644322  0.29719930284065776  0.30803178291234140  0.31912186452456615
  0.33010896956779112  0.34149597060527337  0.35244024810628105  0.36374858193197807
  0.37479630060589508  0.38534597017420702  0.39583656113696697  0.40476060755642845
  0.41423699722906521  0.42354096495914345  0.43362030217049446  0.44418052643623168
  0.45454952141012872  0.46496882367466508  0.47556993066674813  0.48644977061432948
  0.49733088927516739  0.50857958068983145  0.51919905818718604  0.52968639897772762
  0.54001805308151085  0.55064973883859647  0.56181487538504127  0.57292277311834428
  0.58382603123959731  0.59462214611875253  0.60531292016976801  0.61612610387707689
  0.62687379095182560  0.63764648159671400  0.64826267249660174  0.65875717907859344
  0.66918119070111481  0.67975416631799102  0.69076134646886811  0.70155308831990182
  0.71179802093643796  0.72194806500023478  0.73218725705029342  0.74286451648016794
  0.75361191984830844  0.76425913225732212  0.77500616150809021  0.78532560189432232
  0.79557026527193531  0.80590491259937447  0.81655017946946473  0.82742071337270295
  0.83790402466128566  0.84816535822035755  0.85857633764296104  0.86908767599850245
  0.88048358635493928  0.89183510319498083  0.90307346259658960  0.91365347907167160
  0.92410699047853351  0.93450211747924461  0.94544688214002937  0.95635404943402447
  0.96692439094185112  0.97795177162937441  0.98867896516639542  1.00000000000000000
 -0.00217839710514383  0.00886024257223910  0.01809541397403879  0.02827062112455745
  0.03852170180833928  0.04944374337712015  0.05991430042267755  0.06941533294143094
  0.07907635262795508  0.08896437963797200  0.09935718396403460  0.11014311587135202
  0.12083876456035658  0.13179945255230513  0.14240988223375642  0.15312316647914945
  0.16351501796656179  0.17418336467313886  0.18453496351497389  0.19470228425769570
  0.20492625077040311  0.21539589100528506  0.22588511690601720  0.23629499428607231
  0.24694379749301223  0.25791965243566323  0.26916588951524262  0.28044254323998619
  0.29137845913839983  0.30213952112008235  0.31278340689827444  0.32369590693740985
  0.33450982075717905  0.34526856403187700  0.35583726767779811  0.36628616230275968
  0.37667507562422486  0.38713693606808741  0.39792731699483358  0.40894801959275473
  0.41991901039234236  0.43079198486329795  0.44163398917604257  0.45249630675612507
  0.46334088714807270  0.47431120193390353  0.48500596832732146  0.49480709758673480
  0.50417893601739383  0.51350903330844766  0.52391601715861191  0.53498053508997057
  0.54603709587718030  0.55694803477595045  0.56779751863455874  0.57817964063093641
  0.58808694426564967  0.59765590749760078  0.60761588880068906  0.61804968310055652
  0.62877582370542606  0.63962727362756611  0.65052354445268890  0.66145835148079579
  0.67250204075995867  0.68355581092419404  0.69465881509810856  0.70564549654840825
  0.71629047107944221  0.72692503303903189  0.73767761463999848  0.74878333451441981
  0.76009833223790235  0.77143760949586304  0.78260649868423615  0.79370891116970133
  0.80370469510053744  0.81364094320697689  0.82335742296268233  0.83365334160595261
  0.84448712986385122  0.85541803166310437  0.86665698249028578  0.87779033627048497
  0.88804173213901327  0.89790414380912009  0.90783837916698606  0.91828266443497042
  0.92906194015677657  0.93981832431548218  0.95049047671984599  0.96124127785173896
  0.97172264451244639  0.98133977886272672  0.99088185860142963  1.00000000000000000
   1.2374948279870009E-011  -1.0000000000000000     
 F F F F F F F F F F F F F F F F F F F F F F F F F F F F F F F F F F F F F F F F F F F F F F F F F F F F F F F F F F F F F F F F F F F F F F F F F F F F F F F F F F F F F F F F F F F F F F F F F F F F F F F F F F F F F F F F F F F F F F F F F F F F F F F F
  <DiscreteSampler_grid>
  grouped_processes
  1 # 1 for a reference and 2 for a running grid.
  10 # Attribute 'min_bin_probing_points' of the grid.
  1 # Attribute 'grid_mode' of the grid. 1=='default',2=='initialization'
  0.0000000000000000 # Attribute 'small_contrib_threshold' of the grid.
  0.5000000000000000 # Attribute 'damping_power' of the grid.
 # binID   n_entries weight   weight_sqr   abs_weight
    10   10   4.469630058679007E+001   5.794864899642931E+003   4.469630058679007E+001
    16   10   4.469630058679007E+001   5.794864899642928E+003   4.469630058679007E+001
    22   10   4.469630058679007E+001   5.794864899642928E+003   4.469630058679007E+001
    28   10   4.469630058679007E+001   5.794864899642931E+003   4.469630058679007E+001
  </DiscreteSampler_grid>
