  0.00940193477802867  0.01531495059620743  0.02486029991615185  0.03540944898503764
  0.04602408464028055  0.05664024608782229  0.06726359213549531  0.07769575017008719
  0.08798489039425243  0.09810831508495897  0.10888556023012207  0.12065683271796955
  0.13224461202944671  0.14342678590895283  0.15436735957636263  0.16503837383140141
  0.17534762564968326  0.18560924394315909  0.19597272980171990  0.20662240181199806
  0.21745822068432855  0.22843289116550713  0.23899584860815085  0.24945751346020179
  0.25945301713991670  0.26951844616041470  0.27982560856347283  0.28996501306225908
  0.29979399020197539  0.30956230792773859  0.31967698256134192  0.33030468663292267
  0.34030862165129866  0.34952183641882545  0.35914335068836678  0.36910210435377278
  0.37986408889804096  0.39095568310186257  0.40265956394560032  0.41484416814635494
  0.42693132176525711  0.43832914372098875  0.44907433333588653  0.45975664018159085
  0.47054118648838378  0.48095858666398816  0.49123410267251993  0.50178091862008811
  0.51271922934508485  0.52380784556272675  0.53479802076215788  0.54586951002455142
  0.55714534007448746  0.56851937497126437  0.57992713551117547  0.59034646805616742
  0.60041980643278858  0.61082759972394185  0.62092045085596503  0.63143652869716005
  0.64207351608757623  0.65317007483624157  0.66421207401215754  0.67503789998279140
  0.68567465662619531  0.69587232489916895  0.70589854058488677  0.71572259298387964
  0.72558135111273392  0.73536192392094968  0.74504040170163266  0.75508737018111449
  0.76499089318915026  0.77465714746079539  0.78432592296421844  0.79407960265555044
  0.80408290450733622  0.81400503373611777  0.82383779072161889  0.83410130462524812
  0.84509932392647058  0.85526132687938439  0.86513440612394099  0.87443556109029241
  0.88360675785071774  0.89311063288311454  0.90299331581415032  0.91303536226381665
  0.92354753982420612  0.93428950167955305  0.94452576399343180  0.95489511170563812
  0.96588759843804495  0.97741141687536559  0.98867029457369660  1.00000000000000000
  0.00927633841967052  0.01568494876871043  0.02612484466364735  0.03824989816700805
  0.04950847553647318  0.06005874828734516  0.07033957170896903  0.08031489551924467
  0.09025117044243132  0.10050866647715824  0.11029881603626811  0.11969327837162728
  0.12895892257375055  0.13806679400082317  0.14754840957101123  0.15739852892848410
  0.16743111904948066  0.17867128291556181  0.19010563630122640  0.20115295211040002
  0.21222293365100611  0.22278322328996658  0.23258625597238514  0.24191262912755121
  0.25112383695620261  0.26019670615505719  0.26937525422119357  0.27880575081911568
  0.28811342087731368  0.29735927733286743  0.30665885979016483  0.31640671703716572
  0.32653794416886850  0.33672874849136969  0.34691731497422690  0.35733178638621699
  0.36779453677194268  0.37885908459251894  0.39038612510309101  0.40138378100354288
  0.41225149824895291  0.42351052291360675  0.43473080510012879  0.44526018129192191
  0.45528425189107830  0.46571712348982153  0.47665288535289879  0.48759157001704811
  0.49833914749206371  0.50833414476048444  0.51776330950305494  0.52715146452917117
  0.53644853426916861  0.54578702058180417  0.55522969061659466  0.56512444180894406
  0.57647069789718397  0.58784805551749686  0.59895685756026451  0.60983931750502551
  0.62056999650841227  0.63154181200493420  0.64285134894903451  0.65456861212849149
  0.66645535148691715  0.67793398515499237  0.68915106365437551  0.70045417659838849
  0.71149671605167908  0.72213631994706429  0.73266949708023954  0.74269432615709985
  0.75281278312266409  0.76340222879310127  0.77397983837045692  0.78466080462860355
  0.79515382294635506  0.80550060963132364  0.81628318987425241  0.82616185634357076
  0.83605453213150638  0.84590340925237262  0.85610922514354892  0.86667092034772764
  0.87750090957742366  0.88834902337823218  0.89866574222963269  0.90902720523534197
  0.92003969413875386  0.93197061513711055  0.94314867673759517  0.95407807326570826
  0.96529684295084817  0.97668687049780323  0.98830923282785488  1.00000000000000000
  0.05588588269291856  0.05785996387437872  0.06006074622874698  0.06237365887113406
  0.06496351712185150  0.06891725604062379  0.07273803234557290  0.07647007413317113
  0.08027198897500397  0.08412983138067724  0.08810514871742774  0.09211605782271622
  0.09616280457714765  0.10050361531466868  0.10488406301428727  0.10930896847488818
  0.11386613322790545  0.11848944725003484  0.12321088924186294  0.12802178795632776
  0.13304502311132244  0.13865370132724891  0.14396169855883750  0.14774163184784919
  0.14885312479557489  0.15007455557957503  0.15129296168763631  0.15270284457376523
  0.15494226082992124  0.15742327122912897  0.15982208213747673  0.16221700865500574
  0.16460086427736989  0.16698770987728082  0.16939363322450587  0.17179779930374814
  0.17421646247906666  0.17663475325101127  0.17907561614750728  0.18154555065925806
  0.18404540713015280  0.18658256062800202  0.18913761827553888  0.19171934776379146
  0.19433184178265955  0.19699640667743831  0.19967264968451526  0.20234740894662978
  0.20503051501367278  0.20774710486850143  0.21050457202642173  0.21332990091385351
  0.21621515656868467  0.21911170333639124  0.22203794235001109  0.22501901567441596
  0.22805346224565923  0.23113327529939290  0.23423813865029300  0.23738528459428029
  0.24058352978098102  0.24385299719799788  0.24716726684011089  0.25051756439134792
  0.25390245335865647  0.25735663853967322  0.26089968611122571  0.26450849431141399
  0.26815983649307940  0.27189584089461710  0.27572054997399620  0.27962035364600812
  0.28362622181859082  0.28778255619726339  0.29208409409809072  0.29655564915171212
  0.30112728311067144  0.30586180626940263  0.31077003003085768  0.31587476264132786
  0.32121731885745552  0.32687920567374440  0.33291787095307729  0.33937583293917339
  0.34632811289335103  0.35398694890873794  0.36237829278873324  0.37171327826659706
  0.38221824740126259  0.39447575505049309  0.40974553755735488  0.42870413421103198
  0.45552998068760797  0.49871071615438195  0.58478056044763038  1.00000000000000000
 -0.00299678739697325  0.01179310199923535  0.02424902304864968  0.03674831762493342
  0.04907014471178035  0.06163922824201595  0.07264021237437497  0.08415178356130798
  0.09516325853910478  0.10579846956492583  0.11583656781326518  0.12571206162174678
  0.13722134652307322  0.14837416079683940  0.15953699310493516  0.17043913040365746
  0.18135610863089033  0.19143268004774844  0.20085283421278535  0.21038410050645590
  0.22073254979832313  0.23064289850141145  0.24011244749508609  0.24946091013923175
  0.25920836899487448  0.26920993918022806  0.27919239392653150  0.28933794447162364
  0.29970508370094051  0.31020332446756521  0.32089521059892151  0.33175505754244622
  0.34262829362874703  0.35335339142436151  0.36363911637244278  0.37426123674546469
  0.38410954141775078  0.39452406378603277  0.40513225464059505  0.41572742194347345
  0.42607237732085035  0.43625686966776345  0.44693865190198812  0.45763026325669076
  0.46717214599326357  0.47661653854867231  0.48628773154764232  0.49612968100142185
  0.50550791537977313  0.51469607132378925  0.52491436952071668  0.53512916097196295
  0.54499221850101998  0.55456665059037469  0.56445934551146071  0.57537222140704580
  0.58625126911178860  0.59690339830946793  0.60723974894501664  0.61707909612257750
  0.62678611269010698  0.63617646925976434  0.64553984772567585  0.65489980217560517
  0.66426474253261680  0.67417376363300374  0.68441509915998133  0.69528350855495435
  0.70669112215745034  0.71697311105259498  0.72766409461312798  0.73771376564818480
  0.74765817619052155  0.75741842439107487  0.76676179285530921  0.77592859304262873
  0.78489427274158341  0.79431647297255592  0.80465020721932656  0.81467498301525143
  0.82426630386971178  0.83422070176651919  0.84461308248613443  0.85493248778309849
  0.86515955205382111  0.87579715797645796  0.88771967812717356  0.89940210098026585
  0.91078605734483165  0.92216624484205256  0.93384524954725534  0.94629625767397796
  0.95948954327807279  0.97265594354766149  0.98649331305312360  1.00000000000000000
 -0.00262638175592154  0.00940597690589526  0.02012786263149383  0.03083611030573390
  0.04152174385693345  0.05223998784873031  0.06280691413939046  0.07263308000045211
  0.08185782471421746  0.09082151962607102  0.09996289233153396  0.10973550911356902
  0.11956970091146736  0.12916618343889463  0.13998643541925640  0.15086665465070925
  0.16188808916000486  0.17258962851664122  0.18335125866234328  0.19409518107721754
  0.20489210592364948  0.21591666233742754  0.22760706389701194  0.23817781884611844
  0.24823934483419419  0.25835824700814819  0.26881990143526824  0.27865663203807706
  0.28826399908367056  0.29781815812569373  0.30756699667248877  0.31698322440820453
  0.32599571245387471  0.33526166766753862  0.34524183519989748  0.35535571865419974
  0.36538641570415953  0.37556053490643926  0.38608520083535314  0.39664754557704940
  0.40717775014368229  0.41780658754808486  0.42844773250005863  0.43929006999451475
  0.45016531641561663  0.46096519202963221  0.47125277068245425  0.48134598975292286
  0.49171099738718888  0.50186021025700089  0.51176938935806171  0.52186826900319760
  0.53234200873100557  0.54293738332779595  0.55351348803381062  0.56457423243563309
  0.57606550316350713  0.58739958890062138  0.59825127382504262  0.60942719129865397
  0.62081959404476117  0.63204385116325013  0.64320000812491729  0.65521028057038377
  0.66761730153702947  0.67953901732186395  0.69079776955871663  0.70220889068938819
  0.71253637423935767  0.72227241631931016  0.73131885694790721  0.74015382736338442
  0.74932496118365199  0.75874890236039993  0.76803188300285352  0.77789575372710562
  0.78869866017920820  0.80027629038967341  0.81226428608906487  0.82379318308963390
  0.83554657914296204  0.84736151902900836  0.85958553050693909  0.87097550818298453
  0.88234733439967172  0.89329643012190607  0.90434638230279085  0.91541828082767440
  0.92556799798337130  0.93533949582116993  0.94560326537686501  0.95617946752071670
  0.96680453993772042  0.97693972043879063  0.98812548936252242  1.00000000000000000
 -0.00235368573921779  0.01118715772780389  0.02271397842434434  0.03527061529342619
  0.04733582419369572  0.05947643644767711  0.07203497323422282  0.08539025724312113
  0.09832831036575647  0.11042200030832697  0.12184765796888485  0.13322717588044014
  0.14483062322626214  0.15659759342623686  0.16860804378281777  0.18015820652337633
  0.19108269288108903  0.20114781666524861  0.21111754142224706  0.22114848572709692
  0.23091004799756584  0.24016184953553632  0.24950364036298933  0.25999132495144572
  0.27080590373718039  0.28112851358055241  0.29134701447352607  0.30220198734052739
  0.31311906511083115  0.32259427296805643  0.33203111958686721  0.34113846901338424
  0.35036788894698800  0.35971332245863935  0.36868135060186136  0.37801243947765256
  0.38740514663137282  0.39698372336332616  0.40637563091422785  0.41602508017622064
  0.42563944683782667  0.43524474595041396  0.44470898436942535  0.45411053897652570
  0.46336046355915872  0.47179958976671105  0.48029824388888492  0.48897851930860620
  0.49783663798326366  0.50666282152533348  0.51547540712184303  0.52477259447619340
  0.53472989448843411  0.54451879888321519  0.55373014670595688  0.56354123516879151
  0.57387974699101107  0.58386418691186004  0.59388856439004556  0.60403953015641443
  0.61510219462496507  0.62584688535178434  0.63561117639847675  0.64479107846274086
  0.65383052388087237  0.66314523067728093  0.67267233880414268  0.68210545442038839
  0.69199484287149016  0.70240681976235197  0.71275894028526376  0.72336328215507228
  0.73437665902818472  0.74601897023613672  0.75733168877521928  0.76864841569376319
  0.77868476907271111  0.78899045868924278  0.79914478743770823  0.80994306120420401
  0.82042113631751201  0.83038723916076362  0.84109362072640370  0.85199274657262236
  0.86423865094119223  0.87610389506771136  0.88741975324944877  0.89881853731872097
  0.91019429217176795  0.92160044947653197  0.93256637658472208  0.94470546965238633
  0.95751409086139638  0.97084176766921459  0.98527877323588420  1.00000000000000000
 -0.00254341033395125  0.00976751609020163  0.02013672774511575  0.03118145315963127
  0.04226953994342998  0.05314460045868609  0.06416139847717034  0.07553101264475882
  0.08744891317553315  0.09973752094176760  0.11146415752597895  0.12251463314648529
  0.13294436330713491  0.14324762421304388  0.15371014179555789  0.16408854087323169
  0.17378407835649501  0.18315795507982888  0.19257761629615416  0.20227827947524482
  0.21204775118772265  0.22197540125943102  0.23206456644142151  0.24204228359173682
  0.25201787104414808  0.26256090315184638  0.27324050791511223  0.28389991449800239
  0.29460094996128117  0.30591785605562777  0.31692731037235095  0.32714146545808553
  0.33708721450424162  0.34651715396738852  0.35582253829329841  0.36509928552929849
  0.37462588743024772  0.38478974105973079  0.39508681326790818  0.40592887221490787
  0.41756318369938883  0.42870057338083239  0.43998315908538993  0.45112630590541114
  0.46286774470723324  0.47469951562317003  0.48645839295441767  0.49803656155908271
  0.50891148685373266  0.51984600612382470  0.53095175315879783  0.54177713123123561
  0.55227181753653076  0.56229213448775128  0.57270296363940443  0.58346501657655214
  0.59457808132943779  0.60591053250864635  0.61718352130056209  0.62812160224078273
  0.63883784038420377  0.64962211443620921  0.66044152938125467  0.67107901581846863
  0.68148516866481357  0.69168568695234955  0.70183013854189058  0.71200301127170673
  0.72231152494129625  0.73187738088326748  0.74090723093384270  0.75031819556924151
  0.76034314798658575  0.77017726050672830  0.77933902691728596  0.78859086863706451
  0.79853444616830638  0.80910927338113814  0.81906472027222887  0.82881134207740126
  0.83841037426278664  0.84846577381725041  0.85893784207569202  0.86911778604564671
  0.87906400588989864  0.88899756136398878  0.89919834917377950  0.90991348760784785
  0.92036380830692410  0.93124164432501910  0.94203511782587990  0.95310467716058345
  0.96483211472650054  0.97714758939688784  0.98869168165931642  1.00000000000000000
 -0.00283700689279808  0.01073556652518645  0.02225141292057766  0.03386619692508650
  0.04526919321797235  0.05655069036740361  0.06795372549778009  0.07936893712939380
  0.09037721353791106  0.10057529878599106  0.11018014796439911  0.11962925887950027
  0.12940035602934488  0.13949680682645008  0.14975093189216318  0.16018695587424309
  0.17141260216009008  0.18338956241692372  0.19515400131646299  0.20682231893792033
  0.21809222173453985  0.22873828284991884  0.23879248595936939  0.24860236016927389
  0.25879862186026703  0.26934470789637832  0.28026753070794652  0.29129211871938587
  0.30165782736934943  0.31155343290558846  0.32137184940312902  0.33167575476520300
  0.34268673241265957  0.35381095508518923  0.36426558545268428  0.37462318846570219
  0.38483287940128569  0.39520097179711150  0.40558015944199949  0.41526455321396993
  0.42659376015292816  0.43772789544703439  0.44890916158818084  0.46045261479420169
  0.47110089619335316  0.48161215853333433  0.49146194517315206  0.50100619804861657
  0.51032945172506217  0.51972957717241197  0.52992215166120116  0.54054833529186308
  0.55130243451406558  0.56174905121566032  0.57154173320564294  0.58149433468293377
  0.59194435397255207  0.60256682616234547  0.61288403672393166  0.62336294474451825
  0.63468269407977107  0.64591032474512722  0.65643051664082774  0.66689531908481203
  0.67765751388544915  0.68855444099778995  0.69879682806753074  0.70843247124141440
  0.71796673977162817  0.72744431487309102  0.73745219221997649  0.74786669402095818
  0.75860406213456022  0.76938483570830307  0.78044630829900230  0.79161802182365759
  0.80210918757543925  0.81290814246457022  0.82376966349354164  0.83483946234640960
  0.84569088472931542  0.85635854411574197  0.86619949258074280  0.87610289257854579
  0.88575263938954107  0.89572596392061354  0.90544472974079526  0.91544643484384602
  0.92675061334156250  0.93844316862977906  0.94842989968774771  0.95904915729999130
  0.96983711006086548  0.98032907713763628  0.99010293025583174  1.00000000000000000
   2.1527594156040442E-008  -1.0000000000000000     
 F F F F F F F F F F F F F F F F F F F F F F F F F F F F F F F F F F F F F F F F F F F F F F F F F F F F F F F F F F F F F F F F F F F F F F F F F F F F F F F F F F F F F F F F F F F F F F F F F F F F F F F F F F F F F F F F F F F F F F F F F F F F F F F F
  <DiscreteSampler_grid>
  grouped_processes
  1 # 1 for a reference and 2 for a running grid.
  10 # Attribute 'min_bin_probing_points' of the grid.
  1 # Attribute 'grid_mode' of the grid. 1=='default',2=='initialization'
  0.0000000000000000 # Attribute 'small_contrib_threshold' of the grid.
  0.5000000000000000 # Attribute 'damping_power' of the grid.
 # binID   n_entries weight   weight_sqr   abs_weight
    10   10   6.580655516380526E+004   1.224507171323191E+010   6.580655516380526E+004
    16   10   6.580655516380526E+004   1.224507171323191E+010   6.580655516380526E+004
  </DiscreteSampler_grid>
