  0.00001811854722840  0.00004813472110006  0.00007188541293658  0.00008952091124699
  0.00010657980987633  0.00012532886379451  0.00014785345337019  0.00017575539073886
  0.00020935017976309  0.00024933033963964  0.00030070350565855  0.00036375129663666
  0.00043938093605988  0.00051858593233968  0.00061581789613802  0.00073849566588257
  0.00087337547958115  0.00103095172998971  0.00124895356978078  0.00152433765235330
  0.00182737109178727  0.00217482921401732  0.00260466158642009  0.00317695954817399
  0.00396094664581607  0.00501508330109215  0.00640482906528659  0.00840268647344309
  0.01154008727980444  0.01649412100675515  0.02378966597876666  0.03361379954385671
  0.04606463698215717  0.06133627243203306  0.07822997099108334  0.09628980520707431
  0.11487257692192489  0.13380910164081655  0.15314805165327827  0.17271495999578074
  0.19210787919437020  0.21130026157931187  0.23046946393860376  0.24962704249399884
  0.26874407553371993  0.28781116314186383  0.30678892705842242  0.32570850432642506
  0.34460734864706460  0.36351384515044333  0.38243692120309764  0.40161747597917197
  0.42097519495705998  0.44023856705850284  0.45932781298219166  0.47832212150601039
  0.49731827174945492  0.51623768791455849  0.53508573716180174  0.55397619489397265
  0.57296384507722364  0.59192220058913736  0.61071741365063992  0.62930332276867140
  0.64795641368090962  0.66681039565337119  0.68541769925102958  0.70393684793555100
  0.72244560967969151  0.74101706907502940  0.75972583065871968  0.77831920776020969
  0.79669510671965460  0.81493150012607396  0.83306221168127581  0.85106358769433532
  0.86854393162414956  0.88564034657540502  0.90247480629406507  0.91874140532105031
  0.93418501098052520  0.94839815461001031  0.96088109524230392  0.97112462987658310
  0.97905630076821537  0.98504634480701470  0.98949465507650514  0.99262629152587478
  0.99475271127747633  0.99625814361250198  0.99738945343019558  0.99823868865338461
  0.99887011604733322  0.99933540974210722  0.99969384480969048  1.00000000000000000
  0.00027876959876687  0.00032572425173195  0.00035585645436590  0.00039515574775219
  0.00044645469097913  0.00055857265762629  0.00093741331757818  0.00146325903358776
  0.00188812547608983  0.00235444347720245  0.00292819302627397  0.00359887586711956
  0.00432713972675137  0.00516730922993897  0.00615435119707886  0.00723479840204383
  0.00838149217202220  0.00970467255323388  0.01133209879292344  0.01332081125371198
  0.01564452987482612  0.01828061612160861  0.02129426575766024  0.02481762232728693
  0.02895894786178637  0.03364785349077516  0.03882235346294671  0.04435820656357045
  0.04986565261295785  0.05454587980834243  0.05798807838726874  0.06037635313240500
  0.06201647150009295  0.06316021439218418  0.06399162079323648  0.06461578937611986
  0.06510458224682616  0.06550335609751412  0.06583753967939021  0.06612004056336380
  0.06636294303489279  0.06657804706233431  0.06677306455679007  0.06695295345400439
  0.06712094351898618  0.06727854494105001  0.06742710552560303  0.06756968171999862
  0.06770954360922427  0.06784780308730730  0.06798505387797679  0.06812250045046664
  0.06826127135699614  0.06840540011542848  0.06855490053753249  0.06871166261596118
  0.06887865612357323  0.06905992057227490  0.06925913663984783  0.06947865296667130
  0.06972420705907009  0.07000409548012819  0.07033091455083361  0.07072034612363588
  0.07119242278875361  0.07177964235286800  0.07253832487671447  0.07354921084845222
  0.07492719179351269  0.07689702482786445  0.07982636309420373  0.08427266808024676
  0.09092826610070991  0.10091158930834973  0.11517959407934240  0.13480428747265594
  0.15898655775300041  0.18871295761400972  0.22634994189232238  0.28735770310957259
  0.37156071573118149  0.47941338553070229  0.55690001059534866  0.59479824843444296
  0.61851857407259170  0.63890450771351082  0.65600962804951801  0.67337985828565006
  0.69656886546921448  0.72132184111932229  0.74693979969800417  0.77388157674223645
  0.80358979536852826  0.84642840213144011  0.88971734281517412  1.00000000000000000
  0.00044455918908734  0.00091594151806786  0.00119253376999760  0.00142673528949395
  0.00167498637951486  0.00195051944082335  0.00225223051961184  0.00258241386080508
  0.00294317462282654  0.00333564659329385  0.00376158534073104  0.00422010147951116
  0.00470945034210967  0.00521868678777482  0.00573024907034227  0.00623821566516892
  0.00675081305194576  0.00727738935062037  0.00781686392849475  0.00836329000255364
  0.00891732777407919  0.00948769480563148  0.01007950389747547  0.01070011072591463
  0.01135455174688400  0.01203097005146457  0.01273164436097478  0.01345225459243214
  0.01416849968262887  0.01489479193478829  0.01566474798402812  0.01651405313959145
  0.01743701475458100  0.01839876049213200  0.01939189270865837  0.02041883572441945
  0.02149177519242283  0.02263525705003452  0.02385365986712694  0.02514548965244676
  0.02648995533250333  0.02786401906279541  0.02927512889899093  0.03073698539843948
  0.03228088871944394  0.03393237204575970  0.03569150057526451  0.03752065173996269
  0.03938107187607386  0.04129696784187620  0.04335644998470043  0.04556169114678638
  0.04783746879393445  0.05016082070058952  0.05262357952425711  0.05529251830736530
  0.05809435216086853  0.06092538424057285  0.06381018947417570  0.06682568051386767
  0.07011713017321479  0.07359177910300825  0.07701205951810443  0.08043504741041299
  0.08403586088789110  0.08805565127729367  0.09247111673279357  0.09713865441568263
  0.10198763177065807  0.10716671184288656  0.11278232149180330  0.11885698382436376
  0.12520976714341339  0.13170117126744790  0.13833340572229436  0.14530664694760848
  0.15256995296419973  0.16072179993710006  0.16961196672390527  0.17923060585493539
  0.18959286109749326  0.20092963969619987  0.21336456966168968  0.22661481368600039
  0.24078281370259869  0.25568908476143287  0.27204673426645881  0.28968010194561344
  0.30856540216290335  0.32858892487776453  0.35073439276091817  0.37637017501200781
  0.40703629808531888  0.44532493469469869  0.52960889762011998  1.00000000000000000
 -0.00208781997409642  0.00834917402570262  0.01837063353657316  0.02863279967333427
  0.03904063432033843  0.04976390968607668  0.05956706344440801  0.06930969312334063
  0.07843397487446613  0.08762923167855236  0.09623469411140205  0.10493457153712313
  0.11363904895489155  0.12293930290230942  0.13231506086494607  0.14201518349755782
  0.15184998845672598  0.16122824764706342  0.17060793140465491  0.18010240523719478
  0.18985795394564475  0.19955578737061425  0.20891204610617045  0.21846483116220450
  0.22828849657750871  0.23783059176999286  0.24695093890879885  0.25587209878365541
  0.26489314337373482  0.27480295663963417  0.28485682297918780  0.29527001070180792
  0.30546195494708966  0.31528417505358775  0.32529247198600691  0.33559574788904123
  0.34639355468725508  0.35717067079567133  0.36793479720001498  0.37864733980660620
  0.38954761262505300  0.40028162797672950  0.41071219324233688  0.42129564701617395
  0.43228320938220843  0.44349072774972548  0.45439799298750400  0.46510287948586798
  0.47567604524067947  0.48626301207424050  0.49690042038851318  0.50756596284301880
  0.51843119405999627  0.52971275582084287  0.54100515568111462  0.55217189191281146
  0.56330824307341976  0.57460915931321999  0.58607891709885129  0.59744873912438967
  0.60875608556884331  0.62024028130350228  0.63165331918541623  0.64286927592988730
  0.65408939758969709  0.66556408659172062  0.67738156414471651  0.68877553647137246
  0.70006224283178409  0.71106694409383564  0.72189373051874828  0.73271385415249091
  0.74341337836651722  0.75406883946851466  0.76487756171136323  0.77594655883053609
  0.78731668011853462  0.79848895652153995  0.80950637921005431  0.82035205840228032
  0.83151248008481504  0.84263675463293752  0.85395123691008035  0.86511510492606392
  0.87603755219952073  0.88683379807493201  0.89780389677895900  0.90902437405530867
  0.92021440131484900  0.93096898936256867  0.94151049951085120  0.95255911353751821
  0.96400044928271000  0.97596654720809384  0.98806307292232143  1.00000000000000000
 -0.00217691569500385  0.00878447676097747  0.01865271747054331  0.02959165042380816
  0.03996874898417056  0.05058351037283111  0.06046205489714051  0.07011903520599838
  0.07949645343725535  0.08964960386964146  0.10004442875211961  0.11108459135267627
  0.12223415965880556  0.13314016147694116  0.14406789213682883  0.15499537691090368
  0.16599580251079898  0.17691931003989417  0.18781403023356205  0.19856687807429044
  0.20936351725519600  0.22018274112911804  0.23114038000484272  0.24190066766236429
  0.25244205197855135  0.26323344453303082  0.27376690586344543  0.28436113788570122
  0.29480884960030346  0.30560711284052022  0.31576547361727614  0.32611861108520990
  0.33642606592645313  0.34676675277563795  0.35739152775417787  0.36790600931390421
  0.37820835683325904  0.38806184717027015  0.39822004655621196  0.40887137784440947
  0.41870061443656331  0.42833511101825961  0.43781907348911836  0.44765832694826257
  0.45863420559111734  0.46933279591150534  0.48024748995434974  0.49068395260726783
  0.50054197409853851  0.51045627003727534  0.52060086368558856  0.53119753120371505
  0.54201370979258034  0.55288621389003945  0.56379279113260883  0.57450274973616966
  0.58481956689653514  0.59505775679207551  0.60551725597239170  0.61641535657109869
  0.62740657101700392  0.63833715710432681  0.64899548001722229  0.65956731056375717
  0.67013002870068694  0.68063583221196589  0.69124225171562614  0.70155685671180823
  0.71162025104148763  0.72153165624835569  0.73154225710498866  0.74201335184362227
  0.75259723760261332  0.76311006656081071  0.77370293758223385  0.78458011170222075
  0.79566997873995493  0.80647692157070394  0.81698552632610111  0.82757091459485232
  0.83811932993095617  0.84901310035150990  0.85959453433627164  0.87029761599368594
  0.88109959992695941  0.89203216938356578  0.90279792700069272  0.91380204529826781
  0.92460188614033734  0.93550557468059503  0.94635665226545718  0.95731867605416232
  0.96807690624637244  0.97891605312186991  0.98961763995235419  1.00000000000000000
 -0.00160858235382098  0.00685229227645796  0.01509753661960095  0.02484545400227412
  0.03490694263587889  0.04493556061338135  0.05511725936640593  0.06525732012590441
  0.07514462509932171  0.08474180996703604  0.09425972674895218  0.10400862066465263
  0.11375605947606317  0.12338530640779091  0.13262233082444466  0.14200006346746127
  0.15162865771243628  0.16126743862588636  0.17091439439758987  0.18022479129624563
  0.18963550905949109  0.19922034656511522  0.20871637058532483  0.21825204030413162
  0.22764908975076509  0.23712820424687911  0.24662119848259006  0.25643353797726964
  0.26653420803112476  0.27704415049594028  0.28751040619041973  0.29796314875035440
  0.30844348726886417  0.31911484486179298  0.32996816553514791  0.34076444818760110
  0.35156771455608421  0.36227298630519522  0.37306389368074433  0.38392213352955246
  0.39487308548235572  0.40583049876779903  0.41676420201319464  0.42775238421929757
  0.43880192260118034  0.44982527025181240  0.46061829856553343  0.47143250331010017
  0.48252499346144917  0.49388765259522094  0.50514997858509791  0.51631248468263569
  0.52736697843673042  0.53859817514939756  0.54990533757939120  0.56128674045102844
  0.57264726905746566  0.58399600606953328  0.59540513822594332  0.60706549667064380
  0.61885282146189047  0.63051379731751966  0.64162088497626690  0.65240143175921150
  0.66306324959857832  0.67403363213535350  0.68513233336260149  0.69636365194049410
  0.70774286463520564  0.71934667232570715  0.73092479078787997  0.74239652512114884
  0.75334958712388744  0.76409172035869821  0.77496241012850564  0.78604858778015974
  0.79749682100508823  0.80882217514508115  0.82012954289801632  0.83140542938080064
  0.84243542077288247  0.85328909201139558  0.86411056285075238  0.87510332730144258
  0.88616029409130781  0.89708170159992706  0.90809565025427519  0.91907496817695267
  0.92968223287553586  0.93959255570360944  0.94944969397417878  0.95981748970219161
  0.97035891749516034  0.98073765420133152  0.99066732112763145  1.00000000000000000
 -0.00225306126379668  0.00892064216948916  0.01942002573074398  0.03069215125833013
  0.04117041545116860  0.05165876986577689  0.06242221395336636  0.07286780854492871
  0.08298312475865906  0.09140681169056321  0.10055258186600066  0.10980679394596474
  0.11987424312399822  0.13079474263226437  0.14167342371105798  0.15240805950384947
  0.16309159367595491  0.17385423692151214  0.18443129047000684  0.19514063425218006
  0.20589218144351457  0.21668620824615895  0.22707849996172033  0.23734822914491599
  0.24768824406334980  0.25846127975240696  0.26931875143107264  0.28019957227520825
  0.29081738862996931  0.30113534291279398  0.31164835131245222  0.32245847074779543
  0.33336189827284729  0.34424863096065661  0.35504283262371383  0.36588346988479387
  0.37679049001481030  0.38764029812868461  0.39858613317246988  0.40954789813235359
  0.42045677125412262  0.43138033416539229  0.44241140483624047  0.45348809704812376
  0.46437670017412830  0.47516334653978004  0.48595269234763860  0.49686554653682508
  0.50779467799752320  0.51887389019729213  0.52989207870709132  0.54069539600628858
  0.55136799465428654  0.56157721961361540  0.57187034987970253  0.58201299666888417
  0.59293267322835996  0.60390347840280478  0.61455309834606775  0.62426403271941777
  0.63364283876253569  0.64258189746325978  0.65193438287463934  0.66229867015633936
  0.67280566570288880  0.68368914789206081  0.69443551092026101  0.70500898961299641
  0.71543374480612054  0.72598640719606455  0.73635559696905917  0.74689189230898567
  0.75680319182554290  0.76716171558300017  0.77726825610708583  0.78750608767972985
  0.79757178275323393  0.80778781742291539  0.81808791356109800  0.82872784243925224
  0.83973288402679547  0.85071909331385653  0.86167969701736069  0.87260733626243780
  0.88353586095241143  0.89443932564685980  0.90497479277015780  0.91563798622645975
  0.92642662057589953  0.93761045391720166  0.94830551039175248  0.95888803469879746
  0.96931184650291291  0.97952437824539162  0.99000540267300496  1.00000000000000000
 -0.00238766741983197  0.00936600166666461  0.01965807122922847  0.03117345024598961
  0.04011042971198291  0.04953483343952153  0.05868343264400715  0.06851277970580520
  0.07942459745409243  0.09016837844847368  0.10085615267088159  0.11147157978135143
  0.12196407657633337  0.13221519125124082  0.14243165078315198  0.15279833119429337
  0.16336411680326945  0.17390379381542218  0.18439322270378034  0.19488638333311964
  0.20552952126887641  0.21603980643060566  0.22667429220191182  0.23744590080080225
  0.24847748659388111  0.25947636932096690  0.27041255416170235  0.28121454355681441
  0.29208791218716212  0.30276848005655510  0.31338806996503688  0.32383830602352354
  0.33403225101267314  0.34420616641731783  0.35442148487791253  0.36502526803830693
  0.37494732523012103  0.38481050551291396  0.39470279564000016  0.40541112735998752
  0.41647322648956908  0.42673812656353211  0.43719524916008273  0.44748253904930263
  0.45848683826675768  0.46975038318193285  0.48054214243733756  0.49099381095997624
  0.50128193648804820  0.51193940233341650  0.52277527982403960  0.53344085677375130
  0.54410050196465209  0.55485314682141451  0.56561559757045743  0.57641744274201345
  0.58712568445795843  0.59785757116204730  0.60848109117565574  0.61887719418981213
  0.62892980362811846  0.63916986528674691  0.64934094429317302  0.65958904919057015
  0.66953109537828570  0.67957340988793180  0.68996528692297443  0.70042116242759322
  0.71074026415764158  0.72103854033553894  0.73156111382180522  0.74265189850924795
  0.75343690025681542  0.76443454011431422  0.77533658970593022  0.78628121960762842
  0.79705288680158326  0.80795179125924832  0.81856696458631473  0.82870364600177060
  0.83872093973446715  0.84927533106835085  0.86048756458865538  0.87173824746786299
  0.88270624367603001  0.89367407651314223  0.90450867892567133  0.91551812196227400
  0.92648348726874052  0.93763475205030844  0.94892054178024587  0.95997860894408116
  0.97014413716755787  0.97983681662748445  0.98969651685575899  1.00000000000000000
   1.2123271360963373E-011  -1.0000000000000000     
 F F F F F F F F F F F F F F F F F F F F F F F F F F F F F F F F F F F F F F F F F F F F F F F F F F F F F F F F F F F F F F F F F F F F F F F F F F F F F F F F F F F F F F F F F F F F F F F F F F F F F F F F F F F F F F F F F F F F F F F F F F F F F F F F
  <DiscreteSampler_grid>
  grouped_processes
  1 # 1 for a reference and 2 for a running grid.
  10 # Attribute 'min_bin_probing_points' of the grid.
  1 # Attribute 'grid_mode' of the grid. 1=='default',2=='initialization'
  0.0000000000000000 # Attribute 'small_contrib_threshold' of the grid.
  0.5000000000000000 # Attribute 'damping_power' of the grid.
 # binID   n_entries weight   weight_sqr   abs_weight
    10   10   2.341051401330579E+000   3.426741321159651E+001   2.341051401330579E+000
    16   10   2.341051401330579E+000   3.426741321159651E+001   2.341051401330579E+000
    22   10   2.341051401330579E+000   3.426741321159649E+001   2.341051401330579E+000
    28   10   2.341051401330579E+000   3.426741321159649E+001   2.341051401330579E+000
  </DiscreteSampler_grid>
