  0.00002213613476457  0.00005144527008951  0.00006886454248045  0.00008029301158561
  0.00008904931571467  0.00010018523124983  0.00011454383566538  0.00013300687394448
  0.00015573223907927  0.00018262996670869  0.00021572573243900  0.00025723727978534
  0.00031416377348644  0.00038713018500454  0.00046841747572683  0.00054586687904209
  0.00063759175581358  0.00074777433831405  0.00087246050339143  0.00103526514122876
  0.00126607187116772  0.00157296895137026  0.00189307088564529  0.00225502923761546
  0.00271397623922294  0.00329217071377720  0.00410216030111242  0.00527176880256356
  0.00682667236246855  0.00905129451680684  0.01230143299909525  0.01749991245681647
  0.02537913805632942  0.03687015838199254  0.05089892921806544  0.06737693207314503
  0.08552622984585916  0.10451565821827054  0.12374809711210143  0.14332010303061093
  0.16308824299903057  0.18286284843444178  0.20263810950759500  0.22243016200688565
  0.24226195533434586  0.26211568845878236  0.28183435170595705  0.30140921766769463
  0.32104659391291196  0.34078184572766618  0.36056023389230402  0.38036401893616228
  0.40016497387862171  0.41994364286789376  0.43969787253130072  0.45946560173981488
  0.47921533071712136  0.49884829609652442  0.51827547736707591  0.53772618658683358
  0.55737458969232023  0.57695746447074558  0.59638341813168272  0.61568848264617904
  0.63511081172190587  0.65446215785420614  0.67345463127121474  0.69251661777205265
  0.71199563768475904  0.73122914844355458  0.75034107229280322  0.76930926604418548
  0.78800909278468090  0.80638183946143394  0.82478117661375816  0.84309782568600478
  0.86125218478319532  0.87937483889960433  0.89700188516413182  0.91398080728704190
  0.92993236293298243  0.94458824095296645  0.95784030213178351  0.96931970727645234
  0.97850597882591206  0.98513295547906088  0.98964781551422132  0.99279572161715457
  0.99502332966063789  0.99657621661723594  0.99768584126182425  0.99849663829646340
  0.99905210068565553  0.99943888694533889  0.99974096538772395  1.00000000000000000
  0.00002218742346668  0.00005173354079668  0.00007184893863623  0.00008964535551936
  0.00010741748507045  0.00012683133571646  0.00015111117990891  0.00018267829144602
  0.00022303988541471  0.00027578121963549  0.00034485114200485  0.00043537981474118
  0.00054438743741091  0.00067361720612960  0.00082253003685972  0.00098475960957582
  0.00118533166293864  0.00146110739390381  0.00178211795922057  0.00218091270715875
  0.00268794726716992  0.00335957259050777  0.00426692717218438  0.00534191660860804
  0.00674342381117375  0.00865786586990126  0.01177635073470512  0.01703544452230011
  0.02537724610577675  0.03709765680623983  0.05211953787779632  0.06954303427913708
  0.08817088971205694  0.10714252101138934  0.12630919665940196  0.14587861210369429
  0.16574176183635966  0.18572252285842220  0.20570722091119309  0.22565348334131563
  0.24556849893505189  0.26549069893492544  0.28547021502367709  0.30553742614349189
  0.32560533260802155  0.34551594497651567  0.36539909957666455  0.38522091729601599
  0.40500146413934507  0.42483835477607612  0.44470566112171128  0.46448576201834824
  0.48428228865553669  0.50406197238146200  0.52383875662139434  0.54363131748817239
  0.56342744897514374  0.58320322634069666  0.60293960216465003  0.62261944460907237
  0.64220001670488824  0.66172613741012054  0.68134175571680977  0.70091840229529001
  0.72028283717477071  0.73953816963816854  0.75879589400414593  0.77788886645170052
  0.79685598860077300  0.81586716674934634  0.83476284568766257  0.85342053639207849
  0.87186175470924943  0.88974103961071827  0.90725643913690823  0.92356859697064486
  0.93878824644140968  0.95245090637503971  0.96437840456109414  0.97416815651856214
  0.98178718970109502  0.98739298304866385  0.99129975601479281  0.99390584237450719
  0.99570056866895873  0.99697157636056200  0.99784712685623878  0.99854111685951241
  0.99907864385855549  0.99933098749716520  0.99949023382609603  0.99961738402383615
  0.99972769213538415  0.99981989505063396  0.99991048362293566  1.00000000000000000
  0.00107847006419532  0.00159086653078641  0.00186338345741054  0.00209896485192783
  0.00234144509307373  0.00259271131662807  0.00285117845535198  0.00315367607033503
  0.00347336687324944  0.00382232375495978  0.00421324769834218  0.00465248358848140
  0.00514285297020143  0.00567572904192677  0.00623557963335649  0.00680809377155445
  0.00738678214195557  0.00797676941629298  0.00857954079342798  0.00919547680117915
  0.00981970865219258  0.01047126259331956  0.01111865259114628  0.01177600868505450
  0.01246380460213901  0.01317799559066665  0.01394190056807998  0.01476360135851467
  0.01561539409410575  0.01649089181774221  0.01740192844704553  0.01834242216964463
  0.01927645437600219  0.02023278995531254  0.02123246234503856  0.02229370451904008
  0.02345347130611040  0.02468037032201175  0.02596493574621428  0.02730713773383710
  0.02870280865732332  0.03015605200400532  0.03167684677271891  0.03328024798550328
  0.03496999882763240  0.03674290656176524  0.03856563281389832  0.04043908102210318
  0.04236026003025043  0.04434259453016968  0.04636769602990481  0.04839397024345644
  0.05034714196357593  0.05244668635282233  0.05449524692049427  0.05675711535382228
  0.05933964321652224  0.06196622671824516  0.06497108814666190  0.06795903225710839
  0.07110240539401289  0.07448136608206121  0.07818645734284034  0.08210191822373741
  0.08622054792645990  0.09037219636054272  0.09458223507056206  0.09900783352176375
  0.10379090371083786  0.10901840110391288  0.11447484488593254  0.12007201827195163
  0.12638008670436388  0.13325638777907559  0.14015734323716725  0.14742445304050714
  0.15513083416629458  0.16367571417039306  0.17322326088554935  0.18311318276279775
  0.19321791239376163  0.20354052040397141  0.21490402052647853  0.22722303897887539
  0.24065047552630578  0.25540030690601040  0.27086669370523653  0.28788123579973884
  0.30589877681624816  0.32574561304713284  0.34739803619588355  0.37282220533362753
  0.40318276141993792  0.44250396209742632  0.53138419287982286  1.00000000000000000
 -0.00190396289564258  0.00794422389129771  0.01838583388240635  0.02848344013094906
  0.03892310022275620  0.04952801621214554  0.05964361391064727  0.06900909153820090
  0.07846986933769159  0.08727743987229072  0.09554759941434907  0.10421745454403819
  0.11320383932463046  0.12288855515581160  0.13279287615166241  0.14248726484592555
  0.15226449891421753  0.16218166201351331  0.17215867815890235  0.18205283397767835
  0.19153441221199116  0.20103825068492157  0.21048982339037381  0.22057157875933470
  0.23051587622693409  0.24006585966642935  0.24862122592378375  0.25618251623403759
  0.26386805828472260  0.27223897603386210  0.28128591092999072  0.29090175031944959
  0.30074293285784048  0.31102763764821501  0.32171080223529047  0.33241633643673463
  0.34294127431683702  0.35339510439266164  0.36383139656778074  0.37452910997633654
  0.38542213637613421  0.39637812003254524  0.40735982964951045  0.41851409955771063
  0.42949020124506287  0.44000840946258646  0.45054110526640689  0.46115847782244995
  0.47205905305820006  0.48352379194434419  0.49516023523814146  0.50676585065370205
  0.51827217184125063  0.52968871307099985  0.54106204740252206  0.55251020315978128
  0.56404513877724072  0.57546980654758684  0.58671323762058902  0.59799743269209849
  0.60941442310888616  0.62087393380505129  0.63224340163633586  0.64316188595868906
  0.65410578341083780  0.66504636212271051  0.67607072613320263  0.68736345311998248
  0.69848724054380074  0.70981189809779954  0.72118120674714337  0.73256310535516844
  0.74398045153963976  0.75548499441589168  0.76710125488444114  0.77860914359891265
  0.78999096693902582  0.80143895039716884  0.81308240198194315  0.82470512446478283
  0.83617425640412646  0.84727334345780048  0.85781408950368176  0.86814406024334623
  0.87853546751547718  0.88943341671273635  0.90070543653214208  0.91206502932394495
  0.92334708994123793  0.93471554489764297  0.94621609204608115  0.95732080642814499
  0.96762556686495893  0.97801348945907240  0.98836511104387925  1.00000000000000000
 -0.00138845870064694  0.00674059108458180  0.01557638408573070  0.02463741853441885
  0.03508523875890792  0.04559109751031894  0.05603868235469010  0.06645420221266694
  0.07660272800425555  0.08702710868104534  0.09751962736320310  0.10827146089372369
  0.11926534029133715  0.13013863976515555  0.14083640622424060  0.15168671617046281
  0.16262215557601339  0.17383463429493839  0.18477548961709458  0.19538053579944165
  0.20586013053031743  0.21655427526635898  0.22746231302930345  0.23840517610313883
  0.24922590412513007  0.26003216324760087  0.27103117065257437  0.28110184740751060
  0.29068800718368937  0.30035791902358500  0.31000332614025655  0.32096317895296511
  0.33206581029709475  0.34304563920086834  0.35368836437134898  0.36413000106460774
  0.37443533560789705  0.38496178756759958  0.39581331480629817  0.40679941245799872
  0.41759986963868195  0.42837883725474052  0.43925380221469834  0.45005808087428417
  0.46068192304148275  0.47110240860068497  0.48176562432230557  0.49257545985919116
  0.50360297246646590  0.51380396633221603  0.52299110359977330  0.53261911962876074
  0.54301785675262682  0.55391900943350225  0.56495624653371290  0.57605731329898580
  0.58711466564930348  0.59815857760816260  0.60898618597592236  0.61978234786514719
  0.63052859610653955  0.64110484178875349  0.65184065204337160  0.66274933620704202
  0.67381082533522585  0.68489858118491254  0.69586352102288374  0.70668322116048798
  0.71725330551712074  0.72786324420359916  0.73883488619594240  0.74961544382239287
  0.75899351238378709  0.76809385967101951  0.77766882687560046  0.78831256307837627
  0.79931271601682052  0.81017512049879081  0.82082783348944555  0.83122061580010820
  0.84126049668541580  0.85148886011796343  0.86202341947844119  0.87314126822640581
  0.88426567995375560  0.89495683354956523  0.90570202778514730  0.91651290910897942
  0.92723041302915599  0.93772836855989516  0.94775926997357596  0.95756384592440447
  0.96802490232597216  0.97871148197800739  0.98936971403423368  1.00000000000000000
 -0.00224883793366066  0.00918130809309632  0.01889113395557230  0.02917000642692723
  0.03930846856004883  0.04937639194394471  0.05911561679667865  0.06833218482239319
  0.07812919110523298  0.08791147087225908  0.09787753484088409  0.10780645702292745
  0.11797671646077196  0.12782422410674446  0.13765953412611728  0.14749399477601041
  0.15736317884046466  0.16690295814872685  0.17613799433940983  0.18507541543976469
  0.19410671878058233  0.20358045771200520  0.21322111478543881  0.22285493819188246
  0.23244646343818548  0.24215946226039961  0.25221595318019652  0.26258512119344757
  0.27311479281490725  0.28352178210498058  0.29367468030354438  0.30374786476326698
  0.31399834828240436  0.32464505114731157  0.33518356569542485  0.34551478062943525
  0.35576178482840215  0.36616945600842810  0.37667964571340173  0.38713690102216641
  0.39769007800899969  0.40865673514782502  0.42001208406173512  0.43135093000515434
  0.44259800561113632  0.45384378967772893  0.46510700437765201  0.47636912434727385
  0.48753715408240367  0.49853806529787315  0.50933545057266072  0.52007967964616553
  0.53105664627496751  0.54231567092089794  0.55371532016595459  0.56517128454847587
  0.57659801367832486  0.58792279215315113  0.59915884109854389  0.61039111299906545
  0.62183710825001892  0.63347849392397571  0.64520613282611394  0.65693067867362132
  0.66848026464598298  0.68000417346325936  0.69161226907444384  0.70329732523598865
  0.71496974318592899  0.72652926756046854  0.73776417723836984  0.74861162583266905
  0.75931572747799470  0.77023417956189955  0.78150538232452216  0.79256759273876665
  0.80322287930572134  0.81384398815936787  0.82467226491529511  0.83588527382871525
  0.84702878806314752  0.85823053740628497  0.86938687097790290  0.88027030679156637
  0.89108363499760312  0.90128066338590085  0.91099532387344417  0.92045402034663948
  0.92900229050293703  0.93794847579801222  0.94702814257154477  0.95624678217730996
  0.96594387753009470  0.97632250598533399  0.98660040061681520  1.00000000000000000
 -0.00243899281202237  0.00943670099198358  0.02034992468985514  0.03128880100621113
  0.04214441736360366  0.05309527579980084  0.06440899339578164  0.07479340032283704
  0.08514346424800177  0.09519479502338481  0.10561832148574088  0.11653522788308930
  0.12770397118944604  0.13910167109485178  0.14966624428275685  0.15952871089994985
  0.16923633552110767  0.17893911620291103  0.18906705279496686  0.19924214826326156
  0.20934191640405225  0.22045299938829122  0.23156944324486642  0.24235957851768758
  0.25329169121458184  0.26430926258166476  0.27464742902789580  0.28447239691025150
  0.29337316692089110  0.30331148726759360  0.31376471267448158  0.32498331946854553
  0.33644058486811396  0.34732455516624661  0.35835214678141680  0.36943098326754509
  0.38070510300958937  0.39164355299743037  0.40225254417194828  0.41253680709000096
  0.42292741050322114  0.43336851451982578  0.44397891822212404  0.45438454740696826
  0.46474274265883792  0.47498769445086630  0.48526108272048590  0.49562895515273253
  0.50634814357773528  0.51725218970917031  0.52797274875633449  0.53862938961744278
  0.54947750072040014  0.56045822383664157  0.57141523888725032  0.58224779702790885
  0.59303570079220402  0.60378526038828950  0.61457071871685320  0.62544140985476782
  0.63629047787992954  0.64727105338464741  0.65814206626554661  0.66816599210464722
  0.67750657586016672  0.68644448778980593  0.69523622937303164  0.70547184790965911
  0.71612540490460419  0.72652640720732520  0.73684676073945721  0.74723050075747888
  0.75799240046921879  0.76833268592474968  0.77793485959225628  0.78775690518085340
  0.79746528263821181  0.80863000878610336  0.81980650863101279  0.83041556883844481
  0.84049282059396990  0.85072320736330009  0.86107457164180601  0.87171535381513532
  0.88222390990936750  0.89218133211800643  0.90284733123117511  0.91338499919688487
  0.92426574185868837  0.93492217421362644  0.94591688343247571  0.95655200947501517
  0.96754019565029026  0.97804741034140330  0.98909660270377442  1.00000000000000000
 -0.00163982377717842  0.00727986719260807  0.01676122572888106  0.02656017688811642
  0.03720316963909038  0.04763495819373000  0.05788728013126642  0.06835930891107866
  0.07882749806228430  0.08960612074881415  0.10057797771548015  0.11163555801121042
  0.12282340992856448  0.13386350701293978  0.14411334765390182  0.15362816083389108
  0.16321174202145836  0.17341774062405552  0.18398976712474668  0.19446200343596448
  0.20476761874945182  0.21493572935457378  0.22497526641312340  0.23492412856775916
  0.24496918257529848  0.25499928108048742  0.26475649105961740  0.27361669607481698
  0.28212129909928135  0.29092505456433704  0.30110266882491304  0.31232405059096918
  0.32343663029669906  0.33449157921624606  0.34551619452029553  0.35632648219312157
  0.36692747818973681  0.37750827834473522  0.38791822261393394  0.39785964522309064
  0.40781011715009163  0.41769614029534136  0.42743584293980269  0.43774324102465739
  0.44866319495532586  0.45963566039236997  0.47076849637689061  0.48208268423491374
  0.49292784665754785  0.50340045973913183  0.51364259628360553  0.52412833057271990
  0.53488055971157078  0.54555798024768254  0.55625152040842663  0.56689909362508506
  0.57752083030465295  0.58809878457267650  0.59883206357103191  0.60984939470080846
  0.62086833770198790  0.63179308208667806  0.64250558885202214  0.65315103094194438
  0.66400745400785155  0.67508099620260820  0.68604462472758343  0.69666989236435917
  0.70696473673870752  0.71731773897984208  0.72789797845654836  0.73868691092739036
  0.74947323626641815  0.76009357215922324  0.77079266759604281  0.78163572083427280
  0.79259468602339245  0.80363836593484617  0.81476907489851302  0.82601516409570286
  0.83717220910957368  0.84819732366622469  0.85915589995010033  0.87014972563200776
  0.88100337805417439  0.89132118249389924  0.90169782681148236  0.91208377003926955
  0.92302440577277656  0.93375919135886298  0.94464809256484572  0.95595412980062777
  0.96719282266539586  0.97853787120648017  0.98931126222086863  1.00000000000000000
   1.2209470873006654E-011  -1.0000000000000000     
 F F F F F F F F F F F F F F F F F F F F F F F F F F F F F F F F F F F F F F F F F F F F F F F F F F F F F F F F F F F F F F F F F F F F F F F F F F F F F F F F F F F F F F F F F F F F F F F F F F F F F F F F F F F F F F F F F F F F F F F F F F F F F F F F
  <DiscreteSampler_grid>
  grouped_processes
  1 # 1 for a reference and 2 for a running grid.
  10 # Attribute 'min_bin_probing_points' of the grid.
  1 # Attribute 'grid_mode' of the grid. 1=='default',2=='initialization'
  0.0000000000000000 # Attribute 'small_contrib_threshold' of the grid.
  0.5000000000000000 # Attribute 'damping_power' of the grid.
 # binID   n_entries weight   weight_sqr   abs_weight
    10   10   2.836137640379861E+001   2.068729555836150E+003   2.836137640379861E+001
    16   10   2.836137640379861E+001   2.068729555836149E+003   2.836137640379861E+001
    22   10   2.836137640379861E+001   2.068729555836150E+003   2.836137640379861E+001
    28   10   2.836137640379862E+001   2.068729555836152E+003   2.836137640379862E+001
  </DiscreteSampler_grid>
