  0.00002316402244376  0.00005286685785891  0.00006969018569938  0.00008309731381650
  0.00009753376358080  0.00011312478278709  0.00013079751288645  0.00015191367599955
  0.00017775977210635  0.00020947530157539  0.00024859089049461  0.00029618547559127
  0.00035500389371721  0.00043103660433065  0.00052728024703062  0.00063836820602489
  0.00077376478532848  0.00094129022942681  0.00114537095466071  0.00139930001366413
  0.00171336037794444  0.00209887616139542  0.00255666138055533  0.00311226628471666
  0.00383259470865468  0.00475566664007853  0.00598715234636673  0.00764410329876717
  0.01007243309260208  0.01363559003871922  0.01918046770916636  0.02813656838727782
  0.04056618994670196  0.05568757285663187  0.07261077540638253  0.09055361300256057
  0.10913845733960449  0.12801430849343667  0.14694531460916591  0.16600034693901411
  0.18521965618579653  0.20454119776847990  0.22396723769641080  0.24332790288773778
  0.26260488655058722  0.28189146178179408  0.30105332263548851  0.32013353591314248
  0.33934071661255794  0.35860196218826507  0.37780429247456748  0.39695576284439243
  0.41606960720082764  0.43520973368577182  0.45433501566067880  0.47336090474211817
  0.49235345572420264  0.51141501409023638  0.53047958035739728  0.54939598405563617
  0.56801125609253722  0.58664142223661975  0.60529129988834163  0.62423267856316911
  0.64321064305304343  0.66212596812188618  0.68105093522110138  0.69994529747742407
  0.71872649568688773  0.73739917714105063  0.75603462185684334  0.77458425501749761
  0.79299315928192793  0.81128821893685232  0.82952661694220631  0.84758951037648711
  0.86541460423971728  0.88299152686833593  0.90011877699384302  0.91660781624189780
  0.93234508032831376  0.94687730158816308  0.95961136454111751  0.96996606757949355
  0.97799513035338737  0.98404671242449537  0.98860321673254570  0.99189623692580697
  0.99422464821457701  0.99588243928198295  0.99712672844418215  0.99807700968337354
  0.99877583492785482  0.99927584887864584  0.99966295334538813  1.00000000000000000
  0.00001542176870451  0.00004894056667552  0.00006873428175138  0.00008153505938453
  0.00009891378100925  0.00011932432761806  0.00014337011749496  0.00017278648963619
  0.00020992911498267  0.00025803802653616  0.00032063668104680  0.00039831937075437
  0.00049057882215591  0.00060455949600413  0.00074344804001429  0.00090331530479474
  0.00112524665283797  0.00143333022834119  0.00179360729920518  0.00224845077379326
  0.00281528124998878  0.00355681621394194  0.00457644005943864  0.00603265631909111
  0.00812892677237573  0.01118588176882111  0.01585104610835462  0.02294257440093767
  0.03355789254785499  0.04831615324023406  0.06580803220523523  0.08453714070369070
  0.10405689177211973  0.12420687478686927  0.14474158876088192  0.16536624974879427
  0.18601437539616175  0.20675367261743874  0.22748729428334791  0.24802046862046284
  0.26847455660818492  0.28896431977316317  0.30953629746758027  0.33018602542110531
  0.35067385281459013  0.37101712301101869  0.39153050036937170  0.41219417866684166
  0.43265158339103466  0.45294775996778835  0.47332025042220932  0.49373002654933451
  0.51408971602815623  0.53457764265325214  0.55506096521851589  0.57539370884374330
  0.59566330827958158  0.61601954334402931  0.63630996524617700  0.65650664082113230
  0.67672030535855543  0.69685649805105787  0.71687572331247762  0.73684592443468755
  0.75688553155612759  0.77657779595073639  0.79551179685199702  0.81443975241643563
  0.83371895023356501  0.85292281072508147  0.87190537808096602  0.89051806137282297
  0.90853217708300626  0.92572795427559407  0.94174961941227853  0.95597792889770594
  0.96777877935637324  0.97720944128255793  0.98436525856443469  0.98936973804345341
  0.99257594647435443  0.99483696516715769  0.99645896708948567  0.99760426372765476
  0.99838962181536905  0.99896459205360844  0.99930048591297072  0.99946732507806280
  0.99958557080272381  0.99967046020939487  0.99973632974741500  0.99978634510643338
  0.99983651038214882  0.99988462418304769  0.99992121449672844  1.00000000000000000
  0.00181075202867341  0.00218151423433160  0.00236457642721975  0.00261520120845465
  0.00287738047707077  0.00314562568464655  0.00343625367236499  0.00376886595079963
  0.00413316998229538  0.00453555383746518  0.00499483670276804  0.00551266550106856
  0.00606603303812134  0.00662765029944272  0.00719154830641092  0.00776759811067679
  0.00835559873989536  0.00895713610287375  0.00957705188114173  0.01021462145628986
  0.01086204354966173  0.01152747529542619  0.01221588519842003  0.01292766846675740
  0.01367759262463002  0.01446415307134799  0.01528365908228038  0.01614396348048613
  0.01703370957157702  0.01791989175358216  0.01879430566295807  0.01969277762090684
  0.02064364459124455  0.02168739000560287  0.02278660167731921  0.02390924779544358
  0.02506789718375018  0.02629270455719587  0.02758891672063126  0.02896700862696774
  0.03041959540501494  0.03195369756323426  0.03357005027063983  0.03524562662068199
  0.03694939829689767  0.03871409014425654  0.04053693512388706  0.04242567922957578
  0.04440183681852871  0.04646129284734274  0.04865574412355844  0.05092911088264058
  0.05327112317167366  0.05574579407633185  0.05826885019816264  0.06098276478147876
  0.06363597881456234  0.06646907700522645  0.06936566321666537  0.07257434359421053
  0.07591801056196316  0.07928274277082212  0.08289122882315582  0.08659238014421476
  0.09044934011656393  0.09455828665324710  0.09887076172357906  0.10345994946838442
  0.10834889567515986  0.11368308615516931  0.11956877083213478  0.12586334432047011
  0.13235968033728290  0.13847587160099883  0.14485891639068840  0.15177992745648178
  0.15974360106511432  0.16819400480777350  0.17763391449174568  0.18743893928562189
  0.19783894697167606  0.20870958875815041  0.22027097186336858  0.23305848779973498
  0.24665113039252909  0.26122731945093092  0.27668073003222504  0.29333613531886737
  0.31187146004463989  0.33243855785997467  0.35454943217825330  0.37951819713763785
  0.40792966987445711  0.44411916096718435  0.52762358354145655  1.00000000000000000
 -0.00270288488200844  0.01027162538691574  0.02013982269566579  0.03067164194196732
  0.04061005109829326  0.05095747110946646  0.06144814113250145  0.07154894275288211
  0.08135099037883699  0.09031100353759200  0.09962443127084958  0.10903917927348056
  0.11871672174802722  0.12841049506363605  0.13756101478636509  0.14666112876203716
  0.15590378142087646  0.16554204208549064  0.17544721693424081  0.18543387429672445
  0.19512871991313424  0.20412432110404161  0.21286177426453262  0.22176626065562152
  0.23160035147413671  0.24201780608629272  0.25237917045224001  0.26255648783839414
  0.27225476983504987  0.28166887547601926  0.29121854940271097  0.30137866481008047
  0.31161407195412016  0.32171429507358817  0.33150517244828409  0.34151657339450714
  0.35166212380254908  0.36181211744718544  0.37161938625735891  0.38138806310625017
  0.39113484485403627  0.40124552601494545  0.41175723384572094  0.42251756749241182
  0.43361134725653910  0.44469983374050048  0.45574715211238392  0.46682714398393083
  0.47773365894784287  0.48853044600048334  0.49919423331847840  0.51008127965316929
  0.52105885166864963  0.53227402970383808  0.54365901798853922  0.55521880562783854
  0.56680687795965257  0.57826312643348599  0.58967608439141350  0.60101459805971302
  0.61225124446543466  0.62352739238314481  0.63490158709020050  0.64636400114050008
  0.65776325972629279  0.66902597290423427  0.68022626311338730  0.69135012503668303
  0.70256621059086666  0.71406221581020846  0.72569405251343944  0.73719605268649613
  0.74865383363257909  0.76002770681328413  0.77102606659638628  0.78189257965901127
  0.79258598215442488  0.80334248426826604  0.81329050641194400  0.82301395824968726
  0.83306778990329955  0.84422170189496704  0.85603051197620816  0.86734584926661518
  0.87799242877374517  0.88833544409669529  0.89868829232434078  0.90991139387515152
  0.92067959200704719  0.93180114553125137  0.94328591045190435  0.95488217513021623
  0.96637312893686078  0.97744637580570592  0.98858263060421825  1.00000000000000000
 -0.00223714445205338  0.00891887964454507  0.01886941181622535  0.02926543731983690
  0.03996332580300094  0.05029601997339892  0.05995098076576667  0.07007235891223654
  0.08025251295526283  0.09082954132613660  0.10138127433879396  0.11198838298439424
  0.12232786778062850  0.13262297678171908  0.14287151895610523  0.15371996170954008
  0.16442250801969288  0.17474731201165192  0.18516155458942882  0.19532629553840908
  0.20594447459129592  0.21622633212844405  0.22679754636060495  0.23752063350442865
  0.24827159914260322  0.25907593196861300  0.26961884486750987  0.28041536593099281
  0.29150328079682564  0.30250725549195984  0.31322575353701682  0.32359708290968481
  0.33409461420971198  0.34472846287963327  0.35557189411697887  0.36619868446377113
  0.37645053174067272  0.38653287102503792  0.39668589501409790  0.40728747088757128
  0.41834407790698513  0.42931799319064134  0.44022453267979200  0.45109947272672890
  0.46179391527050040  0.47221519835525605  0.48238400626541633  0.49279524664652102
  0.50360369581281939  0.51446696740228581  0.52535618374712389  0.53628811881361205
  0.54723871953638537  0.55779294764958742  0.56833522222807475  0.57889683256887303
  0.58926856020652274  0.59966061677171667  0.61003600935380164  0.62076099712935029
  0.63151834427170872  0.64181099556529231  0.65155361813308044  0.66108328333059063
  0.67123443354252543  0.68174086469347528  0.69220631343331596  0.70275729156327948
  0.71335923435546500  0.72393608105345675  0.73447713520718783  0.74521635406794751
  0.75600393597074833  0.76672326399335056  0.77722363345959522  0.78751525550932377
  0.79774582161492136  0.80825093585065455  0.81880491513721998  0.82936562237523181
  0.83999576244775698  0.85043374598097088  0.86084147434223179  0.87100409753146657
  0.88146296212424446  0.89236910529164226  0.90355816900580654  0.91462565026667564
  0.92545194363371597  0.93559765704790288  0.94586728202070325  0.95623856797542506
  0.96721476770021342  0.97818038385467931  0.98892692385018677  1.00000000000000000
 -0.00234041225968092  0.00904763328316063  0.01989458188238263  0.03037715741384184
  0.04035661308810723  0.04963320263997440  0.05891591034758674  0.06850778915993103
  0.07886623365686024  0.08930611089896259  0.09919030012081906  0.10893782978035733
  0.11853231978389657  0.12792850232798936  0.13709363813404429  0.14613736070807004
  0.15529994533016553  0.16481691734126960  0.17392664985439685  0.18329649440991361
  0.19271846375231119  0.20179454332796784  0.21114171525117209  0.22052597352976164
  0.23049807349099119  0.24053088962389535  0.25036716656764418  0.26018878644404259
  0.27021544672649533  0.28058677196593385  0.29078273260998100  0.30045589231916064
  0.31004737026333051  0.31988553449865909  0.32987002957371564  0.33989729669597402
  0.34995424796642899  0.36049354210631912  0.37093449093492681  0.38084371301196251
  0.39100166103926315  0.40127858934190935  0.41202902559748655  0.42256204505217232
  0.43322815332027265  0.44431641118279236  0.45560104171940763  0.46680295567021451
  0.47795789521719373  0.48919622872347024  0.50038190438908836  0.51168441395871533
  0.52280073250796966  0.53372498699328241  0.54426793212084124  0.55501810242629224
  0.56589436748974709  0.57696752167612197  0.58802220378181613  0.59908349164549712
  0.61019346659115048  0.62143532051351624  0.63248502290289343  0.64345991193203544
  0.65459916216554770  0.66583313796949051  0.67726731554615760  0.68880595718378756
  0.70037630005502083  0.71196868120293444  0.72323755112051558  0.73411570632605672
  0.74487554980116366  0.75556122205516385  0.76628835468885814  0.77737773396584409
  0.78825060737557384  0.79891136754112535  0.80952451732884090  0.82056667706826869
  0.83171882674758613  0.84309718428611591  0.85427887632277333  0.86513416688087574
  0.87593397742293966  0.88642371469534476  0.89754820703299321  0.90874766034477950
  0.92013863362640258  0.93156396669614661  0.94287805341426600  0.95445443023256316
  0.96637705611422953  0.97812099818311260  0.98939981714863179  1.00000000000000000
 -0.00237221266632852  0.00940290108115356  0.01974557890664304  0.03012731402499473
  0.04057683319692471  0.05080608454894365  0.06120577514425955  0.07181266587811450
  0.08274672440478567  0.09389935398183270  0.10409047153171945  0.11415459371069027
  0.12390861019681521  0.13480730674873889  0.14582420337085789  0.15672587883288891
  0.16770103395615441  0.17856532138948530  0.18904257186624771  0.19933221161730724
  0.20913040447573650  0.21913558611845174  0.22924740192851972  0.23962929015958961
  0.24980043517137418  0.25988254348951645  0.26999671976538514  0.28041554693486920
  0.29047672302281230  0.30062125409519197  0.31097619825580120  0.32153089308328070
  0.33215753573327578  0.34268424476441861  0.35344468518184985  0.36442891007779388
  0.37516870733213020  0.38503025268384294  0.39457806707464144  0.40412475584778040
  0.41370818166193701  0.42385889988753805  0.43444155096388681  0.44505746162542509
  0.45547836162288796  0.46590882510868364  0.47647683439254673  0.48748232407889081
  0.49843536662039306  0.50894515098971738  0.51894982693361913  0.52881411436027292
  0.53895395262075452  0.54936032648085753  0.56002173096908869  0.57065396152782832
  0.58134316954164322  0.59219383850567309  0.60289400320016506  0.61344537877483596
  0.62400020959287095  0.63468484549234616  0.64560233936933509  0.65638464088104120
  0.66708087831656249  0.67768865424517133  0.68830027697722140  0.69903062650681513
  0.70958424096195327  0.71928609046841996  0.72872450356409624  0.73847656071695833
  0.74877799352865093  0.75930793437221700  0.76941588972980723  0.77974699741707032
  0.79033142179825999  0.80157080907993628  0.81263905591554553  0.82368030501172618
  0.83478029954357424  0.84593936224516497  0.85691819746187414  0.86793910613850311
  0.87909384902594878  0.89008235370128042  0.90120579940633017  0.91237283908890399
  0.92359304683568799  0.93466523395453360  0.94574146730528519  0.95640655749777059
  0.96710364705930973  0.97777381447633638  0.98906542054595370  1.00000000000000000
 -0.00217238875456810  0.00830631463728712  0.01820217098694092  0.02836945492008932
  0.03931291297876437  0.04950931480746192  0.05991454488481473  0.07018358003526345
  0.08114362410657520  0.09177921029551948  0.10232590557469314  0.11283729157728616
  0.12352283957994768  0.13435430611834570  0.14538658681711492  0.15645435166727439
  0.16736053202032961  0.17815058058934230  0.18903970145571944  0.20010434113557055
  0.21106749872639374  0.22174621612721704  0.23245362817426535  0.24295237101748726
  0.25299419354277003  0.26296974924207284  0.27335198887510287  0.28423702734927919
  0.29501140292301570  0.30569419270932835  0.31651855869545820  0.32739394697742197
  0.33812656451240963  0.34812317429741141  0.35803309342814937  0.36809771393534224
  0.37860764054785734  0.38904881586617729  0.39921211362885384  0.40959581020399677
  0.42049920085091996  0.43176765068406830  0.44301308425903252  0.45420290347156606
  0.46517393804844609  0.47596737822971735  0.48672503632431635  0.49758221454534168
  0.50843575433330190  0.51877413599145794  0.52907866039718088  0.53932366608410909
  0.54981064133961199  0.56031037954951302  0.57057824122690626  0.58082780426833991
  0.59107512028527676  0.60133971275889564  0.61161725687242285  0.62170629554270884
  0.63181119471011893  0.64226913898810856  0.65299096618923380  0.66380513575898259
  0.67462187841733490  0.68547176896498074  0.69638941634354123  0.70718207413209722
  0.71763501611267011  0.72778649143280505  0.73795944028656935  0.74847080569810887
  0.75929208425394790  0.77023463767856881  0.78123965660609274  0.79221395357109792
  0.80306586722785867  0.81349338094270984  0.82354531948895260  0.83341312725132966
  0.84340997253830119  0.85382249139729827  0.86452459450994124  0.87524022788062716
  0.88583712073861154  0.89627086326264072  0.90677718999124568  0.91761668457641044
  0.92838127439712714  0.93870408789713111  0.94864477220499366  0.95888919683017781
  0.96944386966641138  0.97979622905117203  0.99006370037099434  1.00000000000000000
   1.2226927421563412E-011  -1.0000000000000000     
 F F F F F F F F F F F F F F F F F F F F F F F F F F F F F F F F F F F F F F F F F F F F F F F F F F F F F F F F F F F F F F F F F F F F F F F F F F F F F F F F F F F F F F F F F F F F F F F F F F F F F F F F F F F F F F F F F F F F F F F F F F F F F F F F
  <DiscreteSampler_grid>
  grouped_processes
  1 # 1 for a reference and 2 for a running grid.
  10 # Attribute 'min_bin_probing_points' of the grid.
  1 # Attribute 'grid_mode' of the grid. 1=='default',2=='initialization'
  0.0000000000000000 # Attribute 'small_contrib_threshold' of the grid.
  0.5000000000000000 # Attribute 'damping_power' of the grid.
 # binID   n_entries weight   weight_sqr   abs_weight
    10   10   6.614378213328824E+001   1.245111171340789E+004   6.614378213328824E+001
    16   10   6.614378213328824E+001   1.245111171340789E+004   6.614378213328824E+001
    22   10   6.614378213328825E+001   1.245111171340789E+004   6.614378213328825E+001
    28   10   6.614378213328825E+001   1.245111171340789E+004   6.614378213328825E+001
  </DiscreteSampler_grid>
