  0.00001921962787283  0.00004962015588727  0.00006580466513118  0.00008065883163682
  0.00009545937267818  0.00011100941693345  0.00012840237032502  0.00014896244192946
  0.00017438189507540  0.00020895819076548  0.00025323810571492  0.00030877680068605
  0.00037374784189837  0.00045011012620187  0.00053916906273021  0.00064819117940013
  0.00079281976197516  0.00096249957323931  0.00116509158721567  0.00141239874097152
  0.00170711319496275  0.00206024576883830  0.00249056643045041  0.00302947770558724
  0.00376212830751298  0.00476256982070896  0.00614981031350753  0.00808349419858925
  0.01078831272195876  0.01477128236557878  0.02091694549352916  0.03034476559016127
  0.04304060463448396  0.05849582352583332  0.07614441684465059  0.09513777166580345
  0.11477968453184088  0.13469138307345285  0.15477181898596329  0.17494043758260902
  0.19516931572474550  0.21533334429209472  0.23549595444108359  0.25581989878588884
  0.27606424505916455  0.29611424201439995  0.31621108133690334  0.33630467836204109
  0.35628446642224160  0.37616979257772915  0.39636255363186185  0.41558878242461128
  0.43374189582320805  0.45227721793667319  0.47194264979641343  0.49224508239334208
  0.51230153040612447  0.53230884950243207  0.55199192775444361  0.57153149584639207
  0.59124638729261225  0.61110917177120261  0.63091349325798207  0.65054058714184260
  0.67010128683407255  0.68956766727314689  0.70901770104412276  0.72863070916214279
  0.74810410668312499  0.76740268080151519  0.78663781396641363  0.80590005251832664
  0.82502509685839209  0.84387482515944390  0.86241662595184709  0.88046773675909784
  0.89800471054896835  0.91508627299306966  0.93134807516302787  0.94653904924170984
  0.96000577613903371  0.97096954254703038  0.97921618693555390  0.98525775921386538
  0.98961431640644937  0.99291999320708357  0.99509389236500256  0.99643928485773670
  0.99749918567109974  0.99826644946699317  0.99883952603706971  0.99925238169271347
  0.99950592781211811  0.99968682847062607  0.99985252836182448  1.00000000000000000
  0.00001488086438421  0.00005031606749465  0.00007366266596201  0.00009131998011117
  0.00010850652484173  0.00012755053572209  0.00015001883323206  0.00017716448326558
  0.00021108837921401  0.00025570720435004  0.00031472135696302  0.00038717619221573
  0.00047681834303960  0.00058980218982098  0.00072433443590397  0.00088219846689267
  0.00106604809398079  0.00128536705604273  0.00154024725196372  0.00183959484734768
  0.00218809570164627  0.00261105878010953  0.00315985587184086  0.00388689956814078
  0.00490519967831103  0.00617595623431730  0.00797688136011572  0.01116320097576233
  0.01662377672779027  0.02493937859473843  0.03653389856228299  0.05169056627728823
  0.06958589762667038  0.08856287719900538  0.10842222356208420  0.12870966155671074
  0.14918697171745585  0.16960895727626801  0.19012707220522793  0.21086174932470150
  0.23142114836411712  0.25133233929369048  0.27112492715858277  0.29121975842867642
  0.31193455626185557  0.33276815544168437  0.35349314446033020  0.37407738515709477
  0.39462388638582863  0.41516580933565939  0.43574915813924792  0.45637403481351640
  0.47706015983825811  0.49776982309815238  0.51836475913358271  0.53886581905247810
  0.55933961748640515  0.57977376478151899  0.60013766029882132  0.62049314583286541
  0.64091559372919693  0.66139283631644441  0.68142972234235033  0.70106829754390776
  0.72087575271761606  0.74096410645380995  0.76083212651747201  0.78070679282934774
  0.80053750519092082  0.82023729275057700  0.83967719475347047  0.85873256191646852
  0.87737937813788680  0.89562712667679645  0.91339144371179171  0.93038780523187803
  0.94624144113359532  0.96021846704754354  0.97154153381748454  0.98002518632549929
  0.98606331839593675  0.99022958755920898  0.99294901713178307  0.99492233369416250
  0.99641570727773221  0.99758769671635816  0.99844008589283906  0.99897641442443441
  0.99931283977300267  0.99947482842584567  0.99958705679555093  0.99967915148137088
  0.99975736910618862  0.99983638853496093  0.99991707814967323  1.00000000000000000
  0.00135831964906989  0.00143495796609758  0.00150309621301460  0.00157964809752701
  0.00168589696673051  0.00179669658553418  0.00196364505591173  0.00224899006332028
  0.00253789488641480  0.00284074112631031  0.00315968428852066  0.00343343873947595
  0.00362783957115849  0.00386831365813848  0.00432414679152087  0.00481625954827581
  0.00536440516984808  0.00595061643927298  0.00655916741839808  0.00717779994724223
  0.00780383390333956  0.00844167242019562  0.00909479863792015  0.00976244447697567
  0.01044542974053701  0.01114877992631443  0.01187634646086703  0.01263972261588634
  0.01342541425907895  0.01424126379669402  0.01508449575550598  0.01597540702943487
  0.01689557498763920  0.01785043664055761  0.01882109409957009  0.01981505423111830
  0.02086144752502758  0.02197032476111484  0.02312854146991490  0.02434333863744568
  0.02562117093490832  0.02696943813618689  0.02836402785008332  0.02979121319692469
  0.03130740326998453  0.03296426008618668  0.03467482960806692  0.03626923187503515
  0.03782926928296142  0.03945871637041269  0.04108420400495715  0.04293718867749307
  0.04511050554547624  0.04742321034699074  0.04983024019834172  0.05239421541743722
  0.05509875966520216  0.05781519866295816  0.06057123849433817  0.06345849030897593
  0.06664081270148882  0.07010448150757644  0.07376398351352974  0.07754290610604050
  0.08139409386962856  0.08542430644456350  0.08951810003371859  0.09392544488585358
  0.09863572963981995  0.10372063663344647  0.10912401009560470  0.11470836272542370
  0.12060833648621516  0.12704344799825318  0.13394415969578410  0.14110133704855013
  0.14852967747350518  0.15661504186453915  0.16574533529335106  0.17597879890154997
  0.18672290880492437  0.19815958630193925  0.21074659858343564  0.22427378914599322
  0.23891024718095863  0.25366119507548035  0.26887130522834651  0.28589369058783992
  0.30597311937744870  0.32765358031722946  0.35229509380548774  0.38006410920118100
  0.41007798879444257  0.44248923423206032  0.56726309879888737  1.00000000000000000
 -0.00247652076567864  0.00955635858613299  0.01925677870430813  0.02935321988139125
  0.03901704029315044  0.04937773503231077  0.05983434622922025  0.06951305425968998
  0.07900459963784225  0.08787945858423633  0.09691897402385742  0.10637847210315113
  0.11636052392117108  0.12614035675936403  0.13598052508445377  0.14563591066108611
  0.15502936964004188  0.16393248077164937  0.17274471921284257  0.18165963109018368
  0.19125957297420035  0.20125662414096046  0.21120019041147159  0.22123944330285653
  0.23103171667057654  0.24094737450134734  0.25091058405899291  0.26132794862600944
  0.27141222295562667  0.28127194725958066  0.29093759620447801  0.30089127172667263
  0.31103732532684436  0.32118303341574012  0.33100474432574262  0.34089247294323710
  0.35096306542123185  0.36154017849542280  0.37221495568862678  0.38311904401670283
  0.39433255133645567  0.40566951686063857  0.41706225896445659  0.42848656058128187
  0.44008781061980035  0.45171107575002600  0.46318492931302546  0.47433762494216158
  0.48524615146571154  0.49622576875506147  0.50757543873558097  0.51863188366304058
  0.52945539139946940  0.54015696976128613  0.55151713529715851  0.56309859278723418
  0.57481565332019302  0.58665098866122400  0.59796848040202177  0.60811276468710806
  0.61794629640399179  0.62832894892728597  0.63960841581223449  0.65141386731089801
  0.66329316021376805  0.67525660643886865  0.68730937680955162  0.69845930212223140
  0.70889938241298689  0.71891821810446610  0.72919597841421413  0.74004494317271130
  0.75094447673972275  0.76186676034704337  0.77209191888529738  0.78234138761459271
  0.79258294034328336  0.80315344629978869  0.81406693326854374  0.82465523320128076
  0.83554052909170973  0.84647171301783641  0.85783222390845060  0.86939141893652461
  0.87963725027522610  0.88903170659939335  0.89866778162572380  0.90845706047825803
  0.91914507829832204  0.93043653463596776  0.94098796724152400  0.95212383799589528
  0.96342499616341937  0.97529394184939056  0.98725408390925362  1.00000000000000000
 -0.00236587492151136  0.00903104310998203  0.01952508375155667  0.03049637779156812
  0.04139893275294036  0.05183222513270719  0.06217465706958022  0.07256279887200288
  0.08341292766809467  0.09437219352557952  0.10541692330970948  0.11639411865051583
  0.12756283015758618  0.13878228602738946  0.14955212864370096  0.16016373819674226
  0.17050008548663848  0.18102583555280474  0.19189939263513628  0.20298454064336877
  0.21403809234317087  0.22473537346216957  0.23547601638138771  0.24629535820685941
  0.25626916185573245  0.26557627033112713  0.27525762109168211  0.28521310329731059
  0.29583812281589028  0.30664731360149816  0.31653789212590921  0.32627321351604510
  0.33648647110489815  0.34767079344619523  0.35758279057225861  0.36659695893811695
  0.37612259748859572  0.38582313930651968  0.39612214212465402  0.40700635445856098
  0.41793462884689264  0.42878674516830106  0.43989285292917812  0.45058152028853282
  0.46103585504297379  0.47160721585075671  0.48239393474489534  0.49372369556785867
  0.50494104078751179  0.51599145752377129  0.52679998589651578  0.53782038783991870
  0.54823656886960037  0.55822138015278033  0.56748490878043611  0.57719206191732297
  0.58720490881984222  0.59769812255256516  0.60840880131517838  0.61932367606475036
  0.62983599927437328  0.63999096602859862  0.65021605738820998  0.66075820277960418
  0.67167704798241790  0.68234130084664912  0.69271391964370610  0.70309231456517418
  0.71346208566180647  0.72363712462524343  0.73391077482482892  0.74453345841845453
  0.75556268039239771  0.76682840565196264  0.77769718922005893  0.78808475732434258
  0.79833858324328544  0.80868043359991948  0.81903955825696451  0.82946069584685456
  0.83953763865421638  0.84998472712173323  0.86050628371083060  0.87146814042031506
  0.88257378302000100  0.89374375239243076  0.90500564183410659  0.91543157350648507
  0.92585933866807213  0.93598626864674306  0.94703193631892535  0.95818060388227921
  0.96924922447885298  0.98010225581105870  0.99001029952123931  1.00000000000000000
 -0.00224881207472110  0.00870809079956951  0.01943423704548101  0.02982259595350840
  0.04055221640688726  0.05126407810732785  0.06071860661626146  0.06997880068446742
  0.07916934259448714  0.08898596440411050  0.09908258451668260  0.10903232004694399
  0.11851349057859746  0.12750642271465695  0.13644409781918473  0.14550779165574315
  0.15480673630052688  0.16395548217700864  0.17260646165995042  0.18161242282023074
  0.19085835165747661  0.20112682624106953  0.21105758288183668  0.22074426166066111
  0.23024089645702550  0.24001926590149045  0.25009858806056051  0.26039791351160468
  0.27082767087368076  0.28110776325308018  0.29116729482114895  0.30116708506475837
  0.31150953013957661  0.32202802647416767  0.33266152976399743  0.34311018351143219
  0.35282589888814064  0.36177651111818110  0.37067685365411823  0.37973829024084654
  0.38939876962548836  0.40072159826362314  0.41212377575644871  0.42294919135328951
  0.43368629930149716  0.44447071956893708  0.45559091865747403  0.46642993007215944
  0.47730337922415550  0.48776787233721686  0.49833950950129241  0.50830657008105962
  0.51808511652663403  0.52838759140834057  0.53931369907541027  0.55048015912431048
  0.56172356612067342  0.57298899021920235  0.58453479366228023  0.59610338267244489
  0.60759790510994427  0.61913459376438185  0.63058820404166283  0.64164594727038615
  0.65260813451598454  0.66375488401902660  0.67541356909283135  0.68733971395427929
  0.69940862720993557  0.71135835438537121  0.72283208048716652  0.73408771736395073
  0.74507101916155172  0.75589111317929392  0.76695558746646875  0.77826755664215541
  0.79006687276054854  0.80144012028021772  0.81237575484268376  0.82335382166224991
  0.83417829845204339  0.84492750639021486  0.85547467521548648  0.86659587567459417
  0.87787978691447099  0.88930626001417379  0.90059131059896691  0.91192612042196608
  0.92323625794169972  0.93452533534671589  0.94563459012476481  0.95631829903100052
  0.96691858086984683  0.97715199138417574  0.98861022776922824  1.00000000000000000
 -0.00202623419803672  0.00801752642125587  0.01823048988140770  0.02840212344385462
  0.03924993507679935  0.04928003897651169  0.05929931056020146  0.06916447071265962
  0.07961221728772418  0.09006755235664594  0.10093299091680605  0.11176477921608785
  0.12294785035001221  0.13414067853811010  0.14516033868024647  0.15592452574704133
  0.16669526527427020  0.17758946237538817  0.18870221498155987  0.19962796142140549
  0.21070783193904619  0.22160345478342466  0.23259053641765237  0.24354667371814764
  0.25456522298896983  0.26542171978452728  0.27606215494253861  0.28650330701364779
  0.29727519166638106  0.30797256212448093  0.31806719775972181  0.32721881840426936
  0.33638081806308645  0.34627621458532670  0.35681980062588353  0.36765594693865511
  0.37844513941794217  0.38904403046948399  0.39981237746478543  0.41046038403972263
  0.42105433264216341  0.43178890044714247  0.44276078999151447  0.45395133101004786
  0.46514862343365593  0.47609777051136043  0.48704444943956188  0.49768869712555208
  0.50720687626143057  0.51594490983526564  0.52487249652857992  0.53370069865686798
  0.54296975228935984  0.55396950707102288  0.56470219394618992  0.57535651667943466
  0.58589015367676844  0.59613486110243641  0.60593915226320594  0.61557643363992864
  0.62587741329497060  0.63623077761843094  0.64661465238554272  0.65729871972873455
  0.66780101279727189  0.67781973265666495  0.68757664912280281  0.69719741196108087
  0.70741235687267889  0.71808178153382674  0.72886180318871696  0.73985855641691067
  0.75092316152783456  0.76195074070926339  0.77292784756610400  0.78357606725948692
  0.79401497469955629  0.80463359050698002  0.81566335992750783  0.82730895447430175
  0.83883939528163198  0.84966151162153536  0.85957031494850134  0.86946531838533148
  0.87959741667850855  0.89077549569700221  0.90189628947754308  0.91239106262298320
  0.92304214416428054  0.93369134517027619  0.94429773293828179  0.95545886805179869
  0.96625041019827917  0.97740332125587270  0.98871355960591234  1.00000000000000000
 -0.00248060295461530  0.00946873699478917  0.01784984845345026  0.02761139710558553
  0.03727107297408856  0.04835774444951468  0.05748139968982739  0.06644553649750003
  0.07590281773065070  0.08528489196871110  0.09530623476786569  0.10571195969270503
  0.11610852697110566  0.12654760736926332  0.13718522812803260  0.14805794044179438
  0.15903162805848775  0.17008382458271920  0.18034917820588439  0.18989409674738361
  0.19904412866926818  0.20873938820689733  0.21933248354474988  0.23044127502797684
  0.24134218252107623  0.25189578519730083  0.26239581814377300  0.27320992825720070
  0.28436902182356111  0.29547896584325056  0.30594850191577816  0.31584288815855505
  0.32562091096712964  0.33577624288402796  0.34633190041056916  0.35711533541873675
  0.36807023726350357  0.37913307156665699  0.39010542560611117  0.40096402535599635
  0.41180100889079407  0.42281748439794120  0.43409552655692635  0.44474466810212543
  0.45458109530283641  0.46441734314096955  0.47476280035709134  0.48569812100546217
  0.49547519821693115  0.50552230409407006  0.51567787672151488  0.52610794432266195
  0.53665437648185232  0.54709739737509877  0.55769219073759579  0.56817220760271636
  0.57870431801992273  0.58954771241909032  0.60050033651781276  0.61152945302212991
  0.62236930118692513  0.63324958471093162  0.64427868676128908  0.65530088063759018
  0.66650126664200127  0.67761311709685523  0.68848808963145114  0.69917900390831511
  0.70950878108861837  0.71987888503939534  0.73040801837992331  0.74159323291851376
  0.75283239395126234  0.76404505802523226  0.77520246984783059  0.78600992815518322
  0.79621201357137850  0.80641336641330308  0.81680605692988340  0.82836790369224889
  0.83964792433328306  0.85024350193352061  0.86046802469215200  0.87036343311968278
  0.88091918934095936  0.89235008044528785  0.90262082673749811  0.91278820798453575
  0.92306823775278113  0.93381155826626527  0.94518702179253777  0.95589725464682285
  0.96660455843198834  0.97781251434127903  0.98896433478565338  1.00000000000000000
   1.2384581857558513E-011  -1.0000000000000000     
 F F F F F F F F F F F F F F F F F F F F F F F F F F F F F F F F F F F F F F F F F F F F F F F F F F F F F F F F F F F F F F F F F F F F F F F F F F F F F F F F F F F F F F F F F F F F F F F F F F F F F F F F F F F F F F F F F F F F F F F F F F F F F F F F
  <DiscreteSampler_grid>
  grouped_processes
  1 # 1 for a reference and 2 for a running grid.
  10 # Attribute 'min_bin_probing_points' of the grid.
  1 # Attribute 'grid_mode' of the grid. 1=='default',2=='initialization'
  0.0000000000000000 # Attribute 'small_contrib_threshold' of the grid.
  0.5000000000000000 # Attribute 'damping_power' of the grid.
 # binID   n_entries weight   weight_sqr   abs_weight
    10   10   1.167901321186065E+001   2.435587130518041E+002   1.167901321186065E+001
    16   10   1.167901321186065E+001   2.435587130518042E+002   1.167901321186065E+001
    22   10   1.167901321186065E+001   2.435587130518041E+002   1.167901321186065E+001
    28   10   1.167901321186065E+001   2.435587130518042E+002   1.167901321186065E+001
  </DiscreteSampler_grid>
