  0.00002645825590769  0.00005412061926543  0.00006834882834792  0.00008060262666243
  0.00009184890615208  0.00010631948464372  0.00012337083824841  0.00014354160297033
  0.00016763216639730  0.00019733073925656  0.00023568276440987  0.00028584544765320
  0.00035078135732915  0.00043508728879150  0.00054393815293096  0.00067763757105532
  0.00083778473247265  0.00104238857343073  0.00130525739088745  0.00162787183373929
  0.00203890777114922  0.00253336598997695  0.00313051911034403  0.00385740767579197
  0.00486600959297526  0.00630242420891998  0.00835336228612471  0.01144938659855816
  0.01618824906358266  0.02311195866448115  0.03248505535771283  0.04461870499096445
  0.05971794525419966  0.07662504375003332  0.09426494014019517  0.11245068939119590
  0.13102806966549169  0.14972119278532259  0.16841267016848918  0.18713057354337939
  0.20585330588217066  0.22452451628508155  0.24318260549876530  0.26194985125663978
  0.28083293191531189  0.29970201033493504  0.31854851876201612  0.33737299296589485
  0.35610583957601932  0.37487793559179727  0.39356211255695400  0.41223779960043783
  0.43096653564307380  0.44951030356573446  0.46783837765811775  0.48621444687241810
  0.50457081863491537  0.52296759810930704  0.54138430891706057  0.55985106312759647
  0.57832454485711293  0.59664464905122672  0.61488494866747989  0.63320782005159093
  0.65149391541181845  0.66978890193005280  0.68810625530912983  0.70643665335474748
  0.72482665098311128  0.74299037182681038  0.76101170526141237  0.77899986997512893
  0.79679193147614769  0.81443928665974608  0.83193941980771247  0.84938957056198505
  0.86660823360713113  0.88353145206911687  0.90020027406160874  0.91640699508006129
  0.93184855542658884  0.94613987589595716  0.95881821147140101  0.96944008974807205
  0.97790401468125387  0.98431556421283728  0.98886930662622874  0.99205638645187699
  0.99428847517524621  0.99593021732263987  0.99717022149196000  0.99810810730413457
  0.99878626965554529  0.99927143482556646  0.99965810075054418  1.00000000000000000
  0.00001758312231731  0.00005214291725320  0.00006935025524843  0.00008243242717689
  0.00009518273417293  0.00010989866573537  0.00013018899177085  0.00015712636525128
  0.00019181588342087  0.00023606145287871  0.00029246922125020  0.00036300414776526
  0.00044892960178960  0.00055616567103633  0.00068991482755282  0.00084955795910937
  0.00104292663573531  0.00128596426980386  0.00160049632762822  0.00200404020535598
  0.00249639817692929  0.00309722327771222  0.00381899089062936  0.00473503620289966
  0.00595230677473107  0.00789092305542713  0.01100755301010470  0.01562362443674686
  0.02250947544517925  0.03244357858870289  0.04562618824867606  0.06150736377775008
  0.07873785825093219  0.09653888519134052  0.11483117435673409  0.13353878077677470
  0.15243279124049905  0.17127287908252325  0.19015797593701517  0.20923654697132241
  0.22843341012822038  0.24759121633092077  0.26665195979006445  0.28555231210063664
  0.30441154163539358  0.32332531298485018  0.34218278787363060  0.36101423448662107
  0.37989831738285179  0.39874947101919000  0.41750122992453048  0.43625694322184544
  0.45494874172843752  0.47363185146254605  0.49240912201015880  0.51094191145756107
  0.52944253951272080  0.54811902395195766  0.56680806140203677  0.58520122156476673
  0.60337752339400985  0.62144162477842191  0.63963114445519387  0.65793336222880239
  0.67628522372939892  0.69494437599250181  0.71349131815658440  0.73187945192360926
  0.75005859272677644  0.76804715140263047  0.78620441497880622  0.80427734401255435
  0.82193855988731490  0.83947469884243409  0.85686922504046503  0.87403304583985542
  0.89093565011506992  0.90738796762561902  0.92325045704084341  0.93830693876889815
  0.95210100496787642  0.96386709193294762  0.97341990672356282  0.98097430719982159
  0.98664509445515458  0.99072616015941495  0.99357322904906320  0.99553752116795535
  0.99693762827553045  0.99794980269130296  0.99865102908483028  0.99911237438247824
  0.99940126034193300  0.99962394378484987  0.99981295805433745  1.00000000000000000
  0.00142377579435981  0.00177421231048251  0.00212464882660521  0.00247508534272791
  0.00277876811063816  0.00299134585712061  0.00320392360360306  0.00342054124996940
  0.00368399006532540  0.00402585070630763  0.00441082370681021  0.00485654922498810
  0.00537015075746635  0.00593447701657328  0.00652222825490029  0.00711301324554430
  0.00770503260571318  0.00830850350989068  0.00892841231975025  0.00956446025080312
  0.01020759196192910  0.01086427743522965  0.01153707056869414  0.01224660133441271
  0.01298429585500605  0.01374141106662677  0.01452291320135977  0.01533329546717488
  0.01616041916087219  0.01701663615522426  0.01791967644147120  0.01887852407289623
  0.01989106935416031  0.02094734700969099  0.02204241861186070  0.02319063771962957
  0.02438204874277233  0.02562490124160268  0.02693706219437767  0.02829445681526190
  0.02969665069724620  0.03114410280195024  0.03269491601438757  0.03434223320366261
  0.03601742745362165  0.03772620231143389  0.03946950503548736  0.04145789921784229
  0.04332406927344096  0.04517179095795137  0.04714197592848227  0.04927668305268398
  0.05155900085087993  0.05404289583941048  0.05659805772563092  0.05919731616308949
  0.06188796945933010  0.06469563953061085  0.06767550168555685  0.07070554676571149
  0.07375061131274055  0.07687873862294019  0.08036692758553372  0.08409658996082960
  0.08802239655422828  0.09225885069827065  0.09672167305720773  0.10170825287955960
  0.10659317287086913  0.11191774506191816  0.11745942635096190  0.12340723961316205
  0.12969746266824439  0.13640955145377240  0.14363550671803271  0.15135503662093783
  0.15949346726216812  0.16816333391909929  0.17721989657018844  0.18665021521277553
  0.19651195208913902  0.20711146414852283  0.21848893249912785  0.23088198155314726
  0.24425342234552994  0.25864772631292282  0.27410697683613661  0.29053854803466717
  0.30837849324532335  0.32837571785549280  0.35115185572591162  0.37712815741963829
  0.40747395702658651  0.44660696986479476  0.56272781705457220  1.00000000000000000
 -0.00234856476511300  0.00946890861820665  0.02001296058167982  0.03097707560958749
  0.04025405375837766  0.04947920207357090  0.05859419424877691  0.06828670458521557
  0.07803827146654244  0.08754196225155465  0.09684556377273604  0.10630399037302417
  0.11580727580969445  0.12575814695870099  0.13573470446275898  0.14573724818970096
  0.15563684554199414  0.16494483070157417  0.17377554595957093  0.18268497141381568
  0.19149537512893464  0.20089219935074504  0.21055072966439567  0.21988003036026801
  0.22913285124564445  0.23810852727538301  0.24726235816993675  0.25669285304808576
  0.26690852596929882  0.27686557965756409  0.28696403979387952  0.29739977427855746
  0.30772661679095159  0.31799233054522819  0.32809825425563965  0.33862750954257670
  0.34925939417858809  0.35978815079721765  0.37032192977805456  0.38076463555613760
  0.39126142559902982  0.40186746427604364  0.41255535983204034  0.42339800395225613
  0.43414219464356563  0.44494525947523350  0.45559937794211769  0.46638622363578108
  0.47724839010055575  0.48838009178511349  0.49896272089212140  0.50983734474452058
  0.52057096051551821  0.53157587179777810  0.54263560456450044  0.55405232106616487
  0.56558988806805044  0.57634115615765791  0.58685067964811044  0.59753614416576362
  0.60857719334772331  0.62015869088592879  0.63170878641013883  0.64320654281305856
  0.65459677630256141  0.66592599606765879  0.67739649037074590  0.68871400063911914
  0.69997313453250298  0.71092037820298859  0.72183029894771500  0.73263718067799688
  0.74337025020070002  0.75422684911052029  0.76492080494023162  0.77574104141946598
  0.78652290678580650  0.79762796892224253  0.80857650424365879  0.81951356660008845
  0.82986282654606058  0.84030132683407832  0.85095236513460548  0.86209203925676592
  0.87332725792091703  0.88426029740188439  0.89533554543786675  0.90683460671107208
  0.91850487181585627  0.92988962681609277  0.94102354242054265  0.95263512402790262
  0.96361364624621770  0.97542754267101006  0.98676600534797509  1.00000000000000000
 -0.00221095531185477  0.00887806962878592  0.01979762709577364  0.03074257453640395
  0.04177180434007664  0.05264041022321689  0.06338765210619186  0.07397551388520782
  0.08454403259142330  0.09500823554588637  0.10545237646966112  0.11559569388336516
  0.12560538498884924  0.13558464710335899  0.14575752596973801  0.15623823836078010
  0.16710930921939784  0.17763657264256755  0.18799089541590880  0.19861383889023182
  0.20930289835848231  0.21992501788060517  0.23038354303266695  0.24100522868490831
  0.25186928105783091  0.26281569587061893  0.27339757970764567  0.28368488721813784
  0.29378007831096686  0.30419195684035594  0.31488838231021277  0.32582706322429839
  0.33652190647300390  0.34719308451723735  0.35710967663216847  0.36719654161309484
  0.37736027892904050  0.38815722696896882  0.39912268343054169  0.40995539286489308
  0.42066961730971525  0.43125649608399436  0.44180302510686525  0.45249854826184716
  0.46308234132025050  0.47359898559575708  0.48404623719124112  0.49435391477380419
  0.50467072276612979  0.51512163868751226  0.52593762360418739  0.53683508594763452
  0.54770045288957914  0.55850289152417187  0.56915369827195506  0.57970780741668104
  0.59009925231806348  0.60054430309029994  0.61097302912804330  0.62132275864163811
  0.63178642087778403  0.64239725207103071  0.65327217678021599  0.66413448140519915
  0.67490109118206276  0.68536500031557612  0.69567372531163740  0.70568510181160049
  0.71580344367362136  0.72606790492827422  0.73674244645009035  0.74747327127867536
  0.75784251794110946  0.76806899678395668  0.77841520732189839  0.78914787948716081
  0.80012183187139208  0.81089756975956173  0.82155717710069365  0.83210943994617481
  0.84286719571616087  0.85387358437083583  0.86482400155424577  0.87513674277448694
  0.88502996620985830  0.89478906791257551  0.90514902834056588  0.91596678419837230
  0.92647863204906700  0.93689809654409306  0.94751844497184812  0.95832338747409895
  0.96879433448064256  0.97898840779534868  0.98945898859725567  1.00000000000000000
 -0.00225602107671839  0.00904011473736945  0.01989403381544570  0.03024462093363909
  0.04013868002063281  0.05016333894391098  0.05967694263469798  0.06931590165286242
  0.07901528624048833  0.08877167674021752  0.09856318240631898  0.10807069433619720
  0.11742471990173607  0.12714035681330510  0.13674416659859187  0.14626703118774759
  0.15590339154237745  0.16552059987707196  0.17452510814232952  0.18336670185077741
  0.19254321807142291  0.20141895374382465  0.21083836208314180  0.22094687762874948
  0.23065980990719046  0.24032675237334208  0.25028456161278401  0.26003806289413700
  0.27014418992530326  0.28034375450263083  0.29062862049869892  0.30090257633107248
  0.31098395496009701  0.32120787055116984  0.33173001679075242  0.34248280274584991
  0.35335540208994393  0.36411095323966070  0.37457636107088571  0.38486420206577016
  0.39516663882919301  0.40580468193961372  0.41662843731310850  0.42752141582037806
  0.43865425951841619  0.44921630427744452  0.45968126586113911  0.47022889639387694
  0.48108236692431366  0.49201269117874391  0.50239007329122543  0.51331674003504824
  0.52400024639966192  0.53475374955575439  0.54546912665364944  0.55627273632246244
  0.56764025626389103  0.57916352245260494  0.59066609785070656  0.60191247813365423
  0.61318470271422154  0.62447227748512413  0.63598354900324416  0.64736242509467246
  0.65868678947981907  0.66985057836208073  0.68080134480479171  0.69153551598656038
  0.70239808393724090  0.71336246111945989  0.72461152825167774  0.73599421932253228
  0.74744328826540141  0.75824700001752621  0.76850521239381142  0.77842420836851267
  0.78890968881354062  0.79970074508249012  0.81111651312731836  0.82252991723083579
  0.83384006739341154  0.84469514324936612  0.85526117383023881  0.86599739502721440
  0.87694957087398417  0.88814044504424994  0.89901015069618428  0.90983205197281392
  0.92083197432086750  0.93222488381434598  0.94370824101881190  0.95501690990137955
  0.96623248384917604  0.97777491745505518  0.98881203774067861  1.00000000000000000
 -0.00197858345599887  0.00824981820332216  0.01828515337745671  0.02875777943182313
  0.03909119454010654  0.04901624527426224  0.05951316408747651  0.07003458286757058
  0.08077086698210387  0.09153335790443730  0.10208411118738168  0.11267118829682932
  0.12266564611802465  0.13243477777571541  0.14260101960540195  0.15325799777476579
  0.16436388877600161  0.17543603779731329  0.18648505988640762  0.19714379332788942
  0.20728631337306472  0.21718180595115416  0.22732500502075728  0.23793743819367380
  0.24865393267587627  0.25916734287474547  0.26949952755345724  0.27999947635379302
  0.29048829934920994  0.30111647870660596  0.31148678626788207  0.32178078002364435
  0.33226221802255279  0.34289872814269540  0.35372088095380999  0.36437614933726270
  0.37482113833011305  0.38532807803130908  0.39578175059118398  0.40647637434724004
  0.41657500686528753  0.42695970152491447  0.43757385936176280  0.44845628885655936
  0.45944735432655343  0.47029965782811756  0.48085857777297725  0.49148018822587564
  0.50215324429354868  0.51263490347844620  0.52298293055623823  0.53315795014784673
  0.54373697437614621  0.55445799925855921  0.56518500313638742  0.57588794846101909
  0.58633167788637996  0.59706872215805029  0.60780893981347861  0.61862236482703714
  0.62925605080652824  0.63988185929323238  0.65058705072813938  0.66139065616880077
  0.67222633265298126  0.68304749076012983  0.69374339374215799  0.70434401408495584
  0.71459919419043672  0.72486630807934616  0.73510315525821657  0.74569978536123593
  0.75622898946319494  0.76685711990838978  0.77753981875271749  0.78840209478720991
  0.79922382864183383  0.81036518005661751  0.82136507244859291  0.83103845991786407
  0.84018665596247299  0.84986329360513913  0.86024391458618898  0.87128210354336433
  0.88220864036098467  0.89299544221320881  0.90390250229556657  0.91460210228702377
  0.92524374682550359  0.93566793623299349  0.94602997789324583  0.95656411739655445
  0.96691138176292279  0.97781656481229495  0.98867785048508405  1.00000000000000000
 -0.00237021771587381  0.00929719666571982  0.01961438072250646  0.03056953673353680
  0.04133335163944393  0.05296739672170709  0.06398598560891058  0.07353588244020817
  0.08325276735548529  0.09278430401506124  0.10292471494288438  0.11348070955471980
  0.12434419254213262  0.13526951408263777  0.14618016964810993  0.15657617254459014
  0.16678592830535349  0.17700275569495677  0.18762915760689516  0.19830228951863488
  0.20843408976051581  0.21831465589385535  0.22836439763621691  0.23864103820230020
  0.24906806409151147  0.25947626007840235  0.27000568107774414  0.28068100851852246
  0.29142467404678979  0.30209611345459042  0.31269717446628792  0.32340644905155058
  0.33423825231311560  0.34485333261145434  0.35504318529986240  0.36507373913043489
  0.37531917364709433  0.38597862636542846  0.39680864397650611  0.40729620327289973
  0.41729558139930795  0.42707171404889271  0.43708005918801213  0.44742181922902702
  0.45798521879742304  0.46851962327473357  0.47907448149215037  0.48958733047201941
  0.50029253830009957  0.51122592472408612  0.52215791124570532  0.53282951093373909
  0.54344604775855443  0.55415420594532494  0.56480274892432514  0.57546301336546224
  0.58616601153673387  0.59685208493247044  0.60726262043735924  0.61755295245918007
  0.62795516158348208  0.63850796349484962  0.64915029845648886  0.65978418169322572
  0.67053060376048179  0.68143108242427675  0.69254233229752760  0.70349145453942608
  0.71413382778319567  0.72461587395649385  0.73515067777382881  0.74585782701263537
  0.75660564490691495  0.76716636643416836  0.77758899950004823  0.78813679688197669
  0.79887224480316443  0.80974378932150204  0.82030445395539842  0.83070849996637974
  0.84118703446707077  0.85197242311068000  0.86274741931344101  0.87336413747030806
  0.88375611309758084  0.89392970771394864  0.90441199344885403  0.91484205076146463
  0.92581095647099354  0.93642775053927707  0.94687378517222820  0.95725956772564147
  0.96771300363814827  0.97850656476911324  0.98944396598598783  1.00000000000000000
   1.2216058173519065E-011  -1.0000000000000000     
 F F F F F F F F F F F F F F F F F F F F F F F F F F F F F F F F F F F F F F F F F F F F F F F F F F F F F F F F F F F F F F F F F F F F F F F F F F F F F F F F F F F F F F F F F F F F F F F F F F F F F F F F F F F F F F F F F F F F F F F F F F F F F F F F
  <DiscreteSampler_grid>
  grouped_processes
  1 # 1 for a reference and 2 for a running grid.
  10 # Attribute 'min_bin_probing_points' of the grid.
  1 # Attribute 'grid_mode' of the grid. 1=='default',2=='initialization'
  0.0000000000000000 # Attribute 'small_contrib_threshold' of the grid.
  0.5000000000000000 # Attribute 'damping_power' of the grid.
 # binID   n_entries weight   weight_sqr   abs_weight
    10   10   2.516901130922100E+001   1.456908529523263E+003   2.516901130922100E+001
    16   10   2.516901130922100E+001   1.456908529523263E+003   2.516901130922100E+001
    22   10   2.516901130922098E+001   1.456908529523263E+003   2.516901130922098E+001
    28   10   2.516901130922098E+001   1.456908529523263E+003   2.516901130922098E+001
  </DiscreteSampler_grid>
