  0.00002025017080826  0.00005294225684113  0.00006992320332761  0.00007912919281380
  0.00008811603748773  0.00009659447239775  0.00010626173644957  0.00011835482813678
  0.00013314454307277  0.00015281094766273  0.00018077808659260  0.00021614569263011
  0.00025974662552973  0.00031435460139681  0.00038011972912312  0.00045967485567183
  0.00054943801695352  0.00067434509853801  0.00084846998641720  0.00106059779905434
  0.00131063288238379  0.00161275752518065  0.00196665203671416  0.00236150346601098
  0.00283537854313259  0.00341549791801572  0.00417745224536308  0.00519033577162493
  0.00657485721093551  0.00849757135311856  0.01146542437916892  0.01645077396902898
  0.02396962446277831  0.03468335062141920  0.04874657857784783  0.06588910962307264
  0.08439924024976196  0.10340787854994499  0.12290903010344101  0.14273691619535847
  0.16272041170527307  0.18282763922294157  0.20298086547124100  0.22312899973420672
  0.24336114595480743  0.26356803662369888  0.28333632678536830  0.30303544670651872
  0.32303816196327673  0.34302996699459287  0.36295249782935102  0.38289927004561031
  0.40292660390093682  0.42287305503498507  0.44299817024027921  0.46315383691902562
  0.48325872873530046  0.50331602388621888  0.52343716665242013  0.54344693112354803
  0.56338798618849806  0.58325519423982786  0.60296984485048932  0.62276690819593272
  0.64264206906772936  0.66243665596986390  0.68218416344912969  0.70169113363567059
  0.72099666755997394  0.74049121340010193  0.75951363795066962  0.77880123408500890
  0.79814886517668981  0.81726244101353629  0.83628710179019583  0.85513842311104493
  0.87361990753104468  0.89163800549628114  0.90906663960442058  0.92576153222628543
  0.94151627270739269  0.95576410029050896  0.96780201899169338  0.97731962465685351
  0.98434483869361944  0.98910131686598779  0.99231352437033005  0.99456813009898715
  0.99618135898760019  0.99729279516518943  0.99812434521847659  0.99877404529146441
  0.99922574820782872  0.99953997085186364  0.99978639459198726  1.00000000000000000
  0.00001528474961978  0.00005137601164777  0.00007142871420878  0.00008861056807668
  0.00010603576555863  0.00012544112072981  0.00014883337069134  0.00017829990408054
  0.00021490013090939  0.00025919980332672  0.00030960936510183  0.00036626592493802
  0.00043566271263730  0.00052106583596827  0.00061510916589961  0.00071669505215021
  0.00082747245104374  0.00096323964963091  0.00113817401439153  0.00137338273301938
  0.00169177615861789  0.00210418207646132  0.00262961497737428  0.00331661337772618
  0.00426480726953421  0.00553955768604897  0.00724122290419241  0.00956044743203184
  0.01337396509612360  0.01958296019503146  0.02884735215166760  0.04185499073447997
  0.05854514860917315  0.07728602759706878  0.09651140920786100  0.11596095730252708
  0.13563308763129292  0.15554928988309888  0.17566109813449932  0.19568936820042812
  0.21561484275115800  0.23561468121551257  0.25574963559640090  0.27601004394976109
  0.29604919935669249  0.31608100333008021  0.33636145842863346  0.35662729042706326
  0.37672634774223579  0.39686534949305435  0.41708463393678030  0.43723335034302163
  0.45727818205226495  0.47736277151682988  0.49750123745935537  0.51765304986573457
  0.53773999257494076  0.55772724075440849  0.57763534883968493  0.59742419969682681
  0.61721362701373861  0.63705839996693359  0.65688168904383160  0.67671789279216465
  0.69654754260015905  0.71633898073694247  0.73607258454805258  0.75568465918595862
  0.77517901364102382  0.79457653453913901  0.81378475266114270  0.83275836931101588
  0.85150683145669537  0.86990537446976546  0.88804331420946025  0.90572132700793950
  0.92279248016991533  0.93899386712236099  0.95349074555148394  0.96552041372511399
  0.97497741728705178  0.98218783111528984  0.98754035901498716  0.99125310876379302
  0.99394552073408093  0.99578448379557860  0.99707610677144909  0.99799049501398063
  0.99867188122784567  0.99910265928845843  0.99938921363153421  0.99954221201792115
  0.99967214528479165  0.99979060456256630  0.99989584902990192  1.00000000000000000
  0.00135570682913111  0.00183059647545478  0.00197949071095407  0.00219442249743233
  0.00243667021340577  0.00269210734645482  0.00295451799550823  0.00322545893573678
  0.00351821022567177  0.00385293322921701  0.00422830407603148  0.00465404378611374
  0.00514260184416724  0.00567922268075171  0.00624520101034464  0.00682626053270507
  0.00741373116715673  0.00800914099888152  0.00861419553007009  0.00922621710560862
  0.00983441672262425  0.01042536706733582  0.01101973982978423  0.01164447750888968
  0.01230576153884005  0.01299867900122345  0.01367100331085182  0.01433772435625998
  0.01500820078763038  0.01569945727611458  0.01650928296049608  0.01742377788671405
  0.01838413348029312  0.01939262456361262  0.02046407542654584  0.02158323836828364
  0.02275188313679219  0.02398467037263203  0.02528624383415775  0.02663266494708090
  0.02802368670188481  0.02947621192247343  0.03099658124706908  0.03260148068473288
  0.03429973232765561  0.03608801698828983  0.03796106108004568  0.03991596162886751
  0.04191682335959879  0.04391698481135036  0.04595504766365000  0.04809222565540091
  0.05041400474123514  0.05287553198725135  0.05553472420957069  0.05836867285621514
  0.06142687773775442  0.06456193391457796  0.06778594041791014  0.07113537337434123
  0.07453261447074772  0.07832346652996650  0.08158709439682385  0.08531536670969832
  0.08906933303045701  0.09296982764957119  0.09723935135552393  0.10167993159053267
  0.10652285845431120  0.11197938047801924  0.11771365920083653  0.12368343593265144
  0.12986977521412618  0.13662143057858794  0.14386839468626328  0.15147707215322481
  0.15930476012245801  0.16759567752996424  0.17663378279976580  0.18662233190309818
  0.19767789571562308  0.20941941869099298  0.22152044699796022  0.23382707947976461
  0.24560706323962594  0.25864754743478280  0.27222702689635830  0.28774763093722494
  0.30735546795794727  0.32856884520584612  0.35231341650314957  0.37791762536737189
  0.40804326153242798  0.44547041895469180  0.57122951192835691  1.00000000000000000
 -0.00220010915324661  0.00832258398045178  0.01813960840927463  0.02796618851671246
  0.03803710584178306  0.04794965674751621  0.05772387173687033  0.06719160285611592
  0.07653505131144077  0.08565636139646761  0.09516808715193129  0.10464125453060562
  0.11437868026872083  0.12423217169061418  0.13421261503391801  0.14419670759829190
  0.15386799655463657  0.16346724151333059  0.17293565175525324  0.18216243933023840
  0.19107154649436878  0.20013177248737260  0.20962436204281085  0.21943805862518176
  0.22901110821122400  0.23838282286679757  0.24774485863725515  0.25728815938870203
  0.26708414582525747  0.27708001721745795  0.28744140291914605  0.29797860547640992
  0.30842672131098264  0.31886513782988279  0.32939629418940464  0.34014670581682616
  0.35103250297118099  0.36199536925198750  0.37315632756150069  0.38428871764366201
  0.39515216738337483  0.40592260620700427  0.41678597075307022  0.42791729556770158
  0.43913526974636868  0.45044482180227391  0.46193801100335363  0.47339863630164875
  0.48481556505502854  0.49576934187140570  0.50588278416418853  0.51592920668487163
  0.52600993471325597  0.53689768299491536  0.54856437941079461  0.56017090006435621
  0.57150823632352699  0.58267256238817211  0.59314839178011591  0.60306735229333619
  0.61264811361353821  0.62309762451700446  0.63458395983838489  0.64606285949767350
  0.65748902368937756  0.66898183844716186  0.68053809508664609  0.69213849145009276
  0.70386651443959714  0.71576724016848514  0.72736279721064057  0.73844516477230449
  0.74906131991107250  0.75970371243045098  0.77067219432689649  0.78207774953529163
  0.79369865930949768  0.80527724632773057  0.81668362421092278  0.82787773019178723
  0.83891370777863450  0.84977388305570856  0.86056157550883994  0.87160624624196581
  0.88273954276913336  0.89278813596933959  0.90228574744094847  0.91037027938472903
  0.91834724483578856  0.92819341062833338  0.94111972565786939  0.95291457522947554
  0.96439584700022363  0.97623603306029505  0.98769229440573458  1.00000000000000000
 -0.00238068213701998  0.00904921758567466  0.01964941179388193  0.03045802981216666
  0.04117189164206165  0.05186154519439981  0.06245879023562749  0.07357802057924183
  0.08481539514619091  0.09596090436609406  0.10690805728601094  0.11795685028281469
  0.12901573504019659  0.14011127564992082  0.15098499708220151  0.16116853441220391
  0.17112322931903032  0.18093991554746447  0.19123411882592253  0.20192106731514928
  0.21306418800283886  0.22448784238842906  0.23581569554039519  0.24699199060226865
  0.25803825545028403  0.26891319937862079  0.27972333264720151  0.29033601691713962
  0.30158899557783320  0.31238241458195160  0.32215293676858348  0.33184994419075942
  0.34160022735465273  0.35201725840704551  0.36228225015521892  0.37239460189850221
  0.38180925690315665  0.39042445147536586  0.39843400195962009  0.40735707686915246
  0.41651745505429089  0.42654429699963781  0.43759717848191498  0.44861102529221902
  0.45963511924348460  0.47050571864804314  0.48124123484465531  0.49192579657434243
  0.50258547289880706  0.51316101726845498  0.52378176244992591  0.53454522744761190
  0.54552490486919392  0.55650295424568585  0.56732690504766392  0.57789019746017400
  0.58821939442614835  0.59846029560157454  0.60888005453885519  0.61929839946602683
  0.62997954030025372  0.64012459863727977  0.65006346643601276  0.66005616823756352
  0.67016347890875394  0.68120545541496669  0.69217872493466570  0.70279895945056281
  0.71324452033849806  0.72361101288513352  0.73388747253841380  0.74408606299205127
  0.75455686255184473  0.76533627248509351  0.77625070556784237  0.78690999720598531
  0.79754151837479059  0.80837293610197369  0.81964574241152011  0.83102232514428931
  0.84218045961988175  0.85311761123716223  0.86428990132517325  0.87545745143098763
  0.88493648831616001  0.89423111860488347  0.90348477587741083  0.91315672156255001
  0.92378453257911708  0.93461430221318220  0.94554357169199621  0.95648665370612329
  0.96749004821209139  0.97820981373261484  0.98934130087186722  1.00000000000000000
 -0.00203620246437202  0.00810778505601829  0.01774006223873877  0.02776095253269726
  0.03825601794373246  0.04787289284944905  0.05763509555806096  0.06737719115412756
  0.07739709329887531  0.08697789405414609  0.09564394929659938  0.10443995532457231
  0.11329915973064379  0.12295015504757989  0.13359387419926821  0.14236777776565251
  0.14972951941018342  0.15684453201210269  0.16396567544137727  0.17244704367297331
  0.18253601489356705  0.19255694419074676  0.20266184822281386  0.21296592993958255
  0.22312417631106193  0.23309505957212776  0.24294943399116684  0.25288131588976664
  0.26314821639003871  0.27354038349344750  0.28371116643784167  0.29400586094375086
  0.30436084689804999  0.31497157687426036  0.32566126684154129  0.33662031008382343
  0.34772473032095202  0.35876075014671288  0.36985098924566029  0.38075365283675083
  0.39177445366918900  0.40285203051850743  0.41407366229306219  0.42540464488557406
  0.43643476977334383  0.44694712469951775  0.45725963991094681  0.46788621738385056
  0.47923079459492912  0.49100638843018368  0.50240921694278828  0.51345878380877963
  0.52445492330552446  0.53574644695643348  0.54729846025981721  0.55887783704618621
  0.57055609512806760  0.58203045958622568  0.59256321665171940  0.60289693664784472
  0.61325128818178309  0.62433551293386369  0.63580034318408774  0.64688959202129492
  0.65815333565628209  0.66979492518244477  0.68157412308769860  0.69310945612374308
  0.70467814219327207  0.71630971312919867  0.72785225491596262  0.73925181043874755
  0.75071052756227208  0.76233828138683646  0.77363552248617862  0.78460392396179168
  0.79557224469276500  0.80682131897848464  0.81811929508436265  0.82872544983818375
  0.83912930361403759  0.84968889805333936  0.86098907396699020  0.87219906321710561
  0.88319699973304977  0.89410009728019679  0.90506956518566506  0.91627244388256379
  0.92753123604964849  0.93859788230915431  0.94791589608304339  0.95693652012687846
  0.96659263749426050  0.97633529429232668  0.98866306414865845  1.00000000000000000
 -0.00223080788232061  0.00869946946705806  0.01933898947435559  0.03018836097154574
  0.04166870186179815  0.05258069546602449  0.06394094809909193  0.07483479642617483
  0.08575573946931463  0.09613713957006130  0.10674175760694704  0.11732818770648083
  0.12828567067027227  0.13925390225976783  0.15036596293515489  0.16148443660919637
  0.17253275259013201  0.18367680322165136  0.19486469391486505  0.20562891013598139
  0.21596744631647050  0.22613038517681183  0.23646688414032563  0.24693535051674961
  0.25711364695908223  0.26719774976149524  0.27715379843455495  0.28626369389080464
  0.29518260104590477  0.30392395341716266  0.31317201316862459  0.32462732276599021
  0.33552276078701043  0.34630179436591652  0.35730113973065192  0.36812942321202641
  0.37889789899801352  0.38961166811377124  0.40051334856804338  0.41146475490184403
  0.42241659883249416  0.43317692257757290  0.44390160600304546  0.45461358751103481
  0.46567835253777140  0.47648311672564431  0.48730250122597518  0.49800472043044197
  0.50879968970897693  0.51977689293303231  0.53074675629364343  0.54172371636144101
  0.55267107340799937  0.56365998019218033  0.57478123189661268  0.58599216315442337
  0.59725884335843527  0.60850954355671882  0.61968778111134393  0.63040524691358424
  0.64042645106195206  0.65022738549150672  0.66030286553770867  0.67087974219881730
  0.68167771167852365  0.69236708522463375  0.70328718135214285  0.71446790560458895
  0.72552454046052006  0.73616531489106851  0.74671056111616940  0.75745815555738738
  0.76839772506390580  0.77878642500600614  0.78857688671572912  0.79777844539213671
  0.80728414397479908  0.81759527254137421  0.82837640478616703  0.83910297753726926
  0.84985784624045024  0.86078565641965821  0.87132134804783268  0.88017445481654621
  0.88809853849975662  0.89575713586905292  0.90461593255798001  0.91625368142442298
  0.92770560683591163  0.93900883854162454  0.94962163879128125  0.95957420373275659
  0.96927234128932993  0.97904703001610716  0.98954272817322664  1.00000000000000000
 -0.00237328418116120  0.00898225717980505  0.02085630182054227  0.02895978807120252
  0.03802197069728828  0.04712888572869275  0.05628220747411267  0.06656781021862657
  0.07722238494684966  0.08771008497898872  0.09844637637899481  0.10866350522157173
  0.11862255515190190  0.12873811033766738  0.13955463332722740  0.15060949605080448
  0.16171730651809246  0.17248368213462328  0.18227575923914452  0.19194044063562707
  0.20166197045090037  0.21196861646686635  0.22284158858605418  0.23360058201283992
  0.24444715145212706  0.25531401433116668  0.26613098381384631  0.27668100689475317
  0.28709678705602515  0.29743686581043155  0.30763811994049700  0.31777379550506474
  0.32824885456242747  0.33906377979758218  0.35006852367846758  0.36101400357979246
  0.37208732263444588  0.38323242215177100  0.39361283449782264  0.40330442120609861
  0.41271607110076175  0.42152934777664058  0.43094076499564898  0.44082911625032389
  0.45129004499833647  0.46203791041588121  0.47262846626345367  0.48311739442062157
  0.49369451515239982  0.50462270790769914  0.51555928997745148  0.52625468861621427
  0.53647397907474714  0.54658059637968892  0.55669730432390963  0.56720903274170575
  0.57760867126077697  0.58816733620598027  0.59876082247494411  0.60967628623519587
  0.62083632065139627  0.63196818467895555  0.64308191830496297  0.65397047866481839
  0.66463750022365908  0.67485168929964534  0.68529231488257447  0.69622292551561893
  0.70758262710756648  0.71885661889377050  0.73009316194708029  0.74136163571823821
  0.75247806038479326  0.76318692046180281  0.77398998943008424  0.78512672448544141
  0.79630420021952952  0.80733917117415299  0.81840693426794564  0.82944433978884735
  0.84045353064216843  0.85131822726020712  0.86213614298048202  0.87304637041242616
  0.88397029530773541  0.89459852108994053  0.90484505750993205  0.91516893088333062
  0.92508757646455309  0.93595205110359736  0.94652677550759190  0.95733557587759088
  0.96812639045495130  0.97864563742426181  0.98928004121018531  1.00000000000000000
   1.2470275225429751E-011  -1.0000000000000000     
 F F F F F F F F F F F F F F F F F F F F F F F F F F F F F F F F F F F F F F F F F F F F F F F F F F F F F F F F F F F F F F F F F F F F F F F F F F F F F F F F F F F F F F F F F F F F F F F F F F F F F F F F F F F F F F F F F F F F F F F F F F F F F F F F
  <DiscreteSampler_grid>
  grouped_processes
  1 # 1 for a reference and 2 for a running grid.
  10 # Attribute 'min_bin_probing_points' of the grid.
  1 # Attribute 'grid_mode' of the grid. 1=='default',2=='initialization'
  0.0000000000000000 # Attribute 'small_contrib_threshold' of the grid.
  0.5000000000000000 # Attribute 'damping_power' of the grid.
 # binID   n_entries weight   weight_sqr   abs_weight
    10   10   2.144543577196282E+001   1.079877476074525E+003   2.144543577196282E+001
    16   10   2.144543577196282E+001   1.079877476074525E+003   2.144543577196282E+001
    22   10   2.144543577196282E+001   1.079877476074524E+003   2.144543577196282E+001
    28   10   2.144543577196282E+001   1.079877476074524E+003   2.144543577196282E+001
  </DiscreteSampler_grid>
