  0.00001740542531100  0.00004713369159597  0.00006591761501339  0.00008106325460592
  0.00009576450254500  0.00011102432282396  0.00012796335306217  0.00014825543944721
  0.00017246175302218  0.00020274337393838  0.00023977913975080  0.00028230814188050
  0.00033346713462123  0.00039722507721071  0.00047583287676239  0.00057622707551492
  0.00070513068963194  0.00086364002187935  0.00104913747263164  0.00126159347972064
  0.00151203808890152  0.00177129516505316  0.00207576752571685  0.00248667768309155
  0.00301110654368113  0.00371702235195971  0.00467668371958580  0.00594114775338024
  0.00758166694298058  0.00977359460867588  0.01282426994603648  0.01747063012039041
  0.02467748938572837  0.03479128592900174  0.04789763038784738  0.06334894180720038
  0.08056787952097090  0.09910135305753554  0.11837850790436089  0.13797092574983943
  0.15769012887632405  0.17746687028275873  0.19730733135177148  0.21732631329915686
  0.23729501715621162  0.25709128265854103  0.27681659586946145  0.29658949346141200
  0.31634324561061222  0.33618606058264405  0.35605255709956263  0.37583293325859779
  0.39553561601559162  0.41522407823554963  0.43491287369691745  0.45460261875868380
  0.47429351655943797  0.49383032791024745  0.51316401391696920  0.53243864879203628
  0.55197107492226327  0.57094375817784071  0.58923174880349460  0.60728889210975168
  0.62590488119188614  0.64522549072571600  0.66454654647965439  0.68392654289492039
  0.70329252945839960  0.72246517083944217  0.74152193262540955  0.76054408639742155
  0.77950593347998587  0.79837965071530392  0.81709016246364974  0.83565705356478326
  0.85419765104817480  0.87246117733828488  0.89011779043981132  0.90731148702292808
  0.92398399727803471  0.93940685097015975  0.95324187270364857  0.96506231607418880
  0.97437571794576405  0.98145422765835422  0.98676856570668847  0.99072825208993531
  0.99361793805279941  0.99564988168295998  0.99705291165250565  0.99802392292351982
  0.99872431248769222  0.99924230083031373  0.99964846240841465  1.00000000000000000
  0.00001776985551649  0.00005082893943600  0.00006884999608233  0.00008240102883990
  0.00009689747843460  0.00011274015512047  0.00013090680949528  0.00015287001126021
  0.00018039121779178  0.00021707184749213  0.00026566606089997  0.00031884840377124
  0.00039152416335983  0.00050212508029275  0.00063835731577064  0.00078613870184127
  0.00095543300930981  0.00115241825954723  0.00138900412175650  0.00171037242957703
  0.00212319643840718  0.00262851311505679  0.00324576603914820  0.00403245022881384
  0.00509725149195413  0.00658226545642824  0.00879417349006284  0.01244883788782047
  0.01826425596529630  0.02677791545701246  0.03850889743250256  0.05389894222479683
  0.07184786928418167  0.09100015189597317  0.11104284160685970  0.13141916137274756
  0.15203278179548549  0.17263435217996612  0.19311848171561707  0.21353777798878087
  0.23400687930207126  0.25463466619739777  0.27535503576640230  0.29601509162662387
  0.31663705025541389  0.33735061103310487  0.35805789275113442  0.37860812384241921
  0.39916174181357339  0.41984401053664167  0.44051556538863051  0.46122780560266197
  0.48182203944844226  0.50205641865507689  0.52246738919835201  0.54235792766061763
  0.56159945517412990  0.58096087557822995  0.60106090010297553  0.62149924237095466
  0.64184899357024183  0.66215799578492907  0.68242063158662514  0.70250506931117684
  0.72233909217414471  0.74220139941829588  0.76217689577795789  0.78186911138303650
  0.80119096872568207  0.82042952302006478  0.83945437387350397  0.85841509167082342
  0.87744336356816566  0.89594845394172484  0.91387402348855629  0.93074188728468377
  0.94505437328765252  0.95735898004081577  0.96836639294065641  0.97743168120930390
  0.98411615425435028  0.98884566498050785  0.99222983248016805  0.99466887512860758
  0.99640103313920914  0.99760828506360288  0.99840610824408715  0.99893096821969563
  0.99929291740611770  0.99945894750312658  0.99957404703369290  0.99966728036669750
  0.99974967778064738  0.99983337633121572  0.99991681328454474  1.00000000000000000
  0.00090472585398816  0.00110515857862852  0.00127500786324381  0.00144806394884754
  0.00162638185087274  0.00179480722050990  0.00186694172169335  0.00190138736037720
  0.00196638676994365  0.00212022027725693  0.00227199614376020  0.00243930322893122
  0.00261276014822374  0.00283350746098801  0.00317582459215581  0.00353331095028465
  0.00392780087898182  0.00439179624415985  0.00492260953743446  0.00551059511824593
  0.00613403572172248  0.00677021950560586  0.00742016364492896  0.00808716640220613
  0.00875249317001810  0.00943585098086259  0.01014040577490500  0.01088325965960354
  0.01165751058710275  0.01246054639596526  0.01329703554935970  0.01416925506900761
  0.01507613333049010  0.01601669774568747  0.01699315600390678  0.01800671875580578
  0.01906719864749749  0.02016928983096541  0.02131515493185895  0.02253090335687494
  0.02381639417279157  0.02516235653335063  0.02657423960407620  0.02803459658415115
  0.02958912496147132  0.03123535367594098  0.03296967429194825  0.03475341164655597
  0.03656318670521687  0.03842706489374574  0.04039362530976340  0.04245848346905479
  0.04461641694955538  0.04684993799856736  0.04911038401739767  0.05146069680858185
  0.05387836132206242  0.05654049415091175  0.05944295348917218  0.06253468227216498
  0.06570595541728833  0.06883930501125865  0.07199829710152193  0.07542081098039896
  0.07931997400001879  0.08337796534992850  0.08757666465758880  0.09196671820052289
  0.09675876915923472  0.10200857233122976  0.10751622366087406  0.11322376589279404
  0.11922313055360396  0.12576869119556161  0.13295424379984613  0.14075115317208303
  0.14817126170352443  0.15557643192906781  0.16368119838985648  0.17302450013921902
  0.18359461386389966  0.19505862073061581  0.20744106609019217  0.22074389176635761
  0.23485917089725819  0.24969525051153615  0.26577878548035189  0.28343550283565072
  0.30266401769529216  0.32262840339522897  0.34408751686124561  0.36892738021762944
  0.40049490962266748  0.44061176138952673  0.55719472043484086  1.00000000000000000
 -0.00248006536357190  0.00910319829066876  0.01971756443511461  0.02836486996499983
  0.03713387076065468  0.04557816815940382  0.05437526479296848  0.06444128630633766
  0.07478405470667415  0.08472570547503315  0.09435852911865741  0.10382442962418570
  0.11331717545901017  0.12267963715828005  0.13198774328721261  0.14118478769729217
  0.15022029282649690  0.15951427182746913  0.16885396340167455  0.17874236719880843
  0.18868780666347415  0.19871089927789476  0.20883044185951818  0.21901661766290634
  0.22907805871083911  0.23886463017120674  0.24882268809515554  0.25916846303126662
  0.26992545018028324  0.28067256794951767  0.29140375836588345  0.30220788872666254
  0.31300410477913465  0.32356050257786512  0.33407102829060570  0.34477185391933990
  0.35577842047519120  0.36703991178111928  0.37783719504418539  0.38796003418355546
  0.39777833429093429  0.40794179939577990  0.41880014269018895  0.42965725272369071
  0.44033016979546730  0.45088100379190310  0.46177614750100104  0.47267793480496867
  0.48315669566087421  0.49299546843806064  0.50328052355882225  0.51397761904663120
  0.52562961377937023  0.53717256047784889  0.54871180616306747  0.56006427694756511
  0.57147535975732611  0.58285894720537901  0.59431929263138095  0.60547664476529373
  0.61642915979808344  0.62712658252066766  0.63802732611370616  0.64911513391142250
  0.66030014163928741  0.67142895665406055  0.68272374966325333  0.69393535203534895
  0.70490745142782962  0.71548387506510713  0.72565931883018953  0.73610840790557097
  0.74643629812740808  0.75662532802109217  0.76736096756954775  0.77862266425502147
  0.79033418959625712  0.80203270818420658  0.81358207913373748  0.82467853336088592
  0.83532223886538604  0.84550226652497296  0.85565715793268382  0.86603766592275977
  0.87688784743728709  0.88778585456528791  0.89876287355640394  0.91014531191125403
  0.92152447089651190  0.93227168141445615  0.94289325932870571  0.95394874866371004
  0.96340417676863732  0.97608396187994040  0.98708918683287517  1.00000000000000000
 -0.00186661245159628  0.00818237592895732  0.01775969399961661  0.02763078511711661
  0.03825637547083869  0.04906028809559181  0.05973666712500288  0.07042501687853313
  0.08094876213001163  0.09160522464972889  0.10263866628336020  0.11386152030534383
  0.12465712628801250  0.13499712467171490  0.14518339502331254  0.15568396335140791
  0.16644232263567216  0.17681687989754069  0.18696838663940729  0.19656431971265012
  0.20631943707790790  0.21610358233759264  0.22662807202620702  0.23759152200111966
  0.24834174125536745  0.25885755504469599  0.26944796228264228  0.28035762207301568
  0.29146678519781838  0.30236166434238565  0.31317067000604365  0.32394446831410129
  0.33481052855258081  0.34568014013962067  0.35666019776952290  0.36776266684660508
  0.37895276873284728  0.39014788349156249  0.40129382487212234  0.41232200960847659
  0.42320634316020744  0.43408174261225985  0.44503494021840190  0.45597649108563310
  0.46671077860836635  0.47735854312417486  0.48817087954829325  0.49911875082554474
  0.50998957596564498  0.52082085458541882  0.53063130882589327  0.53965050771302980
  0.54860977668680888  0.55746487509935938  0.56728540238971603  0.57782924259562118
  0.58831890382604768  0.59877135009877502  0.60901596956798631  0.61932319012508197
  0.62993277537052594  0.64085284396040121  0.65183459084657647  0.66265279683862066
  0.67335297382291526  0.68365581961620603  0.69395922008135402  0.70440796795764449
  0.71489641741760879  0.72574865779573428  0.73628226484783277  0.74661282597120804
  0.75670843362586859  0.76706926240611373  0.77759645721997583  0.78851121587119288
  0.79949462619599465  0.81032479713211691  0.82091401196911096  0.83126915050976879
  0.84196646167399725  0.85269803950889034  0.86349084019606492  0.87434445116656223
  0.88480291227604879  0.89522737327493396  0.90595931543096164  0.91698381035265564
  0.92807564797415365  0.93870370415492166  0.94889372033253683  0.95900958865859431
  0.96902885054891863  0.97950132428968617  0.98967919734687104  1.00000000000000000
 -0.00233254248593583  0.00916393171004590  0.01968953551466287  0.02988546956590191
  0.04008900989931451  0.05002580973746013  0.05899887873577975  0.06775326964593727
  0.07649562912213111  0.08580769919326299  0.09605759275179962  0.10556402295257457
  0.11494341449879486  0.12413279541445378  0.13316767182560221  0.14166235812022968
  0.15056243118027035  0.15953504954339567  0.16908930237668909  0.17926106155223245
  0.18952622277247941  0.19930307918168425  0.20841744196029685  0.21745212374180617
  0.22701868021643787  0.23722074863419912  0.24763920422201616  0.25799589578708709
  0.26843082578636074  0.27911309030884207  0.28981886880805546  0.30052798016014376
  0.31123947507888894  0.32200113917534756  0.33277313224139959  0.34360189019086834
  0.35448972480027008  0.36544837058875596  0.37614930368686855  0.38650351039504349
  0.39694104358413695  0.40706739548779736  0.41703067327233778  0.42693754388410327
  0.43709249266505118  0.44799466275205652  0.45899771302136633  0.46969950647724795
  0.48014895937170515  0.49089264078813188  0.50205677597449971  0.51349318653676734
  0.52371310731683007  0.53277984968892711  0.54230095873248108  0.55182533178599635
  0.56310377964023961  0.57454789313098320  0.58635367271145522  0.59812686456915831
  0.60919500371176127  0.62010721051948658  0.63110245149294586  0.64249079713502599
  0.65404225465932719  0.66523103551665663  0.67624815664009730  0.68725025917529114
  0.69836010101006041  0.70967909490753101  0.72115714696061028  0.73274806383507052
  0.74465007807693262  0.75628819626101462  0.76740264943056158  0.77833003163880810
  0.78907228212103731  0.80045988279576874  0.81174154821743205  0.82270206855185657
  0.83371234891272838  0.84414005136128423  0.85497754217669375  0.86571033385794238
  0.87674577285983368  0.88808319706842709  0.89961175368059876  0.91119324969382010
  0.92234624684604549  0.93354874329056448  0.94521831417390112  0.95692866313858216
  0.96825324634346377  0.97888048673339545  0.98987789027423334  1.00000000000000000
 -0.00228543076805714  0.00904997854718713  0.02003280978590401  0.03096809366233073
  0.04197582311959183  0.05266377541670329  0.06356830655460663  0.07418636693682353
  0.08464461987453191  0.09480592990260041  0.10518869089018534  0.11593544150585830
  0.12672611161776040  0.13742569710250577  0.14827939837076087  0.15886208880325325
  0.16892485778221922  0.17837254942867320  0.18828343727078087  0.19852906474772297
  0.20937079068552536  0.22048671905535991  0.23165561708221938  0.24304790503401910
  0.25442024152192116  0.26535947672959270  0.27618992388769315  0.28687712925261344
  0.29776095550554527  0.30880338422564590  0.31999443392464894  0.33100415937989774
  0.34174222520447267  0.35238482365065904  0.36288474839086743  0.37318929395157951
  0.38337407593414352  0.39371904677095326  0.40435175335164630  0.41511885247674357
  0.42589336770617037  0.43661376855628037  0.44738195078753196  0.45844741275313455
  0.46973186819742002  0.48092837470866079  0.49182437875420720  0.50247088503130644
  0.51310691096719674  0.52391903609590951  0.53490530893109389  0.54576543707231395
  0.55629709254003956  0.56661221335488277  0.57710591017655966  0.58779626870885127
  0.59860650687474803  0.60926700934832989  0.61966841967157393  0.62990363418680484
  0.64011479269739313  0.65074755587167954  0.66185767528808281  0.67294210243982266
  0.68376025467451307  0.69438994125880416  0.70488187474354547  0.71538525663093133
  0.72592592984801740  0.73667406065696273  0.74758042632504285  0.75849908772830077
  0.76920578149866337  0.77938795677725559  0.78881833481219799  0.79784448432229405
  0.80709275655934243  0.81713989167089529  0.82787226217597332  0.83837784094428314
  0.84846540377920776  0.85854325350473504  0.86894857901335454  0.87802912715376791
  0.88680235099428562  0.89548686616595607  0.90418838510126576  0.91470556453458418
  0.92545858122108837  0.93632525367533570  0.94722355614160347  0.95804944237277401
  0.96877397588672831  0.97926920126085215  0.98986503170375340  1.00000000000000000
 -0.00139047010127221  0.00614343762004848  0.01453062022499471  0.02331044382880266
  0.03356897395905828  0.04427662999479926  0.05508762862894483  0.06505451694807933
  0.07487914368444168  0.08418194647719185  0.09378919474813843  0.10369428336954849
  0.11407077863069422  0.12490273801927299  0.13588715007853919  0.14690738265965628
  0.15781372765270157  0.16888173492136782  0.17979456783462433  0.19109656058003316
  0.20195787451518052  0.21233434184439878  0.22271487313391458  0.23342369183705663
  0.24457641797725563  0.25560597443077082  0.26671473534858858  0.27760513218557531
  0.28840153272701191  0.29916251296111662  0.30998118854615031  0.32085494812522314
  0.33188502791244240  0.34317188159936096  0.35466158366909806  0.36607580488828523
  0.37718009721115298  0.38820161265955472  0.39910526486951209  0.41001702549374131
  0.42089546083909712  0.43183231565468572  0.44296373860811211  0.45386766474260554
  0.46441176380875099  0.47504529687007863  0.48576590008741416  0.49685568128715407
  0.50785648919491666  0.51826545520806044  0.52865546867030422  0.53864435396868349
  0.54925613450776778  0.55990541694273643  0.57046499477723100  0.58147882977292287
  0.59167867494268866  0.60233692167645869  0.61282082016769523  0.62384360955405382
  0.63487627988893558  0.64559827579410967  0.65616243319346823  0.66619891609297299
  0.67639040723191934  0.68693332589481149  0.69785116279512671  0.70850947687662702
  0.71896398798032624  0.72899381956197140  0.73926916940337650  0.74981654092812189
  0.76039732089639955  0.77072178653372236  0.78072472118015512  0.79084384183790046
  0.80130860969388973  0.81136787596606463  0.82135035614657448  0.83088465210505913
  0.84058097857507230  0.85116475597567043  0.86156245380986907  0.87183433805393784
  0.88214461914708164  0.89287731478221499  0.90411896471290232  0.91521056939848533
  0.92584379636124892  0.93637023743817194  0.94714087600293873  0.95797187680235818
  0.96869967313623417  0.97861555365720576  0.98965199075755206  1.00000000000000000
   1.2347450297749382E-011  -1.0000000000000000     
 F F F F F F F F F F F F F F F F F F F F F F F F F F F F F F F F F F F F F F F F F F F F F F F F F F F F F F F F F F F F F F F F F F F F F F F F F F F F F F F F F F F F F F F F F F F F F F F F F F F F F F F F F F F F F F F F F F F F F F F F F F F F F F F F
  <DiscreteSampler_grid>
  grouped_processes
  1 # 1 for a reference and 2 for a running grid.
  10 # Attribute 'min_bin_probing_points' of the grid.
  1 # Attribute 'grid_mode' of the grid. 1=='default',2=='initialization'
  0.0000000000000000 # Attribute 'small_contrib_threshold' of the grid.
  0.5000000000000000 # Attribute 'damping_power' of the grid.
 # binID   n_entries weight   weight_sqr   abs_weight
    10   10   3.745232954121776E+001   3.648728217521178E+003   3.745232954121776E+001
    16   10   3.745232954121776E+001   3.648728217521177E+003   3.745232954121776E+001
    22   10   3.745232954121774E+001   3.648728217521176E+003   3.745232954121774E+001
    28   10   3.745232954121775E+001   3.648728217521177E+003   3.745232954121775E+001
  </DiscreteSampler_grid>
