  0.00002236892367326  0.00004597462178398  0.00006529308803754  0.00008148823188318
  0.00009706966174935  0.00011266232177992  0.00012851951970795  0.00014874257807718
  0.00017151820858856  0.00019989971554264  0.00023892512456948  0.00028782496248133
  0.00034671750562982  0.00041892593751976  0.00051285421129186  0.00062521097853324
  0.00075787227427914  0.00091708254348404  0.00109899157426170  0.00130535166406358
  0.00157602257173857  0.00192699381533111  0.00237249454776953  0.00291980809547082
  0.00358691995999085  0.00443664817121822  0.00557241448481462  0.00723628004221674
  0.00988961928697242  0.01403384434940520  0.02037355106397782  0.02956334340928424
  0.04176972894725925  0.05658022869470795  0.07332967635993376  0.09133435550502025
  0.11009315743916112  0.12918487473374621  0.14832480292682607  0.16752203851716677
  0.18668402562689987  0.20600779378613060  0.22544862371562674  0.24495245713413438
  0.26449793443691283  0.28408774952975169  0.30353685769912442  0.32281035740699809
  0.34196623232328727  0.36117166647594956  0.38052348075894998  0.39986680440423866
  0.41920708991460381  0.43859844441233709  0.45798120866877068  0.47734842425599527
  0.49672151605299125  0.51597040065635003  0.53518023734193210  0.55442985794118138
  0.57371725600939305  0.59283034501801213  0.61181528565820598  0.63094571395992494
  0.65009081713777794  0.66885596561372862  0.68727528678785232  0.70590485957623106
  0.72480502364547295  0.74369685802959551  0.76253754125361684  0.78121676190312173
  0.79968226172968437  0.81796009327677011  0.83619866024024825  0.85436348190155642
  0.87228895625242919  0.88974432811066562  0.90659814755983492  0.92275819294430483
  0.93806296736933770  0.95213893381636794  0.96435710716264100  0.97436641937394419
  0.98205988668518829  0.98750016090782200  0.99111415947724324  0.99366821173665376
  0.99550735718246031  0.99689620074725671  0.99788360963215450  0.99858219506419377
  0.99907716489147802  0.99944237194874641  0.99973918656211946  1.00000000000000000
  0.00001898087153500  0.00005529116603214  0.00007207882755890  0.00008520761383109
  0.00009807150082120  0.00011232929915391  0.00012928218391561  0.00015008398366724
  0.00017443943109501  0.00020117584194534  0.00023709005747509  0.00028824515637461
  0.00035623928077065  0.00044699730993872  0.00055846686446220  0.00068503414126873
  0.00084002832767841  0.00103571450297121  0.00127913949870153  0.00157665604416338
  0.00193569480078380  0.00238694682676736  0.00297989838657050  0.00373347710258959
  0.00467359620700877  0.00589395209588397  0.00762499792345783  0.01033485714341315
  0.01482927822317693  0.02176403907288061  0.03158104728089806  0.04472872218380927
  0.06077270125641994  0.07849376856076704  0.09693352745532895  0.11634660523417542
  0.13628933649891883  0.15653286384696560  0.17673291896255786  0.19693511079585149
  0.21725050679329744  0.23762925408937474  0.25807721091012820  0.27855426338299283
  0.29897932355300161  0.31938388315911698  0.33982072149001369  0.36020426875680961
  0.38051053187642897  0.40085639309435217  0.42121760617334580  0.44143852721883531
  0.46160407070580634  0.48187213209976437  0.50217717012085372  0.52231056826775712
  0.54231354740884574  0.56238317972573448  0.58252924879874413  0.60263634856905424
  0.62254875481981486  0.64230203896518367  0.66206380500164919  0.68181846613929453
  0.70160996307991930  0.72140976185622929  0.74109035917577759  0.76065643606405575
  0.77998540512285608  0.79905584649090078  0.81820130887142728  0.83722985808430694
  0.85527013879825475  0.87254901416722275  0.88961545693463329  0.90754760261568146
  0.92472890274522601  0.94045821447258904  0.95467950230624277  0.96682657566369079
  0.97658597801193181  0.98379447813363174  0.98879678844804475  0.99222359728577803
  0.99461492928983453  0.99632144847894000  0.99753828529068100  0.99840401500543807
  0.99897222438125732  0.99927338515642017  0.99945851578591693  0.99960562011855536
  0.99971020046721737  0.99981190841745848  0.99990595420872919  1.00000000000000000
  0.00204111256429655  0.00214582416025493  0.00223100463892143  0.00233595133678585
  0.00244209153266462  0.00262047690085596  0.00290074592293071  0.00320589648937934
  0.00352703046831951  0.00386693637618068  0.00422798022862151  0.00464108907699441
  0.00512960452660235  0.00568422866962731  0.00626811477059605  0.00685020032610219
  0.00743459218631530  0.00803024840273023  0.00864420790018519  0.00927426736339781
  0.00992074783336807  0.01058298334112414  0.01126720308959148  0.01196655681974254
  0.01267312794387322  0.01339195130260499  0.01414111515727010  0.01494309594187056
  0.01579009471760300  0.01666246767694207  0.01753808194230038  0.01843323440749132
  0.01937333408399255  0.02037764429438972  0.02144321853159671  0.02255578546273592
  0.02371911141260968  0.02495238013836391  0.02626366116419022  0.02763477415201462
  0.02903740012380034  0.03046287091026191  0.03194562433496846  0.03350391218597334
  0.03513649356501909  0.03687921578144440  0.03870393295680123  0.04068080075661431
  0.04269917132451279  0.04478265924096989  0.04689369444130843  0.04903387797238605
  0.05122031298675136  0.05352206220500003  0.05611171406610171  0.05882667523543327
  0.06161948798001989  0.06445034450425355  0.06743900857686977  0.07042567819869507
  0.07345243855492829  0.07655800197474837  0.07983058437575734  0.08346009849249619
  0.08745131678990231  0.09165584348993208  0.09606049413060944  0.10068026542561720
  0.10550099219560576  0.11056372550020860  0.11601725891088120  0.12181666211608855
  0.12797808500039179  0.13454408160762224  0.14166949359247946  0.14945713754146694
  0.15776803615421056  0.16655873284269318  0.17591408204489783  0.18596864789116119
  0.19685448026074601  0.20799113585612825  0.21957524339177445  0.23182831588514025
  0.24504345113328205  0.25956741786254400  0.27485432744182037  0.29177546649943087
  0.30970796102918918  0.33065658037645340  0.35241727051810434  0.37694267872038462
  0.40636215316649932  0.44645020169506333  0.53811264098023992  1.00000000000000000
 -0.00202319079503068  0.00794765173043137  0.01783630800955466  0.02862772931643915
  0.03931642325329796  0.04944472509065410  0.05910251528447516  0.06876525524172689
  0.07855173555830244  0.08828178464940378  0.09771226510051681  0.10672542713378766
  0.11575926188501545  0.12494362348513854  0.13447382464345656  0.14427065477424325
  0.15404232519175678  0.16374680905589820  0.17332423632078653  0.18287818802895456
  0.19240378802255306  0.20201233920499267  0.21181540038549518  0.22168774959574847
  0.23154063581963250  0.24108053046930433  0.25064205509653065  0.26037793064252240
  0.27050809016310706  0.28056892914522003  0.29056613193874337  0.30068594860438197
  0.31084622292317721  0.32069655549679116  0.33029111655334920  0.34029543005370172
  0.35084635103946699  0.36162898137582239  0.37222235630601269  0.38262153780899660
  0.39308608858964877  0.40374862645802373  0.41467442528380799  0.42555588287761736
  0.43649334621713942  0.44749333528370500  0.45830454586887109  0.46890988137149014
  0.47955519255500045  0.49059290737211797  0.50186764327969324  0.51253834714590663
  0.52297334101670001  0.53340844367047313  0.54434153339884117  0.55557546587481910
  0.56657303653278857  0.57752425972997690  0.58830363047777068  0.59907827514278655
  0.60998965832227237  0.62088872712778909  0.63200240630828564  0.64305014539493255
  0.65420766093570959  0.66568679346925963  0.67737292104767843  0.68896295498623328
  0.70035477765090404  0.71167244866850976  0.72309663391735723  0.73459238591519649
  0.74606673075072094  0.75661101109475781  0.76752050089034929  0.77838528355634728
  0.78974243768549768  0.80097707587791223  0.81185607545007210  0.82245057224858653
  0.83291968357463531  0.84334095177055179  0.85423324475552076  0.86529746069566349
  0.87631243522257707  0.88753462042045095  0.89870485448264248  0.90963041361506036
  0.92041700422909933  0.93149793572483841  0.94298703507101522  0.95426764964855804
  0.96538384260705068  0.97725561072666323  0.98837229072139710  1.00000000000000000
 -0.00232523219828977  0.00913071723120332  0.01898867141647554  0.02920377118826606
  0.03958164711130737  0.05016619818163814  0.06044791334878367  0.07068492172156186
  0.08010727384024965  0.09001674628871907  0.09995230718200142  0.11050315841631693
  0.12146039535526322  0.13233290993006525  0.14339525984664828  0.15461905794607775
  0.16561568727471634  0.17618182378144487  0.18652952799416120  0.19717552793376805
  0.20818533472804135  0.21927618624317999  0.23034282528836331  0.24138932536228133
  0.25231104390426329  0.26286177850220938  0.27321577526334850  0.28367168608087673
  0.29443721016694491  0.30537492629758994  0.31610689290292421  0.32641520603158830
  0.33659083132536882  0.34705746519145336  0.35786977331130604  0.36870782369075994
  0.37907663622596099  0.38931471703788456  0.39971084102046933  0.41059784928681980
  0.42153936747601617  0.43247229886277477  0.44335008372063484  0.45425321632087756
  0.46494120261516353  0.47539297480718173  0.48589931888112775  0.49653060016893880
  0.50742363571680760  0.51831629486411435  0.52902855021059714  0.53934825228644701
  0.54946538174979709  0.55959419778350095  0.57011740201753547  0.58059897267256422
  0.59108924559371856  0.60160625247280519  0.61221571157622534  0.62311176847313365
  0.63393859835555111  0.64460511408776267  0.65503046283033872  0.66536245895170731
  0.67589410379759174  0.68663356168775957  0.69759865022917789  0.70810023230173413
  0.71811751516533884  0.72808689334066246  0.73891473930964402  0.74992905842549440
  0.76057400152532983  0.77066882372579448  0.78085443422460510  0.79119530402454752
  0.80179582135044991  0.81254945596804662  0.82354166761337810  0.83396340783377920
  0.84427899158146924  0.85413210710897725  0.86383064425225631  0.87388610661611354
  0.88422412735237377  0.89464296915044517  0.90515321333980781  0.91588206395071603
  0.92694847036422745  0.93775549958079518  0.94807008985442109  0.95824984099767430
  0.96846099597644952  0.97884099530875379  0.98964421593673169  1.00000000000000000
 -0.00230543942163960  0.00933353532719333  0.02011932670762077  0.03072084922163584
  0.04033280331042090  0.04947335946274370  0.05833354030983410  0.06752251465215058
  0.07738921989514670  0.08692050703292009  0.09664744836059505  0.10522009530216453
  0.11385838687705198  0.12272150774433206  0.13235742374802650  0.14231816239859449
  0.15203492302763136  0.16172735787393958  0.17147012230715500  0.18142311906728448
  0.19094963427862699  0.20038699454777903  0.20977737043389544  0.21892774797873049
  0.22807545473552490  0.23720015050280399  0.24676923867348774  0.25684397403408799
  0.26701029434020129  0.27741193796317809  0.28794235824936687  0.29829289929240616
  0.30844592749767130  0.31862911649054432  0.32915081916404582  0.33975035795614306
  0.35033416867235267  0.36086900986745662  0.37154654655531288  0.38233507694933061
  0.39308017668154210  0.40374429275825535  0.41427084065947783  0.42482494017642713
  0.43545709712019531  0.44625246896091875  0.45706908498559157  0.46795696229986272
  0.47879945083971243  0.48972929315771035  0.50073875705710180  0.51190947206101478
  0.52326977955954079  0.53465262852431461  0.54619638858885566  0.55777412401887094
  0.56917492090990229  0.58034486530032781  0.59170800962881354  0.60330909875417615
  0.61482554954789304  0.62606326610363650  0.63724083780535012  0.64853495534933303
  0.65994254398896290  0.67132357959565647  0.68281832111807761  0.69417870190935493
  0.70495570470363711  0.71533345511347046  0.72558667664654941  0.73599783454281376
  0.74700469349952092  0.75812458713865860  0.76929692228935542  0.77983490290197044
  0.79071966175749397  0.80178647867972175  0.81326268795985557  0.82468742055391664
  0.83576468385462277  0.84659431136354524  0.85718178238316478  0.86766480165629734
  0.87776248496598996  0.88782447025374522  0.89812548964741545  0.90923270153636448
  0.92076856581182043  0.93250094968504771  0.94442774526853246  0.95579333635848451
  0.96680660789470796  0.97726522854381259  0.98892207644563945  1.00000000000000000
 -0.00224115826485065  0.00908009895658359  0.01962116692065212  0.03070059236899265
  0.04147656413227095  0.05241126222206312  0.06305146225458534  0.07394037141259445
  0.08495802704157737  0.09572891805828089  0.10668167172705893  0.11741737002323205
  0.12824397366974788  0.13909656887461130  0.15003575483878057  0.16112067562477927
  0.17197078669018934  0.18293059867320177  0.19382225238514977  0.20493181335676952
  0.21604074703237572  0.22713614301821997  0.23813231375050797  0.24901582306721351
  0.25951101175322805  0.26966554711519941  0.27957016564172876  0.29012723734134915
  0.30103796307750358  0.31235246988763349  0.32354737027308439  0.33462649342352474
  0.34546649598907431  0.35593887816895209  0.36680804641955878  0.37739882736039271
  0.38751945698627405  0.39730148967098045  0.40728842549839089  0.41717030017854634
  0.42694066887020604  0.43641085555642711  0.44648820292586638  0.45685176067348804
  0.46768478360248672  0.47869108382768855  0.48980021350581449  0.50073484435925320
  0.51152793211867076  0.52199157049695044  0.53207353679672664  0.54205376534557570
  0.55182083911784174  0.56112308501352137  0.57075118109518652  0.58053246030021199
  0.59065099024395373  0.60103531770637031  0.61099644712535306  0.62138001305796109
  0.63164296015568622  0.64238577402204433  0.65334815991258066  0.66452817376585616
  0.67557705850648297  0.68648236504805582  0.69697028972220654  0.70754447158615452
  0.71839921920601935  0.72918678139082727  0.74005689856515355  0.75040126855105638
  0.76065787663242923  0.77102508124190949  0.78182691592468312  0.79245830187990751
  0.80318084527736044  0.81411299683147953  0.82424631225084344  0.83431357158306718
  0.84379656746161880  0.85448209882204706  0.86503603205907131  0.87486711033601217
  0.88459875989997427  0.89409876031864521  0.90471184413732453  0.91553751362943436
  0.92646376972979227  0.93734150732054988  0.94745658075109607  0.95759030495214803
  0.96792140694557482  0.97907659670292069  0.98958735515127760  1.00000000000000000
 -0.00229405336358600  0.00925925213561458  0.01973822437355108  0.03055779141237985
  0.04125989422455123  0.05158070749744869  0.06191024735501453  0.07222512332548213
  0.08256288428525302  0.09230467279333091  0.10242718267868811  0.11286711181656768
  0.12361897556730017  0.13375615991931705  0.14369832875153887  0.15413340365235825
  0.16484540719101565  0.17583275046926372  0.18662064786945828  0.19735690358708055
  0.20807421736559240  0.21889716635361905  0.22949008625982761  0.23999196062516237
  0.25071312562493392  0.26120333181117589  0.27146043705794226  0.28167304999624349
  0.29233612741755732  0.30340432551942392  0.31450970972159481  0.32508403652249956
  0.33549006774145013  0.34555305202998432  0.35601536514003745  0.36670323898318508
  0.37746107526258604  0.38844821174424210  0.39911391006461422  0.41004558060929913
  0.42007602323296034  0.43021239707669445  0.44026490605817631  0.45017451240776679
  0.46035371772292599  0.47054052585580552  0.48133329950523202  0.49233598177639643
  0.50319634189292706  0.51386371761221328  0.52435089062563778  0.53497966247851092
  0.54586217134476045  0.55688773974319872  0.56786395142737045  0.57859986020907861
  0.58895173199194317  0.59929671129091999  0.60986275070278995  0.62084163684628968
  0.63193606998238350  0.64270981051334930  0.65324290388932427  0.66373753635856048
  0.67443997366064712  0.68514735281682615  0.69578603036079445  0.70657145400882493
  0.71755642850228996  0.72835297599187054  0.73852586734198544  0.74862089215755789
  0.75882013617399235  0.76954483990487932  0.78040870845229182  0.79122905621930151
  0.80186687254499489  0.81247881455392368  0.82335704984526958  0.83424527323293662
  0.84494251985841240  0.85547837953582717  0.86597641077837828  0.87667916023875092
  0.88726554399567337  0.89803463094612490  0.90810625830724778  0.91761499871943253
  0.92724253792315314  0.93674422486700037  0.94727531246593555  0.95772259397846571
  0.96812601379916496  0.97861393533208796  0.98904892916050113  1.00000000000000000
   1.2434209875760672E-011  -1.0000000000000000     
 F F F F F F F F F F F F F F F F F F F F F F F F F F F F F F F F F F F F F F F F F F F F F F F F F F F F F F F F F F F F F F F F F F F F F F F F F F F F F F F F F F F F F F F F F F F F F F F F F F F F F F F F F F F F F F F F F F F F F F F F F F F F F F F F
  <DiscreteSampler_grid>
  grouped_processes
  1 # 1 for a reference and 2 for a running grid.
  10 # Attribute 'min_bin_probing_points' of the grid.
  1 # Attribute 'grid_mode' of the grid. 1=='default',2=='initialization'
  0.0000000000000000 # Attribute 'small_contrib_threshold' of the grid.
  0.5000000000000000 # Attribute 'damping_power' of the grid.
 # binID   n_entries weight   weight_sqr   abs_weight
    10   10   2.072401351054366E+000   1.359818957156889E+001   2.072401351054366E+000
    16   10   2.072401351054366E+000   1.359818957156889E+001   2.072401351054366E+000
    22   10   2.072401351054366E+000   1.359818957156889E+001   2.072401351054366E+000
    28   10   2.072401351054366E+000   1.359818957156889E+001   2.072401351054366E+000
  </DiscreteSampler_grid>
