  0.00029787991643067  0.00036167656687114  0.00039976000029006  0.00043730032983604
  0.00049269172538040  0.00062169869898380  0.00087538836252667  0.00122094087252510
  0.00157579703726342  0.00198025263803620  0.00240855171002690  0.00284672423213445
  0.00332124455735522  0.00388908336279972  0.00458783594125043  0.00541594542922443
  0.00630329694566938  0.00713195784148325  0.00804972092325584  0.00920497790455987
  0.01073448875883458  0.01253254536723213  0.01463212014729612  0.01703655937147825
  0.01967628072825117  0.02253860861967345  0.02573042840893924  0.02943232527508575
  0.03375353728068280  0.03871226597622027  0.04399814553065438  0.04898165704362102
  0.05336725789891200  0.05683788837929007  0.05934829051354511  0.06113753199300405
  0.06241299748137751  0.06334552205451224  0.06404952235673540  0.06460029805364952
  0.06504237004787090  0.06540831454616139  0.06572108971775882  0.06599310356115609
  0.06623242502311420  0.06644544505277303  0.06663759669564127  0.06681375946001208
  0.06697676634117193  0.06712777307425452  0.06726951951482441  0.06740515585422471
  0.06753701633868141  0.06766559289882114  0.06779201258114984  0.06791616321492193
  0.06803854002706250  0.06816062380632026  0.06828490858803932  0.06841291993680489
  0.06854524125983814  0.06868311746559858  0.06882698243972822  0.06898076666761392
  0.06914704581659951  0.06932585507460569  0.06952448860359350  0.06974756283802910
  0.06999817299336002  0.07028426330029557  0.07061648282353690  0.07100671359846364
  0.07147757062026351  0.07206954414474158  0.07283695829898505  0.07383765471782788
  0.07515798906292202  0.07698838784445293  0.07963174114025109  0.08341890411932626
  0.08899650442729264  0.09704751328118207  0.10744133775106234  0.12039775232374839
  0.13705825801180058  0.16326120181158460  0.19741893923414536  0.24285476814631912
  0.30525315781669138  0.39374352045065342  0.49651484092103837  0.60017481808231787
  0.70415078553389132  0.80747145340813908  0.90464518589801224  1.00000000000000000
  0.00001530645770257  0.00003492506123849  0.00006639772107302  0.00010841419411723
  0.00015368033694306  0.00020401033821028  0.00026507718963582  0.00035745217107823
  0.00047314340639759  0.00061761453885328  0.00080712441635700  0.00105781248478975
  0.00138036129292905  0.00179506442556858  0.00234737919721162  0.00306587415425706
  0.00398923577403921  0.00522447502239387  0.00699549309622805  0.00929872771639501
  0.01267564738902751  0.01812331956904053  0.02596226434311670  0.03646756326883495
  0.04945745581518128  0.06418936468931055  0.07981884501523603  0.09606377011720692
  0.11267515902948469  0.12919350081821279  0.14565801844671220  0.16242814677605480
  0.17919032829310733  0.19580112915100906  0.21248547847098415  0.22936632435584178
  0.24653324017103068  0.26375761479298587  0.28096701210136721  0.29828540565796208
  0.31549195757981580  0.33236017207237850  0.34900815176418998  0.36553881209453826
  0.38222988685442094  0.39927749879111801  0.41621660333146793  0.43301177046981210
  0.44950089222389783  0.46605049541529314  0.48275835212123630  0.49943594522920126
  0.51630846510586359  0.53326821919999634  0.55018102899218613  0.56711250838904093
  0.58414578987159438  0.60110944638106023  0.61763893821277593  0.63389570747899138
  0.65033813711807742  0.66696735106300387  0.68358564527281895  0.70015880709071154
  0.71679466725545804  0.73328694349958545  0.74950132012947845  0.76571020807446422
  0.78203664991823418  0.79832090820770540  0.81440814199183542  0.83038607702628175
  0.84639803669848368  0.86241876523241878  0.87816102640673488  0.89341343725353972
  0.90827139105921306  0.92264569827981757  0.93622815971867113  0.94861222657106958
  0.95932916393524881  0.96840851400513195  0.97607153592294416  0.98237626034066550
  0.98726588441431706  0.99074309180659526  0.99323689453433150  0.99502048046067937
  0.99643210728818243  0.99754363983891481  0.99835142646450814  0.99891644355374909
  0.99929867865076927  0.99955543073285091  0.99978246815117977  1.00000000000000000
  0.00068620642072265  0.00098157244404078  0.00116236701261151  0.00134813552606889
  0.00155688169645868  0.00178629718299835  0.00203260168158859  0.00229967463853662
  0.00259340156370726  0.00292363689437562  0.00329432281079359  0.00369641211687697
  0.00411972592273140  0.00456908866397044  0.00504904809793351  0.00555036066572781
  0.00606513321618425  0.00659241120992498  0.00713632786863564  0.00769727191015261
  0.00826051055990908  0.00882870208395817  0.00941393874556775  0.01000223791985718
  0.01061344294623924  0.01124612937563689  0.01193352588913319  0.01266169853034394
  0.01334096478296337  0.01401787795807358  0.01473402881187815  0.01550254014168701
  0.01636074107901670  0.01726437790312518  0.01822405022570026  0.01925173149463877
  0.02032899870520023  0.02144150485788069  0.02259542227746812  0.02378036188300679
  0.02499736501349684  0.02624263961596813  0.02755169107701507  0.02895040046462094
  0.03045819604976047  0.03205571315017386  0.03375216343643973  0.03552569172994695
  0.03739400079308015  0.03928475048469249  0.04112353389383692  0.04301942528353640
  0.04501404439331189  0.04720671485978638  0.04937024825980547  0.05158701836250464
  0.05398678643175586  0.05656757418054708  0.05947892075315125  0.06260182198886537
  0.06579457178381821  0.06904189795171460  0.07242080372618878  0.07589826996926356
  0.07956403387563273  0.08361673169561848  0.08802571283249912  0.09276487160094049
  0.09771636872146931  0.10295507924985957  0.10845853907756503  0.11433097048006410
  0.12048180658848426  0.12732286947474084  0.13404527845280961  0.14097218854869309
  0.14839296316248748  0.15672831954781574  0.16618198723809433  0.17666229362455205
  0.18807654870339530  0.20027767182265555  0.21322146396968109  0.22697713655077736
  0.24148413490590590  0.25671704091833641  0.27288759559886039  0.29044371286699461
  0.30958210579768236  0.33017095161074778  0.35296309161903822  0.37936523027528724
  0.41100271557813944  0.45125223624312505  0.53373043918494611  1.00000000000000000
 -0.00234977708730622  0.00881119101246301  0.01871943003723014  0.02880927065379050
  0.03914771169735504  0.04938039097569275  0.05908065849312458  0.06846251517266692
  0.07765259072089833  0.08690494117548903  0.09643712805692962  0.10620213825597075
  0.11592858016553362  0.12596588352446147  0.13584619865953035  0.14528037412754125
  0.15427377873194695  0.16333018365461940  0.17166730976768577  0.18142948014355012
  0.19097580641528925  0.20053579246590025  0.20979977121440702  0.21823952828346735
  0.22721075899455762  0.23632074870468145  0.24631169549793971  0.25669053960456656
  0.26684009266128800  0.27690275578993195  0.28712896419623246  0.29761195844749050
  0.30829184269519522  0.31900622633637166  0.32958908808676329  0.34014382897065831
  0.35082903957890182  0.36139901185450241  0.37140961706864439  0.38109789357076607
  0.39070423675570143  0.39988163741560501  0.40896559528001591  0.41820032770399662
  0.42787310762351477  0.43802766564114581  0.44846457120801525  0.45920850129965318
  0.47001348942947097  0.48075243722099509  0.49162996054214736  0.50268399978305334
  0.51395875847078665  0.52538232575761190  0.53689227962647246  0.54845999707866477
  0.55998148461700725  0.57131155780205123  0.58247610953322948  0.59359391865899980
  0.60478532938581042  0.61605675405068205  0.62749530772519446  0.63907731642143861
  0.65051696668851333  0.66175096667268896  0.67297191719021410  0.68425512527900723
  0.69551140077236806  0.70682168688023317  0.71838897056989037  0.73004448150188128
  0.74153729051496664  0.75290400227087784  0.76399835213830003  0.77462438114397958
  0.78492253634530873  0.79522163862285877  0.80578440205013269  0.81669969789018382
  0.82773591288493020  0.83843302485772786  0.84895691989763988  0.85971554757411750
  0.87106669739117470  0.88276145124589767  0.89462362387236782  0.90633744073192712
  0.91791844279294210  0.92893152981344007  0.94017865080910978  0.95178208693703537
  0.96448284024887809  0.97639728224988964  0.98857482227113902  1.00000000000000000
 -0.00220823551169123  0.00857974221382510  0.01914259548809896  0.03003268604008505
  0.04099804666319585  0.05197163555490667  0.06289568895748530  0.07383874585771046
  0.08467593753272615  0.09548322114880206  0.10638175739122921  0.11660287376641940
  0.12650895541807991  0.13629283848271015  0.14701887428524418  0.15814616489311217
  0.16923115008167772  0.18041313973427442  0.19151336760279197  0.20226501886598025
  0.21307799335804062  0.22372463618850388  0.23396143278013190  0.24416906514802950
  0.25400835984715925  0.26279956316271597  0.27211329366821607  0.28121255037366449
  0.29086775258950898  0.30133349698818285  0.31197706034137068  0.32281805333002483
  0.33368724389525550  0.34447497259515802  0.35477597341502703  0.36500840328300360
  0.37521121727066908  0.38568761392418538  0.39576007839459487  0.40575448743392023
  0.41586825136242239  0.42634238602057528  0.43681395816261553  0.44739784896962936
  0.45790134191891102  0.46867238113884713  0.47910450253501508  0.48872570207781252
  0.49804536724833443  0.50758170157605986  0.51769660651340865  0.52819625236325807
  0.53848139645723159  0.54907631970253867  0.55996323649940305  0.57097820688313405
  0.58188818358943795  0.59269670857601309  0.60332440655540320  0.61368752390314429
  0.62385672553350191  0.63436695087572958  0.64516537678005048  0.65573286177729873
  0.66598576022115419  0.67627786705955217  0.68683918529349974  0.69781898691047983
  0.70864921821098170  0.71939536678552440  0.73001083611237838  0.74061047694960735
  0.75144173634158029  0.76233624623454532  0.77325572646585883  0.78410277805086581
  0.79476172526487721  0.80510938444157409  0.81572052012276808  0.82668916793507596
  0.83786481359723297  0.84861627909693560  0.85913779083105357  0.86998278402516727
  0.88078658772308505  0.89177184494497930  0.90225728714238485  0.91290437527519308
  0.92382063169936679  0.93523714972592209  0.94659840078661195  0.95727609356596677
  0.96823294333251719  0.97892715980913492  0.98949085298762662  1.00000000000000000
 -0.00202878736692084  0.00809691299148028  0.01731151720689002  0.02808063513390823
  0.03738423605548692  0.04689376159379110  0.05651525840623829  0.06641681424386058
  0.07673535139689965  0.08713917733501145  0.09770206879310331  0.10814199415288138
  0.11806026693767868  0.12763433099663643  0.13690101930240905  0.14644426855555634
  0.15607372228309344  0.16487266477172244  0.17353007788796537  0.18205227883160688
  0.19177662994846098  0.20196071006977453  0.21181653045260851  0.22155198028858442
  0.23137049023775738  0.24114243454632503  0.25078735969624261  0.26028896317433026
  0.27040328725703661  0.28094151152163360  0.29121056385145166  0.30119566939940262
  0.31096171493854202  0.32099957088761349  0.33126293521785360  0.34191410951205181
  0.35252955025356708  0.36300350742764526  0.37336029715542934  0.38398266444724161
  0.39467127919286393  0.40532854314264943  0.41605703173168540  0.42685033172887210
  0.43747893544398986  0.44783188920189981  0.45819365056183675  0.46887701348149269
  0.48001019718534849  0.49136248003386407  0.50263777357615558  0.51380081515843878
  0.52491677935509495  0.53604061941080017  0.54667677288379979  0.55670766680191064
  0.56661678201512011  0.57695664871338681  0.58803460295650534  0.59913247328656549
  0.61005494515199987  0.62082073986567310  0.63181104924045517  0.64286679757401388
  0.65359473983918126  0.66392129318839732  0.67460564330280637  0.68591288129480066
  0.69726951706233020  0.70864014461937819  0.71986516457836192  0.73130183751343147
  0.74253632620630938  0.75374205657368887  0.76494366780598899  0.77611411245087480
  0.78732899528714795  0.79872433098294693  0.81046768079565579  0.82225933742191570
  0.83379080756131430  0.84506426572901427  0.85631606203151678  0.86741581044840876
  0.87848513505105574  0.88960709753675093  0.90089587081509204  0.91234762912659517
  0.92387619340865990  0.93570416588235794  0.94776835132476867  0.95873054493765952
  0.96902496945244077  0.97913460659430529  0.98883672474842776  1.00000000000000000
 -0.00224113491700236  0.00880919691362216  0.01857454985308117  0.02982048480325599
  0.04059912783422542  0.05007631884451002  0.05958496941792717  0.06918424468961519
  0.07946297569039015  0.09051266159519646  0.10127693202126387  0.11192081042739466
  0.12225146321834388  0.13237693114755958  0.14257682930753901  0.15251568232499807
  0.16311286947199338  0.17372862763186442  0.18446624523875396  0.19486634874657113
  0.20526554362916005  0.21593602445531568  0.22652188237183116  0.23628303622987512
  0.24613118475322429  0.25624452480800197  0.26699537997101686  0.27807551799086666
  0.28877009221066346  0.29940722393739555  0.30994321745251885  0.32067549720600497
  0.33159717092924279  0.34252118340539245  0.35341985071580245  0.36371076015390724
  0.37368646385237353  0.38369596091426561  0.39330127606041110  0.40402846699133832
  0.41473820014324619  0.42561693310245635  0.43649766415546581  0.44737560263381287
  0.45819413518484475  0.46892365251206247  0.47964276854612303  0.48990816032101553
  0.49977049028190756  0.50963042403853753  0.51951172198532136  0.53008114625281899
  0.54073844792701076  0.55153616164518138  0.56181353110933285  0.57211562278740402
  0.58258765119509071  0.59340989509464903  0.60440980523886367  0.61520618815997419
  0.62562673416220071  0.63593013187334868  0.64623691814920015  0.65673668847811473
  0.66735171580184927  0.67803293218460747  0.68881581282140769  0.69944145748250219
  0.70994945243195717  0.72034053260201913  0.73113593645512753  0.74178155002675783
  0.75196791117744577  0.76177883826167447  0.77144107401152195  0.78142039594952217
  0.79192345195744895  0.80273170376737180  0.81391845604018020  0.82539156453214479
  0.83660818126000303  0.84781572324007737  0.85845415427074778  0.86889187653288602
  0.87949884820627222  0.88995845118290473  0.90119983942850690  0.91200571881432213
  0.92320106386951706  0.93412386776946810  0.94486427392124495  0.95585015737503232
  0.96667909596637747  0.97751677038620732  0.98886249135170134  1.00000000000000000
 -0.00232023159768167  0.00925671355427619  0.02018294463656880  0.03083210122074094
  0.04121584067864641  0.05166187812723236  0.06216540142294645  0.07329335710272747
  0.08376709934624432  0.09400869027627619  0.10416318527329406  0.11436241768418837
  0.12534075580202955  0.13632096253748080  0.14754568826896236  0.15856913330716885
  0.16866764646408208  0.17847141287117804  0.18847794672155191  0.19904679285460208
  0.20956210251221816  0.21992642294704592  0.23054345649402078  0.24149909984795023
  0.25259348404725351  0.26347100354035397  0.27423116138705350  0.28499334905363788
  0.29555248422781216  0.30590602962657309  0.31619722870011441  0.32653712797487561
  0.33732223024853963  0.34829124576295400  0.35917239249281985  0.37001779589529954
  0.38076657818492804  0.39152401667105913  0.40242472285542386  0.41341771368076702
  0.42433436879845099  0.43520178672145421  0.44609526748993650  0.45723812769030464
  0.46819649411110215  0.47865546573500517  0.48856218441391175  0.49839713497648308
  0.50750068809540239  0.51688527917803606  0.52606224660195511  0.53588656831013959
  0.54620287670752254  0.55660662427165031  0.56624534008713057  0.57617668022786817
  0.58615459839128992  0.59623810875029848  0.60676925413622973  0.61765687049593287
  0.62864093862764125  0.63968176134521748  0.65068926929332938  0.66172727186012803
  0.67270754050287085  0.68342001467333713  0.69386314039518981  0.70437284465488093
  0.71499322377425045  0.72573766811868834  0.73662125169534964  0.74752259320787051
  0.75858734225922275  0.76956945546547106  0.78033953016674507  0.79117575478765190
  0.80202253878193774  0.81291530963126801  0.82341569809966952  0.83367636504025533
  0.84379029816668383  0.85439694796184562  0.86474815695476437  0.87538467839616807
  0.88592834956072486  0.89675064820972528  0.90749357290913202  0.91811638832652931
  0.92831709627625136  0.93843765416763614  0.94888643481437296  0.95873654368361372
  0.96825627853080676  0.97856282098391445  0.98819871611895749  1.00000000000000000
   2.3736937496308981E-011  -1.0000000000000000     
 F F F F F F F F F F F F F F F F F F F F F F F F F F F F F F F F F F F F F F F F F F F F F F F F F F F F F F F F F F F F F F F F F F F F F F F F F F F F F F F F F F F F F F F F F F F F F F F F F F F F F F F F F F F F F F F F F F F F F F F F F F F F F F F F
  <DiscreteSampler_grid>
  grouped_processes
  1 # 1 for a reference and 2 for a running grid.
  10 # Attribute 'min_bin_probing_points' of the grid.
  1 # Attribute 'grid_mode' of the grid. 1=='default',2=='initialization'
  0.0000000000000000 # Attribute 'small_contrib_threshold' of the grid.
  0.5000000000000000 # Attribute 'damping_power' of the grid.
 # binID   n_entries weight   weight_sqr   abs_weight
    10   10   4.858501941354390E-001   1.833128612813675E+000   4.858501941354390E-001
    16   10   4.858501941354390E-001   1.833128612813675E+000   4.858501941354390E-001
    22   10   4.858501941354390E-001   1.833128612813675E+000   4.858501941354390E-001
    28   10   4.858501941354390E-001   1.833128612813675E+000   4.858501941354390E-001
  </DiscreteSampler_grid>
