  0.00912152435782974  0.01586038856838956  0.02568333543577671  0.03637346463734009
  0.04742045091869851  0.05843828298527217  0.06901069974354031  0.07934199570108572
  0.09059496975308189  0.10225068199619775  0.11413923292269741  0.12598517889707181
  0.13810668443082419  0.15006325865612077  0.16180814744922384  0.17304563300768869
  0.18381509032784538  0.19464838782577024  0.20505101892626390  0.21490662724330009
  0.22400640664885552  0.23343996371205264  0.24322929050098624  0.25337967496061808
  0.26328782019339358  0.27344472831633715  0.28402526122607979  0.29500252869376037
  0.30666783862313429  0.31837400752192402  0.33019901117050460  0.34090927183473607
  0.35138171107423516  0.36164754714237335  0.37160092824537055  0.38168336902729283
  0.39203682353833275  0.40331314445090283  0.41479650384976835  0.42548583868710910
  0.43591672560399825  0.44661393946764955  0.45729797019593416  0.46762675320528396
  0.47773393770187544  0.48792245540622020  0.49778819531712026  0.50733871079157111
  0.51691814623433685  0.52662838608551832  0.53595644637758355  0.54564584730612431
  0.55531948553138544  0.56508300666882771  0.57516496930886396  0.58513937913452485
  0.59464669703838491  0.60409910060074445  0.61399099599287599  0.62417012457591226
  0.63395921842772629  0.64370437873304420  0.65440783973795391  0.66538630395648934
  0.67628492752442670  0.68717601621416813  0.69840076409895613  0.70965621798207490
  0.72016393225313446  0.73053153666002679  0.74078019564491027  0.75077227059959595
  0.76012112337593629  0.76992461962526015  0.77984719815929315  0.78980103134489132
  0.79954282156498868  0.80948739923094359  0.81980245951684416  0.83038094036979504
  0.84112672706291192  0.85239112756035984  0.86384408825848746  0.87486950516761830
  0.88483226957402350  0.89432879452568170  0.90419269216584586  0.91422481973468450
  0.92425243946958258  0.93427381447885582  0.94474023741879543  0.95565873891941711
  0.96641104233214881  0.97729345103417620  0.98857072860773221  1.00000000000000000
  0.00939507536525414  0.01551780094865012  0.02502839845998547  0.03545810023927603
  0.04508747912380207  0.05462974767553649  0.06428967462708177  0.07444875515368767
  0.08503150199149372  0.09643866279256422  0.10827591651033110  0.11994790979791761
  0.13172502668085545  0.14323828034094330  0.15440360084743487  0.16487823945753149
  0.17526773404272453  0.18528895229451053  0.19437846225592592  0.20285833202564729
  0.21150928399739416  0.22043982172911075  0.22963364284908475  0.23857584225727027
  0.24729957049437243  0.25676975337965413  0.26740360614435321  0.27823991261214903
  0.28927141848227877  0.30017643280928213  0.31077634549507394  0.32151091880943683
  0.33225768060183763  0.34273355800853461  0.35313544185959928  0.36355630190340760
  0.37413297230184317  0.38435946127484122  0.39468331961010894  0.40517000499604094
  0.41519310079095356  0.42506300893851656  0.43497422665087904  0.44471191553306233
  0.45431102326702377  0.46426997956896898  0.47468970880016331  0.48536287455286448
  0.49584450332401431  0.50632184109318479  0.51676246684943594  0.52696630069174732
  0.53732687669991419  0.54789554314970368  0.55811067877222420  0.56835290476706124
  0.57896237421392038  0.58953473065172834  0.60015959853685308  0.61064274552848730
  0.62116071878478973  0.63182579947091944  0.64253405276708120  0.65361337145986453
  0.66508559183434801  0.67674986601098486  0.68821953824751558  0.69947555861138599
  0.71065950846970893  0.72208843574499360  0.73371961432309274  0.74488376645128873
  0.75499254224702372  0.76441198659428677  0.77423931928868794  0.78499345047909175
  0.79629685525144889  0.80669451054708552  0.81678387283227971  0.82670840291777614
  0.83666057972859065  0.84625108167461005  0.85608815502812441  0.86625435471107537
  0.87670131244277982  0.88753227489432840  0.89837996948475529  0.90944244376263406
  0.92048369242641892  0.93167947577416799  0.94289471379331080  0.95453813887086403
  0.96647380242041314  0.97820968660230334  0.98928889658630415  1.00000000000000000
  0.05791940547163688  0.06027464646744721  0.06232603245875321  0.06499181055178795
  0.06889138608085699  0.07257837261629338  0.07621378540302490  0.07997114699498731
  0.08382095219703237  0.08778810126109016  0.09178991724687051  0.09585406575231567
  0.10014989111108087  0.10451736841824492  0.10893579997795699  0.11345564058642223
  0.11803981552572151  0.12271377582309935  0.12742524452379120  0.13233395054731201
  0.13798317911844185  0.14316772258444099  0.14731694216880856  0.14870998342651454
  0.14990152872412674  0.15111496274559294  0.15240388283947207  0.15450074690886251
  0.15688606251920320  0.15924773872675893  0.16161121346051502  0.16397902763265435
  0.16635886662061164  0.16873377558219030  0.17113175494407049  0.17352543421053868
  0.17590341271834467  0.17827473182875053  0.18068817776426305  0.18314496851966744
  0.18561338216957918  0.18809167956300532  0.19061080997058466  0.19318563412550963
  0.19576178189608892  0.19834525350463997  0.20096182204607563  0.20361215821317383
  0.20629976836237060  0.20903563117265098  0.21178065110162847  0.21456605330850159
  0.21742750675091962  0.22033386137978486  0.22325546517861841  0.22619971984693843
  0.22919107312486217  0.23224281337310945  0.23535296958462482  0.23850857286434635
  0.24169651595993127  0.24490707751246474  0.24816689001039655  0.25152356064620912
  0.25496733486756673  0.25843410475110845  0.26195495485890291  0.26553296659198028
  0.26920110587209412  0.27294914435728113  0.27679314663358445  0.28074214912677953
  0.28479253846074654  0.28893183208158002  0.29316888349155168  0.29756511857423468
  0.30214887387902722  0.30687445364578653  0.31179697003509260  0.31698136981743330
  0.32242602024528644  0.32812877598554924  0.33413394007761893  0.34049804378803100
  0.34738482019250466  0.35492400261629736  0.36324933502211232  0.37260417331607432
  0.38313697452513862  0.39530397802653083  0.41022663099288487  0.42890603803957850
  0.45559366189405881  0.49868207929341879  0.58520344701204940  1.00000000000000000
 -0.00317037205516769  0.01216376079862798  0.02383176832594206  0.03505173093985441
  0.04631921723323183  0.05781436974461712  0.06936585145129257  0.08083255401010071
  0.09297371424295298  0.10508216786800705  0.11715857661672549  0.12911522024861732
  0.14096444348749210  0.15303957082127934  0.16508660214867957  0.17673946596123008
  0.18834455990492838  0.20003928676967730  0.21198705997190789  0.22274174665642993
  0.23320457044591233  0.24322354991075928  0.25352484005611819  0.26363217668496708
  0.27391825559474531  0.28443606430632412  0.29494051748160294  0.30556792960922236
  0.31588727281541396  0.32571743907137035  0.33499362791308357  0.34389767328801901
  0.35320407117026548  0.36283880745525032  0.37220591848999257  0.38100423906851200
  0.38968977452234793  0.39855872680619236  0.40783802988151469  0.41732419461747272
  0.42687539649914680  0.43578583034093016  0.44522599557113740  0.45382225226546535
  0.46299323262348568  0.47264733822397231  0.48237547158121685  0.49213155465299158
  0.50198021894671407  0.51127319137963922  0.52080298212252873  0.53009738035756671
  0.53923731699120392  0.54857763353007571  0.55778701066389924  0.56720717708234647
  0.57721184885217147  0.58783449154082168  0.59960443918212514  0.61052520348830663
  0.62085609583769863  0.63111516468831119  0.64127587490827687  0.65124800735265753
  0.66106376843141201  0.67158117082977009  0.68279232020895264  0.69316521802622300
  0.70308383846833800  0.71266940018759140  0.72247403043147573  0.73182841008606392
  0.74088368059429199  0.74963083299685307  0.75924207415256550  0.76869764663924356
  0.77876827425929263  0.78934946672319761  0.80073178888137087  0.81201825073244482
  0.82299780349237650  0.83418139813536296  0.84600601794421237  0.85837541124243988
  0.87054608986498883  0.88230589234158452  0.89414480337125102  0.90630956944313201
  0.91820210905839972  0.92921518144375737  0.94038667006969101  0.95190260478273570
  0.96315107216717644  0.97389359679474408  0.98611366143743329  1.00000000000000000
 -0.00230050745992089  0.00913675286511358  0.01879810942605362  0.02838297614594905
  0.03770201641184696  0.04681322752858271  0.05515893604830555  0.06389877842950184
  0.07298661665131602  0.08233216199200068  0.09198079164163188  0.10211564745336531
  0.11319707216158520  0.12436772316896272  0.13487327393491519  0.14498517721365786
  0.15508921357678562  0.16530844683908283  0.17530593873723749  0.18473941466221991
  0.19416173786330604  0.20390648710509915  0.21438860244848065  0.22529889374059145
  0.23595907539028740  0.24613966161679582  0.25615131134224184  0.26618205385087140
  0.27629575023053032  0.28612489531484842  0.29640085962789331  0.30728514358861181
  0.31812509689262458  0.32843223300788754  0.33796180100472117  0.34718714971482806
  0.35670381227324904  0.36613444089435759  0.37543409278671708  0.38483379139216928
  0.39487978558543008  0.40603633655586524  0.41746296386455484  0.42881040665996051
  0.44035772614466001  0.45223318157903702  0.46404572218986134  0.47557996770908123
  0.48699486465973696  0.49830558471557412  0.50929259075826527  0.52006976985198894
  0.53041706218930518  0.54098701520298720  0.55177386041771270  0.56171448005518732
  0.57162192378823995  0.58215276897181201  0.59386888669340021  0.60642548111242134
  0.61829785966858053  0.62994011519398185  0.64133639388461960  0.65259899816052303
  0.66410476110608863  0.67591729692425639  0.68761777910990329  0.69889868796589938
  0.70993821479113350  0.72117042590916980  0.73235643940546191  0.74322245782222451
  0.75415714283508040  0.76505451129635793  0.77563310122088125  0.78614649774521816
  0.79671312971084352  0.80725064389725343  0.81734255211277973  0.82671951867462701
  0.83643031790418954  0.84629042319235370  0.85632073775938200  0.86665908393550106
  0.87784483960137849  0.88982799353951758  0.90202446005213333  0.91347597649962420
  0.92476934958702928  0.93609416585374750  0.94668436027081637  0.95702599040669634
  0.96761329250966854  0.97840249306623361  0.98939255948469151  1.00000000000000000
 -0.00260831410107425  0.01072589118718202  0.02182942821673690  0.03341847338204527
  0.04530733208524850  0.05826773834531538  0.07134088450493829  0.08392722353911702
  0.09522791877257228  0.10629146218786861  0.11760984610463528  0.12907226726544291
  0.14032958142174221  0.15136685242590181  0.16211449049860033  0.17310825711743713
  0.18373585580617535  0.19464167738429541  0.20518302399175242  0.21622089267295444
  0.22713050821955014  0.23809862586573705  0.24915988877696027  0.26001610107520506
  0.27048053067527983  0.28018223695252276  0.28978827446173844  0.29924969634406356
  0.30875590778791961  0.31825020987908209  0.32774738345009152  0.33735221633954809
  0.34725814689343071  0.35720002922315641  0.36720653892843008  0.37722955541846570
  0.38722849279443755  0.39705605546270673  0.40663950946134819  0.41656274992950643
  0.42699447437605853  0.43744946898551990  0.44705016573653283  0.45634436594953520
  0.46599724492982847  0.47623143487828784  0.48700910915519102  0.49780857946719220
  0.50803318083192905  0.51752002137752939  0.52684232018421795  0.53624125606370154
  0.54566291170906944  0.55484771072158223  0.56374703871451892  0.57278154491364675
  0.58208855825644046  0.59154973439624148  0.60115599422442534  0.61157364707536477
  0.62259534257281746  0.63337210311428949  0.64384535764457318  0.65436569757709184
  0.66521023525469780  0.67638225744021829  0.68785617206149918  0.69958872614427092
  0.71136914734278178  0.72281015465024079  0.73419668762634493  0.74549432382219372
  0.75695875537502366  0.76872152796454774  0.78040615840152394  0.79165039594310427
  0.80176162661279937  0.81173846743799871  0.82166921606711074  0.83130964104769201
  0.84051340043040390  0.84967209907646934  0.85938198794559695  0.86983279839671901
  0.88014665922863256  0.89042422573483471  0.90092004964110084  0.91104974785726267
  0.92038106193144520  0.92954757341512984  0.93958949465831776  0.95076594137605652
  0.96286802835318952  0.97526602339862434  0.98766359375243806  1.00000000000000000
 -0.00269827257843685  0.01022575559832338  0.02071039181208596  0.03093513827629675
  0.04107716673769413  0.05133722598199597  0.06149526799774388  0.07226984431317243
  0.08334329704465608  0.09449939995969463  0.10596447136563872  0.11717797797576650
  0.12813321094898911  0.13906195287863174  0.15042857739931878  0.16298839487656999
  0.17461538077597935  0.18561211327022223  0.19650218938267627  0.20727514252168758
  0.21749367389587274  0.22751114755987223  0.23860890033804164  0.24972676430073054
  0.25974769647903323  0.26945844055045620  0.28001008662893140  0.29052535896904674
  0.30086867572117593  0.31105430846260596  0.32274942119033340  0.33425718288334910
  0.34525390718319160  0.35610075202297903  0.36715764285974178  0.37817661464610103
  0.38910947197355594  0.40009746868935492  0.41124728409806804  0.42271000627677219
  0.43403914143928862  0.44441131072139511  0.45391489319786493  0.46330085941741039
  0.47248795469088850  0.48149317917274070  0.49020686504836891  0.49885214655380378
  0.50804491705998500  0.51790110162829905  0.52818344844949416  0.53867937110878772
  0.54900791489597234  0.55953121694162677  0.57039097894686863  0.58077367137393632
  0.59062403923658469  0.60030426260573166  0.61097096521288408  0.62263898045773547
  0.63365747914467307  0.64454162064747955  0.65587742714328345  0.66718132911101979
  0.67749572819878390  0.68731850256674099  0.69705176228385257  0.70680997464450668
  0.71583301983604741  0.72465538581011701  0.73393979854784441  0.74386913529368981
  0.75374024677734386  0.76333725818415576  0.77327154151983823  0.78385029527598560
  0.79466326080139138  0.80554013722568607  0.81620471140086481  0.82661605366751800
  0.83727187477979115  0.84826736315605944  0.85887404933820410  0.86896201252514937
  0.87939512231930350  0.89037319730658793  0.90082156838630634  0.91108926642102639
  0.92152651342980429  0.93235695621130332  0.94312370224849895  0.95428144450746899
  0.96559334858389978  0.97669354102998407  0.98821453911196588  1.00000000000000000
 -0.00239451741789256  0.01041362167600023  0.02050996412207218  0.03102734744781038
  0.04146560034582231  0.05239163507445568  0.06296855546751276  0.07481856809241423
  0.08641353333577796  0.09750994010090031  0.10855927526582404  0.11945031162445784
  0.13021414669824261  0.14129524463133863  0.15142763071440346  0.16159363704078475
  0.17105523909405101  0.18016476341335502  0.18901501853818581  0.19762490750437559
  0.20619889268022318  0.21525532180964485  0.22454054654701425  0.23416846604513855
  0.24426842744431176  0.25426037378672028  0.26389081528906594  0.27399666373474318
  0.28445908644489770  0.29493845681643605  0.30535293675522690  0.31582334164226106
  0.32652244564909338  0.33715729429875813  0.34786385980768270  0.35864966953253025
  0.36945488897786544  0.37990409269209036  0.39015552692388694  0.40100569162777078
  0.41246192890866473  0.42329294273255713  0.43319175786388986  0.44312736116634244
  0.45336182346012965  0.46380020910530562  0.47435005682827974  0.48539818683397429
  0.49711350436234802  0.50803407675561696  0.51843482908945004  0.52882353816839933
  0.53873125932359722  0.54824771412537932  0.55743097850597667  0.56742891237255311
  0.57786992926840663  0.58844333570293561  0.59931671993761104  0.61098570678988218
  0.62302159850206762  0.63477081155363435  0.64606459931164639  0.65708983137587162
  0.66793171926640083  0.67890188498242376  0.69021971127352599  0.70207780702785139
  0.71333384215325379  0.72385272914108612  0.73411628523668704  0.74416706347699413
  0.75391458193037619  0.76324719524779250  0.77309568331827228  0.78361576040706526
  0.79424518679333411  0.80492186532367715  0.81629107110343990  0.82839735063180431
  0.84019324945978691  0.85163664692904317  0.86326229452845615  0.87500519845724734
  0.88669559076442683  0.89749632606563323  0.90715795208464467  0.91649612396979063
  0.92580393808791761  0.93497338740547753  0.94415813028507112  0.95396225559838965
  0.96456604400178736  0.97681656598378408  0.98842302033088481  1.00000000000000000
   2.2399125487513374E-008  -1.0000000000000000     
 F F F F F F F F F F F F F F F F F F F F F F F F F F F F F F F F F F F F F F F F F F F F F F F F F F F F F F F F F F F F F F F F F F F F F F F F F F F F F F F F F F F F F F F F F F F F F F F F F F F F F F F F F F F F F F F F F F F F F F F F F F F F F F F F
  <DiscreteSampler_grid>
  grouped_processes
  1 # 1 for a reference and 2 for a running grid.
  10 # Attribute 'min_bin_probing_points' of the grid.
  1 # Attribute 'grid_mode' of the grid. 1=='default',2=='initialization'
  0.0000000000000000 # Attribute 'small_contrib_threshold' of the grid.
  0.5000000000000000 # Attribute 'damping_power' of the grid.
 # binID   n_entries weight   weight_sqr   abs_weight
    10   10   7.344573380617393E+004   1.735117807932767E+010   7.344573380617393E+004
    16   10   7.344573380617393E+004   1.735117807932767E+010   7.344573380617393E+004
  </DiscreteSampler_grid>
