  0.00020652446714513  0.00026009353522207  0.00029627228007190  0.00033507400108203
  0.00037600902612365  0.00042348258511871  0.00052141294655578  0.00084423913511718
  0.00131213256424567  0.00168233426477055  0.00203482080452749  0.00245182819983015
  0.00292903783306160  0.00346284580609933  0.00405150975227768  0.00475611013020162
  0.00553437861899763  0.00639711541093309  0.00739674644935494  0.00857383851714074
  0.00980764002649441  0.01101585789660548  0.01235823080142778  0.01393017721157554
  0.01593224793486451  0.01849095763887720  0.02136442507703866  0.02465701694641893
  0.02819619344736455  0.03184274462176573  0.03571992799589380  0.04057730470221336
  0.04602123278794089  0.05113237355245927  0.05546601503303174  0.05850837251502143
  0.06058732402940074  0.06204723496827395  0.06308764133321842  0.06386344557496884
  0.06446459524047585  0.06494280840178759  0.06533408235844036  0.06566146909840080
  0.06594112844456261  0.06618495685877697  0.06640206412208234  0.06659766438444932
  0.06677677127357654  0.06694284693276174  0.06709507813297196  0.06723551088016816
  0.06737216728641397  0.06750456679705905  0.06763344574134490  0.06776006307506334
  0.06788603787154950  0.06801220407994243  0.06813910822546625  0.06826769559990686
  0.06839935786248248  0.06853526950389541  0.06867778153635820  0.06882864414727259
  0.06898970589009509  0.06916344932346251  0.06935307460150052  0.06956210534283851
  0.06979488980614081  0.07005722613336249  0.07035882084070025  0.07071722937541020
  0.07115115113008429  0.07167619937923260  0.07233048872398685  0.07317564020977962
  0.07429490184804800  0.07583462655130883  0.07807069912150090  0.08142517539523605
  0.08651121930264988  0.09406543985149404  0.10493653980734077  0.11949604671576233
  0.13854789402079512  0.16334411695030979  0.19634082007121170  0.24055739343148136
  0.30333766288585495  0.38441189103448936  0.48425931566893338  0.58690637236443399
  0.67950455565161016  0.79420012410031315  0.90895623499566958  1.00000000000000000
  0.00013757021391646  0.00023515727438044  0.00028434347433967  0.00032823570086263
  0.00038183753801152  0.00046803726998408  0.00071725806135214  0.00120509173872811
  0.00166156744822808  0.00209757617783764  0.00262449018630691  0.00322371767366715
  0.00391281718619901  0.00474815159558023  0.00569920087118821  0.00682000722714887
  0.00810637432076856  0.00963601158056108  0.01135964282015494  0.01325848907139437
  0.01541652884978343  0.01784006603196127  0.02059005484563258  0.02382122286366506
  0.02770906039379314  0.03227176240101527  0.03748367371483316  0.04335042286950833
  0.04918950998286258  0.05409618145713602  0.05769084491843328  0.06012353873254828
  0.06177893822468162  0.06293984019363602  0.06379113307522258  0.06443894468090350
  0.06494681203832943  0.06535671964170009  0.06569607293665468  0.06598403269265006
  0.06623507622102799  0.06645711849679480  0.06665671106182144  0.06683845557218793
  0.06700550503110142  0.06716078944138940  0.06730742978029092  0.06744818634606152
  0.06758473943150477  0.06771829542969492  0.06785031092078909  0.06798212707032734
  0.06811565208478002  0.06825135208869193  0.06839032109413665  0.06853489699872044
  0.06868658300298780  0.06884789260213253  0.06902091488291680  0.06920793795467559
  0.06941242772442707  0.06963907672552987  0.06989430708837308  0.07018688958409015
  0.07052938128833371  0.07094080492777825  0.07144434566218850  0.07206973883654232
  0.07287653655042503  0.07395583250852435  0.07544639240437659  0.07764441569893600
  0.08096104924226460  0.08591359729631728  0.09324614147611159  0.10351832335780084
  0.11705298814233064  0.13454032444637803  0.15744098037067417  0.18791514822299291
  0.22811595748738908  0.28117598104007713  0.35083908666018920  0.43959305716622110
  0.52663197522212191  0.58442784207168030  0.62279663269273733  0.65539470815942347
  0.68748654089951311  0.71762669775000421  0.74678762282394040  0.77380760137763749
  0.80718379716270372  0.84879779681845402  0.89311121067894761  1.00000000000000000
  0.00048944219684447  0.00082908588377296  0.00105807834472701  0.00130166387871665
  0.00157380226497632  0.00187261525931113  0.00219605376278089  0.00253817493955217
  0.00289551043455239  0.00327597173400744  0.00369499522825388  0.00415811491018145
  0.00464610898923682  0.00513213232901573  0.00560265043889662  0.00605642204297667
  0.00650668743811300  0.00696229513768850  0.00742625678366261  0.00789057534972940
  0.00836161143689479  0.00885842240404171  0.00938489229818259  0.00993428893890319
  0.01050940918098746  0.01110807049997300  0.01173688942480945  0.01239251786402444
  0.01308441985667421  0.01381095586836620  0.01457454537465395  0.01536926316009086
  0.01621274407176266  0.01709207226943753  0.01797382647176583  0.01888901042327143
  0.01985478577808591  0.02087396713132738  0.02197414635372267  0.02314154003629306
  0.02436059143261800  0.02565703728492492  0.02704276284722652  0.02850162949941298
  0.02999190393890738  0.03148142683993897  0.03297417451935136  0.03455062142274325
  0.03620568040652167  0.03795176664805415  0.03969547077024302  0.04154141744782647
  0.04347950900405419  0.04562762409391974  0.04798594144921706  0.05045349792132810
  0.05304138094114969  0.05572469900856709  0.05846297308201477  0.06136784159622246
  0.06445319718143980  0.06772935088883340  0.07116086979291369  0.07468512474202450
  0.07833595671964229  0.08220058783949329  0.08636594600086805  0.09073156528473500
  0.09523341262802747  0.09997870115689424  0.10516200368431849  0.11071738556498524
  0.11675159678273715  0.12335028377335519  0.13044416476420448  0.13794643476327653
  0.14568552072655888  0.15403355173630343  0.16278731555709955  0.17306077455305119
  0.18402382135401724  0.19603902981622079  0.20920470212116532  0.22286857055102299
  0.23748779050483598  0.25321091298362086  0.27020048571391853  0.28869508823206652
  0.30809194262154049  0.32911482821659099  0.35197900996752213  0.37818829478124871
  0.40978490055341632  0.45061027008782512  0.52971002791855537  1.00000000000000000
 -0.00168709117041269  0.00717550618173976  0.01661631099372879  0.02566638807496403
  0.03547266495267085  0.04513393741911967  0.05471351712708152  0.06358372329064156
  0.07284216223644510  0.08236560725440370  0.09126799116422082  0.09945217449202383
  0.10767017403056386  0.11629353115761083  0.12543758850073120  0.13496771512618058
  0.14451193497875281  0.15387617711957477  0.16321333598286092  0.17271228450648612
  0.18246356821105075  0.19220861010083415  0.20189636982541120  0.21143147511183519
  0.22118713530561815  0.23114146322843743  0.24127489212508849  0.25149936978947507
  0.26153167117197157  0.27141744936220036  0.28118181864375796  0.29102042379094173
  0.30133718032007645  0.31195936004310654  0.32279606660607119  0.33366199045905293
  0.34457864093348517  0.35538388932825388  0.36624802797665595  0.37680325853487284
  0.38738784978092505  0.39772075271315932  0.40827127553526921  0.41910925006960364
  0.43018876535637074  0.44150212795447530  0.45260957738772667  0.46372565130625759
  0.47458315034088078  0.48573564232191457  0.49699640805437284  0.50826149424622080
  0.51942706955908635  0.53074763616923515  0.54200689204051966  0.55342537072906850
  0.56485545828488637  0.57671089062373471  0.58848884146514679  0.60001784706554651
  0.61144390953275951  0.62274266626702235  0.63400246525729065  0.64528670303298641
  0.65668489245216566  0.66768938251422116  0.67879622952966689  0.68960371836677981
  0.70085592425969279  0.71218090537142309  0.72398348175876404  0.73554082988688907
  0.74670716297919781  0.75791865551686932  0.76886285126983978  0.77965628738623383
  0.79074871521721857  0.80191862539825742  0.81316459026044752  0.82456535922331520
  0.83600610598391734  0.84730010287272417  0.85836465161751507  0.86945593178016967
  0.88081977328594474  0.89229950847678519  0.90356054704633382  0.91454111592916343
  0.92546460928010454  0.93641591603328034  0.94729713987531705  0.95824888964859001
  0.96929953041152583  0.97987048731124649  0.99023563287253757  1.00000000000000000
 -0.00256574149803686  0.00994867793785306  0.01972538229378827  0.03103007692706708
  0.04148939163950393  0.05157361237151348  0.06231983278988776  0.07258878210350184
  0.08270880302681147  0.09298293306571120  0.10327244051183795  0.11387288904939601
  0.12459618966485431  0.13530964712387142  0.14598904774829449  0.15658757889623601
  0.16719601504838147  0.17781555263251675  0.18854730707601944  0.19908352739475974
  0.20989496957772538  0.22074073579996301  0.23189684535588140  0.24290737185619327
  0.25297598081446698  0.26263493810080429  0.27241833120364423  0.28286326583033627
  0.29359177178927798  0.30400700398818625  0.31398218932043370  0.32399444523354187
  0.33411177433519018  0.34474601847819103  0.35543083475361475  0.36609334232588830
  0.37672236308557389  0.38768687539472280  0.39872227589078851  0.40975598131807156
  0.42065080073599287  0.43147199098580935  0.44242797297317976  0.45333232229007975
  0.46415755580531615  0.47477757952070626  0.48553547177012263  0.49649005714469924
  0.50711344631902833  0.51747910345373005  0.52796058625365849  0.53846203424661920
  0.54935210357769426  0.55946486023624276  0.56972999371308042  0.58001539214766196
  0.59004129553058304  0.60098566569246881  0.61147573372096797  0.62240511166987733
  0.63322114967030108  0.64432734435931838  0.65515899397025013  0.66541953948502064
  0.67590466960977047  0.68602947406823567  0.69649047992152857  0.70732782254589122
  0.71818560849985924  0.72877324068300064  0.73906176626609710  0.74920807934080780
  0.75960599775445514  0.77001873558414469  0.78067312453472060  0.79131665894124870
  0.80223994498959239  0.81313719062841583  0.82379801897646820  0.83448828248368967
  0.84543832308051525  0.85648423196580648  0.86654082364575558  0.87634634074118178
  0.88630340497593207  0.89574090343717705  0.90668472790192611  0.91765375669112093
  0.92841025744474537  0.93925778479925937  0.94960319901948287  0.95991141934851232
  0.96966977306026159  0.97975429932324276  0.98974142930009767  1.00000000000000000
 -0.00212238132962025  0.00802926403155123  0.01737824613214367  0.02710684401320840
  0.03707006209721520  0.04718181018974637  0.05714311289291196  0.06711388259155485
  0.07678529977750494  0.08623778154469923  0.09548180554232319  0.10486065373008982
  0.11425974612950505  0.12368473456483148  0.13310146985401017  0.14267489314611390
  0.15250988138166074  0.16171870210741665  0.17143873336542625  0.18124050625576679
  0.19081020577102553  0.20089458207357083  0.21070432309717343  0.22024693016087335
  0.23003186823172916  0.23967244911636257  0.24970493304252150  0.25962057388057153
  0.26982187826922999  0.28026891479866811  0.29089775588046035  0.30148621713059526
  0.31208836484177260  0.32266493757226306  0.33339461445332930  0.34421268032207419
  0.35492643948778935  0.36548196866564131  0.37595098594717669  0.38625959415527611
  0.39639534517914660  0.40663626501488948  0.41719939170629511  0.42809721789918859
  0.43901809452507817  0.44982673290225866  0.46080369514215391  0.47191618811185543
  0.48306151438919648  0.49414714280261257  0.50537360567623912  0.51677550801971672
  0.52824426065149888  0.53952136882738577  0.55066810829558577  0.56177567255110838
  0.57306310666677429  0.58450749462755547  0.59600724396659621  0.60761886208512106
  0.61928973032396550  0.63085303582880270  0.64235655684945336  0.65388437377629427
  0.66547785415768812  0.67709366337914001  0.68875970581357882  0.70023440415122629
  0.71093814884818218  0.72136631054658584  0.73170420717927798  0.74253389312286699
  0.75412594120613541  0.76547833051332825  0.77614806442777995  0.78686749688043300
  0.79768851062451041  0.80872273649176729  0.82023552663506261  0.83079251335742943
  0.84077498181789712  0.85069745708454025  0.86150148456972653  0.87259662213770561
  0.88331452035058777  0.89406748209850995  0.90420259689870752  0.91503454063791412
  0.92631111463426263  0.93685887393417067  0.94754676463847209  0.95741978149423579
  0.96766474763870325  0.97829096687878092  0.98837648450799920  1.00000000000000000
 -0.00238654450066106  0.00920176595348735  0.01942345916051472  0.02984151961181902
  0.03902596676322725  0.04852264171766042  0.05865990579165809  0.06941423135042767
  0.08028790187748754  0.09083847565056515  0.10140655695573149  0.11220210179611645
  0.12334715478654933  0.13445196964017603  0.14512816467252512  0.15548678417417100
  0.16572295807568527  0.17626831861326672  0.18649030433773792  0.19655899916363917
  0.20664834818070577  0.21713782762946665  0.22791837971624776  0.23825960980936042
  0.24839959249672658  0.25850932986518571  0.26895285726261214  0.27977651301371886
  0.29044083888478534  0.30105903575577292  0.31182381298337641  0.32270590506153468
  0.33383857562878588  0.34501149054419672  0.35608145816728420  0.36708428692327455
  0.37783248871116626  0.38847759064766907  0.39889455524435791  0.40953487027373331
  0.41999584213994784  0.43044437718665296  0.44082303454324756  0.45134071414848809
  0.46214914311424488  0.47275827058950864  0.48335125163086456  0.49409557110950492
  0.50517020414134517  0.51634745971265483  0.52749827253340109  0.53864153699638739
  0.54990254019152751  0.56103310904954495  0.57146405808291423  0.58155881352892780
  0.59156221685127885  0.60191893989398948  0.61281249339885846  0.62382489901742522
  0.63484416850756586  0.64542046860676272  0.65574130304259270  0.66590224473899162
  0.67624625656298787  0.68667876806973327  0.69698450502785969  0.70735162331664836
  0.71793570921905991  0.72871282480180244  0.73952577008860809  0.75015978889171253
  0.76041939971121397  0.77060420089375548  0.78101527966479500  0.79174201195999783
  0.80252542403637817  0.81311507613430656  0.82378772618912377  0.83371814300765790
  0.84393004359887447  0.85371876535807956  0.86346482307495287  0.87354329047382873
  0.88365471148816432  0.89433940789143984  0.90476818856391505  0.91485442841876052
  0.92494554184731081  0.93521741755942966  0.94574425949222007  0.95651189384153612
  0.96714675597647171  0.97830706837691994  0.98855389930660009  1.00000000000000000
 -0.00198219752731990  0.00829817198799400  0.01849635887798650  0.02851450185173907
  0.03895385573745089  0.04986704473811716  0.06092788137623675  0.07190601073030045
  0.08262063125568796  0.09311894397433566  0.10380882458218067  0.11450495988011768
  0.12536159458472462  0.13651005911368083  0.14757944153983996  0.15855695541301870
  0.16927135699316828  0.18009752373594312  0.19076542565643595  0.20148507315633721
  0.21203870787478254  0.22281613025433916  0.23370197869839257  0.24461748107028478
  0.25556255764681934  0.26572014842751479  0.27576117031162267  0.28593126600631957
  0.29619803880855211  0.30714034374221899  0.31801565431456219  0.32857247338907997
  0.33914800589345945  0.34972673129688220  0.36024641808643099  0.37085373712360792
  0.38125165407811606  0.39162228018629647  0.40167143229786467  0.41204701981143738
  0.42243090012882173  0.43302509017976093  0.44338455677059085  0.45383953923035975
  0.46425208464205497  0.47509891721749853  0.48555904511298775  0.49569219326794522
  0.50576792658142466  0.51621887991888238  0.52748997817312548  0.53879791072454242
  0.54998744203215266  0.56088189304531066  0.57177570906365827  0.58253863630472413
  0.59338667367109543  0.60414455303702275  0.61468916353966530  0.62518354255822295
  0.63586866154096222  0.64667046251058580  0.65708876011585415  0.66721269739902755
  0.67730460672346771  0.68764442103005452  0.69842954984553141  0.70894522855008624
  0.71927202632070208  0.72928877438849660  0.73954955173411352  0.75022420341174012
  0.76134450351608307  0.77226489538284893  0.78261668299629783  0.79264530707771219
  0.80257707966542047  0.81271741454536972  0.82291215252814853  0.83347258953829884
  0.84435335096912734  0.85471160340890306  0.86455903797421296  0.87448292740107858
  0.88486099338497703  0.89566098874671241  0.90631722949777316  0.91712070712444427
  0.92734922420140797  0.93715007588980082  0.94701997437596341  0.95701373383026278
  0.96827267122803851  0.97927973244175226  0.98951615784543567  1.00000000000000000
   1.1970982976168334E-011  -1.0000000000000000     
 F F F F F F F F F F F F F F F F F F F F F F F F F F F F F F F F F F F F F F F F F F F F F F F F F F F F F F F F F F F F F F F F F F F F F F F F F F F F F F F F F F F F F F F F F F F F F F F F F F F F F F F F F F F F F F F F F F F F F F F F F F F F F F F F
  <DiscreteSampler_grid>
  grouped_processes
  1 # 1 for a reference and 2 for a running grid.
  10 # Attribute 'min_bin_probing_points' of the grid.
  1 # Attribute 'grid_mode' of the grid. 1=='default',2=='initialization'
  0.0000000000000000 # Attribute 'small_contrib_threshold' of the grid.
  0.5000000000000000 # Attribute 'damping_power' of the grid.
 # binID   n_entries weight   weight_sqr   abs_weight
    10   10   6.824572148159355E-002   2.818237239097999E-002   6.824572148159355E-002
    16   10   6.824572148159357E-002   2.818237239098000E-002   6.824572148159357E-002
    22   10   6.824572148159357E-002   2.818237239098000E-002   6.824572148159357E-002
    28   10   6.824572148159355E-002   2.818237239097999E-002   6.824572148159355E-002
  </DiscreteSampler_grid>
