  0.00981475768720205  0.01452627544080631  0.02255265808837423  0.03139481149706679
  0.04042715072985756  0.04924062905544269  0.05782677155613611  0.06734041571227686
  0.07826766802817044  0.08948156898471117  0.10033700072045328  0.11061447209124493
  0.12053750032351424  0.13052504297249873  0.14088137732324502  0.15147221585520768
  0.16223293498896041  0.17289630620821614  0.18345868852662217  0.19408385394251843
  0.20423403367317036  0.21404866812618339  0.22368066106774889  0.23357465738556660
  0.24367845796987311  0.25397329863261087  0.26436651819780677  0.27495604232287441
  0.28566468710861914  0.29676726372677525  0.30776280852081617  0.31780665303804945
  0.32715254727439469  0.33693870427222933  0.34668419121650684  0.35629705254483457
  0.36572260672748336  0.37565151601612778  0.38588290585177770  0.39586942885420218
  0.40564070279543735  0.41544412004202436  0.42550676587429154  0.43540398011316206
  0.44543966538543522  0.45593114400278861  0.46730351093813777  0.47839699115497974
  0.48898599197908754  0.49949234336601717  0.51027035935277421  0.52141452377855069
  0.53231346561572324  0.54347415091712226  0.55460298744420844  0.56623599150247217
  0.57820837133956760  0.59019624017263694  0.60186180073186435  0.61289158881720784
  0.62351372266829075  0.63410698935906062  0.64464746480050228  0.65509115107593929
  0.66531349984830612  0.67536858492045382  0.68555564586390572  0.69577366562180631
  0.70570835870924686  0.71540284865421377  0.72488183641109327  0.73496890984403285
  0.74571551724750185  0.75639387059337249  0.76726618995176743  0.77851461945398348
  0.79014580015784619  0.80202091920387664  0.81364763815199037  0.82495691567625828
  0.83604042981317095  0.84698939234456783  0.85815787169267910  0.86966279976727978
  0.88078033557215618  0.89131790112155052  0.90191646766650380  0.91291002142204236
  0.92355905850049813  0.93380825567806058  0.94450344804754671  0.95567182517209515
  0.96667297868177249  0.97740271277444490  0.98860840499584235  1.00000000000000000
  0.00900750368960773  0.01622276297143400  0.02621917042455002  0.03771415143058388
  0.04806968822473098  0.05872374872397901  0.06974507859080611  0.08130329403781135
  0.09117738735019122  0.10079353889324918  0.11057744392752356  0.12046139719326741
  0.13013686886297965  0.13946854251100713  0.14882161008368000  0.15834344937656794
  0.16793816084924756  0.17786637856915935  0.18840497222360356  0.19986622207016408
  0.21109457775084894  0.22173825099547925  0.23196526401609796  0.24178533990169870
  0.25174933448661801  0.26187379900608160  0.27237426435124584  0.28310007086107331
  0.29405599306083485  0.30542297058807716  0.31680501191324617  0.32838105071512341
  0.34020901073787729  0.35225526714071104  0.36429892134645381  0.37559277867721164
  0.38573058039122304  0.39523210345078658  0.40447704009638247  0.41371537645523582
  0.42312453524028781  0.43248642055458719  0.44216100835606020  0.45218670602114486
  0.46286111623257653  0.47407433555842127  0.48478633466526561  0.49511832949028833
  0.50529702059689729  0.51523694778678186  0.52458796286375509  0.53379719591185681
  0.54352451219174891  0.55371298041440742  0.56377849336352959  0.57383487354038676
  0.58437142024456157  0.59536757496228843  0.60680460237797074  0.61841790643313621
  0.62984714536778919  0.64116938841119209  0.65220933888040733  0.66272529494791088
  0.67256553952723253  0.68198273241170804  0.69141820161397027  0.70088536413118929
  0.71018585218136732  0.71971241784114481  0.72962338067022203  0.73958891165635954
  0.74916223670700421  0.75855799869395213  0.76816154964194761  0.77824764750998243
  0.78877105405527681  0.79943746346561662  0.80992911053238426  0.82031153593490780
  0.83097890177174638  0.84149012294923164  0.85148381621311908  0.86168209187684586
  0.87183049114008704  0.88227275392358451  0.89269303930807564  0.90349337685460163
  0.91445888913320006  0.92510960879080628  0.93591545713175273  0.94680166877184346
  0.95806876305901312  0.96931839770705974  0.98038714452501141  1.00000000000000000
  0.05769524002248600  0.05821965026236728  0.05988793597116961  0.06225828421396207
  0.06488402661941374  0.06857871582066387  0.07252364407205875  0.07634210008209716
  0.08023849459102335  0.08420847386026932  0.08833126355486055  0.09248652451698806
  0.09666827397915402  0.10097618886961165  0.10535091927978715  0.10976079774100675
  0.11426939244856711  0.11887487747118161  0.12369033942377214  0.12853275237501760
  0.13339757547754194  0.13863045785006686  0.14376983863952789  0.14843428124386834
  0.14901734975847405  0.15026813987814530  0.15149466477864423  0.15312491320988850
  0.15539479483149443  0.15778150919584852  0.16015938523108844  0.16256574982156238
  0.16496598655747549  0.16735025083842264  0.16972444749360308  0.17210235729189155
  0.17452251047995240  0.17697077873014916  0.17942295090835736  0.18187774507800428
  0.18435519775889145  0.18687727589170852  0.18942418908945005  0.19199692802646001
  0.19460095729436180  0.19724223477190672  0.19992167016048959  0.20264946296749212
  0.20537488895382219  0.20811038285518366  0.21086842453677296  0.21367350160555562
  0.21651658028246226  0.21938590537424704  0.22230661776547278  0.22527705223821284
  0.22828841603604658  0.23134353359737489  0.23443306029674374  0.23757686326110342
  0.24076925267473528  0.24402348485961839  0.24731360581696424  0.25062727225085291
  0.25399464744890626  0.25741033951958159  0.26089276459037936  0.26446532292893343
  0.26814599327732208  0.27189771314675965  0.27571945001845383  0.27961295181234946
  0.28365414377758941  0.28784289575817640  0.29217517340923843  0.29664263072258262
  0.30122961140065169  0.30593112046183740  0.31077028404160839  0.31584016933900250
  0.32118667844954163  0.32685599657702763  0.33292506180256776  0.33943625049613918
  0.34638194441809389  0.35388652246382735  0.36214859644278419  0.37145326883903867
  0.38207182382860255  0.39447410895851964  0.40970261320257001  0.42844293014590779
  0.45494840514978407  0.49819706806682773  0.58456058905621444  1.00000000000000000
 -0.00293059743034340  0.01220247528219000  0.02428211840756121  0.03693907622939610
  0.04991614052674990  0.06285213497150530  0.07524423212612223  0.08704254896700489
  0.09789010802060256  0.10866833005911899  0.11933253283385141  0.13017996720817501
  0.14142811007019510  0.15289568214697280  0.16475581839117590  0.17685078876586119
  0.18903810079422359  0.20114567549839857  0.21278028673604618  0.22394829143891329
  0.23469324564440561  0.24524045144514253  0.25559029633728220  0.26548339768189072
  0.27517355901182150  0.28459595982835384  0.29414941323670418  0.30407461979909223
  0.31429984262158223  0.32505016691306926  0.33556364011355516  0.34603320908816992
  0.35605912952042218  0.36526413107719002  0.37416800725047400  0.38291455798237339
  0.39191141280395930  0.40109708306402903  0.41010372930676248  0.41904997991331228
  0.42866227075411978  0.43885211046306127  0.44950808982364937  0.45982698355922030
  0.46921989628351612  0.47833168834544654  0.48755893152549035  0.49679630346812692
  0.50591192773822835  0.51480281178584431  0.52361312970445106  0.53273582361746752
  0.54217697527143249  0.55147220249113482  0.56061109859684566  0.57000755753428223
  0.57942001386357933  0.58914882042097216  0.59865885339614200  0.60903796413665756
  0.62012115516459831  0.63159413241804441  0.64294837530750115  0.65397238271156788
  0.66461321797778250  0.67475934828667661  0.68466860745266955  0.69443081318287037
  0.70454641543256624  0.71533078491074575  0.72642416366357632  0.73728778967517150
  0.74815133679087265  0.75933720602076282  0.77077520956201218  0.78167076383646650
  0.79262238825134557  0.80387336134344189  0.81548457412642095  0.82739821859868257
  0.83896814379540297  0.85020599726635293  0.86117945523699591  0.87214623461712482
  0.88332932261073704  0.89427220290480680  0.90420187450728784  0.91362818323171402
  0.92336893099713968  0.93366168903634228  0.94399861721746581  0.95441266592013063
  0.96540183909348776  0.97720703269708875  0.98850475677263683  1.00000000000000000
 -0.00245632169247661  0.00929229885735553  0.01918555366821102  0.03018530144273696
  0.04125500558329572  0.05121483458273930  0.06086699348154760  0.07108720362775621
  0.08153019126056826  0.09247202579957428  0.10323904873634128  0.11383847182072082
  0.12437868644124078  0.13464801988353720  0.14522462630905525  0.15550547925078811
  0.16531964250281919  0.17634494218653454  0.18770591722892330  0.19821455755583928
  0.20840278693147202  0.21866840609630883  0.22820539602797393  0.23750995204942213
  0.24664280053834090  0.25650390936298467  0.26677814063434019  0.27691313431895787
  0.28712351295812105  0.29739413517785923  0.30741716440878264  0.31706501300148970
  0.32693616608674175  0.33710019170189370  0.34786915822505543  0.35848497353226072
  0.36879357366798643  0.37882279626117510  0.38896565271040673  0.39890716090449857
  0.40903146966762166  0.41959653474712516  0.43074965862524017  0.44182736848234061
  0.45278137239047750  0.46373378355486217  0.47490642733379934  0.48578758603495414
  0.49681066447819155  0.50754467824328187  0.51864641368194342  0.52922519695826009
  0.54104793303078325  0.55344902503322091  0.56557305360326282  0.57639803721144545
  0.58652715195961957  0.59629755080610480  0.60591711427419204  0.61509446848381111
  0.62440789282450015  0.63370563187410289  0.64338649744462340  0.65314891093121463
  0.66310801790121210  0.67314885959533133  0.68421612975041990  0.69484826359757690
  0.70523276508299992  0.71547736987305421  0.72592628544127336  0.73661782030482092
  0.74696363921190412  0.75751515691089699  0.76833811682651210  0.77967169194132946
  0.79167738633180507  0.80376743825910335  0.81631242552951411  0.82807516465452802
  0.83977832536969721  0.85117401956310035  0.86207059715994816  0.87240082427565269
  0.88259949245771518  0.89272400065041158  0.90295476918474471  0.91289613018784255
  0.92349986452552102  0.93457957357132704  0.94545292008472015  0.95599275410613826
  0.96632335071106545  0.97674016037714528  0.98804506404718095  1.00000000000000000
 -0.00274216289744924  0.01218672497998437  0.02433051555481359  0.03679305408877361
  0.04873560217063099  0.06047947285047400  0.07205412871009924  0.08357458158838346
  0.09495688899735802  0.10584731177485869  0.11605098220925245  0.12594272268289164
  0.13583467841074806  0.14592429261509690  0.15642792345908507  0.16730498515231740
  0.17876002828994672  0.19034772925340024  0.20185993690422976  0.21346461428209562
  0.22520920067693129  0.23705001765586731  0.24890486571998990  0.26065381209247585
  0.27218991045208663  0.28391958698522124  0.29554278730585898  0.30732816002521351
  0.31899103146565694  0.33062573082235469  0.34177319259485772  0.35222852030336482
  0.36172337019092188  0.37148933291497627  0.38087313859521793  0.39061925237164880
  0.39995551144919855  0.40926421509729788  0.41863196835029415  0.42740568940253676
  0.43605351117886504  0.44517994546861206  0.45419620668492994  0.46381855176986453
  0.47417337981574859  0.48465823865905616  0.49553653408338316  0.50594198084220288
  0.51652337477056010  0.52707630712870135  0.53746665682951555  0.54809518172051730
  0.55892587201955890  0.56957362403435219  0.57989972327806416  0.59004306149257901
  0.60021991025109744  0.61055833646576430  0.62088817327845169  0.63105298445663582
  0.64110034447151820  0.65069513683012059  0.65982554416497452  0.66880379736183881
  0.67750161498418193  0.68669067607047540  0.69606530810319711  0.70521031546933521
  0.71433410135460362  0.72374359778915376  0.73363723675090886  0.74379232840938780
  0.75376009006457967  0.76362769718578338  0.77365656056607568  0.78372804950933039
  0.79377181466241753  0.80422211820605705  0.81509580032419227  0.82614796107915656
  0.83688802476849189  0.84719459464051539  0.85738562050121558  0.86746816984063735
  0.87749280333990154  0.88746354501951719  0.89771713938415887  0.90825507892634982
  0.91876877047941641  0.92943184265160528  0.94017888317893095  0.95214688786723567
  0.96430242083930662  0.97715929292928394  0.98881993888284947  1.00000000000000000
 -0.00234876770901791  0.00858833467369753  0.01831224910407186  0.02875696743513750
  0.03904636857957868  0.05045707018721079  0.06215797104274622  0.07367719388956410
  0.08488672139262593  0.09625227307336252  0.10791174768473026  0.11985762161067841
  0.13200235481079184  0.14450059677855762  0.15673632025295689  0.16809812081911993
  0.17849187673390046  0.18849891111677458  0.19851818895737067  0.20908225295513314
  0.21978212510009318  0.23076249289563860  0.24208640100388679  0.25344815631944850
  0.26510070215532067  0.27632418941822567  0.28711130909067933  0.29799242983342211
  0.30867464967177505  0.31925425654519818  0.32976429880378139  0.34020786123366614
  0.35055646127466061  0.36091714290291360  0.37132524544558310  0.38176771439496876
  0.39216610585408812  0.40237841231393717  0.41244060575959929  0.42264674261442980
  0.43287543001336087  0.44313254742437030  0.45327932359412615  0.46348262537471330
  0.47393128790124550  0.48442896372093180  0.49511887454304937  0.50558360086528598
  0.51576811147763479  0.52654712866376330  0.53795365362119230  0.54894078280283520
  0.55924999594357572  0.56895628628498673  0.57856392709268778  0.58842857139358273
  0.59811037319848770  0.60739672111762244  0.61652196692447758  0.62631250914776371
  0.63668705861265040  0.64722828143462641  0.65749939516002820  0.66789335645202152
  0.67861452128196553  0.68937763465847401  0.70015018940320262  0.71066781599062923
  0.72065336654712775  0.73067736587006527  0.74093557261429455  0.75134463438399046
  0.76163139802419355  0.77159489185418584  0.78206041214479805  0.79302360723923371
  0.80480620222842936  0.81702732843773973  0.82882176541592856  0.84035050495028185
  0.85167328810844856  0.86223816651346319  0.87257216576398056  0.88285241998661812
  0.89279266782945543  0.90211178557950478  0.91084559153717448  0.91976634495445231
  0.92898999285365258  0.93840305291541726  0.94788516048104665  0.95736184862265283
  0.96774972749754906  0.97806981986242925  0.98904854929062958  1.00000000000000000
 -0.00219859102345793  0.00855238364815282  0.01790722385882628  0.02833146812608239
  0.03862464037008158  0.04948483922995269  0.06048041118563433  0.07117579265644612
  0.08177655354632032  0.09212521608014404  0.10275872040452838  0.11393704088382824
  0.12519076907353591  0.13628509592702839  0.14682509083134876  0.15681552283575653
  0.16665902334598232  0.17651190906431666  0.18615491617959540  0.19603408996539484
  0.20537817289141516  0.21599104227088514  0.22633066147749428  0.23718150642156433
  0.24805180782827688  0.25927425655507469  0.27051110565791481  0.28286528172432146
  0.29430256755562789  0.30472239296669701  0.31497438191332117  0.32516236850060815
  0.33559861021033360  0.34599339261877388  0.35711632901928569  0.36866540533007164
  0.38018188464557379  0.39161920335346023  0.40352140149270210  0.41543040489741978
  0.42651213379575037  0.43689040466313567  0.44688510809689286  0.45658779463332505
  0.46610422085165837  0.47603059433054024  0.48645670149614489  0.49713289936963367
  0.50773468953066947  0.51871463958080377  0.53013235848764539  0.54150351747141090
  0.55277662822356755  0.56339498881220251  0.57290894224935252  0.58222239914257390
  0.59164303146384789  0.60130364172203765  0.61060419643941877  0.61934866186330373
  0.62865357556226720  0.63893268189075092  0.64971608438257977  0.66092376286454924
  0.67180960548509683  0.68234824271686767  0.69314113242187170  0.70401164765457414
  0.71496166287576135  0.72558361764755352  0.73585125584523492  0.74600007505302546
  0.75650544539103526  0.76713816786877442  0.77672117894497950  0.78571763781096893
  0.79488262966801659  0.80454593658763129  0.81456160009572387  0.82473877447133859
  0.83511078706758279  0.84701418500887249  0.85889212723364838  0.87059798733505767
  0.88209464621381639  0.89241343521022976  0.90285508381114654  0.91326795964481144
  0.92421615581117711  0.93472034508822499  0.94545357364644655  0.95623648950892515
  0.96686662157067871  0.97746613116388925  0.98865507213197568  1.00000000000000000
   2.1856907456851894E-008  -1.0000000000000000     
 F F F F F F F F F F F F F F F F F F F F F F F F F F F F F F F F F F F F F F F F F F F F F F F F F F F F F F F F F F F F F F F F F F F F F F F F F F F F F F F F F F F F F F F F F F F F F F F F F F F F F F F F F F F F F F F F F F F F F F F F F F F F F F F F
  <DiscreteSampler_grid>
  grouped_processes
  1 # 1 for a reference and 2 for a running grid.
  10 # Attribute 'min_bin_probing_points' of the grid.
  1 # Attribute 'grid_mode' of the grid. 1=='default',2=='initialization'
  0.0000000000000000 # Attribute 'small_contrib_threshold' of the grid.
  0.5000000000000000 # Attribute 'damping_power' of the grid.
 # binID   n_entries weight   weight_sqr   abs_weight
    10   10   1.730619214697201E+004   1.198512839982021E+009   1.730619214697201E+004
    16   10   1.730619214697202E+004   1.198512839982022E+009   1.730619214697202E+004
  </DiscreteSampler_grid>
