  0.00001288536783269  0.00005129452891011  0.00007515005427354  0.00009595575303309
  0.00011727105607156  0.00014206569048711  0.00017288816126097  0.00020921858744119
  0.00024929340438014  0.00029661263571619  0.00035314798135700  0.00042438177221339
  0.00051035549443980  0.00060804584210627  0.00072541236750704  0.00087264310360601
  0.00105885320688111  0.00128699567603557  0.00155821095859123  0.00188260619255660
  0.00227943657977672  0.00278440869740485  0.00343786608516406  0.00428233836592764
  0.00540407546536255  0.00697246545719688  0.00923226981445677  0.01256740554388255
  0.01750333268436580  0.02497151804447268  0.03532887705705881  0.04863090288963514
  0.06431543656592344  0.08127599851674372  0.09895105407465989  0.11716379123733037
  0.13584164719201178  0.15462521980495383  0.17333407895118177  0.19200770129263345
  0.21074800236796823  0.22961909907510372  0.24862250535691216  0.26767577175604218
  0.28658182580273839  0.30533967279294433  0.32409587319463445  0.34293150972258779
  0.36180761969936820  0.38060880214313825  0.39937368183211236  0.41813355952938114
  0.43674485489185738  0.45553305043302261  0.47450472136098248  0.49337707863715552
  0.51225558658899206  0.53122352249267280  0.55009249108067260  0.56880317732012642
  0.58744950566896470  0.60610724332462318  0.62473734951463078  0.64328129013476976
  0.66181259514434265  0.68038095192126435  0.69874032553380305  0.71696791006571936
  0.73504723125015425  0.75315402112490437  0.77142665628714902  0.78957917026330415
  0.80753289465927491  0.82526844914429909  0.84291274055592424  0.86033084613413902
  0.87759986441286419  0.89466126363531318  0.91098029854891782  0.92647873128453850
  0.94113442636498990  0.95442082764763525  0.96581218235845623  0.97503743803527376
  0.98213428889617960  0.98732854974409279  0.99099492296963076  0.99350925773168197
  0.99526461679509615  0.99659589184447150  0.99765487647993190  0.99848776738106104
  0.99904176217431473  0.99942387706943603  0.99973123113917761  1.00000000000000000
  0.00024690884603861  0.00031728966881461  0.00035786927741181  0.00039679764721315
  0.00044702859560978  0.00056752181451258  0.00091082889545933  0.00137421353066721
  0.00177308142350455  0.00218895420147071  0.00266335908905038  0.00321771928908224
  0.00384083485703034  0.00458966295093887  0.00543138258060729  0.00630228611677423
  0.00734770650116307  0.00857912389039701  0.01001035199916169  0.01170217329178149
  0.01362248347189880  0.01587999104666579  0.01846366160896342  0.02167768901847447
  0.02557314370428356  0.03012047860121531  0.03504177224358911  0.04050934134402855
  0.04651420855269502  0.05218228986576006  0.05647809648460847  0.05939972944313907
  0.06137635658499609  0.06274014644896923  0.06369073809608988  0.06438683986400502
  0.06492694939611393  0.06536044651626907  0.06571808243202654  0.06601980136847645
  0.06627989982132432  0.06650940878321837  0.06671512920598877  0.06690222712197363
  0.06707506768104617  0.06723748233575311  0.06739226384458499  0.06754123702131902
  0.06768604915740620  0.06782683110695846  0.06796634413016789  0.06810752468019554
  0.06825057047865933  0.06839698721172517  0.06854912861976117  0.06871026845815993
  0.06888346502980421  0.06907149687150399  0.06927785592712314  0.06950669719850165
  0.06976433904130964  0.07005951338161268  0.07040560156467719  0.07082172820570928
  0.07133294335301558  0.07197876841175553  0.07282591246420803  0.07397418967751943
  0.07559161920550876  0.07799990616898990  0.08171149033898298  0.08747393598964906
  0.09617531930497206  0.10854533816421993  0.12555202747999772  0.14982665822134458
  0.18376527773173221  0.22902448740528070  0.28967645345038634  0.37555746049938649
  0.48101245142047533  0.56156151153844103  0.59924608760111275  0.62364413910971217
  0.64736418203085211  0.67195129898716732  0.69442218647092668  0.71314126004990319
  0.73203553925955001  0.75263307170299953  0.77203439121629203  0.79083200871830872
  0.81204159728429737  0.84292026304199141  0.88870946604098056  1.00000000000000000
  0.00039837592213326  0.00074562695994876  0.00092065429295404  0.00111395128664216
  0.00131658228703029  0.00153729833732984  0.00178589238844602  0.00204817565237259
  0.00234221786116283  0.00266482812556891  0.00300444417497496  0.00338571419006184
  0.00380721885766268  0.00425180452302972  0.00473013361540238  0.00524407119976029
  0.00576911731015136  0.00628345332167354  0.00680912712719547  0.00733677902100597
  0.00787665708235249  0.00843598839022788  0.00901819390120926  0.00961281476721463
  0.01021408057164734  0.01084838943238180  0.01152392993444864  0.01223238205026803
  0.01294784678512590  0.01368585497187975  0.01445750502793416  0.01527698699643291
  0.01614583607538701  0.01705604911485763  0.01799098124778073  0.01894129306334260
  0.01991039170023443  0.02091377796147694  0.02197968015511740  0.02315281401136369
  0.02439901978786740  0.02571316867261396  0.02708552303239753  0.02851171545051825
  0.02999082591248005  0.03152985060182614  0.03313395445590531  0.03479530869651458
  0.03655166450477268  0.03846861654683526  0.04052643464180251  0.04265254502524008
  0.04484882837461438  0.04707817826811099  0.04937362964090446  0.05179447887661963
  0.05433929988998416  0.05696871260601833  0.05971782128170771  0.06251941011688711
  0.06537081155703016  0.06846215714550904  0.07183137308103699  0.07552600148629682
  0.07937897401968766  0.08343126094119115  0.08760931453525767  0.09197830344156163
  0.09670288486434135  0.10195200077111832  0.10747214480948539  0.11267922696148226
  0.11806618151533847  0.12393743738844337  0.13038455192085283  0.13755425164867860
  0.14522576355998884  0.15365279640199667  0.16268372770538056  0.17260753234588985
  0.18339575283470458  0.19515945611630101  0.20765944890320104  0.22117552679477387
  0.23577236123461412  0.25159241382059788  0.26864123454000127  0.28656641863383059
  0.30577520058440255  0.32664869955573922  0.34997337714807131  0.37635938902786853
  0.40661876593206098  0.44555904050155032  0.52968932729591900  1.00000000000000000
 -0.00227422143942583  0.00926079347772671  0.01823867594820020  0.02836721493705547
  0.03777742657162984  0.04770670010168766  0.05719549603258838  0.06681382286893647
  0.07579058591015184  0.08496286854359858  0.09395662521039774  0.10295360618836220
  0.11253332317518021  0.12201992282536339  0.13145468042002284  0.14117893439323359
  0.15087681671068373  0.16018607706244395  0.16932382973761606  0.17825402009049213
  0.18826891768532159  0.19815763002475159  0.20793056503547272  0.21750809159933437
  0.22735498790878098  0.23727489889408729  0.24745288070679133  0.25753189925336412
  0.26785149095740068  0.27831487843178254  0.28876152730158622  0.29916513418246332
  0.30956432599994954  0.31956856693059676  0.32960628664895553  0.33957149474462622
  0.34982615015613711  0.35976761369637789  0.36985337012334768  0.38010825340507504
  0.39140052351909921  0.40259882476574060  0.41343006228999241  0.42388161953652770
  0.43429271653592733  0.44491395644161980  0.45596943914958588  0.46719433820993006
  0.47837358827493742  0.48921711683773017  0.50009767140139905  0.51105577239098521
  0.52233626562959634  0.53337254718740490  0.54421292785640685  0.55505185490615716
  0.56602493349417971  0.57703520839162326  0.58821839906682782  0.59953986321182517
  0.61102822431066128  0.62262032096542519  0.63407753840097336  0.64529424488848575
  0.65649471982529062  0.66797349086153679  0.67936868759821678  0.68979255978144582
  0.69962183730087246  0.71011765634646473  0.72128089997844114  0.73240902398143248
  0.74336277358025860  0.75454123053641886  0.76587500102397288  0.77715387106979184
  0.78820562372632041  0.79919522102324048  0.81015901656287037  0.82113050696624534
  0.83209808096005533  0.84305613555979908  0.85413348732166006  0.86534446153103861
  0.87682679261381757  0.88841529211538339  0.89994387240218632  0.91103262330375534
  0.92208124787769019  0.93326426826524589  0.94476157677646444  0.95622517979526744
  0.96696964936492347  0.97787692073184274  0.98837567214369515  1.00000000000000000
 -0.00225672906096031  0.00854605069865585  0.01846341398490633  0.02932433601883683
  0.04006187047685814  0.05025795834592343  0.06050101027478307  0.07087786947248971
  0.08128099123589189  0.09186964489544286  0.10234999592858213  0.11309401334309926
  0.12376514259775910  0.13495127135728974  0.14595121145217030  0.15673207958941107
  0.16744779294104012  0.17803771925961748  0.18855813633050864  0.19880480632671471
  0.20931752411689358  0.21987065312328635  0.23054866136428112  0.24133001824561945
  0.25218254307613808  0.26314234694772698  0.27412888365288141  0.28515963563968172
  0.29596643877017997  0.30653038724850434  0.31708871164121921  0.32730247085816860
  0.33755748028775878  0.34782363657504894  0.35825446623923562  0.36857611031782411
  0.37868823481453912  0.38883242592814821  0.39909821382762173  0.40983758268031861
  0.42091828795623465  0.43171161243588657  0.44230378772425061  0.45184385299769408
  0.46196394109710731  0.47269745607587910  0.48353676950830526  0.49396000429840614
  0.50433519018815132  0.51452732740909113  0.52524085776452956  0.53589357833619444
  0.54631244336390183  0.55697466099649096  0.56758533162818359  0.57844615154755463
  0.58932549733102191  0.60043490188654181  0.61143513148029782  0.62217098267142912
  0.63293123423287256  0.64362084817485954  0.65449366391115771  0.66541745483764281
  0.67636409924518559  0.68733861727798284  0.69766489649700492  0.70809470147438436
  0.71846791715505198  0.72930509751943318  0.73981727053478519  0.75016696369935332
  0.76072186998937530  0.77149686318250976  0.78289125537622828  0.79345133902948406
  0.80299066242830497  0.81256208552978804  0.82182980967859498  0.83228482584035179
  0.84293295758742703  0.85304732261841432  0.86358641567867234  0.87378228961419913
  0.88429680069788019  0.89489981232629467  0.90532410524598417  0.91576534505430074
  0.92583481407738055  0.93608950544559910  0.94667343497304413  0.95758370077361388
  0.96850398675547200  0.97932506871629510  0.98982894666936549  1.00000000000000000
 -0.00209949410826384  0.00798940835554197  0.01714614474166458  0.02679890900943795
  0.03631065644449109  0.04578470165827178  0.05485137482646789  0.06402427871088411
  0.07324291831530320  0.08255236185007206  0.09207760300819755  0.10184843438093197
  0.11165165190616391  0.12154598199974560  0.13135693319949363  0.14110588418700881
  0.15084931928736170  0.16076550755689728  0.17043085444527156  0.18007077529552667
  0.18980726544110330  0.19947949426867773  0.20917194965013527  0.21891157388022814
  0.22860138907756455  0.23834627937680666  0.24800488049255726  0.25801973984169535
  0.26822249938766551  0.27847206518952211  0.28884371052449054  0.29945959137400813
  0.31013523202996224  0.32087086072098070  0.33147159147164762  0.34196285581795111
  0.35232622465287178  0.36276164248637705  0.37297524498958073  0.38336630582854930
  0.39374771395717206  0.40464347004403434  0.41563777263681989  0.42683036801016827
  0.43799975014805276  0.44922518922734828  0.46053384075669257  0.47186917426902680
  0.48315008359207506  0.49445878731470816  0.50571575532348978  0.51711245065509659
  0.52855908846349764  0.54016435512199368  0.55182736040533364  0.56346312201178672
  0.57484952596632144  0.58605958040584116  0.59717460958482638  0.60817180964175754
  0.61929723650544188  0.63068202423722475  0.64248757358707964  0.65433488948458352
  0.66604063326379026  0.67731840307128377  0.68808563856972982  0.69854129520213448
  0.70918344327620619  0.72007823683401717  0.73091755496959576  0.74179664192546158
  0.75308470871899069  0.76458162899606585  0.77598439372408046  0.78727971618599535
  0.79836533815977051  0.80933603032153800  0.82041016187538163  0.83189859572254565
  0.84355863693399846  0.85503022245757643  0.86614336873027331  0.87717271109738726
  0.88825649048113176  0.89916696266730345  0.90941235981838842  0.91907820013265706
  0.92907139578646436  0.93882695658115123  0.94873707438008714  0.95914301029687166
  0.96954267120807436  0.97907213390090009  0.99060257357309389  1.00000000000000000
 -0.00210270795176520  0.00868843667611340  0.01922568510661395  0.02953867912062566
  0.04028391415378765  0.05106800612166916  0.06197243493151033  0.07259827303905692
  0.08355277254332170  0.09409651122670065  0.10503637306391170  0.11589438235133537
  0.12650120224850442  0.13680737549596766  0.14719776263630094  0.15768730862624916
  0.16822413751644613  0.17874136622599543  0.18949487359268366  0.20043748998653899
  0.21145982445779851  0.22257152950796011  0.23361696810882054  0.24442171103600330
  0.25517206220304856  0.26600133935161718  0.27684881951125723  0.28756677543190828
  0.29828682813767016  0.30873358830572711  0.31917744683771171  0.32964380753007722
  0.34036995872239317  0.35074468008606979  0.36027531633711507  0.37027981075514405
  0.38066045739529275  0.39156231822867604  0.40247794013895860  0.41315626978070075
  0.42368842304429877  0.43416215564514188  0.44475407591030303  0.45560347851140132
  0.46648418612824555  0.47734171313242285  0.48822287268870429  0.49907623951971369
  0.50981112018157548  0.52015291550110332  0.53024281063732814  0.54017037490603981
  0.55003341117608084  0.55986629508237928  0.56985174207058142  0.57984856495716297
  0.58965747416437497  0.59982464594410823  0.60981946813673626  0.62031818672605932
  0.63067367050444356  0.64155907350089847  0.65247710324732222  0.66283383060780621
  0.67313667714066938  0.68337746266075883  0.69380196892928347  0.70460360431031921
  0.71530761350366001  0.72625476050026161  0.73714970252706347  0.74787426113873878
  0.75852114978228191  0.76912290300401742  0.77983335458725533  0.79048720731703248
  0.80111590398304078  0.81175510917528282  0.82230551031887822  0.83274988836382013
  0.84325936290742110  0.85399287399955448  0.86481164783070552  0.87506034439392921
  0.88478544326173436  0.89452738098635387  0.90464188435587367  0.91504639483762673
  0.92514998335676890  0.93535409584702722  0.94490604930201183  0.95657832144685218
  0.96657944194765699  0.97814879946019828  0.98886774893404283  1.00000000000000000
 -0.00224312051601240  0.00849469005200038  0.01914954403304225  0.02876619030716524
  0.03935946539564691  0.04958949896469346  0.06004585962615342  0.07093917209029979
  0.08189904844230766  0.09252648974290138  0.10322310413605623  0.11394297064209796
  0.12459135312302380  0.13533184456273276  0.14578285656882062  0.15664836753451084
  0.16748996937745025  0.17800396508991934  0.18836884708536705  0.19893966770469382
  0.20917087403282691  0.21937464251093561  0.22953249589272193  0.23998633084996920
  0.25097610740242887  0.26182683422925751  0.27261620463535624  0.28344704915472879
  0.29415116338353359  0.30441826660856092  0.31450301880421244  0.32444711444323782
  0.33485046021880366  0.34547774432087186  0.35625375209341281  0.36685128193287159
  0.37726964670176316  0.38773985525380766  0.39811599597605729  0.40854821127483165
  0.41891414018061318  0.42942538842146838  0.43997110539421536  0.45058002782322187
  0.46110118568448072  0.47175796825176358  0.48259810041681184  0.49351807881074033
  0.50421304625516161  0.51460851116649509  0.52511553423786961  0.53573636908246447
  0.54641605933242243  0.55675107665356194  0.56705958186442396  0.57731262956304252
  0.58799924745659338  0.59904494267975905  0.61035653442819648  0.62148446087604070
  0.63266717913041892  0.64367334955244448  0.65453103736034279  0.66525267792774079
  0.67597165309121710  0.68670186817123124  0.69748211429668172  0.70797277048790419
  0.71848892413727983  0.72869620117787315  0.73910628658615196  0.74962159936239803
  0.76048490613297703  0.77132624196975508  0.78189094819288729  0.79204773028915965
  0.80203238803698362  0.81227523551766390  0.82294781416515816  0.83354407861935675
  0.84399597052602138  0.85426919925601785  0.86464111309994518  0.87466026689146936
  0.88447417946621842  0.89452327275949661  0.90499770440419491  0.91550244353918664
  0.92596704678589614  0.93660722692918119  0.94764374095861670  0.95888609757985666
  0.96977937288595661  0.98033788936681754  0.99038759088560147  1.00000000000000000
   1.2357953620410200E-011  -1.0000000000000000     
 F F F F F F F F F F F F F F F F F F F F F F F F F F F F F F F F F F F F F F F F F F F F F F F F F F F F F F F F F F F F F F F F F F F F F F F F F F F F F F F F F F F F F F F F F F F F F F F F F F F F F F F F F F F F F F F F F F F F F F F F F F F F F F F F
  <DiscreteSampler_grid>
  grouped_processes
  1 # 1 for a reference and 2 for a running grid.
  10 # Attribute 'min_bin_probing_points' of the grid.
  1 # Attribute 'grid_mode' of the grid. 1=='default',2=='initialization'
  0.0000000000000000 # Attribute 'small_contrib_threshold' of the grid.
  0.5000000000000000 # Attribute 'damping_power' of the grid.
 # binID   n_entries weight   weight_sqr   abs_weight
    10   10   3.087292720713026E-001   4.862634063849053E-001   3.087292720713026E-001
    16   10   3.087292720713026E-001   4.862634063849051E-001   3.087292720713026E-001
    22   10   3.087292720713027E-001   4.862634063849057E-001   3.087292720713027E-001
    28   10   3.087292720713027E-001   4.862634063849055E-001   3.087292720713027E-001
  </DiscreteSampler_grid>
