  0.00923557083371521  0.01594653168118469  0.02537776086964179  0.03640734002316873
  0.04649676663536357  0.05642588569550730  0.06608369488097089  0.07602394187138332
  0.08589482252012395  0.09514615893839039  0.10431134598755910  0.11332545602989824
  0.12241876989888156  0.13164643882164762  0.14090741525988396  0.15046003318311940
  0.16027662402225959  0.17079488366544859  0.18192759390784127  0.19315729923070063
  0.20441213106194520  0.21551977271336728  0.22618288405707582  0.23634384552593593
  0.24655956483117078  0.25727912307584583  0.26808519450736323  0.27852284440143876
  0.28880322568737476  0.29928774364718841  0.30969681657075399  0.31965633596514698
  0.32943771180585452  0.33930993229610312  0.34913321941041409  0.35893552058448214
  0.36923721605655319  0.38051708420420399  0.39230752042092781  0.40408725162578207
  0.41593738917010986  0.42779971729984739  0.43973366688173765  0.45181014146742832
  0.46324260453400690  0.47427953663872818  0.48488873154081380  0.49521197776364095
  0.50532802738680183  0.51564717153693662  0.52659186034150762  0.53759296154789571
  0.54893489565289610  0.56046614464391997  0.57228046089670670  0.58419729284219279
  0.59523208125594962  0.60598018277476184  0.61666523123084471  0.62712187027027355
  0.63750451767576310  0.64783499932854371  0.65827416424235996  0.66872835698904998
  0.67928687003878707  0.68957725014740912  0.69929158576303452  0.70934582487410525
  0.71987504482122255  0.73052172356699241  0.74073223769276708  0.75081459887237800
  0.76208205310878474  0.77341353937157209  0.78485651603298423  0.79552572030237056
  0.80561199601595945  0.81551809781313545  0.82599721006758853  0.83634525327135223
  0.84662826645790912  0.85662909641041562  0.86721272778790526  0.87775556505344898
  0.88925961188722469  0.90094007782789964  0.91269269634292038  0.92349108500055799
  0.93449433616517996  0.94470166979112424  0.95450146961169968  0.96429598024212593
  0.97369644883803974  0.98301932107685353  0.99110180869986542  1.00000000000000000
  0.00913637771675088  0.01601660631169743  0.02622850894214288  0.03813518856063353
  0.04908883364056987  0.05955699894861433  0.07049927288802212  0.08179073777852537
  0.09195697867872975  0.10132335528852125  0.11088659884825806  0.12066966547215160
  0.13079860599496515  0.14062391332873622  0.15037010065165157  0.16002828017322324
  0.16952708520843796  0.17871770953859303  0.18783495451485505  0.19692685308238989
  0.20632210470761275  0.21645451352600906  0.22714642781320873  0.23834761903829013
  0.25008705165716527  0.26174891045891219  0.27294413893115393  0.28346109406945519
  0.29370674816887327  0.30366011312700347  0.31325508661371004  0.32281440385893601
  0.33247666312828367  0.34244280859487852  0.35279319142494592  0.36392476202093393
  0.37544800812536455  0.38635138588992002  0.39693047766502915  0.40710791663436802
  0.41688134495924012  0.42679971445734477  0.43718761868527134  0.44856438378800773
  0.46013622434775875  0.47112078591521178  0.48171653614432386  0.49163374412190947
  0.50194307384733639  0.51218569221549026  0.52228922891960416  0.53225522817378290
  0.54228523327623690  0.55258789846433498  0.56328482561288284  0.57432416944971831
  0.58525836758437910  0.59592059515065909  0.60634842541100975  0.61659214105007198
  0.62660270804910556  0.63635204553797309  0.64649316831823012  0.65687512129855696
  0.66709260497195544  0.67692016434528379  0.68676402138445058  0.69706869122704285
  0.70772975693900020  0.71820814938956579  0.72861828226399927  0.73881042027937993
  0.74857402272332463  0.75834923023677503  0.76843263304085907  0.77946734744309421
  0.79074489165216100  0.80232666368335004  0.81412733343072075  0.82643780506710118
  0.83851104480553840  0.85088409400992915  0.86289849559636678  0.87519329696815085
  0.88789473000852404  0.89944590316160400  0.91013136526358518  0.92028425119854151
  0.92994316937552224  0.93948705644129793  0.94870547421887608  0.95736000690089940
  0.96736258529021568  0.97706986643310634  0.98861523550758057  1.00000000000000000
  0.05730027777687050  0.05879544417074180  0.06090637311221025  0.06352416131140223
  0.06634819626919877  0.06976225131633618  0.07354551507821402  0.07724699298268006
  0.08103625253157801  0.08492941096598214  0.08896328781978169  0.09302476499595659
  0.09710449654326772  0.10135179527653422  0.10565233487621356  0.10995799830456519
  0.11437367986617350  0.11885482721590536  0.12339752562854067  0.12813471956117856
  0.13305903931526086  0.13851983577820962  0.14320562391486449  0.14678806598574676
  0.14875648434994068  0.14991321002998306  0.15114395353208115  0.15235069411686414
  0.15458074504656980  0.15701826053114806  0.15938460894328943  0.16178627531030643
  0.16421641483361429  0.16666239288112550  0.16909856427277897  0.17152909367620572
  0.17396096147462686  0.17640905818366007  0.17887482247931319  0.18134096057699775
  0.18381745351661899  0.18631765644241080  0.18886662697890580  0.19146467917907806
  0.19411337514015647  0.19678676940295392  0.19947515625715043  0.20217321407871444
  0.20493740270306782  0.20773963754373301  0.21055804692782654  0.21340267548624081
  0.21625228090915130  0.21911974751117394  0.22202286430610893  0.22498864977107874
  0.22801117519323189  0.23108695728758805  0.23422557922480430  0.23742306658937645
  0.24065903834511315  0.24391121443134203  0.24717325852784428  0.25049827125958918
  0.25389407113315293  0.25734471439817569  0.26084330705886888  0.26440018863677861
  0.26800258671164129  0.27166851170280260  0.27543210908080329  0.27934388048193382
  0.28339945418926654  0.28752757310119881  0.29176851792258524  0.29618752159065337
  0.30082647700582904  0.30562208279149206  0.31059429024392637  0.31575525768918428
  0.32115259729721801  0.32686546168142339  0.33299019334779539  0.33953429183623329
  0.34649869848252746  0.35406466504497069  0.36241128283305174  0.37179328752744689
  0.38243601464918503  0.39473977132730309  0.40992442516394512  0.42879227156805971
  0.45595727821598070  0.49884065330657934  0.58466055613815160  1.00000000000000000
 -0.00273575572218038  0.01179264362656098  0.02436295264078145  0.03714841531971316
  0.04856858143013252  0.05876446273525206  0.06919849170776567  0.07964693688845381
  0.08951935913684367  0.09882593790882094  0.10880473492072280  0.11931362618850790
  0.12967435266393024  0.13977451818959954  0.15065212668686551  0.16167254341487539
  0.17283892937982007  0.18393362651456890  0.19475835905617153  0.20513301637993495
  0.21639241390529909  0.22742261786642781  0.23825659929753279  0.24858411026846564
  0.25875403890256427  0.26918506806548237  0.27979013604655639  0.29001922224030063
  0.29981588549130905  0.30950768567965375  0.31974058428699814  0.33008863267550620
  0.34003158594065924  0.34977025522686633  0.35957930110170794  0.36941280633520118
  0.37902728072896202  0.38846620286691719  0.39788749606167406  0.40718294795410187
  0.41658803645386588  0.42627414575725969  0.43615126125889747  0.44594872725882301
  0.45576801164641684  0.46604535997081181  0.47656457906728389  0.48674934498835859
  0.49675057750609897  0.50654498730766073  0.51610677298230789  0.52543182386692833
  0.53478860676918594  0.54466993752817505  0.55523456637542912  0.56634943000363847
  0.57739275160378378  0.58775633192857435  0.59758619017717973  0.60723268342378733
  0.61676376908920227  0.62601893338449743  0.63543892720189599  0.64485422141395032
  0.65483466745714547  0.66472978504223701  0.67443768761479084  0.68431239683146972
  0.69430868360048492  0.70494256015192092  0.71555319009216278  0.72578524186086013
  0.73629692670763214  0.74678697010099648  0.75785034407205731  0.76829000286258464
  0.77928440095620100  0.79045387308235326  0.80179930395996124  0.81337739481184113
  0.82524869092989572  0.83670639579817840  0.84745850574469639  0.85856769785852749
  0.86969583906869308  0.88030594139822227  0.89017447934562299  0.90124561720618401
  0.91298030701145816  0.92426674950683785  0.93525576089865459  0.94738841149147912
  0.95966503845445639  0.97234733099932547  0.98536565411334498  1.00000000000000000
 -0.00262627208454666  0.00975051322166031  0.02086709317606397  0.03252147662389388
  0.04409698404357219  0.05515057653409879  0.06580462712905076  0.07638037821170797
  0.08693837655171680  0.09780206193440243  0.10935421317940308  0.12142955616120296
  0.13350397632750693  0.14509144785322328  0.15603332660042987  0.16659261527793445
  0.17728400667179051  0.18840851364605890  0.20010819208203418  0.21200964030072145
  0.22346656793682848  0.23417016367222782  0.24425711484963439  0.25397614165590460
  0.26341647002641438  0.27296326236354396  0.28255012735368412  0.29228088683023873
  0.30220613951829306  0.31226520333892688  0.32225902199451545  0.33233476749779672
  0.34244656559172548  0.35255758774880575  0.36266145312540177  0.37298660356456231
  0.38353395663668033  0.39427302311313817  0.40436746768632270  0.41427486989067308
  0.42430786798078601  0.43442440373809343  0.44418262184214530  0.45373625793989331
  0.46371196544165139  0.47415945731114184  0.48429058638233569  0.49464109739681961
  0.50554941491138106  0.51687070317278450  0.52725683593004291  0.53785335859749861
  0.54913889117610448  0.56159478578782085  0.57287122852807770  0.58348023150288952
  0.59438253816631725  0.60482853774648804  0.61518595225442185  0.62557240762892519
  0.63585625112721900  0.64621026220232014  0.65639883044430614  0.66654019625246497
  0.67678130824205429  0.68741836425706482  0.69860180460165655  0.70966855483036217
  0.72016463045823964  0.73070143767288609  0.74145649775668043  0.75188629189992195
  0.76213002757860759  0.77211566278633004  0.78222226471501277  0.79235366499166227
  0.80335132610722482  0.81365020371285446  0.82516962217684453  0.83538211346489477
  0.84550206850096377  0.85542279502763241  0.86561728490820766  0.87561933576614626
  0.88529901905038211  0.89489653836221494  0.90533412667636015  0.91611288483935527
  0.92685702075691423  0.93756306475113171  0.94849258269825865  0.95964775849491990
  0.96919580103438718  0.97954107893206532  0.98964445497092135  1.00000000000000000
 -0.00220220706179796  0.00979994437172184  0.02038142036929584  0.03168298105076924
  0.04269800601907761  0.05314872643714576  0.06384368180187210  0.07505437685280456
  0.08649750668166434  0.09757834761978239  0.10930522387492909  0.12134679686628481
  0.13242160401687614  0.14283146231436858  0.15261433101046093  0.16213660294476620
  0.17145352674808623  0.18065752271372226  0.19021175471930482  0.20039764869548526
  0.21084126738050482  0.22168120185358720  0.23267369993174072  0.24392471262187362
  0.25455255027606899  0.26484690380016618  0.27521731699452978  0.28532894105209461
  0.29531737255754531  0.30520034889834080  0.31498012377912410  0.32466454605309752
  0.33414740988536806  0.34360395756354734  0.35308849307664747  0.36242943384024640
  0.37167708818446327  0.38107970911245842  0.39053013520579705  0.40012233984621492
  0.40967133459416755  0.41905847901160709  0.42831510098322162  0.43746362046096582
  0.44693335118285837  0.45647061134561329  0.46620618786651363  0.47623595878988600
  0.48689133675276924  0.49768284443697097  0.50814910265008140  0.51862917293071931
  0.52980586409985508  0.54124690731081782  0.55205190148948735  0.56242262754695582
  0.57293960555909174  0.58350295032744826  0.59407770641635560  0.60473126295881108
  0.61528401604161720  0.62548437867194084  0.63521007246721095  0.64495107155831222
  0.65471985707209590  0.66429683996045885  0.67387699638889087  0.68342336187737240
  0.69279231750543235  0.70224154812630446  0.71212029586391712  0.72239395228114756
  0.73257542908245576  0.74248206433802688  0.75300362121169040  0.76469232863538406
  0.77665497407883843  0.78813773434381273  0.79935034684461459  0.81062105860367961
  0.82189279852523645  0.83309335397446127  0.84446511017500347  0.85609052858791279
  0.86775902342918554  0.87964376525711974  0.89125785701114535  0.90319823745015715
  0.91463060447301392  0.92540939771966402  0.93644170658140125  0.94887815743938098
  0.96082033440555537  0.97235771530484794  0.98526328866967516  1.00000000000000000
 -0.00249555106760454  0.00951469570713545  0.01996893829354801  0.03091622661473419
  0.04233913781519064  0.05335280587404988  0.06459460147689747  0.07558280352295413
  0.08612841834798236  0.09619494954586087  0.10638354503220658  0.11720997434850219
  0.12825745648087977  0.13921018093556770  0.15016165287013591  0.16139122966237646
  0.17303839549360764  0.18485142473920330  0.19625199945856273  0.20723997914855635
  0.21710412984808042  0.22745363528387083  0.23801886208994760  0.24846712760670692
  0.25859011956004729  0.26878850823064737  0.27917078103321413  0.28989025572320221
  0.30061214843589268  0.31148450011604656  0.32302885572658696  0.33423917600046771
  0.34449850791102143  0.35458306213763152  0.36447914539573911  0.37433179762531044
  0.38421772964542333  0.39393185807007819  0.40423494608832056  0.41501499439883355
  0.42617956679087426  0.43795195095671408  0.45004976198231395  0.46203294249941435
  0.47322177728204173  0.48351853980378295  0.49324814616676399  0.50293095907557317
  0.51231267845491890  0.52151352315817134  0.53056680631447317  0.53987736094498484
  0.54985037854966112  0.56015998709510406  0.57036969165454132  0.58105298954248041
  0.59301894298814006  0.60464934933269776  0.61517614620738625  0.62505414281035510
  0.63469438652310484  0.64419978975487024  0.65380828281416126  0.66359758050973094
  0.67322747368027380  0.68262654134819989  0.69248687569487033  0.70315984251152197
  0.71370501876976189  0.72415708341941953  0.73451534197457380  0.74513230196187419
  0.75594055344316202  0.76682529482872508  0.77873175536595307  0.79116750979734596
  0.80285489266301724  0.81435019913793094  0.82548838551451742  0.83627559573316990
  0.84700320350400882  0.85765418825690265  0.86793660479964008  0.87814551480607239
  0.88880329650067202  0.89962003030032045  0.91008430476395485  0.92053854883192976
  0.93123096921743909  0.94177172501590312  0.95244039385926560  0.96233442412287407
  0.97173149494426381  0.98085076213031719  0.99024553542022797  1.00000000000000000
 -0.00200066720469882  0.00752967599727048  0.01655966593456473  0.02652705133279456
  0.03703988752728070  0.04693228404108968  0.05655884695577294  0.06599669470593268
  0.07571359817514861  0.08548009483028923  0.09509597139676614  0.10481467959142013
  0.11437537375926927  0.12387362439180882  0.13347050892359066  0.14307421127692910
  0.15267392422875870  0.16266935572195634  0.17410332401742137  0.18690766873907658
  0.19965595707680139  0.21162286756429030  0.22289233899073049  0.23401201966437168
  0.24505197782378105  0.25587463548625017  0.26666731826525863  0.27786390679113865
  0.28945277362603705  0.30081183929901756  0.31224928549686659  0.32374786943108075
  0.33563785090814829  0.34677110649314163  0.35789612218763017  0.36798364341098194
  0.37814490293579472  0.38805105039389848  0.39809706900070069  0.40779270814594415
  0.41743948528890656  0.42829586090117228  0.43917416397866299  0.45048811295787144
  0.46185545239472670  0.47321866346194025  0.48446253750172780  0.49564181171141786
  0.50664848831276565  0.51774386721345489  0.52888445724868094  0.53997213132221555
  0.55053488149734164  0.56094526936820632  0.57095065185506155  0.58074224794830953
  0.59003486502728575  0.59920776834595146  0.60882891435151509  0.61916850728817718
  0.62943018962646191  0.63953767085704083  0.65006215231890618  0.66134728587711278
  0.67221875436347989  0.68260719929581737  0.69285681518186815  0.70287030378719284
  0.71310000761441328  0.72351373950448084  0.73400716302658331  0.74469580147082759
  0.75572212432764463  0.76761164155703132  0.77905289859776605  0.79076754514552983
  0.80369245607939521  0.81592188541286115  0.82686852481359308  0.83710618538829062
  0.84764654134766626  0.85799849495800362  0.86786725951551169  0.87738056134752895
  0.88730149750687315  0.89736622926449960  0.90706276411701348  0.91654988955814021
  0.92599456821383219  0.93577965119093709  0.94611490808951360  0.95692816956247850
  0.96784121214840557  0.97870429171528894  0.98935458947692922  1.00000000000000000
   2.1983504153786631E-008  -1.0000000000000000     
 F F F F F F F F F F F F F F F F F F F F F F F F F F F F F F F F F F F F F F F F F F F F F F F F F F F F F F F F F F F F F F F F F F F F F F F F F F F F F F F F F F F F F F F F F F F F F F F F F F F F F F F F F F F F F F F F F F F F F F F F F F F F F F F F
  <DiscreteSampler_grid>
  grouped_processes
  1 # 1 for a reference and 2 for a running grid.
  10 # Attribute 'min_bin_probing_points' of the grid.
  1 # Attribute 'grid_mode' of the grid. 1=='default',2=='initialization'
  0.0000000000000000 # Attribute 'small_contrib_threshold' of the grid.
  0.5000000000000000 # Attribute 'damping_power' of the grid.
 # binID   n_entries weight   weight_sqr   abs_weight
    10   10   1.793529905112844E+004   1.729521656876839E+009   1.793529905112844E+004
    16   10   1.793529905112844E+004   1.729521656876839E+009   1.793529905112844E+004
  </DiscreteSampler_grid>
