  0.00021537312306747  0.00025844324461243  0.00029003712950083  0.00032191507764831
  0.00035784438316690  0.00039962086786220  0.00045618255157043  0.00061399185296816
  0.00098052931580198  0.00142089924985703  0.00177007281039455  0.00211441170989237
  0.00254039461100105  0.00301164882263570  0.00357648846824502  0.00421937008403842
  0.00496586971010968  0.00580857340702880  0.00676022723418393  0.00784427718491117
  0.00901448815526191  0.01026486108143374  0.01173400714183544  0.01353795464455686
  0.01560437540832887  0.01788950657566066  0.02051126297633417  0.02339153049222693
  0.02657717438691575  0.03031815913799108  0.03480350811629263  0.03973896621551454
  0.04464031051060757  0.04940584625587610  0.05381817141122056  0.05730135446757800
  0.05978266674753151  0.06149877675029663  0.06271165248091999  0.06359464365040733
  0.06426403425585517  0.06478990263885843  0.06521276763533579  0.06556157862353267
  0.06585724927272692  0.06611458505551722  0.06634226422757017  0.06654518705501644
  0.06672796711652516  0.06689603069225790  0.06705310782886628  0.06720145751750216
  0.06734279506055930  0.06747857295679401  0.06761012577267610  0.06773893266071022
  0.06786664299288606  0.06799431523076321  0.06812281701452005  0.06825339579687024
  0.06838712486196671  0.06852560031664376  0.06866994025051316  0.06882158934569547
  0.06898272398502181  0.06915620940030034  0.06934621255305698  0.06955770648505057
  0.06979393631474910  0.07006082129680155  0.07036895136673227  0.07072986164862725
  0.07115934900302574  0.07168700523645438  0.07235707311643003  0.07322227970493195
  0.07437195632537225  0.07594949918225337  0.07819124895668887  0.08139995021171903
  0.08615790210381589  0.09332641518653996  0.10345925202722274  0.11669492877613101
  0.13413996776284426  0.15788851629303319  0.18903914353265247  0.22924315912592585
  0.28231957454746803  0.36140622126540534  0.46471298016582252  0.57250890596776594
  0.67100489430265520  0.79519082685226183  0.90638244276039714  1.00000000000000000
  0.00017415540322589  0.00025937185297744  0.00030290094766095  0.00034708285581157
  0.00039714648532620  0.00047695284867531  0.00068665798011820  0.00114098659445117
  0.00162782466220141  0.00205564756362579  0.00251915866203938  0.00303297602261289
  0.00363961146140308  0.00439162214573777  0.00530138519310146  0.00633713546692165
  0.00748312948302323  0.00877190522194664  0.01029790744919220  0.01211098064658432
  0.01423065135612935  0.01661331058493754  0.01928189740277835  0.02233421681828925
  0.02588072284641292  0.03012594023150152  0.03508327751904858  0.04042148112680478
  0.04554913740110191  0.05024904977805183  0.05437297206409322  0.05767802927684355
  0.06008591337319815  0.06175596533501967  0.06293373082898576  0.06379470886743753
  0.06443923996474134  0.06494191247355845  0.06535152962185599  0.06569461066208555
  0.06598647070583598  0.06623693276006325  0.06645698742411162  0.06665589281063390
  0.06683761958006856  0.06700556080940658  0.06716320700694899  0.06731234172833601
  0.06745463892860004  0.06759191426146878  0.06772582153368996  0.06785687818055129
  0.06798795431313800  0.06812069013414132  0.06825550466123283  0.06839348572024351
  0.06853580332537292  0.06868480851420541  0.06884358046141895  0.06901397637260930
  0.06919767710532210  0.06939967713502859  0.06962511619367200  0.06988055831484448
  0.07017523729758364  0.07051482814523467  0.07091739222263749  0.07141078397340042
  0.07202701980977394  0.07280383172739609  0.07383241093153731  0.07524322972109594
  0.07730308875491136  0.08038406400783896  0.08493965936675388  0.09177258394741801
  0.10183899572853977  0.11608672006695356  0.13550116539575807  0.16022186560010238
  0.19106564248056851  0.23166010248800531  0.29008658681322241  0.36803962213300018
  0.45796316212368349  0.54243436606393947  0.60106442825900630  0.64062593105618582
  0.67100874212234596  0.70333885703601373  0.73644181888551397  0.76804059598440177
  0.79743797529526472  0.84331901984137625  0.89251140196249079  1.00000000000000000
  0.00012880380866770  0.00063116577685666  0.00088621275606999  0.00110411774676650
  0.00133333103417024  0.00157124300629759  0.00184572203956362  0.00214343356751687
  0.00248672471573505  0.00286512065826066  0.00324942778360492  0.00367128760428566
  0.00413447408391041  0.00462253356270723  0.00512274279857220  0.00560734933605304
  0.00608222754572155  0.00655022163867444  0.00702725389283282  0.00751162426095118
  0.00800377465607624  0.00851497829491051  0.00905114019966341  0.00961269312923192
  0.01019528801510436  0.01080841960119326  0.01145890387795556  0.01213643759819265
  0.01283592698008823  0.01356831405008066  0.01434103981025911  0.01515186985981170
  0.01599824581759027  0.01688921603057060  0.01782047524537580  0.01878955849402347
  0.01980973990419757  0.02088627876995334  0.02201337740371844  0.02318367242605597
  0.02440563580971112  0.02566717217273528  0.02700298934896456  0.02838183449240187
  0.02984810968260855  0.03137970654112438  0.03298063830238546  0.03463398194095558
  0.03633521726229259  0.03812177056371893  0.04004751583699077  0.04214870523986219
  0.04437635132416339  0.04664005313422474  0.04902516382959806  0.05150190912175494
  0.05414392346214788  0.05697647089047823  0.05984025111956352  0.06288408573585776
  0.06600343433914137  0.06932530425629825  0.07281249490322132  0.07652605175256459
  0.08044898345906348  0.08456007487416375  0.08884705823034816  0.09338932214586797
  0.09827771991848051  0.10342189585199625  0.10881144031865829  0.11420402110592759
  0.12006257592511316  0.12624355617276342  0.13319019979150343  0.14074325773795590
  0.14868116445277138  0.15711560580809650  0.16612496148870431  0.17574608375624640
  0.18630407794430012  0.19788791245232248  0.21043193474349911  0.22371479043655965
  0.23795737652671770  0.25326395857995410  0.27020544277117553  0.28825312003684023
  0.30763991198695956  0.32765223765599216  0.34980750666646465  0.37503834763385557
  0.40637251400943719  0.44809653102931996  0.53404553733240834  1.00000000000000000
 -0.00151087860922501  0.00656139325428987  0.01604731426589930  0.02575721934279826
  0.03560647783546822  0.04526341062132958  0.05482175264597702  0.06438384497235428
  0.07410034115372596  0.08396236059310541  0.09366550024927432  0.10321621091880029
  0.11285297977639941  0.12265648609731448  0.13212887000320919  0.14149112940455350
  0.15093477811027273  0.15984660879881088  0.16885353007699005  0.17828020071884845
  0.18818071238330372  0.19826791730806476  0.20840728505112596  0.21837510425276405
  0.22831551056092034  0.23820251777304605  0.24819714251652253  0.25818931606267448
  0.26837714918725963  0.27876157033415999  0.28933784529708095  0.30003935701617895
  0.31060668101882755  0.32099226651535406  0.33132893179276018  0.34177631968036704
  0.35244885872513054  0.36331120062107236  0.37424801413357689  0.38535684009883775
  0.39652656539686149  0.40764940638573854  0.41845860207722346  0.42917298092205985
  0.43987454160685346  0.45083315477780006  0.46153530680286181  0.47246978867019279
  0.48375354163458223  0.49526942273202845  0.50637185902449533  0.51736879653034151
  0.52839558720795476  0.53891894657171580  0.54912259585840739  0.55969170856987094
  0.57102400169466760  0.58234921433999931  0.59308651899521236  0.60397260871626535
  0.61519185159386491  0.62666578428203890  0.63803748538721294  0.64854396971306283
  0.65935167688971241  0.67006694673116129  0.68198295037579149  0.69383495401054751
  0.70566155983451573  0.71717088849095001  0.72863825404417770  0.73947756317800106
  0.75010045420104110  0.76080429467230237  0.77198716589384442  0.78285494525012733
  0.79375966007812382  0.80466328872663040  0.81598164206921542  0.82734136101894395
  0.83876682408808878  0.84978057534200868  0.86074832407921609  0.87162045265653043
  0.88303059056321909  0.89249636866465643  0.90191569267158966  0.91076867053968447
  0.92049713856003468  0.93188093542685180  0.94375720212771941  0.95487509885914224
  0.96547910783889279  0.97738094049607871  0.98776392437050409  1.00000000000000000
 -0.00227688713902096  0.00911677014683846  0.01809789247858060  0.02735493489520506
  0.03697578931192955  0.04730807872664948  0.05798371734525756  0.06852804984886331
  0.07926809382919861  0.09022737026230650  0.10129764850568670  0.11231870569597797
  0.12305889961343508  0.13367928993906306  0.14439044442819512  0.15520088832043585
  0.16620484215953310  0.17707350345512959  0.18774138316648653  0.19825090252369909
  0.20838651009370721  0.21843345630282160  0.22864544612695001  0.23937683272437346
  0.24986739490183860  0.26038217399359037  0.27093880434349826  0.28134327346376942
  0.29178012455494778  0.30217654814464340  0.31256316385453758  0.32287652790676680
  0.33284986201564948  0.34298507286030849  0.35321853987054030  0.36397796539134586
  0.37494610654708649  0.38596230354987598  0.39692617377928391  0.40788334734776505
  0.41869124200389879  0.42920021366832756  0.43936006531934552  0.44932839144219211
  0.45954912130444131  0.46991927262759486  0.48039775112471123  0.49087410539304643
  0.50148699146273512  0.51206974842328523  0.52274322011538288  0.53355670083243245
  0.54474778384696221  0.55587963516520289  0.56669578201981496  0.57729001208050756
  0.58777641144584192  0.59813501496765265  0.60838170747806519  0.61898077554394482
  0.62998327732110826  0.64079838595985683  0.65141134033045001  0.66156727802924009
  0.67197608879310344  0.68280504946837883  0.69372540218628453  0.70425850438161119
  0.71467302810062727  0.72522322398329031  0.73602928450866978  0.74688120522179713
  0.75793480184050910  0.76846883461987292  0.77799597244324703  0.78714966374077067
  0.79646669534638925  0.80732795743776187  0.81814436962359438  0.82882198537591123
  0.83918945366917086  0.84977977554275541  0.86050201433534379  0.87167410784550392
  0.88290117052492323  0.89397052630459295  0.90508970736548000  0.91575713212475818
  0.92663170689851437  0.93732144525483452  0.94787995805378145  0.95815248425451227
  0.96818871712318166  0.97902472030986087  0.98915531426814829  1.00000000000000000
 -0.00163353984299562  0.00706820384529585  0.01625622542757328  0.02533579791431479
  0.03482131824065836  0.04459499069879439  0.05466117115056722  0.06441966948077135
  0.07426760237826448  0.08386998804841293  0.09301795576620349  0.10229017250143889
  0.11142104111901112  0.12058202654325492  0.12975451911755920  0.13878489942365568
  0.14765246252044642  0.15688026651332287  0.16649203819101419  0.17637421506133147
  0.18631748536867709  0.19629320645254020  0.20612554580544329  0.21614901436778036
  0.22590015661534540  0.23580043695037864  0.24570366176970046  0.25586731026969184
  0.26622084345310815  0.27559147982817944  0.28490583500708805  0.29414604497885893
  0.30432723841465043  0.31486228078602652  0.32528576482031901  0.33546415882486763
  0.34565081304424344  0.35606945858389366  0.36672421087772944  0.37747106488473608
  0.38800848673507787  0.39822623882198260  0.40845601326903153  0.41887243316047856
  0.42931629724370940  0.44026783334421682  0.45123708698597109  0.46213203384324553
  0.47334277419352494  0.48447471019806398  0.49549805097076688  0.50646407318882680
  0.51747000067726256  0.52852224188096220  0.53957190676200650  0.55096726033954457
  0.56240067361612189  0.57416816452873520  0.58571535840729827  0.59708948312937449
  0.60822584389400092  0.61928551077123273  0.63038152114775803  0.64161143905991036
  0.65311046288681252  0.66465180246228528  0.67611525272655626  0.68770259559778979
  0.69930958869038840  0.71113343568351839  0.72261554085370538  0.73410054881066766
  0.74550460159209608  0.75668553051235943  0.76745806247633264  0.77832149173904486
  0.78912095362145784  0.80026724379897796  0.81135691918122343  0.82242018372658965
  0.83319767457131899  0.84376480333341530  0.85450916263247634  0.86531352493584235
  0.87643076188536684  0.88783628900588119  0.89922373151322599  0.91051438610161617
  0.92168249179828243  0.93285775265860438  0.94423050068914938  0.95557565267710654
  0.96686861882969288  0.97813708053473869  0.98865547662251629  1.00000000000000000
 -0.00231984896097539  0.00891547088786330  0.01945763445549548  0.03027970757197032
  0.04074421826464513  0.05123510763850310  0.06176696535655878  0.07256960066920036
  0.08304102732462242  0.09350453858138752  0.10395042846181284  0.11459617404711035
  0.12556011675212536  0.13661858788226039  0.14764454646566558  0.15843376710499840
  0.16908130842925781  0.17937923248252344  0.18968401206090643  0.19941640315925110
  0.20933053258242465  0.21896170492937428  0.22903938847294567  0.23919254320503947
  0.24966246556706703  0.26020555004063267  0.27100743012831569  0.28159937965011833
  0.29183976158870006  0.30178058174362060  0.31225087525327050  0.32314662598947641
  0.33373629786497189  0.34426327490306702  0.35507881972547739  0.36622643225703105
  0.37734098990687587  0.38836940328594577  0.39925761196981302  0.40978803014567083
  0.42011496252473918  0.43032718780539508  0.44100103375258409  0.45169340406343772
  0.46260895384950612  0.47341594564603084  0.48430154315075852  0.49530922608162425
  0.50626300087289200  0.51700492660909969  0.52766327616973707  0.53791656969329060
  0.54807129546714128  0.55769640241960405  0.56759230733488764  0.57782687740542582
  0.58849759220957687  0.59943028624358341  0.61016329054567486  0.62061809329251127
  0.63049644644505920  0.64024656206935771  0.64999982886180718  0.66007323814488605
  0.67046714092595916  0.68098545488233120  0.69132328459911119  0.70159462592310917
  0.71204828129257336  0.72276947070372533  0.73352661427235222  0.74431518001650532
  0.75525013517936723  0.76634364299125846  0.77708907517928172  0.78776622173878463
  0.79824338861204724  0.80895909733214499  0.81949709510498447  0.83018126521017077
  0.84077555676405213  0.85110019489901667  0.86142479401209271  0.87174555975900181
  0.88286916868163412  0.89386244771594836  0.90457133469284190  0.91529287834121309
  0.92591069506984713  0.93671745472442414  0.94704251555493868  0.95752417371978571
  0.96776049321369473  0.97848240797428898  0.98917654976587299  1.00000000000000000
 -0.00226953118883060  0.00907484071667452  0.01919752359215686  0.03041297203127613
  0.04090631616185180  0.05103211156982700  0.06126350808126778  0.07239812048028112
  0.08340212077143234  0.09395677430920560  0.10450997917141486  0.11515852983709693
  0.12568997878668875  0.13616857838212409  0.14678784694435607  0.15759719356244661
  0.16840008446871801  0.17879418910837019  0.18940619173104919  0.20024903036343655
  0.21122346974348943  0.22203477430460408  0.23239763063044069  0.24261694592417801
  0.25273448856439001  0.26311666028220670  0.27348669249906010  0.28387244694301317
  0.29435317384754850  0.30496712322361391  0.31569222802232977  0.32637064744774325
  0.33709654757570828  0.34793713860168485  0.35867160069937032  0.36925406386605791
  0.37965230253237031  0.38995864282270887  0.40024035876512887  0.41050969975430535
  0.42108365148702309  0.43181320060507816  0.44212012738320838  0.45244348748852808
  0.46201554384398308  0.47196662521773208  0.48194777183285825  0.49258005363951490
  0.50310315859329613  0.51360882173501765  0.52402021330394122  0.53456171176534018
  0.54518902165281613  0.55583213313448931  0.56651538293138726  0.57683235941044420
  0.58631267424341837  0.59572370365090843  0.60543910232769527  0.61579323141344866
  0.62663937020660510  0.63736992073368981  0.64797905527981525  0.65874171481876576
  0.66961069342521651  0.68056549927990562  0.69131316148060606  0.70177264048275068
  0.71231417854891688  0.72290552082662496  0.73350514909138964  0.74394974018310567
  0.75434068961911516  0.76465435407180249  0.77536643379002879  0.78630431470584505
  0.79729065341970251  0.80800175454010448  0.81852637080539981  0.82903537915442826
  0.83990003106065614  0.85104326055287649  0.86224213623824186  0.87323162070760718
  0.88395127205086643  0.89457863759236234  0.90492009883327451  0.91508989483723202
  0.92518495881059082  0.93504706939535631  0.94555323814262016  0.95552596512282506
  0.96594108185978722  0.97682966367831259  0.98853941007135004  1.00000000000000000
   1.1922703717671699E-011  -1.0000000000000000     
 F F F F F F F F F F F F F F F F F F F F F F F F F F F F F F F F F F F F F F F F F F F F F F F F F F F F F F F F F F F F F F F F F F F F F F F F F F F F F F F F F F F F F F F F F F F F F F F F F F F F F F F F F F F F F F F F F F F F F F F F F F F F F F F F
  <DiscreteSampler_grid>
  grouped_processes
  1 # 1 for a reference and 2 for a running grid.
  10 # Attribute 'min_bin_probing_points' of the grid.
  1 # Attribute 'grid_mode' of the grid. 1=='default',2=='initialization'
  0.0000000000000000 # Attribute 'small_contrib_threshold' of the grid.
  0.5000000000000000 # Attribute 'damping_power' of the grid.
 # binID   n_entries weight   weight_sqr   abs_weight
    10   10   1.187617279537385E-001   1.052105177526051E-001   1.187617279537385E-001
    16   10   1.187617279537385E-001   1.052105177526051E-001   1.187617279537385E-001
    22   10   1.187617279537384E-001   1.052105177526049E-001   1.187617279537384E-001
    28   10   1.187617279537385E-001   1.052105177526050E-001   1.187617279537385E-001
  </DiscreteSampler_grid>
