  0.00914461467724279  0.01641694393501678  0.02672712477206198  0.03814852755154625
  0.04906531297891802  0.05983824831416770  0.07044714116579626  0.08076497103661487
  0.09078440846574667  0.10060049400902019  0.11100447985774012  0.12168221869580607
  0.13157345384661984  0.14098765895338825  0.15093549561663153  0.16132964602027294
  0.17164954891011786  0.18160895657758100  0.19145644665438577  0.20153463662192109
  0.21181375367445740  0.22206797748390206  0.23238317192747981  0.24312871360517552
  0.25380973021177383  0.26442993247660052  0.27470114610077523  0.28507173184640244
  0.29543856578897160  0.30589931322268682  0.31647212136427455  0.32732715048588629
  0.33809867249268083  0.34886761759139512  0.35918690669068221  0.36928967321792572
  0.37895473728797396  0.38878863143273418  0.39866766429344969  0.40835188052945487
  0.41786856223396907  0.42743013876047603  0.43714356057766918  0.44727901983430080
  0.45776330700733953  0.46836014768789536  0.47887149631314002  0.48898856899929244
  0.49870411460678687  0.50829199357051802  0.51785796044289434  0.52766024014536661
  0.53754394614546830  0.54778363671677166  0.55832608129683503  0.56873882557908828
  0.57905166964904142  0.58929763800695600  0.59911935305884589  0.60871401139595982
  0.61831969580546242  0.62856932674699895  0.63941581681049642  0.65006057975988873
  0.66037011196384621  0.67073890077165021  0.68106051966610026  0.69168539939086338
  0.70230577241733882  0.71270506945212742  0.72278984940668478  0.73285346601872448
  0.74316097480281296  0.75380176893398076  0.76430947928027348  0.77504740307983144
  0.78578490628046516  0.79664522512682945  0.80759290742700551  0.81824157671125386
  0.82869989986011638  0.83918550298448424  0.84969037606451059  0.86015146317443514
  0.87074742270347616  0.88201633508130095  0.89354442479933016  0.90492521782198665
  0.91633275606472564  0.92791667987427362  0.93969152263328237  0.95139280334931964
  0.96235889789708784  0.97240989715673387  0.98314608266638681  1.00000000000000000
  0.00943427772140255  0.01574384184756033  0.02526722850522171  0.03502139239180566
  0.04488369408429581  0.05489895773303100  0.06492128654745502  0.07471990412616714
  0.08452172244484349  0.09454821700365997  0.10478558811836336  0.11527484090188614
  0.12564646022896372  0.13573447385978027  0.14601140763519455  0.15676994621240001
  0.16773282468123221  0.17851897265432792  0.18892862684035691  0.19914352881951053
  0.20931406847083947  0.21925729950886952  0.22901916322577429  0.23861215081966722
  0.24828776357635104  0.25826351500258377  0.26858963638351391  0.27922875546926279
  0.29005221524764402  0.30087494970845674  0.31146577584482898  0.32152759338417258
  0.33142195657853812  0.34163168922138576  0.35208676048424647  0.36260170224157456
  0.37315232358494815  0.38389090674304599  0.39473938568809847  0.40572533986337078
  0.41658448172403956  0.42692534794757558  0.43718832391527357  0.44793328411357985
  0.45870102857432687  0.46891615997442238  0.47909666690707742  0.48981235130860867
  0.50075935220029211  0.51157420677229803  0.52234425910479043  0.53283699269695883
  0.54328064384526920  0.55303411012642067  0.56269446147140645  0.57253544171021720
  0.58269672225088764  0.59295939555464960  0.60327508021406462  0.61382437515454125
  0.62466221620272255  0.63547798837685399  0.64626685001583883  0.65730496846295183
  0.66839120394408369  0.67936867197041451  0.68998936806221045  0.70039508734051015
  0.71063317523770009  0.72098894695757321  0.73168210751058738  0.74260306459351855
  0.75358760173698458  0.76428237762939699  0.77464864997636218  0.78481101026160260
  0.79465121453617693  0.80441963528907767  0.81439314430664045  0.82455270904028222
  0.83473554949223039  0.84507820060078376  0.85588290059948147  0.86705065257158365
  0.87825688177031991  0.88942329702798073  0.90057211722734609  0.91181946911194012
  0.92302956179235673  0.93420034310084232  0.94520207959773639  0.95589314402008796
  0.96654039073852005  0.97720501335822996  0.98847591333992724  1.00000000000000000
  0.05722583052963349  0.05875084806602539  0.06068438165185585  0.06290202111663466
  0.06516271566163558  0.06751163050827343  0.07012805280933433  0.07300940781262234
  0.07584470035803888  0.07868291745617474  0.08156796902739637  0.08451132501678200
  0.08754547783490739  0.09062687175669866  0.09373096389065037  0.09684565377762325
  0.10008173870618380  0.10340509514423463  0.10680269351613784  0.11026267072039599
  0.11376994486755458  0.11731773741844904  0.12092854975683918  0.12462170070422031
  0.12836368087267550  0.13212871453114428  0.13605834002219522  0.14015064093085361
  0.14420994639931614  0.14809829110317888  0.14905600902274582  0.15063643292944529
  0.15224316811725819  0.15441451687923680  0.15690574195309095  0.15938622241830816
  0.16185291630420259  0.16433523509480422  0.16683467147554940  0.16936953850013131
  0.17192112910744281  0.17449084073092716  0.17706791542460842  0.17963879881471040
  0.18222559963398383  0.18483271925776354  0.18746895722730453  0.19012923819946553
  0.19282233851340272  0.19557612783391815  0.19838327170778583  0.20123367913306056
  0.20410524544898273  0.20699871747559420  0.20992214085715449  0.21286345336975712
  0.21583655792344972  0.21882615053766707  0.22185081437358431  0.22494883040671060
  0.22812363233660105  0.23132105666900699  0.23456348231627727  0.23786010929698645
  0.24120200592376700  0.24458077785411417  0.24803674728274433  0.25156407829176991
  0.25517436970032381  0.25885396498553948  0.26263029414769506  0.26650079353652811
  0.27043108604772803  0.27445844800656161  0.27862511783556770  0.28290751870733760
  0.28730553265583941  0.29185757876332180  0.29660716702835693  0.30152548546721308
  0.30665867829745086  0.31205558706481124  0.31779947398897196  0.32390134319232616
  0.33042164475635677  0.33746204827122778  0.34512555076252549  0.35353650523228602
  0.36312679316253565  0.37444109351602417  0.38788435080947731  0.40508573851146196
  0.42837363910222293  0.47479805399174291  0.59549924394976972  1.00000000000000000
 -0.00319370899460676  0.01242333846904120  0.02553586350023112  0.03896532802328872
  0.05061837984056890  0.06259260527164513  0.07324065266360244  0.08381106162962766
  0.09399994543817250  0.10459927780668264  0.11592363615078835  0.12747912545065818
  0.13934948660788726  0.15085747416837558  0.16192486318970212  0.17253644058347650
  0.18242379855394550  0.19234945832814621  0.20267571417348834  0.21307310428892404
  0.22317877109212850  0.23317555301512644  0.24317207153291753  0.25312633211440277
  0.26304182488529093  0.27305931091198371  0.28352183633130212  0.29417746345488144
  0.30520376597472826  0.31648456090173055  0.32742840030480930  0.33817761097595356
  0.34853622332900125  0.35887437664067295  0.36937332055868022  0.37960631098548464
  0.38952470541425466  0.39928027498504415  0.40920994219626960  0.41943708976606875
  0.42938146014286910  0.43922362870870590  0.44934369255664225  0.45950446842142556
  0.46968029724465499  0.47977822509148488  0.48970853669652431  0.49921501205298341
  0.50855591491424856  0.51812942196672707  0.52792544363777416  0.53753848530984982
  0.54681556780941842  0.55597040351772187  0.56546618205547927  0.57512853572186462
  0.58451997989489679  0.59369042211973611  0.60299918015560461  0.61262367618244917
  0.62231450181562942  0.63186451222566742  0.64155522906033147  0.65196846193077063
  0.66296220508814674  0.67383130769100796  0.68438458144416670  0.69468142304115865
  0.70488228747872361  0.71514500360957889  0.72525364843413997  0.73504087983601152
  0.74463033059200734  0.75424767869393150  0.76402159643253231  0.77436816668634911
  0.78497699043769997  0.79560626613652519  0.80594164414559311  0.81639588663417473
  0.82693456128642362  0.83781263803773209  0.84898323038357337  0.86007191304212349
  0.87106578036286975  0.88239727866844253  0.89390816395055617  0.90546771147625782
  0.91713092786386785  0.92911155839539750  0.94084287724550186  0.95242495213054923
  0.96402021280031769  0.97616468749593144  0.98824813090338759  1.00000000000000000
 -0.00233329454688395  0.00979535618906176  0.02023732850811374  0.03154527117815838
  0.04216246457472227  0.05263016832253088  0.06322992982794025  0.07369185883654689
  0.08373418494051275  0.09346604165472214  0.10359206577685721  0.11377820207244402
  0.12386050574364876  0.13392226256468412  0.14442916026339392  0.15495556586175580
  0.16533836254921994  0.17573701097698421  0.18625425778143936  0.19700093956814393
  0.20788933100761073  0.21889804157627504  0.23008506600259998  0.24057425767775975
  0.25106943674818538  0.26099217634245425  0.27152749387382652  0.28211551954006236
  0.29274502686467713  0.30318756328706026  0.31412656850187048  0.32492956876023427
  0.33530069835389426  0.34554277937794248  0.35642279319081255  0.36767611036217202
  0.37859366396288563  0.38915393715291996  0.39952423265798570  0.41050575118778015
  0.42074016531763470  0.43116578199477301  0.44133747195121553  0.45090615102102222
  0.46026028843986921  0.46916024891926683  0.47831764191142001  0.48782484988247604
  0.49747516754492177  0.50752955518586007  0.51800587320559266  0.52957856297958306
  0.54108247505246310  0.55192582384321609  0.56272611603719191  0.57364639102958448
  0.58446203218262605  0.59518934773571319  0.60597701232753431  0.61690697763270874
  0.62753936443674618  0.63789440514453111  0.64834647384494304  0.65893336456985230
  0.66968920165231838  0.68021354799215494  0.69111232393562316  0.70238472112895223
  0.71359722478422760  0.72456045716268780  0.73539194164509702  0.74629128262822209
  0.75691763341804064  0.76759831883395779  0.77811895292408306  0.78916297777558631
  0.79985216152826399  0.81058766933175741  0.82114512974340792  0.83152604091745119
  0.84204274472103646  0.85243194104346831  0.86329473913647548  0.87423211380391730
  0.88513969083312238  0.89589802602767477  0.90599887002077184  0.91655159392340912
  0.92636816812163070  0.93677771323988346  0.94705308589419790  0.95719129837716876
  0.96740805170607469  0.97766859731444666  0.98871996310371046  1.00000000000000000
 -0.00287489150692392  0.01106431266470738  0.02325063579141705  0.03601134776665294
  0.04854660639769909  0.06069586558546124  0.07209802000926939  0.08322460570765358
  0.09471495819903525  0.10625270242435647  0.11669203036946661  0.12769521141067883
  0.13861454042700913  0.14966335867807318  0.16044008726426162  0.17189918970819615
  0.18382409161299867  0.19530042086247235  0.20597734120530603  0.21676103235173047
  0.22776481051226377  0.23918199838251233  0.25029797741647081  0.26130195402187650
  0.27189243302632093  0.28235329928266950  0.29262345760694658  0.30296452938029395
  0.31299298515266061  0.32247771937220515  0.33206980278401554  0.34180919320090353
  0.35162155698976189  0.36151010410100648  0.37147963069957168  0.38164353482184016
  0.39192957023555353  0.40231169762736663  0.41272410822669436  0.42273818839780714
  0.43237975840223630  0.44200094354484709  0.45175975411304331  0.46159153471723163
  0.47130206804958624  0.48075462207058373  0.49004821883697314  0.49937130230571092
  0.50874409056954628  0.51815448111251339  0.52757583619782378  0.53695547849915459
  0.54627796453151867  0.55555161285386556  0.56509760389085373  0.57508292363654423
  0.58474560326205849  0.59366896616294862  0.60261259894837094  0.61202064001945211
  0.62154210838106660  0.63076998811438123  0.63994415747212807  0.64940438725898009
  0.65914289997602171  0.66890231567894376  0.67860396863349470  0.68833191813815819
  0.69818567108969742  0.70811673468464698  0.71790321952080349  0.72759784583525222
  0.73749642014283323  0.74754822232730855  0.75737594838179390  0.76716471647934581
  0.77742344189746815  0.78855097758380199  0.80000701890693171  0.81168929013219793
  0.82328181900368569  0.83472911498120206  0.84647506640676373  0.85821102568448526
  0.86966724674022544  0.88034220639729532  0.89057360041237610  0.90115926549660252
  0.91198619478673115  0.92303420938157688  0.93455318160426804  0.94669149615892900
  0.95970299986091778  0.97264393741241062  0.98633609041946857  1.00000000000000000
 -0.00208497568676047  0.00880235520026478  0.01793656495883565  0.02772270273141447
  0.03774325223944032  0.04749743155043572  0.05714056995725173  0.06667639491023822
  0.07610626753809854  0.08559688503849931  0.09522262373765322  0.10512995376066611
  0.11524579368542587  0.12564755495091937  0.13634582665255784  0.14721243276768819
  0.15799237180449496  0.16838782753739787  0.17841903766599093  0.18845806043605132
  0.19880741760491547  0.20927103887158022  0.21955264050534501  0.22986078792887091
  0.24054512077525789  0.25136984447569805  0.26197070980988463  0.27250522131220917
  0.28317809547215111  0.29382892106339109  0.30447219475375681  0.31541260784715008
  0.32652325228863810  0.33743944723578034  0.34810599896398448  0.35850810724994914
  0.36882108787447848  0.37937402015963911  0.38990420910456997  0.40019027656601774
  0.41028329102559813  0.42051875739593231  0.43092392865816859  0.44124882339916144
  0.45152138152965526  0.46183435309301329  0.47231855916115723  0.48284713481674663
  0.49327147709774893  0.50365120480990666  0.51414143970838988  0.52504235468161520
  0.53645078251892486  0.54810478116133843  0.55973140159799240  0.57128498723749621
  0.58266216580839714  0.59352552594127372  0.60389762626739840  0.61412128591599469
  0.62433028705075988  0.63458920593340684  0.64502383467974977  0.65574443829584894
  0.66667652089092189  0.67753297117149802  0.68826638119010120  0.69881448240197397
  0.70910269840231166  0.71926545889382287  0.72938323501972668  0.73990060286049431
  0.75050241766414216  0.76105262782596272  0.77182105066936602  0.78312134317852466
  0.79480382572200048  0.80643920235498778  0.81779292750894073  0.82805362708677455
  0.83892993602554744  0.84980700648243424  0.86100793849069535  0.87175235848178068
  0.88265404090178023  0.89394754429073897  0.90441607657872847  0.91496210376528797
  0.92560708265491043  0.93630892688892653  0.94709104141066836  0.95797234710779222
  0.96882923037643276  0.97958605097591034  0.98980483312779277  1.00000000000000000
 -0.00214214518517007  0.00869771901241269  0.01764520447399651  0.02766542952858173
  0.03791776421797027  0.04823374275734598  0.05841481514943543  0.06918662225602744
  0.08098111957191226  0.09268855830180364  0.10392913128758856  0.11516306059650341
  0.12575197032899013  0.13606770204305482  0.14649165653393389  0.15723689807798374
  0.16810816072808407  0.17828659001067695  0.18837063269439761  0.19846881444278386
  0.20914517624576379  0.22015111112116470  0.23129963669936973  0.24243335005776351
  0.25364385006403350  0.26483611742052782  0.27602201570010693  0.28711565264146383
  0.29813548442385995  0.30917038763496496  0.31990407842506235  0.33039726471666359
  0.34092772112221004  0.35173756530466377  0.36287590884849846  0.37388764352517334
  0.38463759884964616  0.39524380609271409  0.40588547785240658  0.41645306156499273
  0.42648944603704059  0.43603310186437122  0.44533431390506900  0.45467959270931568
  0.46439990042813967  0.47448557296295718  0.48515965249965670  0.49587334097327351
  0.50670830722130489  0.51743755120278889  0.52805186349070377  0.53870483629489241
  0.54952083209391878  0.56041740107146365  0.57029931377390730  0.57996792406681141
  0.59015235439790448  0.60071492639063151  0.61114044171234727  0.62110004752803105
  0.63147253757535715  0.64206244248104150  0.65279378639668262  0.66344699934121598
  0.67367532589775736  0.68378353043844642  0.69365223012491561  0.70389199530680679
  0.71441534946043539  0.72456084978709945  0.73470182306443110  0.74492005906780678
  0.75569175754543905  0.76694372871879823  0.77797509397761500  0.78914366034760008
  0.79972331202615554  0.81028766870956892  0.82100656252993931  0.83211963180660387
  0.84325786518174362  0.85441919863256899  0.86568664349884372  0.87661205332833558
  0.88724158268721420  0.89780931482539139  0.90883787717156150  0.91970724153873129
  0.92988744650703270  0.93995049546239939  0.94983970872497758  0.95985757882293821
  0.96995162874749008  0.97969169307863557  0.98997697381076077  1.00000000000000000
   1.0956252388047075E-008  -1.0000000000000000     
 F F F F F F F F F F F F F F F F F F F F F F F F F F F F F F F F F F F F F F F F F F F F F F F F F F F F F F F F F F F F F F F F F F F F F F F F F F F F F F F F F F F F F F F F F F F F F F F F F F F F F F F F F F F F F F F F F F F F F F F F F F F F F F F F
  <DiscreteSampler_grid>
  grouped_processes
  1 # 1 for a reference and 2 for a running grid.
  10 # Attribute 'min_bin_probing_points' of the grid.
  1 # Attribute 'grid_mode' of the grid. 1=='default',2=='initialization'
  0.0000000000000000 # Attribute 'small_contrib_threshold' of the grid.
  0.5000000000000000 # Attribute 'damping_power' of the grid.
 # binID   n_entries weight   weight_sqr   abs_weight
    10   10   1.754098384864740E+004   1.844857659837779E+009   1.754098384864740E+004
    16   10   1.754098384864740E+004   1.844857659837779E+009   1.754098384864740E+004
  </DiscreteSampler_grid>
