  0.00002163638309609  0.00004879318062205  0.00006856472238008  0.00008753679117015
  0.00010737590687766  0.00012900113635845  0.00015356949300526  0.00018909682228904
  0.00022720784434740  0.00027108131815977  0.00032442536783055  0.00038600179250437
  0.00045962233455703  0.00056433711167940  0.00069252615976164  0.00084108598286299
  0.00102263386622095  0.00123979194873108  0.00149898759652568  0.00182622377371308
  0.00220730507207479  0.00269712667260168  0.00330271800574953  0.00401875291778404
  0.00499556639629449  0.00623565956824295  0.00812788894378968  0.01105489951208314
  0.01553814729172337  0.02223062811339930  0.03160137098306103  0.04396301872036508
  0.05950515619757461  0.07649397949648430  0.09397994783135037  0.11219349251749153
  0.13090446088755398  0.14977671960569022  0.16876374041365300  0.18788357476698503
  0.20696793805134336  0.22593868829841790  0.24500002722297293  0.26397467234678956
  0.28279488002683267  0.30171276917166429  0.32078100117569314  0.33997027779874806
  0.35921948032339779  0.37820397196767697  0.39694668149952722  0.41564357885245279
  0.43436048640733943  0.45315155803200435  0.47205866205804631  0.49073975248569862
  0.50932816878673282  0.52805943192826699  0.54681004007264822  0.56563723687410683
  0.58450952649763044  0.60330505410557322  0.62210316210221006  0.64087292137927909
  0.65957310493982380  0.67817853306478204  0.69676910657141045  0.71537621537358242
  0.73392724568967982  0.75230752621214536  0.77061287734785000  0.78886459825809363
  0.80697107768862797  0.82486722217239039  0.84259143358374877  0.86015472049167963
  0.87746408935210352  0.89453426788987889  0.91123527701655904  0.92721800590772863
  0.94201916301283517  0.95533331106057862  0.96678517906353834  0.97603294336086743
  0.98303450608984355  0.98805941613121506  0.99157983971764219  0.99404118006775466
  0.99574073011197572  0.99700572575022961  0.99796470376296065  0.99866012455674780
  0.99914677395610563  0.99949430750831059  0.99976621462433324  1.00000000000000000
  0.00002455120520348  0.00005196757764225  0.00007107624564326  0.00008952890614957
  0.00010874857285901  0.00013087133098267  0.00015810377038027  0.00019263823036353
  0.00023578718618491  0.00028846315682318  0.00035428479424513  0.00043889277916695
  0.00053666522089284  0.00064978244920877  0.00079069671885886  0.00097206085628334
  0.00119229909993019  0.00146596625540411  0.00181330258299105  0.00224823311199630
  0.00275600982548514  0.00333859613651070  0.00411861853380806  0.00521618743592269
  0.00683514856906790  0.00905936415108888  0.01211760209180745  0.01716948329127792
  0.02477548941764225  0.03560682891967783  0.04958697490325122  0.06602527526094215
  0.08383442270717656  0.10232661972601267  0.12126510332332412  0.14048916046941104
  0.15988723161736582  0.17946813023025485  0.19899405208833446  0.21835089710036168
  0.23780108252623183  0.25738809798623974  0.27696672001932010  0.29652377827233650
  0.31606510919258096  0.33544883150943694  0.35473873439446790  0.37400812595706001
  0.39293591134618916  0.41169575349169896  0.43056645435997187  0.44984279938393940
  0.46945994524353696  0.48905992061127146  0.50861307683534740  0.52808683365229081
  0.54738361831287641  0.56651425355521623  0.58578404016719188  0.60515143727188292
  0.62386826044146693  0.64248436857073554  0.66155759078415266  0.68072855806796007
  0.69977214185480063  0.71876736799411589  0.73772792572045254  0.75649016632577848
  0.77510137697473414  0.79363782219844259  0.81209617717924854  0.83046379397512937
  0.84873465163391304  0.86680827430632801  0.88452545503347546  0.90192515626428937
  0.91849998879804595  0.93370010854752739  0.94773955921580122  0.96034112501436697
  0.97097651079378478  0.97929466054389647  0.98555317247462249  0.98997560285557062
  0.99303126458884983  0.99516153033767785  0.99667037366937461  0.99775193696712328
  0.99850247660463909  0.99898182123677592  0.99926954275317592  0.99947514860049325
  0.99962029775681305  0.99975575816379059  0.99987787908189529  1.00000000000000000
  0.00116621305906557  0.00161250211160806  0.00197744417378687  0.00236807403408244
  0.00267530567100832  0.00288266150017179  0.00312381711356939  0.00343030775398653
  0.00377673433909465  0.00416351973719567  0.00461297319517818  0.00510584691640400
  0.00562890835375046  0.00618437698838072  0.00676244420508642  0.00736028940311066
  0.00796223228496780  0.00857406194677514  0.00919865694007151  0.00984102713504041
  0.01049788739921536  0.01117161383570012  0.01186501956471420  0.01258394540135737
  0.01329163090938785  0.01400836038463120  0.01476120597630386  0.01558056173200834
  0.01645536928672848  0.01734740702720085  0.01826440530976678  0.01919379023814185
  0.02014141721564352  0.02115289404506957  0.02219499834880726  0.02330324328553343
  0.02448728681286476  0.02572253144710978  0.02703347802957216  0.02841099777458983
  0.02984231940813392  0.03127510040185747  0.03266536534148946  0.03407270701251827
  0.03557817345634358  0.03730577091107341  0.03917443968830480  0.04112329182723896
  0.04318217246894122  0.04531300420231744  0.04750300262245698  0.04973164058662993
  0.05204189599134391  0.05445084876666700  0.05701844713540773  0.05976948889702698
  0.06254665180398099  0.06536811823120313  0.06825386033476713  0.07134888486544619
  0.07466810780311946  0.07821046039738089  0.08193682714890947  0.08586564458129438
  0.08996765009693967  0.09404307457056885  0.09822172041438701  0.10265809944271227
  0.10742849448926135  0.11257417902641445  0.11804725202915375  0.12396330475810159
  0.13045925472302222  0.13731708447224067  0.14413967539283704  0.15071643204041490
  0.15748767904872715  0.16505208975940891  0.17365391914600872  0.18250458262710928
  0.19174028641263383  0.20208202674497583  0.21376499010942898  0.22654886440051761
  0.24002711320541525  0.25448696053447517  0.26994743234262031  0.28683407349308121
  0.30506288465965575  0.32496104955152860  0.34705650106896302  0.37240882091351180
  0.40345702304882075  0.44468551259495170  0.56562547965052012  1.00000000000000000
 -0.00248501157561039  0.00915084721249953  0.01924526933390475  0.02850575586732775
  0.03700364461292338  0.04517452342024800  0.05355717482015218  0.06374219972029105
  0.07295776001115646  0.08073239525325532  0.08849607196261135  0.09659545248724823
  0.10564734123359575  0.11478796154602632  0.12380788595599136  0.13306558181795022
  0.14260944518125968  0.15216394755378548  0.16142649883948429  0.17050671698131092
  0.17984458220869709  0.18958424577767394  0.19956830552226165  0.20971311206858226
  0.21986245221179226  0.22951164384611292  0.23866733145406860  0.24773090926982927
  0.25713966810836014  0.26720779922550486  0.27758003377856949  0.28790716626014640
  0.29826689906509274  0.30874525673911946  0.31925495988631347  0.32962512879438099
  0.33995643649016660  0.35031399377454758  0.36061148461267628  0.37106014802683329
  0.38176675903955481  0.39271798785515988  0.40367454041320328  0.41458269637264983
  0.42565993287585568  0.43692935868930399  0.44819056048485445  0.45932710574019225
  0.47036368118252703  0.48142969454767631  0.49263610656062878  0.50394197750753467
  0.51530265658409491  0.52655673251802848  0.53772467076603836  0.54891050830415822
  0.56005081416582625  0.57103791634065604  0.58199660508081041  0.59320995339983595
  0.60470291679211263  0.61640277748516570  0.62818559643629968  0.63998671256816830
  0.65175752743637938  0.66334695727400839  0.67458354208910454  0.68539594624061251
  0.69600635112922848  0.70659644118226783  0.71740411939280024  0.72868712960925619
  0.74028249615175234  0.75197113034589780  0.76345966208463589  0.77478572645012911
  0.78614382927496362  0.79746850770255995  0.80867704886879987  0.81985454440273586
  0.83087790505085779  0.84232412326188255  0.85389734433140707  0.86555531065543934
  0.87673122377904500  0.88806793633608894  0.89903261469146223  0.91051017878101792
  0.92202292703057098  0.93325021478209791  0.94442555071464784  0.95520839093095478
  0.96613865560130607  0.97738358969230865  0.98867239144695540  1.00000000000000000
 -0.00172488119563733  0.00740017924351601  0.01680202983688156  0.02694883723049127
  0.03797338739298271  0.04853337552419029  0.05932395528459231  0.07055283786563302
  0.08194088609133088  0.09324152609662793  0.10393955582953399  0.11420411050866242
  0.12466633223661136  0.13536511478562957  0.14630231741278180  0.15719510343203333
  0.16818019155244304  0.17931694243679580  0.19024557048352109  0.20113086056145549
  0.21207791434988554  0.22327583622929115  0.23452372369587690  0.24572744184899575
  0.25689034415590478  0.26775991385606102  0.27828706136594000  0.28757477492356315
  0.29717679135194547  0.30693777135275213  0.31727967149451874  0.32790630652842256
  0.33873775243093551  0.34972675058843300  0.36052246308340863  0.37061200200660072
  0.38069392359541881  0.39091583552762965  0.40168023888855642  0.41240506307080466
  0.42313403332630806  0.43387241191289838  0.44460810492035585  0.45540331922992450
  0.46628076440999688  0.47727061589463671  0.48821050147651535  0.49898419238044550
  0.50980685516348490  0.52057456530560331  0.53137351160358148  0.54204961257260220
  0.55267151366257017  0.56339633843725490  0.57417633116999645  0.58495275663786916
  0.59568983649737495  0.60646815798489240  0.61745004341732934  0.62814582082969306
  0.63850750693481784  0.64846857640281219  0.65818981742566385  0.66779445334389587
  0.67729378548801733  0.68729515109930106  0.69786745851852272  0.70815895352260960
  0.71841916629399583  0.72880358265353873  0.73946295934699913  0.75045932542367444
  0.76148236871236419  0.77232061136198116  0.78202823802435628  0.79099935979847791
  0.80003616417828272  0.81009505912447299  0.82096910843631699  0.83158773852841295
  0.84194960906446370  0.85230164378521289  0.86282975217701852  0.87334965947615018
  0.88364369676287025  0.89417385105673342  0.90477413830823827  0.91512126922672843
  0.92491621980794236  0.93535998826774513  0.94632420143673290  0.95726325536013401
  0.96761870996620070  0.97822285384616514  0.98898117891500803  1.00000000000000000
 -0.00210729673816743  0.00851870214340978  0.01770567164232830  0.02691564159590886
  0.03674267164879060  0.04666050106764642  0.05692227822910013  0.06659495350411629
  0.07607032590079389  0.08529703903160346  0.09470325070462424  0.10434081741062015
  0.11406077359788919  0.12400542949339625  0.13403283055988524  0.14415004008709104
  0.15378753336544243  0.16334823507572069  0.17321524696282140  0.18300493312870583
  0.19240303498097033  0.20145825652051269  0.21042626388859328  0.21965350546117138
  0.22915724681554631  0.23879961031241373  0.24876397849665335  0.25888846442158731
  0.26895714889706174  0.27905446482500296  0.28944864247051827  0.30019027916509217
  0.31096665851539934  0.32157133797366150  0.33198613291397777  0.34243282082399013
  0.35305213176197098  0.36393601208356857  0.37491085656291279  0.38598592141435872
  0.39705511718997555  0.40810328879334085  0.41906720348228138  0.43005187704207443
  0.44122456756620648  0.45252068289351433  0.46369059516395650  0.47464119955851258
  0.48550003929847141  0.49658921080958851  0.50794311461518549  0.51954310115213886
  0.53122560770990546  0.54284955259408429  0.55418499964469303  0.56514537629304817
  0.57596019428695011  0.58691161464492769  0.59793169271537894  0.60893392622590714
  0.62009770420129695  0.63158889961237596  0.64336264792974240  0.65492721358563200
  0.66581269594115733  0.67645975384189572  0.68728712825428950  0.69865003642831314
  0.71031371231191542  0.72182292989737196  0.73327474926764080  0.74478190371423525
  0.75640566907753293  0.76813072151767825  0.77993853812363167  0.79177020852082047
  0.80320912572200864  0.81413408372025264  0.82414072775375924  0.83389670599621468
  0.84369369602801547  0.85388309020818609  0.86413467780892894  0.87473797375178997
  0.88601548639023198  0.89667247833116748  0.90636075114286374  0.91613469227124289
  0.92647444008529756  0.93633471562979620  0.94585681180490100  0.95536680980040367
  0.96490647496597404  0.97625654507687731  0.98816544729726985  1.00000000000000000
 -0.00222240653344433  0.00855992924685784  0.01921602834503561  0.02969617910517607
  0.04016087978857794  0.04975408781561648  0.05967470382570089  0.07003769095714799
  0.08101534714554659  0.09207049590520830  0.10299031779006451  0.11391271321283349
  0.12484011630575764  0.13582401305815081  0.14621873640258251  0.15621548808809746
  0.16615076893153038  0.17632662030060398  0.18731208087250251  0.19831463483673287
  0.20862698056846848  0.21894967417182942  0.22936494836657725  0.24029167133163626
  0.25125884068997922  0.26209075260899328  0.27294811008399777  0.28327333720347481
  0.29364363642692437  0.30364013486890395  0.31254964301816501  0.32122858451410347
  0.33013162643117577  0.34004926530085283  0.35086843846604682  0.36150501886810160
  0.37215994394766283  0.38293251923270044  0.39358457083006260  0.40416134517001712
  0.41487453295270837  0.42575173153280921  0.43660932833696919  0.44715996170653000
  0.45746312572111619  0.46767514176509206  0.47789021057341935  0.48802928840303328
  0.49819525494565670  0.50851017259511633  0.51934208882638200  0.53038523052920872
  0.54128342464991896  0.55202752914654740  0.56232192959739236  0.57275402589263358
  0.58322048696489681  0.59419121003001907  0.60512166455495864  0.61624176243490614
  0.62716366993743167  0.63784315866519681  0.64861782856814587  0.65941487432607393
  0.67035842688471825  0.68070718543362785  0.69133895235187603  0.70205920705957292
  0.71329982355800303  0.72433106759316668  0.73518709900909174  0.74596775362953571
  0.75635356095293271  0.76697898405131404  0.77763741440088141  0.78853440150967669
  0.79948152989906762  0.81030086472056617  0.82139519567761188  0.83181767252436245
  0.84144102864173165  0.85103287903040425  0.86079902110151796  0.87106918586129467
  0.88212150228568231  0.89322944507138902  0.90432134714145018  0.91501845968007200
  0.92538182865947327  0.93550762525069908  0.94623434512673910  0.95689542498125835
  0.96775408360289550  0.97805784506637006  0.98934503002625440  1.00000000000000000
 -0.00229214097976888  0.00922035834079737  0.01983966019130167  0.03079637753411906
  0.04197398266420857  0.05181614615449563  0.06305244691167926  0.07395621548579290
  0.08487889411329687  0.09549726208673036  0.10593110721724944  0.11689211403323753
  0.12768434153326008  0.13831926976819053  0.14880056569864028  0.15967327672364362
  0.17017304923334178  0.18041559728075646  0.19062422476269203  0.20050191304470022
  0.21090602660133706  0.22150894408198152  0.23206236632898014  0.24260408807672765
  0.25308905816602367  0.26341363705957627  0.27392322500277105  0.28467157332689813
  0.29550153501817517  0.30642614434288201  0.31752216177984266  0.32885929582187984
  0.34019156393853306  0.35123654257364967  0.36141369772084891  0.37031333016949880
  0.37902557801665415  0.38826467762568939  0.39862870656018479  0.40884866444754991
  0.41865214377153698  0.42859224201098112  0.43918703189103514  0.45026735106548310
  0.46108530330566622  0.47162406315470845  0.48205804875750780  0.49244042024282775
  0.50297278693716929  0.51361806001778376  0.52464130622981575  0.53566336649733015
  0.54675510915222114  0.55777661299471837  0.56872675248229987  0.57960469831489425
  0.59047531432737888  0.60108236560005901  0.61142083094176325  0.62171676006523457
  0.63225689208519631  0.64330301449014105  0.65463980686084167  0.66598210404083047
  0.67686337929603480  0.68733977476541053  0.69773179765156634  0.70757820532782256
  0.71672932692625135  0.72547438095980654  0.73487726418515653  0.74515056403030222
  0.75580032646075768  0.76673770628838089  0.77796270127327660  0.78922838850900412
  0.80015462324553255  0.81048167138993477  0.82031850478336665  0.82998754154188814
  0.83991438450352873  0.85036800080192854  0.86111196756322916  0.87218560883979457
  0.88334773448251758  0.89432066415911793  0.90506288843246441  0.91570054770989140
  0.92639890690140569  0.93728173264642745  0.94781629944576451  0.95860125301007826
  0.96923445865025049  0.97976979292123634  0.98967236355262600  1.00000000000000000
   1.2459328299913884E-011  -1.0000000000000000     
 F F F F F F F F F F F F F F F F F F F F F F F F F F F F F F F F F F F F F F F F F F F F F F F F F F F F F F F F F F F F F F F F F F F F F F F F F F F F F F F F F F F F F F F F F F F F F F F F F F F F F F F F F F F F F F F F F F F F F F F F F F F F F F F F
  <DiscreteSampler_grid>
  grouped_processes
  1 # 1 for a reference and 2 for a running grid.
  10 # Attribute 'min_bin_probing_points' of the grid.
  1 # Attribute 'grid_mode' of the grid. 1=='default',2=='initialization'
  0.0000000000000000 # Attribute 'small_contrib_threshold' of the grid.
  0.5000000000000000 # Attribute 'damping_power' of the grid.
 # binID   n_entries weight   weight_sqr   abs_weight
    10   10   2.969906108176540E+001   3.223270608608298E+003   2.969906108176540E+001
    16   10   2.969906108176540E+001   3.223270608608297E+003   2.969906108176540E+001
    22   10   2.969906108176540E+001   3.223270608608298E+003   2.969906108176540E+001
    28   10   2.969906108176540E+001   3.223270608608297E+003   2.969906108176540E+001
  </DiscreteSampler_grid>
