  0.00936364744464685  0.01606236946036868  0.02457179078571751  0.03405023500708425
  0.04350580088812916  0.05290009600434850  0.06241469934321790  0.07208387893958261
  0.08202544231725893  0.09281953181175326  0.10381871378172115  0.11430218727671876
  0.12439928917933139  0.13439034582928241  0.14401701188576777  0.15356222032264280
  0.16330089510478535  0.17393438556091645  0.18517369762693908  0.19668046969471545
  0.20807675325628142  0.21874046403526831  0.22899874321453625  0.23915575053325142
  0.24920774660793152  0.25922807628534461  0.26918221683088495  0.27922756131463156
  0.28945597699317460  0.30000221089607593  0.31053324629877821  0.32047107358776294
  0.33028873491277067  0.34048032395675831  0.35070851864254987  0.36066669053315564
  0.37039531403990389  0.38044209012765856  0.39107866131135238  0.40180623512768598
  0.41258115404206697  0.42321842312348434  0.43371384880893760  0.44471495669933558
  0.45605719173373416  0.46719388330892886  0.47804032021593729  0.48887310380658383
  0.49966813866772902  0.51081214304395517  0.52188362570236579  0.53391304881378032
  0.54596414107797153  0.55785918699201531  0.56933809537585001  0.58049458123243136
  0.59108131423070054  0.60134931305756012  0.61160391107380518  0.62198946273300737
  0.63252733405665773  0.64298882676654057  0.65341614405096726  0.66397049296988664
  0.67444195189688860  0.68452539527119383  0.69440997513130398  0.70412586417503564
  0.71424828134590967  0.72455613386849271  0.73518952563873285  0.74631381704417699
  0.75765784018909965  0.76901498295473880  0.78053790969984205  0.79177974822108044
  0.80339820663143713  0.81504844476960636  0.82629366237383650  0.83683662705770567
  0.84678221942935583  0.85644796561487579  0.86644664469546628  0.87713973959132474
  0.88822562062202648  0.89921224077825646  0.91018208143323165  0.92099945884766443
  0.93191662083318894  0.94292032740784282  0.95459527579725911  0.96445759935142250
  0.97395859872177337  0.98337645717087108  0.99093158109053359  1.00000000000000000
  0.00890449084066801  0.01689749711804579  0.02826661421778739  0.04053398657579137
  0.05137586572682570  0.06199132916803701  0.07237522419822806  0.08268639052242019
  0.09316682203169639  0.10407341782056993  0.11528075072206630  0.12636100378177278
  0.13686638400610801  0.14729981752099752  0.15758351960771758  0.16832744298913438
  0.17970565779000261  0.19109055450188792  0.20230145954050963  0.21350086259359793
  0.22487383986458653  0.23623735846883478  0.24760843531600085  0.25911918638267362
  0.27080348598766985  0.28191507975255803  0.29253036149730749  0.30249744454891014
  0.31220415095718923  0.32123214108471904  0.33015384556813826  0.33945761349297332
  0.34894292826608680  0.35903918288063219  0.36953134438507057  0.38055167616767632
  0.39237250427570830  0.40236389890598351  0.41248102919692803  0.42253659542086225
  0.43277751373354845  0.44243859304786520  0.45174578879817973  0.46139432959938825
  0.47143106080721792  0.48130507617765106  0.49119510483918200  0.50165735864169392
  0.51298453692043278  0.52453886389445792  0.53580529915130481  0.54692456631897479
  0.55798618091017493  0.56885849364863250  0.57929881445494880  0.58975763358233690
  0.60003579942078555  0.61055499976106009  0.62074195291868128  0.63090127071510327
  0.64109666219709693  0.65146057542246316  0.66227095654549728  0.67322695719706804
  0.68390738033093657  0.69403233514180396  0.70394410772638505  0.71440490117539179
  0.72542629865672259  0.73644499854112144  0.74744209413283014  0.75879170139587171
  0.77021886123482208  0.78199725333231829  0.79310393333198947  0.80407579867204315
  0.81431267644121419  0.82416372548561667  0.83410580002803114  0.84401138249998509
  0.85408299442077817  0.86386240386339830  0.87323147955269287  0.88282668683534171
  0.89253574522717394  0.90246512687946334  0.91245931652682699  0.92279620125984407
  0.93294724807962781  0.94382427825153647  0.95550363538562144  0.96536783098343559
  0.97476050321365615  0.98400115952638789  0.99083092342931933  1.00000000000000000
  0.05762742365862147  0.05916061185153058  0.06136263467224203  0.06421021709221851
  0.06787743893736112  0.07141111156312044  0.07491828457296626  0.07852317973066025
  0.08216639458031808  0.08584639258008732  0.08963085975381947  0.09350401628594808
  0.09752336700507742  0.10154467632310456  0.10563935553047478  0.10995895010299797
  0.11431188740741037  0.11872867431451181  0.12337752471792646  0.12807776463096734
  0.13284581778153901  0.13783106463494080  0.14334179955272916  0.14779421569840662
  0.14896343993798764  0.15006134315006620  0.15129325008092834  0.15271997406526597
  0.15492369116454940  0.15737263101946500  0.15978877579062392  0.16223330734059221
  0.16466984396301537  0.16709328386500080  0.16953044666746744  0.17196610933485781
  0.17441253135739099  0.17687274711418441  0.17934563083709740  0.18183504089085933
  0.18433851815031793  0.18686430839774784  0.18939926845608662  0.19195682858701357
  0.19454438776832134  0.19715687317032282  0.19978645667508674  0.20244938615436459
  0.20513507618219864  0.20784787771240870  0.21059625172456869  0.21338009179014347
  0.21622040738844769  0.21911450713957126  0.22204190865363077  0.22500044564932561
  0.22800170714120771  0.23104819875129837  0.23415177865251879  0.23731285809688221
  0.24050002712697527  0.24374842117460677  0.24702869693315055  0.25036450132804894
  0.25376573340378222  0.25721539692096501  0.26068385166562952  0.26423284805593134
  0.26785176623641893  0.27156415402599621  0.27537741369854718  0.27930502792575740
  0.28335855676481286  0.28752518040782105  0.29175274695026632  0.29606104086724233
  0.30055501036567711  0.30526233706886746  0.31016798986437538  0.31530846015508907
  0.32072172134379889  0.32642280737154594  0.33244442900522730  0.33893954724882924
  0.34590078704862992  0.35347625728193333  0.36184643929715787  0.37115402359572619
  0.38161362962024681  0.39395457935957434  0.40866479085877710  0.42690835984883296
  0.45268980658298363  0.49411512560747006  0.58471206324549962  1.00000000000000000
 -0.00246956487717665  0.01037205662180760  0.02114566936112116  0.03251828517530102
  0.04394241456875688  0.05554920651867813  0.06751042341557928  0.07997108948937993
  0.09226066157268238  0.10419577877931739  0.11562909091789260  0.12691002848380697
  0.13767327292224521  0.14830138379145502  0.15842759780270751  0.16918005063935479
  0.18047798660387618  0.19123340106025782  0.20060495060044387  0.21041874956036721
  0.22046264563681858  0.23036756435413566  0.24000126234412256  0.24951358926084938
  0.25933426895564776  0.26920153703076377  0.27905392922238870  0.28896257391364988
  0.29853648525753385  0.30803055259975087  0.31756939413613477  0.32707875207403020
  0.33640249951409162  0.34580002230145473  0.35566013589423684  0.36583833656433418
  0.37611031165894010  0.38655859178635915  0.39658404450787821  0.40590492262014799
  0.41503625215661000  0.42451454770267477  0.43400911889447025  0.44314901063206463
  0.45221249681893100  0.46184021274063913  0.47210391016303149  0.48206256351939447
  0.49148507679005032  0.50076285937688536  0.51000947819042164  0.51920662426668240
  0.52870992739910994  0.53823962311949669  0.54813265478988282  0.55859224821829412
  0.56859037225515952  0.57823421476631442  0.58782015246698283  0.59744577425039269
  0.60709699152413776  0.61652315771183908  0.62642349800589336  0.63681493224853936
  0.64725030277427531  0.65753962741199978  0.66831963973782971  0.67974719243667359
  0.69104490066442537  0.70230770713437740  0.71349489198904459  0.72407020828148405
  0.73441584859068310  0.74465493026151874  0.75558721468549639  0.76728065320190419
  0.77893603671701395  0.79018176591701428  0.80107171478313577  0.81204258108187077
  0.82288495094793479  0.83422249940198456  0.84588752277594759  0.85772483578941983
  0.86940284300733917  0.88049790538079975  0.89137987352100734  0.90254079677636989
  0.91316179088162608  0.92365042226177763  0.93451827574202218  0.94668463937432412
  0.96019499416308896  0.97388716799849073  0.98703826918478954  1.00000000000000000
 -0.00240626448545838  0.00933301661925215  0.01904109403295958  0.02936990307452640
  0.03973492863634113  0.05034812237868255  0.06120254253042685  0.07306310408912593
  0.08463175894819801  0.09493840961810864  0.10525653668409894  0.11559134132517415
  0.12601436916692896  0.13655387077982775  0.14711551409442136  0.15856819331776523
  0.16927987304743025  0.18029025475698046  0.19109245055392063  0.20188971410957385
  0.21212034335219634  0.22172455977173736  0.23188394001313892  0.24206968310273930
  0.25196306265771118  0.26205972630780228  0.27287232144977619  0.28472895398160686
  0.29692566809390858  0.30891832479695641  0.32057384612394224  0.33182477689208689
  0.34267832761712763  0.35328017400432521  0.36378998519763756  0.37421618503021759
  0.38502113159847445  0.39602666850967899  0.40697173333502279  0.41795945303396315
  0.42873748959516184  0.43941021785797785  0.45010277615992245  0.46002968082658729
  0.46995178739163945  0.47978209880849743  0.49056582096810591  0.50134632131611934
  0.51173668091129043  0.52232455343435280  0.53377688679278223  0.54533117129079955
  0.55657036961439843  0.56783025116333097  0.57868151081221830  0.58995644137221914
  0.60134139721326174  0.61128298044839047  0.62087419864193605  0.63041806055939242
  0.64044523371748796  0.65017066872032492  0.65902932495859690  0.66792324827356753
  0.67768678687469319  0.68782860131708745  0.69745987004749099  0.70673333451927167
  0.71644290733213134  0.72658302097675154  0.73710505185169717  0.74770713087206697
  0.75817719308455211  0.76858142485408754  0.77906192348041359  0.78986920764937274
  0.80119588175568413  0.81280478900161024  0.82431961968106648  0.83538052480194758
  0.84532707758890357  0.85519172156842849  0.86438604310876288  0.87367356132068807
  0.88288219543693569  0.89225197879495832  0.90199306975892368  0.91199944179642656
  0.92183748770142848  0.93193314324451482  0.94268959368872962  0.95440841901190443
  0.96563003602066100  0.97688675183306017  0.98821859214863972  1.00000000000000000
 -0.00268790177094102  0.01157211165060614  0.02342442758184303  0.03558217739676206
  0.04800524243264684  0.06105622145339382  0.07319016442872099  0.08490650693853702
  0.09719736142227782  0.10915366131358571  0.12086564660080522  0.13235392079182284
  0.14411097373430970  0.15543193210274223  0.16669075514940471  0.17719139127255570
  0.18757880326687057  0.19804823546792716  0.20870806379965129  0.21870165186833126
  0.22861684947274680  0.23826999632459753  0.24828643818973875  0.25812715051040902
  0.26787366009744057  0.27762418963530344  0.28784168144933303  0.29772412984880675
  0.30829091139921488  0.31698665362370604  0.32535743908908082  0.33364050272586715
  0.34254520106152175  0.35148389434802868  0.36038075185556018  0.36937183448107386
  0.37856867987992721  0.38819386953164364  0.39799593027178110  0.40835344775189136
  0.41877253993660279  0.42873260638330507  0.43847103385262987  0.44852285196817804
  0.45891142710782279  0.46909330115168135  0.47944333094785385  0.49011798014762120
  0.50060620050784432  0.51085967667256660  0.52083992364572862  0.53091061740662859
  0.54134161500170674  0.55086476588358158  0.56045222229877267  0.56966008610052188
  0.57896598496239837  0.58834677200067342  0.59745905499849683  0.60640794946663312
  0.61597391007609037  0.62566885575297182  0.63576202585509489  0.64554424040742464
  0.65585276879384591  0.66605463233970752  0.67610132515555998  0.68585662282949411
  0.69563649808372974  0.70559576759494524  0.71560591093391368  0.72563852859336764
  0.73669139005885398  0.74837984504852229  0.75997840018362628  0.77124196691540425
  0.78227601708087446  0.79324350650314324  0.80407100636033879  0.81457770585082545
  0.82514697933722392  0.83651469601366113  0.84849190946839403  0.86040120969465705
  0.87202563117446641  0.88363997624963897  0.89555862201074077  0.90778818794562166
  0.91997349655214500  0.93196800110971467  0.94376330471889336  0.95547907437614599
  0.96717788916891045  0.97884767568396625  0.98966104789766662  1.00000000000000000
 -0.00231359576110548  0.00913643211014145  0.01868139178538410  0.02893445829612372
  0.03964941173878461  0.05006959816983062  0.06053505178483085  0.07131966430850049
  0.08248435942358409  0.09263991538486635  0.10246736364580970  0.11257350328360782
  0.12222458893664848  0.13213746023788203  0.14238853439603788  0.15376539817005663
  0.16557774533905278  0.17624750297216191  0.18685978977585541  0.19807421905519568
  0.20940701654465760  0.22095115266454815  0.23186659350533578  0.24272023138939569
  0.25332071592925387  0.26397536773813185  0.27442067955563515  0.28516416932794025
  0.29694738460475473  0.30933297362840662  0.32112402385012179  0.33227799171116257
  0.34251034864759494  0.35255632463154546  0.36268885607334289  0.37271492262620926
  0.38264289159111159  0.39272166685454046  0.40310514655524160  0.41404007496387801
  0.42545401601563065  0.43723421140697566  0.44911116868635248  0.46041102138378320
  0.47119596852682633  0.48193805490952846  0.49215241289387995  0.50191315871162978
  0.51142187839836617  0.52169412969561224  0.53341126627813773  0.54514149578237636
  0.55588603124718872  0.56649529562296164  0.57688242076113427  0.58786579532261873
  0.59845678026035942  0.60969303148241860  0.62127672440643600  0.63234389494687315
  0.64316959304422172  0.65423019002477267  0.66514779703059679  0.67593662401721888
  0.68629166194439151  0.69680037858258137  0.70729691968327979  0.71794926826586325
  0.72849002933969298  0.73812098715940866  0.74745750227984809  0.75653382313308681
  0.76580746624631701  0.77524209425534341  0.78452431616359308  0.79411119271380870
  0.80486261541409476  0.81495286360743480  0.82628143820644862  0.83720988787858652
  0.84820413467427269  0.85907133707367256  0.86966514697305808  0.87984110798392401
  0.88973502436981033  0.89995374068183187  0.91095958569020619  0.92118656759587925
  0.93121569489801093  0.94090754054167181  0.95051527423067739  0.96030044234705525
  0.97031293421010156  0.98050060316878340  0.99054380726610636  1.00000000000000000
 -0.00275375571819586  0.01036493647770898  0.02118587363400773  0.03137836758552860
  0.04147993180426185  0.05137685290840147  0.06101944385492304  0.07122716489878729
  0.08185377505650319  0.09266017593064284  0.10310725880291714  0.11261952137829001
  0.12191183107044970  0.13114338776936760  0.14041555907022854  0.15008944376313291
  0.16008878654140060  0.17033674650057259  0.18090599168354682  0.19152844515165138
  0.20203261080509660  0.21297499809624421  0.22399066297376716  0.23487515706259121
  0.24603094186037749  0.25793432651250692  0.27007146541213517  0.28065795688616296
  0.29062850127827222  0.30057305624250080  0.31050661850422689  0.32033372678917155
  0.33022957236607564  0.34040609378234443  0.35013452318517879  0.35931899018492985
  0.36826292473982858  0.37759617732214390  0.38743253102758207  0.39755787135670917
  0.40877063329838476  0.41931659705355973  0.42936568091418198  0.43947528611758047
  0.44985906502615708  0.46037350990077036  0.47085104223255503  0.48113469629183070
  0.49117378446107823  0.50110688508421108  0.51105680633249451  0.52104369651755589
  0.53137904920622703  0.54184658891434556  0.55222259945635777  0.56249680337295915
  0.57279717542026343  0.58310333463416331  0.59327200027358062  0.60393130661070116
  0.61550162087691185  0.62750298752744893  0.63932505674229401  0.65084281394493071
  0.66213584134850967  0.67291928651095889  0.68343078439864691  0.69397035108715521
  0.70443943266855691  0.71495085913244039  0.72549615379263399  0.73643813242877465
  0.74792720418032899  0.75925709790467844  0.77095313791243347  0.78262593528646074
  0.79451202197014137  0.80561587984589200  0.81702535010051525  0.82775440343595297
  0.83804627578872615  0.84812652829966262  0.85873262261451488  0.87025650044575564
  0.88172194566025064  0.89319059109351340  0.90418710839444871  0.91504311258064619
  0.92659832555979860  0.93836956279751826  0.94896940042109923  0.95945269978170500
  0.96955340557806469  0.97989371170519235  0.98956951926334302  1.00000000000000000
   2.2085843044146910E-008  -1.0000000000000000     
 F F F F F F F F F F F F F F F F F F F F F F F F F F F F F F F F F F F F F F F F F F F F F F F F F F F F F F F F F F F F F F F F F F F F F F F F F F F F F F F F F F F F F F F F F F F F F F F F F F F F F F F F F F F F F F F F F F F F F F F F F F F F F F F F
  <DiscreteSampler_grid>
  grouped_processes
  1 # 1 for a reference and 2 for a running grid.
  10 # Attribute 'min_bin_probing_points' of the grid.
  1 # Attribute 'grid_mode' of the grid. 1=='default',2=='initialization'
  0.0000000000000000 # Attribute 'small_contrib_threshold' of the grid.
  0.5000000000000000 # Attribute 'damping_power' of the grid.
 # binID   n_entries weight   weight_sqr   abs_weight
    10   10   6.681586444771251E+004   1.012763442034772E+010   6.681586444771251E+004
    16   10   6.681586444771251E+004   1.012763442034772E+010   6.681586444771251E+004
  </DiscreteSampler_grid>
