  0.00958415856134894  0.01499743051363157  0.02334449498112444  0.03250458298952315
  0.04222651149605625  0.05277691965705138  0.06403044959649708  0.07520077208305595
  0.08657664777676391  0.09800137711156537  0.10951277736614028  0.12061576110150113
  0.13097317560969474  0.14097437895010997  0.15084747693167674  0.16103469876408355
  0.17114688332680891  0.18131089767775627  0.19176667300790085  0.20261337516544667
  0.21349963129264016  0.22450229356447524  0.23471384984750754  0.24478001092229323
  0.25478731511872099  0.26494787503879319  0.27528587157976631  0.28554385441791619
  0.29584834052473574  0.30586242571412336  0.31604502956410696  0.32692885003480948
  0.33798653338952772  0.34897285254128790  0.35968932662817227  0.37022561472173715
  0.38087639786554278  0.39205286680833462  0.40328668887955055  0.41403776308273094
  0.42456372659204150  0.43514021908533596  0.44583629847400053  0.45647226272330027
  0.46823567933841176  0.48038667154575843  0.49168709895553930  0.50283324354409487
  0.51420086921203600  0.52565398595206936  0.53718198170460096  0.54832900898363901
  0.55919795515595705  0.57003373510574784  0.58064715210353834  0.59114692384108514
  0.60164660009868842  0.61228933955986897  0.62320179379827523  0.63457497258040407
  0.64616665207599988  0.65733089581265436  0.66788229264479704  0.67816844482954597
  0.68853344543677142  0.69913855930395352  0.70981050384675348  0.72049123418268590
  0.73119316695284098  0.74207450422360965  0.75267430072084351  0.76259546688370428
  0.77246430630703433  0.78271551680979456  0.79297838435247514  0.80326466727360291
  0.81412863219441500  0.82565233692829920  0.83690251716569952  0.84723113626328150
  0.85734474230761926  0.86748483790675146  0.87744196382571482  0.88723185033930252
  0.89744842843345718  0.90835689725156121  0.91929489391828378  0.92977082028078439
  0.93980958159337713  0.94908319237965078  0.95822590556573828  0.96726231946097674
  0.97600282283630801  0.98449661793789878  0.99067005119568174  1.00000000000000000
  0.00960595809795180  0.01490229978078389  0.02389810832354524  0.03435727015239237
  0.04447923624202965  0.05400157500111152  0.06357567214786226  0.07303273372997229
  0.08211080914029388  0.09119620596744366  0.10060529696708237  0.11096651901540941
  0.12171057403719444  0.13300790226576850  0.14495418473623933  0.15702048908264046
  0.16895514771131162  0.18047792969564264  0.19155801967823033  0.20105983168076019
  0.21126532993066238  0.22136191081637926  0.23142966161112138  0.24123079270041856
  0.25131347264434323  0.26239061190095880  0.27372405663062271  0.28507848136010239
  0.29638442477294674  0.30743230059105187  0.31798051680428435  0.32807539020813942
  0.33814774654119811  0.34856811141486393  0.35938516126074510  0.37010981032631279
  0.38051596747579003  0.39096370728455521  0.40116377462722519  0.41162326991228859
  0.42248936900161044  0.43420507111377715  0.44507142637082925  0.45513133643661097
  0.46537031566612991  0.47566404518249517  0.48602314305695837  0.49592514402573307
  0.50662625776558312  0.51785080699125985  0.52865493364390459  0.53935386022938325
  0.55028452858412125  0.56169793983484984  0.57254890768040012  0.58302482945414325
  0.59351333875148415  0.60435526246177962  0.61578936015042729  0.62702246641536619
  0.63818787639215968  0.64881102458932682  0.65904864232389537  0.66917184015626952
  0.67952796302363672  0.69005026317666784  0.70040095129012825  0.71114910103998319
  0.72231700799611465  0.73323322419524040  0.74264593506893617  0.75235219670940068
  0.76198466858841074  0.77233125064631203  0.78294261486952599  0.79363739324404570
  0.80494299155712667  0.81576295793715536  0.82698426176959028  0.83748225191305248
  0.84759791385150796  0.85769748620778863  0.86814370548856978  0.87804973818825649
  0.88800353520669995  0.89801623213443960  0.90846981395958237  0.91844856972062439
  0.92822215734321845  0.93855632963166113  0.94860637105447199  0.95802197036747683
  0.96726885879131175  0.97686110547332883  0.98795965768942084  1.00000000000000000
  0.05585695425868493  0.06030409157243743  0.06411478647668060  0.06750332310054319
  0.07098841890892396  0.07455230948549310  0.07821210643210960  0.08190291830426259
  0.08564430345439053  0.08959993236151455  0.09364560250529352  0.09772399164066847
  0.10184988535005456  0.10601325991967009  0.11028149420521484  0.11458707789082941
  0.11892950408875354  0.12347037926852379  0.12796895486176188  0.13242898950600024
  0.13766570438520198  0.14311688545994200  0.14810073117847333  0.14873927480548788
  0.14990344475481970  0.15113958282802911  0.15247390032427693  0.15449634552421687
  0.15691095871611391  0.15921052502958102  0.16153132517914287  0.16387317354913539
  0.16624562133791898  0.16863534957031504  0.17100625045078341  0.17338901568535772
  0.17578797141386812  0.17820309621599506  0.18061940853361672  0.18304869079800337
  0.18549995765387003  0.18797846316496752  0.19047973917801167  0.19301851827814662
  0.19559528431777837  0.19821614099061327  0.20088838924957372  0.20358854227879511
  0.20629863859783318  0.20904989252745040  0.21182289948649052  0.21464155309304239
  0.21748159288383231  0.22036995609002652  0.22329744514482883  0.22625496821733629
  0.22921493334747792  0.23222866968436279  0.23534489569144137  0.23849754205837584
  0.24165862971845697  0.24484478521350742  0.24806661735935251  0.25134106248103810
  0.25467392837531511  0.25807940645495392  0.26156275309493626  0.26512205297794345
  0.26875146327440119  0.27247852328060479  0.27632241813545277  0.28025578734330325
  0.28425140085786765  0.28833345495073359  0.29248032964291487  0.29679017577662986
  0.30130234191323274  0.30602258088286666  0.31091956721899860  0.31602499051211325
  0.32134833516650296  0.32693857079726618  0.33292892424011328  0.33936370419632500
  0.34630397232094651  0.35379554761472376  0.36191944726115610  0.37098116004136106
  0.38131891583332567  0.39344978189591723  0.40806743912447269  0.42652435474521710
  0.45257996291048846  0.49405893186805955  0.58449559019556796  1.00000000000000000
 -0.00305631675485540  0.01152479812255159  0.02380161362009008  0.03613808400479401
  0.04837067711663211  0.06019018665374126  0.07124645396193870  0.08193050025029576
  0.09296955381786585  0.10399802399698246  0.11516162885678795  0.12625324665345194
  0.13694094190331357  0.14749920115401133  0.15802450067107482  0.16857869851013796
  0.17908884214973481  0.18974512512635755  0.20060209310218174  0.21119653972046462
  0.22146258720619708  0.23163762099453242  0.24166515430179838  0.25148465163624967
  0.26148387960747577  0.27150430494509137  0.28168542554286125  0.29198955633523010
  0.30218610005044305  0.31247422526768664  0.32270062807276589  0.33289325656129137
  0.34280044773700585  0.35271888914141225  0.36274053756442792  0.37305032641874308
  0.38310223999285331  0.39326724339936375  0.40373888933708713  0.41465364292527113
  0.42523041553938196  0.43587391520736535  0.44710004782892848  0.45820769940186612
  0.46909044357495305  0.47910741366707704  0.48870134225487760  0.49866755506692712
  0.50880843686357347  0.51839993449350463  0.52727610116874257  0.53577428563241525
  0.54470479845276332  0.55437436919612493  0.56406430204193858  0.57371445020560596
  0.58342866099063939  0.59386636672562132  0.60461556888057477  0.61512929688394513
  0.62539716926104438  0.63564475425899614  0.64633780712569122  0.65747374121217883
  0.66861414865679014  0.67957460787209600  0.69035219895240763  0.70115530567397721
  0.71221774556118211  0.72359589710483330  0.73458437230327356  0.74443771784770330
  0.75419318867730734  0.76391816505850596  0.77351521064602902  0.78287732281770783
  0.79237207871682980  0.80245234157769596  0.81262127143826390  0.82252215525425310
  0.83260791822574154  0.84296020351498768  0.85319323160857075  0.86350920967076783
  0.87397292212855893  0.88428802558988795  0.89450766070922982  0.90523274530476650
  0.91573699393831942  0.92609125058003039  0.93690727124179729  0.94964238172504822
  0.96243296185526972  0.97481331938251170  0.98717474271047256  1.00000000000000000
 -0.00193484041795149  0.00819334799429725  0.01640287421901689  0.02504175645230637
  0.03421604515430411  0.04352162114756124  0.05281021033717305  0.06213995098945666
  0.07304170911411073  0.08438818438247539  0.09517515657232914  0.10580182107179652
  0.11643271234251822  0.12671217770537974  0.13701488615552687  0.14727154153228417
  0.15680924597605642  0.16630442648281180  0.17591818752096164  0.18583551103810866
  0.19592623532515532  0.20607024970530816  0.21706375967188438  0.22873477209373502
  0.24084010734838407  0.25290811034331051  0.26456452163660443  0.27589550818084174
  0.28723454873020260  0.29876645874296426  0.31033357288787289  0.32179248191712734
  0.33300341826389068  0.34337805000853666  0.35290607535866497  0.36216321165757248
  0.37159891054594796  0.38152733531882199  0.39197446517530954  0.40323298240021577
  0.41495517071877197  0.42659492404595684  0.43818216503077678  0.44961821794399226
  0.46076389912816784  0.47154924855689995  0.48235760153470464  0.49333164558737225
  0.50389825505656982  0.51416941172796315  0.52467137561023047  0.53570263379598926
  0.54648102061923487  0.55690901029912043  0.56756587316409501  0.57817412286636460
  0.58840751923983814  0.59832312775868624  0.60854881882092249  0.61891830999908959
  0.62914660869751504  0.63949844942496747  0.65041647749067322  0.66181118823616447
  0.67285471368486571  0.68350590028954739  0.69384814312144594  0.70364629247223576
  0.71339105910190481  0.72287356442941408  0.73255187575349789  0.74221845060181157
  0.75219734371554536  0.76254326830701469  0.77309750464379190  0.78414009397729090
  0.79531108786562377  0.80660381855427099  0.81785790409790815  0.82895579800926822
  0.83986951703079793  0.85043573665391248  0.86132053436804790  0.87213290423987633
  0.88244943193023795  0.89289736472581249  0.90287526969890963  0.91289627282514163
  0.92278991902456808  0.93290548928015860  0.94320138486124061  0.95375911417571690
  0.96496233279003374  0.97706241923026604  0.98858501258360465  1.00000000000000000
 -0.00320830928356577  0.01243843382810284  0.02530999969879111  0.03814295857059311
  0.05078668252633027  0.06296474628159453  0.07547274522815972  0.08696627926973605
  0.09847417084793426  0.10964041968955623  0.12042755245269036  0.13016083348482843
  0.13924166381296424  0.14816860228338274  0.15699206986924566  0.16605610598446754
  0.17527972453799787  0.18443290295415846  0.19378957646419520  0.20351348746951095
  0.21372758844262227  0.22432906801011579  0.23542351257758826  0.24712672422706872
  0.25904380205495370  0.27064436086146471  0.28176594745071853  0.29249889304618831
  0.30295054109102521  0.31359993331784947  0.32430365171610576  0.33457136597062331
  0.34447984549824767  0.35440354438635979  0.36417711700061173  0.37395344690343529
  0.38358205792134026  0.39323829276553779  0.40322810818027599  0.41309411946312324
  0.42298624618186587  0.43264172316476546  0.44210240400887035  0.45122743592547532
  0.46043841549196235  0.46966488021580843  0.47926333344964722  0.48942379849964723
  0.49944173298798955  0.50917460625503319  0.51887225056503727  0.52834186765421909
  0.53775354360180017  0.54723255367199064  0.55695044968252450  0.56682349620830819
  0.57625775346836983  0.58564123863662865  0.59508144617828052  0.60473792643530910
  0.61418153864237923  0.62371737572883701  0.63369943102198467  0.64420266181527264
  0.65462470365704117  0.66491268821001737  0.67517300580975570  0.68537291933115674
  0.69507562929316402  0.70420373544149206  0.71358897313301128  0.72340283518993365
  0.73355685457998665  0.74390297686222306  0.75425060837048041  0.76478945706112333
  0.77562331459259104  0.78703392447079634  0.79847997785080504  0.80946114867946850
  0.82023319939183936  0.83096522145987839  0.84177925959761657  0.85284863999490534
  0.86430640637842138  0.87616025974511780  0.88859046232240257  0.90133486412887331
  0.91411479874100909  0.92634323360526283  0.93851897683674501  0.95091294959505368
  0.96313057663361190  0.97539431290879131  0.98761797316004019  1.00000000000000000
 -0.00248616821346524  0.00959634956242701  0.02031300213750619  0.03134037552997716
  0.04287940434269284  0.05442233152459028  0.06494252967660111  0.07464658185772337
  0.08434332715748358  0.09405651696096182  0.10371178325923369  0.11323474665634924
  0.12294891872899230  0.13303250195912683  0.14318604727046455  0.15373003900574914
  0.16474456781134730  0.17580278916498121  0.18685368663816576  0.19782349362504204
  0.20857785781076857  0.21952215741674644  0.23054994833597395  0.24175108618652005
  0.25258337360458005  0.26299957860964301  0.27356739440996453  0.28407814051658320
  0.29472774726409628  0.30547150682380020  0.31674668221367663  0.32856141674894601
  0.34023745847718195  0.35254442275310172  0.36455859192359907  0.37634138602967354
  0.38802463670691723  0.39925011313966619  0.40996560670151821  0.42006839431164739
  0.42999504978255804  0.44004450101440395  0.45044959983710736  0.46144799837056039
  0.47290868452203710  0.48445004620823129  0.49592718371410260  0.50730557233981877
  0.51868893920886949  0.53019478198554038  0.54154827600914868  0.55244883793292832
  0.56273513316878609  0.57255245401038923  0.58238474993659695  0.59244349331958235
  0.60264407426137001  0.61284307187699949  0.62320589795598424  0.63366335988291189
  0.64416280820926841  0.65407997056055689  0.66317345747333922  0.67211136273471994
  0.68093293564461899  0.69024783780364496  0.69996286644516226  0.70978917911501627
  0.72005603703792176  0.73037457927832472  0.74095464589190241  0.75131658940523149
  0.76109575519260819  0.77054812714002041  0.78097216589753093  0.79127632950954407
  0.80089627807421715  0.81047268879289880  0.82078142172849389  0.83127160527060684
  0.84095442616490890  0.85089823356355609  0.86065753345468676  0.87061993392180548
  0.88066103335448587  0.89101941722494016  0.90180537046191900  0.91265351065624445
  0.92350676705867341  0.93457455272775980  0.94549575945968845  0.95644037068076659
  0.96711574063933126  0.97783646571992178  0.98875696568946714  1.00000000000000000
 -0.00218973347467916  0.00878494609317217  0.01831447079989623  0.02877897445603575
  0.03938327401036856  0.05107774236448181  0.06320668575251280  0.07357916653995582
  0.08389376201369696  0.09342393176222825  0.10321559629737670  0.11320909843468217
  0.12308392345772200  0.13287760306709614  0.14269574652408915  0.15257136033723623
  0.16254726421632629  0.17207857802507945  0.18104495319879971  0.19015111628956258
  0.19958598619276818  0.20903739181602216  0.21886111573407388  0.22931170283453581
  0.24108614228256120  0.25250244205723710  0.26332964201954823  0.27408369575066338
  0.28453836360510432  0.29471714942023947  0.30482183445543087  0.31566560366822927
  0.32716741485652057  0.33864554914992023  0.35023221765089896  0.36137694227338046
  0.37217465341433992  0.38254795058463359  0.39253886043703989  0.40253145706362214
  0.41249051405112408  0.42311484390196868  0.43413180224418868  0.44493514017820684
  0.45579883375116914  0.46682955719195396  0.47741099790581526  0.48711921690600174
  0.49628091710498279  0.50592985281664904  0.51624803050477108  0.52639045046394717
  0.53636526308543686  0.54686940393923766  0.55769521294716118  0.56751140769840858
  0.57670938730418186  0.58584614634860210  0.59543914181118685  0.60514350083574908
  0.61507124294510485  0.62490998083466820  0.63473626930356941  0.64428791573460353
  0.65437664825156094  0.66500439823182900  0.67599306668079895  0.68709813503338180
  0.69840753145377321  0.70954556581707662  0.72037606797981601  0.73114589381359263
  0.74256152529466757  0.75408362578333399  0.76498152783837203  0.77535725375240683
  0.78562991972114959  0.79622900619356929  0.80730874070934777  0.81849467866498204
  0.82978560751524111  0.84114247180875568  0.85279601945823813  0.86486299438327607
  0.87699594718524099  0.88880271956544121  0.90018554951712726  0.91154441419630550
  0.92326538144869952  0.93497515099720008  0.94628705082233866  0.95727958454935025
  0.96813718849369346  0.97894675738667691  0.98948723593808185  1.00000000000000000
   2.2199743327471376E-008  -1.0000000000000000     
 F F F F F F F F F F F F F F F F F F F F F F F F F F F F F F F F F F F F F F F F F F F F F F F F F F F F F F F F F F F F F F F F F F F F F F F F F F F F F F F F F F F F F F F F F F F F F F F F F F F F F F F F F F F F F F F F F F F F F F F F F F F F F F F F
  <DiscreteSampler_grid>
  grouped_processes
  1 # 1 for a reference and 2 for a running grid.
  10 # Attribute 'min_bin_probing_points' of the grid.
  1 # Attribute 'grid_mode' of the grid. 1=='default',2=='initialization'
  0.0000000000000000 # Attribute 'small_contrib_threshold' of the grid.
  0.5000000000000000 # Attribute 'damping_power' of the grid.
 # binID   n_entries weight   weight_sqr   abs_weight
    10   10   6.180728888040518E+004   9.374376232478271E+009   6.180728888040518E+004
    16   10   6.180728888040518E+004   9.374376232478275E+009   6.180728888040518E+004
  </DiscreteSampler_grid>
