  0.00015645961390478  0.00022255237068399  0.00025937971053770  0.00029037458209185
  0.00032244311243368  0.00035910518526732  0.00040122853076833  0.00045181933221047
  0.00056915945613919  0.00087082092694829  0.00134082346312352  0.00168923160890688
  0.00206692367293951  0.00248482225754960  0.00295650739139133  0.00350952572555028
  0.00410678846325093  0.00476005509468124  0.00553204886546345  0.00646599084547575
  0.00750580709789595  0.00866559183492274  0.00996931423777261  0.01146644070412342
  0.01319734970041782  0.01512859292822314  0.01738625671874351  0.02004889249047095
  0.02300129242515159  0.02613073136069090  0.02973350886061582  0.03401256368461818
  0.03885280356679445  0.04393639811235589  0.04902217290943191  0.05355038036426316
  0.05708654006855281  0.05962543235494840  0.06137867732394339  0.06261640949130882
  0.06352370448918102  0.06420844356045421  0.06474401687647868  0.06517510599361953
  0.06553136139880165  0.06583392894402899  0.06609514275620966  0.06632137705099617
  0.06652608414711227  0.06671298486972506  0.06688593306276570  0.06704661696360527
  0.06719544733914594  0.06733599811165070  0.06747140940628348  0.06760356367202518
  0.06773307700920171  0.06786072545823303  0.06798752365893054  0.06811503023746086
  0.06824461805530117  0.06837769356006211  0.06851553980443938  0.06865923902371121
  0.06881125485604019  0.06897423544237441  0.06914998594821224  0.06934093575078105
  0.06955198047182989  0.06978869934559623  0.07005772702946428  0.07036550664644795
  0.07072353473408896  0.07115050265296149  0.07168227100558133  0.07236079897754072
  0.07322429491159363  0.07440103975446423  0.07603987670212001  0.07838853694078919
  0.08182855279667657  0.08687376344854174  0.09455186859817499  0.10526610492616917
  0.11917138146767782  0.13668442882209339  0.16026761370873283  0.19404155659270736
  0.24029925301758054  0.30064515514805379  0.38079309284198665  0.48241342188633374
  0.58647618693695525  0.67464828049865566  0.79784795402625108  1.00000000000000000
  0.00020157295486979  0.00026877343870340  0.00030993265672313  0.00035406333608856
  0.00040306298538805  0.00049281092373607  0.00076510723012780  0.00125883131060062
  0.00173117149811700  0.00209803328140590  0.00250085213089114  0.00304868327171507
  0.00369464645514871  0.00442791831553590  0.00528468459856252  0.00627433739331311
  0.00739159776131991  0.00867163050421439  0.01020523238516492  0.01204159880044945
  0.01412647430414314  0.01644446304245270  0.01910661119680873  0.02217862537109077
  0.02568250978647459  0.02971697750571953  0.03419239457299440  0.03911032587372769
  0.04456207108658459  0.05015046692029319  0.05487362747310075  0.05823513306403121
  0.06047374578170226  0.06201011559128684  0.06308634215140853  0.06388292594265833
  0.06449365463113763  0.06497695559074329  0.06537199374692818  0.06570567098069172
  0.06599162468631717  0.06623615056603097  0.06645238620117591  0.06664934597542720
  0.06683016940108448  0.06699694365306967  0.06715223911526327  0.06729896051487333
  0.06743965378943850  0.06757607234057784  0.06770947244273626  0.06784111296565559
  0.06797206667934196  0.06810363430572706  0.06823743292195583  0.06837431455491351
  0.06851584033938167  0.06866384537486138  0.06882017239328071  0.06898648526126863
  0.06916555295435965  0.06936126663344430  0.06957804877327534  0.06982026977162846
  0.07009467037266154  0.07041365554522359  0.07079698317003016  0.07125939776462127
  0.07182115314027682  0.07253473211687389  0.07346685676470639  0.07469707153840646
  0.07639190924894458  0.07880848715237275  0.08244008714811221  0.08782552447986765
  0.09581445306205044  0.10646470934404323  0.12143401168418751  0.14158251475787950
  0.16784512648474462  0.20186889929330698  0.24630772464837192  0.30564220880052151
  0.38375981573399542  0.47501891270323460  0.55301745131283409  0.61032200030506356
  0.65325172677007970  0.68980507726391871  0.72317190771159801  0.75686749882443194
  0.79297040717637324  0.83980435075575333  0.89233157852422651  1.00000000000000000
  0.00025055036485616  0.00064801906710203  0.00091059754252395  0.00112809689555834
  0.00136815058395215  0.00162807473294826  0.00190938759904215  0.00221892076942849
  0.00256405730554929  0.00293966812579999  0.00334367929748066  0.00377822175559550
  0.00423856268606923  0.00473201309196849  0.00522484501644645  0.00569487035138309
  0.00615164772616464  0.00661288582293124  0.00708585154924203  0.00755895133489931
  0.00805868379707428  0.00858341880929401  0.00911830994873958  0.00966723855170474
  0.01023972857771658  0.01085647125968555  0.01148202647558929  0.01212619049441789
  0.01282200665648845  0.01355056767965327  0.01433062103618028  0.01515472160311311
  0.01602682934528435  0.01692780849987883  0.01787403657404450  0.01887948422170330
  0.01993015826361852  0.02101095908229073  0.02208980552808151  0.02322000926426156
  0.02442257482409262  0.02569023162748955  0.02701972287515579  0.02844466352063346
  0.02998251846440574  0.03160552037473228  0.03327320696035807  0.03499319995470390
  0.03675502434833008  0.03858059830444014  0.04049714681684002  0.04259648476403625
  0.04481039634496014  0.04714631551633235  0.04961585987781184  0.05218806000769191
  0.05480044661627505  0.05751095651311385  0.06030929963587980  0.06335792171095767
  0.06656475620080450  0.06991529281180064  0.07321769820994278  0.07671916960141580
  0.08045563880379829  0.08464993535166569  0.08916910393631365  0.09382400473703618
  0.09876400415300465  0.10391798572471039  0.10941517335213732  0.11521091384026103
  0.12141565964111435  0.12792343803513084  0.13479801871661209  0.14232150902160562
  0.15056605695527220  0.15933185247489151  0.16884585835787910  0.17923504607139248
  0.19074581044092084  0.20289831653857335  0.21576011299548351  0.22951810958388763
  0.24409274946369219  0.26002423547486037  0.27610387039648421  0.29303015551213984
  0.31091570448988148  0.33131832373008907  0.35456138744918314  0.38046566820034194
  0.41043986625175422  0.44946873351162697  0.53351991943204580  1.00000000000000000
 -0.00212535212115926  0.00809834107764573  0.01744134753528315  0.02723300512250524
  0.03699532911222316  0.04616685008945486  0.05503426801950097  0.06454845675524255
  0.07381373943866470  0.08323956702971823  0.09248859686061797  0.10204921339765810
  0.11138079833674452  0.12050162480096328  0.12980772400964807  0.13927126403916945
  0.14881576038603872  0.15839358081416846  0.16798114805211009  0.17809162677914134
  0.18811089470473297  0.19819493037571556  0.20817325377771817  0.21828283446249924
  0.22808537354979097  0.23792465852306427  0.24750095256157270  0.25719123009962314
  0.26696684086423994  0.27688088571712710  0.28696000395808469  0.29736894667760572
  0.30792830587447872  0.31833501565366357  0.32893541300255341  0.33951506703435586
  0.35011461337573851  0.36078394737662361  0.37128316414193174  0.38168486843497662
  0.39212480286647988  0.40242513228259441  0.41349792047969347  0.42432869026554759
  0.43500925258679995  0.44580653138050796  0.45660238800875214  0.46713473831715480
  0.47750549936704295  0.48772475155437195  0.49863650707187168  0.50951228232329326
  0.52038700057887566  0.53115538611618551  0.54188140777563476  0.55273829019062692
  0.56388809784784866  0.57534475123723350  0.58664159510941227  0.59795935270779454
  0.60920068298123997  0.62067261972087784  0.63208981160587929  0.64353368588012649
  0.65474972173801527  0.66566182073659197  0.67671557108165570  0.68800868565912621
  0.69958703313668202  0.71109107728354171  0.72253530388118681  0.73390123734421564
  0.74523061885943043  0.75661967329285462  0.76781857328825542  0.77908637721464702
  0.79028914918094317  0.80148931208289620  0.81239139196282373  0.82314358567518087
  0.83412654309859136  0.84542502119187868  0.85643003945681351  0.86747874302637507
  0.87825144594796156  0.88919248719062360  0.89985595273057806  0.91049830517711683
  0.92115896225320149  0.93215581709818418  0.94303261435567676  0.95497978036247189
  0.96630819873539253  0.97709109014229467  0.98838747036939656  1.00000000000000000
 -0.00229608200476922  0.00904695374259471  0.01877246642712729  0.02933239138932461
  0.03960540687655124  0.04998715262419152  0.06084086282429933  0.07138762557204688
  0.08149456031095928  0.09097433346983554  0.10072254314327006  0.11062313582264659
  0.12120821623756317  0.13217886684498995  0.14271823997512964  0.15302105094555057
  0.16313223170914187  0.17324996038915444  0.18357715137413447  0.19409821522919113
  0.20479234942772015  0.21525557262598655  0.22549024180050589  0.23587406284423643
  0.24655050164297759  0.25722041399786627  0.26774158844050061  0.27829187470248756
  0.28901828241120597  0.29991797073639315  0.31090189624774556  0.32180403332328578
  0.33268719054558604  0.34369722590293872  0.35492377708501394  0.36597010899457494
  0.37675716800979880  0.38721392741732152  0.39768283032872354  0.40818970339320737
  0.41875257573188440  0.42933822483933276  0.43977362112204432  0.45022933914708002
  0.46044091649256902  0.47067344400988093  0.48116866294320937  0.49179755968989641
  0.50245353084701749  0.51274198051630537  0.52319134585409866  0.53374709754576688
  0.54426027794603493  0.55484458236858636  0.56531121045912192  0.57595599005903708
  0.58671747647969130  0.59777498815800012  0.60886324072009490  0.61986747471712089
  0.63071256423155186  0.64124165102534192  0.65152979682986478  0.66183218441317382
  0.67230431535317126  0.68303828624354213  0.69363241570533751  0.70415129138510857
  0.71435548537000382  0.72468684574380260  0.73549841833271890  0.74639932194381542
  0.75682175832984533  0.76708711016086228  0.77714946980082578  0.78721221160114641
  0.79778112306162408  0.80829556941916136  0.81897200484004018  0.82976361224093831
  0.84039804911369875  0.85041463038047493  0.86068424073610783  0.87100820019448544
  0.88216829958753740  0.89304780171084897  0.90355980602673192  0.91410940975987443
  0.92447961686003977  0.93572203283067079  0.94680088616789504  0.95757334431715690
  0.96862948160235240  0.97864484437469446  0.98970523260051146  1.00000000000000000
 -0.00185768660013731  0.00754628634817591  0.01698298803309164  0.02657219071663974
  0.03643656505079301  0.04634026942694376  0.05604972147645616  0.06582594357158018
  0.07559507752318383  0.08541815543687777  0.09528102615250637  0.10509472091790027
  0.11460845499359806  0.12390793315668591  0.13318758835163796  0.14265119155870770
  0.15231935877489269  0.16220433217037233  0.17141279381140620  0.18078239928556461
  0.19039159828062954  0.20002951061641691  0.20967851251630765  0.21927262215252841
  0.22906826116056533  0.23866731767292479  0.24806503370778643  0.25752423437096283
  0.26712426990003468  0.27715526438075994  0.28699936378142910  0.29683655456005659
  0.30694184332771718  0.31749256181909558  0.32801489568325642  0.33843857431363400
  0.34881925859684165  0.35946910272602589  0.37044249137864210  0.38138372860720965
  0.39224435168033539  0.40330126623049523  0.41433294070052956  0.42490793588715747
  0.43552589379755741  0.44629825188646771  0.45734150196615803  0.46826862881147735
  0.47925795955735351  0.49011825018062066  0.50096477931978634  0.51163386964264368
  0.52259369406196976  0.53370930584308529  0.54510073464590636  0.55649619381253412
  0.56794342776422690  0.57858560514708712  0.58923692338895517  0.60002647750956040
  0.61137943198027067  0.62286748492345823  0.63406605339950417  0.64498271921037964
  0.65586308593029463  0.66675958290072224  0.67790685051954880  0.68897514969104279
  0.70039795888147038  0.71174832018387624  0.72302763919300572  0.73425417354366829
  0.74534477366777940  0.75657925355239575  0.76735994194694535  0.77843750443767423
  0.78970841151607718  0.80100866705729556  0.81231084256911568  0.82334569118152512
  0.83432491818765553  0.84541487750404332  0.85631450250245578  0.86722897068371796
  0.87827507169670016  0.88989444147913255  0.90137863625361370  0.91249826514032339
  0.92347348028830489  0.93477010048732301  0.94559504343309964  0.95571053452322197
  0.96587286037762754  0.97674519980905328  0.98885368853470190  1.00000000000000000
 -0.00227744181731381  0.00918490598379419  0.01930063267898140  0.03026073380139564
  0.04062362068680241  0.05069865879574637  0.06087038121418399  0.07154306309089596
  0.08236358747318534  0.09283112926402423  0.10344092200762658  0.11455137657037158
  0.12531585418742433  0.13562548259699231  0.14577689799762042  0.15595112198108041
  0.16671805615387028  0.17783340779749995  0.18890357465627403  0.19991795342795934
  0.21071277896892082  0.22104687251925451  0.23157880423486749  0.24229371376144909
  0.25335436491125746  0.26465587141575875  0.27526258209102622  0.28588865013666642
  0.29624824166221592  0.30694910894732830  0.31742459759223257  0.32795041891674120
  0.33838701773267760  0.34909454420171970  0.35966998912026349  0.37017454061615179
  0.38058730136520469  0.39097502109736648  0.40134484133927262  0.41172532414846974
  0.42230432069987583  0.43242547066604625  0.44208865450071350  0.45191225586837452
  0.46224511745348251  0.47296548387354859  0.48336898016012009  0.49366624300373368
  0.50375837178316507  0.51392060895186698  0.52427099426992285  0.53467745901391139
  0.54497230112680550  0.55519128574874699  0.56569477373864774  0.57649864379218452
  0.58741787398115686  0.59809131685896477  0.60844810212337697  0.61864804586117628
  0.62891711810167716  0.63904290143902820  0.64888555593445796  0.65866948043233708
  0.66858003463173687  0.67949093285688122  0.68988225827936289  0.70064481825522440
  0.71083609096831646  0.72124652203800121  0.73165703118739356  0.74241035419140411
  0.75293938307612418  0.76368993222540704  0.77458566463506007  0.78562374048068118
  0.79652962593672727  0.80696746149983767  0.81721731998715086  0.82759161963469041
  0.83795728794143731  0.84919218212751002  0.86002836103207159  0.87074541282779383
  0.88172193003231358  0.89268867106199912  0.90382889509913633  0.91493159169183502
  0.92571959392909786  0.93646436896453356  0.94694315107677729  0.95725081643604437
  0.96783746347275479  0.97845383189210722  0.98936603113829880  1.00000000000000000
 -0.00242430429494127  0.00932019753260872  0.01899165496908733  0.03005061940716889
  0.03966028103925767  0.05001301158776705  0.05985873216720932  0.07002336504300510
  0.08076533191167672  0.09118193804298488  0.10248925115628500  0.11322680171517208
  0.12388296606497926  0.13434067644525416  0.14491578150665035  0.15564646383011549
  0.16630009302358512  0.17701660460154151  0.18767053261880237  0.19825996591577397
  0.20859084513553855  0.21881235643488295  0.22903780915291619  0.23939159583623859
  0.24976018456653507  0.26022798133954411  0.27090381370304217  0.28181251383658401
  0.29278157020839379  0.30360185485638991  0.31426406326630435  0.32467633353934694
  0.33470986605716779  0.34483437669564460  0.35543791763061505  0.36623635064799581
  0.37670609111621173  0.38704100146972886  0.39754197321374296  0.40818008930959404
  0.41884189241695235  0.42943286136956454  0.44014237426203040  0.45092650376146642
  0.46176169746357026  0.47269272748014340  0.48365323387127879  0.49457885922213563
  0.50501948760298010  0.51500772967265407  0.52480433645702251  0.53502293831306713
  0.54555461817394224  0.55664848382800414  0.56751757837223049  0.57828011314161720
  0.58873314537663213  0.59946808599512291  0.61016708934085861  0.62065832790045550
  0.63037811937397381  0.64050390006505464  0.65063995726758739  0.66095200693710432
  0.67097607777074653  0.68121760220878314  0.69163259085156170  0.70246524699374435
  0.71302007066762874  0.72345816333585711  0.73377752986375333  0.74448267260133150
  0.75526350375600593  0.76575009690028895  0.77620884961901249  0.78680865128796773
  0.79747249221040994  0.80831718579630318  0.81932963258552538  0.83037241599373013
  0.84099085213798142  0.85144243891449189  0.86185509141657679  0.87202507776973182
  0.88220777279860041  0.89223500456336824  0.90268316041788621  0.91345669707668431
  0.92417093708410858  0.93523743228695244  0.94649463434629322  0.95761860579854008
  0.96827253081524667  0.97906834593554548  0.98972599483338386  1.00000000000000000
   1.1828637812898591E-011  -1.0000000000000000     
 F F F F F F F F F F F F F F F F F F F F F F F F F F F F F F F F F F F F F F F F F F F F F F F F F F F F F F F F F F F F F F F F F F F F F F F F F F F F F F F F F F F F F F F F F F F F F F F F F F F F F F F F F F F F F F F F F F F F F F F F F F F F F F F F
  <DiscreteSampler_grid>
  grouped_processes
  1 # 1 for a reference and 2 for a running grid.
  10 # Attribute 'min_bin_probing_points' of the grid.
  1 # Attribute 'grid_mode' of the grid. 1=='default',2=='initialization'
  0.0000000000000000 # Attribute 'small_contrib_threshold' of the grid.
  0.5000000000000000 # Attribute 'damping_power' of the grid.
 # binID   n_entries weight   weight_sqr   abs_weight
    10   10   3.372075475595711E-002   4.398605335150492E-003   3.372075475595711E-002
    16   10   3.372075475595711E-002   4.398605335150492E-003   3.372075475595711E-002
    22   10   3.372075475595711E-002   4.398605335150493E-003   3.372075475595711E-002
    28   10   3.372075475595711E-002   4.398605335150492E-003   3.372075475595711E-002
  </DiscreteSampler_grid>
