  0.00015418945875204  0.00022911524787118  0.00027935513453900  0.00031715130835300
  0.00034967255610560  0.00038616118182809  0.00043417593558911  0.00053508735767001
  0.00081862460279072  0.00127734582603529  0.00170175803197646  0.00208668124443056
  0.00250927227682833  0.00297684924517193  0.00350885853401706  0.00411831239349188
  0.00484156077023886  0.00565588171126341  0.00655495828287725  0.00760357726419186
  0.00881808273999919  0.01023081379751828  0.01183820303433104  0.01366489770845586
  0.01577895563486365  0.01818162283034413  0.02079122966986997  0.02371862139557449
  0.02713082647176706  0.03121402279691052  0.03566425109138750  0.04046456547007339
  0.04559424114889362  0.05060765791495034  0.05492830084296459  0.05811081571217826
  0.06028197519987825  0.06182281680486609  0.06292570937373931  0.06374149828872429
  0.06436850718462912  0.06486361957681390  0.06526660279089899  0.06560362235137539
  0.06588951320822808  0.06613816086826284  0.06635903528400587  0.06655783531661748
  0.06673842634157988  0.06690488927090629  0.06705997868073370  0.06720535364432347
  0.06734387173320418  0.06747758288389231  0.06760765942235820  0.06773516378783188
  0.06786090661208506  0.06798628872362310  0.06811309335021636  0.06824194606010425
  0.06837405087735902  0.06850953863545650  0.06865138764114155  0.06880271500151938
  0.06896383114724368  0.06913662225775967  0.06932404323906580  0.06952955677117727
  0.06975888966376388  0.07002150717039222  0.07032788747701248  0.07068743736013774
  0.07111062052881813  0.07161805510615796  0.07225436639880077  0.07307904391777527
  0.07417484319152093  0.07568356095985782  0.07785829656908776  0.08106535201599024
  0.08582419422357129  0.09292407030567336  0.10299406873414520  0.11665097871187309
  0.13492988221625446  0.15981144504158504  0.19369057054610389  0.23674402718741186
  0.28692737028627918  0.36129163925085239  0.46396253032227192  0.57408041820121281
  0.68046775180525676  0.79866307752880172  0.90144833117965495  1.00000000000000000
  0.00013040678189880  0.00022813775439107  0.00026863139085093  0.00030615546506420
  0.00035086998815654  0.00040737338027210  0.00052205118425700  0.00084731208191076
  0.00137004946965804  0.00186681509673836  0.00233956703596958  0.00287465489490020
  0.00350297240330218  0.00422378969062812  0.00500639775050584  0.00586912653119734
  0.00688406196741083  0.00809233705435954  0.00955084509946469  0.01117488909058575
  0.01308297269469094  0.01526465357531496  0.01750257520640944  0.02014942977694920
  0.02353459314461344  0.02754074038945725  0.03200707070881440  0.03719379319080215
  0.04292155021499620  0.04869169208511093  0.05376380773086505  0.05739111401232819
  0.05979392210124921  0.06152026093412409  0.06275779550903435  0.06365180140603398
  0.06432376117553967  0.06484604365103286  0.06526574604304687  0.06561489726559593
  0.06591225542643173  0.06616951667905956  0.06639462041517061  0.06659515589044446
  0.06677787410477162  0.06694624858773938  0.06710336953650078  0.06725145562859762
  0.06739265205015073  0.06752880938955404  0.06766165652926155  0.06779244487941016
  0.06792249994032870  0.06805298503438989  0.06818486118282618  0.06831955278625548
  0.06845815973637558  0.06860265171836023  0.06875512811749188  0.06891723346642138
  0.06909099843745431  0.06927981391203265  0.06948801124073985  0.06972150686175307
  0.06998769239581930  0.07029370177749061  0.07065026877955556  0.07107575127764182
  0.07159956461142049  0.07226090310686069  0.07311324104383567  0.07424793026569611
  0.07580653886756990  0.07810629753534336  0.08165160210481691  0.08698984556463925
  0.09473371276371013  0.10562703772312974  0.12017463281235292  0.13876039734345647
  0.16201509405902600  0.19358799629197304  0.23635656574653602  0.29154306249728679
  0.36129864171324128  0.44936715997657428  0.53161433113556245  0.59340902597299083
  0.63740016738249705  0.67443808842415853  0.71252960663082343  0.75208692091745488
  0.79600578928241195  0.84741390324568744  0.89179967644157265  1.00000000000000000
  0.00050870960176286  0.00084079008843292  0.00103343927252855  0.00123763427079567
  0.00147848396136805  0.00174039838857120  0.00204525678969966  0.00236215481813033
  0.00270369784142610  0.00308303270048326  0.00349492191645875  0.00394426479918573
  0.00443965649242251  0.00494338450454838  0.00542834924369118  0.00590537732036991
  0.00638503760885012  0.00686636117685958  0.00735208422469243  0.00782830146829191
  0.00832210040202020  0.00883211764527434  0.00937558061015103  0.00994234592374534
  0.01054778666644745  0.01119454054582004  0.01187637016724948  0.01259103271792326
  0.01333377353149669  0.01409311325976593  0.01487226978188756  0.01564790291259950
  0.01645260050480996  0.01727832128377852  0.01814491925011060  0.01912073287799490
  0.02016867569542362  0.02125908608289678  0.02241245957729052  0.02362879549491783
  0.02492589814708874  0.02624972335422388  0.02760083243532135  0.02897212185639906
  0.03041635486646803  0.03193415132635084  0.03352603306122804  0.03521163048711970
  0.03700103695780258  0.03886975568762933  0.04084484535163570  0.04292965447263060
  0.04516462275434844  0.04753039680706980  0.04997418413742635  0.05253275098539078
  0.05521496536129823  0.05803649491323045  0.06103093822376819  0.06417852378214796
  0.06758158189429105  0.07099753211013039  0.07450201166148368  0.07821900235266602
  0.08207143951162610  0.08625128556311515  0.09072744316151926  0.09553648135886221
  0.10018697396701384  0.10507698773924602  0.11016232750891707  0.11583351887349751
  0.12163280149028570  0.12802852563338901  0.13482844916659001  0.14207423567168070
  0.15033392085460054  0.15906022645357543  0.16850688741769165  0.17847155764963255
  0.18965604652279033  0.20174493077198163  0.21427982787316777  0.22756145478394965
  0.24122185631771739  0.25587442395061777  0.27154333023416988  0.28887767315377649
  0.30766213393002828  0.32808705287463263  0.35090004552497989  0.37718402790140437
  0.40890417787346300  0.45002599943871896  0.53422822275877102  1.00000000000000000
 -0.00222419216447051  0.00898391753331738  0.01862986884462627  0.02940920578761102
  0.03948531853784616  0.04994520416899233  0.05994185414748873  0.06931614794117953
  0.07871561276396542  0.08785936661901493  0.09698170451014855  0.10587368762269725
  0.11457792310772351  0.12362833203795404  0.13248870732300899  0.14148745574410546
  0.15031818389901466  0.15972307215931578  0.16937749665146884  0.17948258159673630
  0.18946822575586433  0.19934738187875356  0.20913724746755313  0.21900453087978175
  0.22878818387460995  0.23837467542444160  0.24790534134271536  0.25748462005763961
  0.26726186189689566  0.27709270569428646  0.28731481511114176  0.29761191394105280
  0.30823136829428266  0.31880835616200909  0.32921105615097618  0.33938067261704247
  0.34948347005151070  0.35965931548146579  0.37005258944334779  0.38074423408268898
  0.39148196127671303  0.40194050043188395  0.41221907247650441  0.42263671161983563
  0.43333586754604825  0.44422622272454826  0.45509721901509254  0.46606228940944017
  0.47717085008231946  0.48821768743091737  0.49898793157872728  0.50978425654728488
  0.52061025995408328  0.53180002922149960  0.54323725430105285  0.55491520115664617
  0.56661039456435092  0.57827569535116008  0.58961966535372223  0.60099956277660938
  0.61246591459702926  0.62400469536937320  0.63561423692221142  0.64720782912238428
  0.65873895483168421  0.67039453445538855  0.68186019306940648  0.69332457208602516
  0.70493024555450079  0.71659933670992759  0.72777700749937912  0.73868565979575362
  0.74947122253539533  0.76067118025792624  0.77173528450036444  0.78273839128909817
  0.79369435321019854  0.80418896605268508  0.81469601418207205  0.82522247783441749
  0.83601228059067734  0.84678653159194694  0.85745493740752332  0.86821232707182228
  0.87898026313187183  0.88978173875791955  0.90087995693327327  0.91146445700024636
  0.92167026725511469  0.93206328387140458  0.94278577493273374  0.95445222086277282
  0.96585834062920906  0.97770669321894166  0.98908207130872650  1.00000000000000000
 -0.00218084827248782  0.00900928801273146  0.01886051376667178  0.02953684996414879
  0.03978359123652529  0.05016245536900994  0.06102226884516106  0.07141824115780995
  0.08210647130960208  0.09302552817746593  0.10383145994070626  0.11457840298812265
  0.12512465708906162  0.13545997661533993  0.14583082945910239  0.15596581555918440
  0.16663634689974358  0.17734988128914037  0.18838926987878846  0.19925989789794565
  0.21008902426057544  0.22063650124234901  0.23112141473504930  0.24175913092702539
  0.25223522121153119  0.26260247984297813  0.27298862286732339  0.28362468622872938
  0.29426595112480430  0.30508723082025424  0.31607160883201585  0.32685955268602190
  0.33769324212275664  0.34862833982798930  0.35973189458189825  0.37063679667887856
  0.38140308307719156  0.39214063904545543  0.40261031613034504  0.41315931657654875
  0.42376423315141093  0.43464012860868684  0.44565299987228829  0.45653391014019773
  0.46708603109444513  0.47746753138524378  0.48760618223493585  0.49799712499609389
  0.50859366483369117  0.51910105504950421  0.52922660437681923  0.53921904350549743
  0.54969299327265675  0.56062033536391309  0.57149127902240349  0.58206571012929931
  0.59237756249712270  0.60258591546921647  0.61282823914129825  0.62335849414057487
  0.63396229134166948  0.64423947284974226  0.65424373670796010  0.66428716692158596
  0.67430822855451089  0.68416704066610956  0.69430651689889977  0.70401592996012918
  0.71411163949858680  0.72420617822563182  0.73445319402403531  0.74466170950630683
  0.75500785680265037  0.76578554203750215  0.77655952648925552  0.78714427170873646
  0.79761946160851771  0.80812772786676512  0.81909165945881734  0.83008504048323550
  0.84095793386712314  0.85147426764803136  0.86199622357303574  0.87246401088608094
  0.88319966171663555  0.89388529524616023  0.90443861053328090  0.91478800276993255
  0.92518906526212463  0.93591740506914733  0.94707822739345149  0.95813948292952589
  0.96907001451948194  0.97968114287267882  0.99002506299897264  1.00000000000000000
 -0.00199922500227894  0.00789713902353846  0.01818671459813316  0.02807714980273953
  0.03817217404179814  0.04737691546251369  0.05665291347551552  0.06614260742771325
  0.07496753106850705  0.08357057468205342  0.09226899997582109  0.10140697376080371
  0.11086215347361979  0.12050084638246175  0.13031335829419377  0.14017371703223269
  0.15028042890658730  0.16029585888524031  0.16991661882138173  0.17936993738305654
  0.18880095674624459  0.19866992175996850  0.20867349713754801  0.21878741771625343
  0.22895056886851436  0.23908446479678719  0.24908128614342223  0.25898446572106826
  0.26909000540297118  0.27933622158480376  0.28959021787131534  0.29975797542788196
  0.30988775819096825  0.32015096707758789  0.33066872996840146  0.34127481283762207
  0.35188403573286053  0.36252880606613563  0.37288710747184434  0.38322592965566576
  0.39350667247894766  0.40419052494882146  0.41514107513354631  0.42629537013818364
  0.43746253529443091  0.44857672993926623  0.45963545991213584  0.47071373778857417
  0.48177492604708649  0.49275113547223770  0.50344739714445474  0.51404310137610776
  0.52494545445046714  0.53565621754842263  0.54611234203170478  0.55652439273526777
  0.56714584278553259  0.57809699827634164  0.58891572895773003  0.60011561629802868
  0.61136093573181749  0.62257323336295389  0.63401202024742653  0.64558413561738603
  0.65713116255849480  0.66853951254969901  0.67975482218898520  0.69101866772244935
  0.70226888107021390  0.71362850023791458  0.72505969751443855  0.73639712781187494
  0.74765208952693762  0.75892805619844295  0.77017644422324694  0.78144747497446720
  0.79280124852201761  0.80420882502123880  0.81545633038102039  0.82636312970221559
  0.83712743001969925  0.84811625241672672  0.85916713480500007  0.86979314663173013
  0.88050987796382019  0.89098645646342645  0.90146789070701661  0.91193490904330088
  0.92321351189905199  0.93428485037049258  0.94552518680589281  0.95622349321370204
  0.96709457642328756  0.97818480399595520  0.98920650260053400  1.00000000000000000
 -0.00225861858792783  0.00876696257896585  0.01896847775201244  0.03019101179982147
  0.04073462254716637  0.05105593080898894  0.06144824104863719  0.07197668770753826
  0.08211445952701908  0.09238698889081037  0.10218581690106444  0.11297662911531114
  0.12403862612265251  0.13419509124459775  0.14406699901765427  0.15442727523551003
  0.16407129890209504  0.17384533106003133  0.18396769434320492  0.19482352461508032
  0.20581288834314998  0.21686297510645702  0.22779448733557808  0.23845727823093202
  0.24882754727420239  0.25909589060998323  0.26947611932966897  0.28003976966003630
  0.29082532674572026  0.30173297714868180  0.31278898714501352  0.32393957463810474
  0.33472294077571974  0.34482139887269425  0.35508276150887130  0.36550995452342011
  0.37605470490530407  0.38621014263850928  0.39639438397328064  0.40696513750579211
  0.41770605022014173  0.42845036750371496  0.43911577942482272  0.44979507591009810
  0.46020387369802296  0.47052231601647965  0.48069805333687327  0.49095702941686931
  0.50100623805967304  0.51115601717038939  0.52151176615341310  0.53215631535663299
  0.54277163509802073  0.55318007670672786  0.56363461891369737  0.57408498944048159
  0.58477152351669692  0.59538694817673443  0.60608074469746775  0.61703153643636133
  0.62806271091314381  0.63924054047132584  0.65018442495173423  0.66079334693163183
  0.67114871216178051  0.68130633834023202  0.69147627402510070  0.70148241374655385
  0.71193464369780823  0.72234208941395228  0.73321863705538781  0.74396488496046420
  0.75414021901381889  0.76445359320861628  0.77497117842968599  0.78551703592366240
  0.79638809078530415  0.80682920724384111  0.81758333015047913  0.82812825823661385
  0.83894328059555501  0.84965698870321704  0.86046860114939938  0.87125292664561527
  0.88212220315121781  0.89336573724674573  0.90445347908661100  0.91556981964025874
  0.92640720945199184  0.93725168795651803  0.94766160203154592  0.95838923959482891
  0.96825375611731446  0.97918123481181019  0.98919045381379556  1.00000000000000000
 -0.00216127932410932  0.00848759573604138  0.01926766622388322  0.03020107938327680
  0.04082243303508366  0.05117020004717967  0.06129988287912328  0.07069849729826876
  0.08077156707076473  0.09082150359223146  0.10181349781950286  0.11266314223321319
  0.12334460698748501  0.13417921718359743  0.14546196421678106  0.15510482837385539
  0.16528481196436423  0.17524809300692992  0.18490176052826143  0.19477734683474413
  0.20458150429971197  0.21477453748475309  0.22512788162460473  0.23551500685629595
  0.24582525976268943  0.25601151723789151  0.26622067717341424  0.27679596132512457
  0.28764326313825789  0.29817297637687507  0.30858426174837983  0.31923577991557667
  0.33024866159633920  0.34135037788784156  0.35236445604466771  0.36337197852848496
  0.37425829235842772  0.38483656641229574  0.39536152281814324  0.40594646100893433
  0.41718812112471565  0.42814791738079611  0.43930610984562274  0.45046910481386149
  0.46166991786247064  0.47269163798757224  0.48330436399720988  0.49279940012358336
  0.50259229504508662  0.51242516313185060  0.52304136627966624  0.53355636472991796
  0.54405376462122979  0.55492399676877158  0.56594199654881194  0.57662744037743252
  0.58726323012236270  0.59777123027144585  0.60842394246144238  0.61852827956156597
  0.62841847661946870  0.63891184158822811  0.64943701565520950  0.66003130153556400
  0.67065189396817648  0.68080020387072571  0.69077303392147815  0.70059966660669359
  0.71102798974084858  0.72147681714557133  0.73178603243274598  0.74225677977845272
  0.75295848648113839  0.76385025051993882  0.77452384003438313  0.78509471517148444
  0.79562151606887144  0.80646554006515303  0.81707177178673773  0.82750118552923357
  0.83811499948177004  0.84910371847146238  0.86025702417085614  0.87133458841999012
  0.88229528091176668  0.89317695331331615  0.90422346660570774  0.91513224120651238
  0.92596405874785115  0.93649701034554966  0.94696174491854690  0.95751351115591532
  0.96809945542103082  0.97871740227385551  0.98921641621722967  1.00000000000000000
   1.1880497561239355E-011  -1.0000000000000000     
 F F F F F F F F F F F F F F F F F F F F F F F F F F F F F F F F F F F F F F F F F F F F F F F F F F F F F F F F F F F F F F F F F F F F F F F F F F F F F F F F F F F F F F F F F F F F F F F F F F F F F F F F F F F F F F F F F F F F F F F F F F F F F F F F
  <DiscreteSampler_grid>
  grouped_processes
  1 # 1 for a reference and 2 for a running grid.
  10 # Attribute 'min_bin_probing_points' of the grid.
  1 # Attribute 'grid_mode' of the grid. 1=='default',2=='initialization'
  0.0000000000000000 # Attribute 'small_contrib_threshold' of the grid.
  0.5000000000000000 # Attribute 'damping_power' of the grid.
 # binID   n_entries weight   weight_sqr   abs_weight
    10   10   2.093519708931471E-001   2.008457716336451E-001   2.093519708931471E-001
    16   10   2.093519708931471E-001   2.008457716336450E-001   2.093519708931471E-001
    22   10   2.093519708931472E-001   2.008457716336451E-001   2.093519708931472E-001
    28   10   2.093519708931472E-001   2.008457716336451E-001   2.093519708931472E-001
  </DiscreteSampler_grid>
