  0.00020237418935157  0.00025681499704713  0.00029480681733321  0.00032758146348406
  0.00035431805923223  0.00038422965842792  0.00042615994371644  0.00050295810254949
  0.00074450731407107  0.00119644916903703  0.00159870935093753  0.00198037959626107
  0.00239220845792736  0.00282068124498251  0.00335488815693005  0.00398636713493830
  0.00477786563094327  0.00566579288337494  0.00662886188987751  0.00775111560040250
  0.00901742340413814  0.01047757652557896  0.01216007543043703  0.01399463822699426
  0.01609931381186482  0.01865861122106949  0.02164955327687523  0.02504239395644096
  0.02889458526193280  0.03316097932365234  0.03784022288409996  0.04292676988305268
  0.04817675972396612  0.05291192843327234  0.05660077824609162  0.05926250595593063
  0.06113367509119901  0.06246088739856415  0.06342041442240801  0.06413776833373419
  0.06469401949534237  0.06513965239325133  0.06550778314692195  0.06581553671930834
  0.06607696638155287  0.06630745503693401  0.06651642869722728  0.06670701931131635
  0.06688088622276814  0.06704096958176996  0.06719111928477255  0.06733428096890973
  0.06747186458153093  0.06760489038540109  0.06773466620180386  0.06786295983896366
  0.06799095817320601  0.06811971450437149  0.06825070725591768  0.06838600373390284
  0.06852670664641025  0.06867404228359379  0.06882877133351215  0.06899339562301308
  0.06917162430965425  0.06936715147783439  0.06958284445988151  0.06982309761546197
  0.07009588670934080  0.07041361904915924  0.07079089838096909  0.07124256924282457
  0.07179293252197556  0.07249250322300625  0.07341469586281632  0.07462569761148659
  0.07633288587000686  0.07876748863312175  0.08234820024108384  0.08761822109176069
  0.09525140821427427  0.10624214691388228  0.12083392812379194  0.13908483239759600
  0.16144185527797394  0.19382512599515797  0.23860653245783484  0.28957898000790355
  0.35563135743831231  0.44974045348151476  0.56566023117096020  0.66035956291125497
  0.73316071753650447  0.82050592666548217  0.89965396708112744  1.00000000000000000
  0.00001161937702069  0.00004781733546933  0.00007647771996967  0.00010206587664370
  0.00012881728988156  0.00015892211525748  0.00019546380418441  0.00024147537217434
  0.00029739764717228  0.00036902708746589  0.00046868438872529  0.00058608132769585
  0.00073232830794837  0.00091079776510448  0.00114748849092919  0.00145491080663380
  0.00183806539612462  0.00230850460588526  0.00287322209749714  0.00354126857743856
  0.00436323253292962  0.00547016302113626  0.00708179265175307  0.00934798217491297
  0.01270609995484577  0.01783797619842833  0.02543515947095150  0.03547567440745412
  0.04865497207540757  0.06497746587544243  0.08269658747136498  0.10046841418609435
  0.11826248151962071  0.13645560185577812  0.15490532543847144  0.17330477894179405
  0.19194655710858777  0.21079342290158468  0.22957692431309426  0.24825643857468235
  0.26693931483988848  0.28580563676974741  0.30487174797337202  0.32385633315010409
  0.34273144689445711  0.36151781717941955  0.38002657195194645  0.39831424942291749
  0.41686947910233357  0.43564807719148102  0.45462127087496557  0.47352989438123633
  0.49216241856749210  0.51061219092648158  0.52909636936179227  0.54755842322582160
  0.56605831776483806  0.58447796100114624  0.60292072207536740  0.62159498800482182
  0.64016857947137196  0.65827616662154320  0.67635742416752476  0.69472917988228167
  0.71311348519962980  0.73130643135861417  0.74939523714126510  0.76755932641830182
  0.78559980572859589  0.80345867221044454  0.82119536522993064  0.83869712895834192
  0.85594755261195765  0.87290531659515747  0.88948021533461918  0.90573066136431235
  0.92132629419847245  0.93600329538933069  0.95003613419894739  0.96221663433290050
  0.97228503815505207  0.98009833421283177  0.98569733138009452  0.98983927160966267
  0.99265610499233792  0.99477186341893964  0.99631096885515358  0.99746658932078103
  0.99829357221836978  0.99889805475103843  0.99927912200756885  0.99947621869315051
  0.99963786503590124  0.99976286712155205  0.99988245706559165  1.00000000000000000
  0.00061149491348675  0.00085877211217096  0.00100249074285214  0.00118394138970348
  0.00139597342098317  0.00162779514816709  0.00188466002209859  0.00216310738137250
  0.00246425208361380  0.00279154659459729  0.00315119801776460  0.00355070488302013
  0.00399392910071898  0.00446896273159419  0.00496299851398526  0.00546524801961902
  0.00596667449323915  0.00647083003561826  0.00699180835095378  0.00752237811210713
  0.00805660282043654  0.00859483300464536  0.00916484977482634  0.00975955094606409
  0.01036881971910522  0.01099565906321964  0.01165015977816730  0.01233335189301991
  0.01304756834959171  0.01379382043451164  0.01456607036270380  0.01536032178556728
  0.01618579492956770  0.01703976902428251  0.01794351245719743  0.01889210083238329
  0.01990866811599335  0.02097307586437790  0.02209397634433600  0.02327580465381476
  0.02451774755225679  0.02581276679255242  0.02717274534586513  0.02859876471332454
  0.03009286427942203  0.03164574454650874  0.03324791905382487  0.03492476873431863
  0.03667912333852261  0.03857194276868340  0.04056965392084853  0.04269067470695410
  0.04489327956867446  0.04721148351824579  0.04964975509215797  0.05210579493793253
  0.05459013179910894  0.05722177938691676  0.06002673255220753  0.06300234176522942
  0.06619907070964891  0.06959774763394390  0.07310768096112105  0.07672669478363667
  0.08057000887943201  0.08460913185842357  0.08898291538925239  0.09361881036850500
  0.09869119710651059  0.10419595200042162  0.10954887844580684  0.11473955455787119
  0.12025313854849312  0.12642085795655625  0.13285201378937475  0.14006007228513270
  0.14850285922192516  0.15660895331012703  0.16568239087172307  0.17603866911253585
  0.18733937523704186  0.19916026654648153  0.21126320726493111  0.22442075270035816
  0.23889522526980436  0.25398938221218903  0.27008349274976151  0.28637900838481500
  0.30457026147192612  0.32370684715322340  0.34583528673762032  0.37191241681351178
  0.40355114788903684  0.44532656810774951  0.53185753346760756  1.00000000000000000
 -0.00203374404205428  0.00810925163372939  0.01851806632845681  0.02879696825076929
  0.03887159013549342  0.04879836115930622  0.05862842331932638  0.06824054926083023
  0.07782304837065487  0.08723929414353525  0.09666035052720011  0.10594085861359184
  0.11517729231717096  0.12452977164991413  0.13393264779758796  0.14346402918673379
  0.15311896697609459  0.16307724500002110  0.17292438165852345  0.18247032253209577
  0.19181940511345710  0.20141821665013590  0.21132857094476948  0.22141731744416540
  0.23163005614511339  0.24189732880867112  0.25227270690780129  0.26244392092833668
  0.27249559728387046  0.28245840466299393  0.29252157494900932  0.30276658590341682
  0.31325513170239172  0.32377405524539127  0.33417903334781685  0.34468766498637249
  0.35501700618204002  0.36531022744647390  0.37603042547972465  0.38703264966873990
  0.39796834531756220  0.40848397616839371  0.41887831964250422  0.42950992328835635
  0.44060891591772589  0.45170607369306298  0.46276783694334955  0.47350808503062436
  0.48434123766937021  0.49531837858429117  0.50654402986827218  0.51801584892043995
  0.52949844831806681  0.54083054396294850  0.55183646334656555  0.56292600738212883
  0.57416341510207414  0.58539424190010991  0.59647290312093326  0.60772451152734819
  0.61785140985585163  0.62729745113173707  0.63668773682176660  0.64704191854877546
  0.65863380613927569  0.67050099199692226  0.68232774014744957  0.69406302841093481
  0.70552148428443195  0.71690287901410676  0.72810148322631896  0.73950016802946983
  0.75110567415452101  0.76266937395533430  0.77434207452633130  0.78572720616288516
  0.79724616055253517  0.80831737386220082  0.81848842555850809  0.82805794444430392
  0.83812799688557960  0.84873306848617747  0.85870046158515878  0.86855554300419591
  0.87847714110783337  0.88914878264909070  0.90006680140147677  0.91089620327391396
  0.92230699063461796  0.93374248242107971  0.94527441041132909  0.95641611906087387
  0.96756775584716392  0.97802234810167299  0.98886330320753468  1.00000000000000000
 -0.00215071553201239  0.00821494897323068  0.01891489451370153  0.02972097190125440
  0.04044949984302847  0.05121382735397787  0.06187774694896372  0.07285398326607752
  0.08360299917551210  0.09422416632993966  0.10494022303063198  0.11571049880030515
  0.12655038090173418  0.13732591519750623  0.14821910511708342  0.15921883984759300
  0.17046402717397216  0.18151589708745461  0.19204172255579818  0.20236078667221499
  0.21282215370759011  0.22334320775749913  0.23433026302900029  0.24500600415696550
  0.25564929281291376  0.26603846341892212  0.27671782042652776  0.28750976488113461
  0.29839403303002771  0.30894181818296501  0.31924097228588633  0.32924338094005479
  0.33911866005212848  0.34911652463585496  0.35914102503026346  0.36972586076355274
  0.38021646661319680  0.39098399690676433  0.40175796292186644  0.41249148902175137
  0.42311600327571552  0.43354388096317303  0.44330664022447364  0.45311198019950688
  0.46298221395830585  0.47291276830367551  0.48264126030027715  0.49233032955052280
  0.50176937354924833  0.51272831060990243  0.52384262565744977  0.53427234910722832
  0.54463496557221336  0.55528117713794489  0.56622979671932883  0.57698194113929480
  0.58696778515501380  0.59648339203799183  0.60632364832119745  0.61658047002583227
  0.62724252394545243  0.63798067605791664  0.64907668815865815  0.66018715541860451
  0.67105498064455427  0.68169572733337658  0.69221465962911366  0.70259140311511947
  0.71254841864115748  0.72267574245931054  0.73236791727490025  0.74315126377162488
  0.75381103179937514  0.76472014327539595  0.77624072164419033  0.78711078629925624
  0.79707500809452647  0.80710792768721618  0.81717622705666804  0.82828680366691310
  0.83925376749161740  0.84993286754519548  0.86071330031462090  0.87138589220855567
  0.88199802817098516  0.89255069548996646  0.90314198918064426  0.91397410204198071
  0.92520692074995148  0.93592733423102659  0.94634706707767213  0.95646038207241213
  0.96710253856432637  0.97792453326908235  0.98912430090257197  1.00000000000000000
 -0.00243192576910710  0.00914020061498888  0.01846231598896585  0.02924185534568347
  0.03949227249953906  0.04836978765959765  0.05728766775214977  0.06544031741294640
  0.07318854423936764  0.08119799685805640  0.08929800765570037  0.09757441528000585
  0.10592465649765286  0.11587491744105696  0.12628406777517059  0.13573873362494532
  0.14541635226311767  0.15508829853751568  0.16501930728048078  0.17508577172755835
  0.18459474173736609  0.19397891143862359  0.20359408924030079  0.21332502229961303
  0.22350651605371880  0.23369506955649544  0.24362951266846242  0.25388043790562220
  0.26402299924843292  0.27429645569235378  0.28436118599074400  0.29445004494805632
  0.30430778724899954  0.31510258156612664  0.32565081587526451  0.33614094837880959
  0.34671036568291180  0.35731909013482804  0.36805743721409961  0.37826721961890480
  0.38844172059429966  0.39850441499891937  0.40905525444990787  0.41984271850288835
  0.43059687578777106  0.44136206408148887  0.45215362169230600  0.46293954488486794
  0.47392825669131705  0.48490662193955852  0.49598474907207490  0.50693006490613735
  0.51755347184441303  0.52852837582836409  0.53930534057553181  0.55036644011190194
  0.56132532841110572  0.57229755329088650  0.58337105887724516  0.59451197463349403
  0.60581694541067410  0.61705956966764952  0.62839424935841448  0.63970534949224367
  0.65114765903132610  0.66249609526021958  0.67375966860229974  0.68484937731401996
  0.69601245079477836  0.70720252624983737  0.71860052358428905  0.73013244931786159
  0.74164573659305377  0.75282550637984558  0.76400252387397949  0.77509161207821697
  0.78642506096754505  0.79766546883261136  0.80881587099942753  0.81994474102808845
  0.83070474139687733  0.84150724779553854  0.85212364669081020  0.86322171415631932
  0.87427857273336929  0.88504368489602792  0.89578713156385181  0.90660034890004382
  0.91782148138500230  0.92912818560353161  0.94054252146534134  0.95211662576922362
  0.96375063483930024  0.97539991923952607  0.98787203876992646  1.00000000000000000
 -0.00211849685983744  0.00849952052676240  0.01936693101953028  0.03012633622340458
  0.04142820393425254  0.05242681321174687  0.06355152625552306  0.07447111316480176
  0.08528002419736182  0.09605521303840471  0.10673490634842903  0.11791601038296878
  0.12858563632540315  0.13932957915535316  0.15022726840930473  0.16154933534128993
  0.17214486807925636  0.18269365185284850  0.19346595287471324  0.20390055560355919
  0.21405415502065289  0.22388623877742556  0.23414313980592830  0.24482187755297510
  0.25556394668220228  0.26624966357659330  0.27624542412124270  0.28601500745947167
  0.29617771008606231  0.30685062251092710  0.31763450223184059  0.32847051292810892
  0.33934183323904688  0.35010185024577278  0.36083647377489814  0.37130450389405828
  0.38176230457594618  0.39230567941905214  0.40310148183574379  0.41398617806505189
  0.42471238098914682  0.43554496746552818  0.44675212788447594  0.45762659206888523
  0.46829321834290333  0.47901981904437269  0.49007064708891240  0.50101925591098906
  0.51195985119967669  0.52269076717895302  0.53340264129095727  0.54368133710155420
  0.55410049311939868  0.56463889674407808  0.57542560786887942  0.58615722785903657
  0.59685244363637047  0.60745512032436988  0.61779731730291609  0.62836174938565070
  0.63908591056939557  0.64980125921226650  0.66049313144043442  0.67120941600848028
  0.68186062351836640  0.69249891929704022  0.70305261487999471  0.71352989605136796
  0.72402950527008525  0.73445965910854072  0.74483404318799940  0.75517054926842164
  0.76557769013602528  0.77605510930600807  0.78680401426632318  0.79770301717592706
  0.80850872138966690  0.81908685956911531  0.82955224166857966  0.84009404206577776
  0.85053767295543070  0.86093614001425334  0.87124507022856257  0.88147769866320502
  0.89164829522699163  0.90168949362296480  0.91181692936072356  0.92223218805356200
  0.93293515025688911  0.94389008373080630  0.95438191878266621  0.96381545987376849
  0.97249415767170311  0.98127498064542218  0.99049035318078060  1.00000000000000000
 -0.00224413112450492  0.00814088595263329  0.01823423048157726  0.02873619582666319
  0.03938514172182717  0.04982637335390227  0.06021245506563807  0.07065999977810462
  0.08130894346559570  0.09236952384465036  0.10351112417250591  0.11445994204383118
  0.12526540744979917  0.13596618422397536  0.14669314889850282  0.15740059314803961
  0.16820047569193899  0.17887531293771947  0.18957975005523989  0.20043485486426596
  0.21138467853437673  0.22193141698052860  0.23223744190113998  0.24270795775910325
  0.25307274629129123  0.26316320584520875  0.27321542152590456  0.28346635511696372
  0.29366456420018644  0.30339404612738008  0.31284852025079057  0.32202850967643909
  0.33143075212883544  0.34125751167584228  0.35116678263810613  0.36166005834534681
  0.37283434912548369  0.38382501353554854  0.39438404530424714  0.40462987888596680
  0.41506019477666967  0.42564421684099152  0.43667014459374642  0.44740512673977217
  0.45804175052509261  0.46871042514971312  0.47966977815759759  0.49009795290148039
  0.50047000044730461  0.51058731031212090  0.52074011016356725  0.53074668901372413
  0.54110513395880477  0.55179941216385409  0.56250315758119240  0.57321814588352904
  0.58406870603827499  0.59504402140123869  0.60602740345608175  0.61681554726674093
  0.62756797358668226  0.63813651690103024  0.64860859070894517  0.65919133540608321
  0.66990402329732346  0.68100431626698288  0.69227324434788939  0.70353052362194790
  0.71482907642069782  0.72592444000449896  0.73672923036163762  0.74732444913993445
  0.75778203502888353  0.76835774779210009  0.77918531441558048  0.78965013768227688
  0.79985839720386931  0.80984061321148537  0.81977865996816524  0.83030313900357378
  0.84093209663893043  0.85149255950930525  0.86196479387863723  0.87214186029477436
  0.88250111851050794  0.89290296123488833  0.90382638576051733  0.91483123125350208
  0.92551849722901003  0.93627219947316564  0.94687310667164415  0.95755305947696978
  0.96843916039970512  0.97912078807390934  0.98976153773589548  1.00000000000000000
   1.2206837490851128E-011  -1.0000000000000000     
 F F F F F F F F F F F F F F F F F F F F F F F F F F F F F F F F F F F F F F F F F F F F F F F F F F F F F F F F F F F F F F F F F F F F F F F F F F F F F F F F F F F F F F F F F F F F F F F F F F F F F F F F F F F F F F F F F F F F F F F F F F F F F F F F
  <DiscreteSampler_grid>
  grouped_processes
  1 # 1 for a reference and 2 for a running grid.
  10 # Attribute 'min_bin_probing_points' of the grid.
  1 # Attribute 'grid_mode' of the grid. 1=='default',2=='initialization'
  0.0000000000000000 # Attribute 'small_contrib_threshold' of the grid.
  0.5000000000000000 # Attribute 'damping_power' of the grid.
 # binID   n_entries weight   weight_sqr   abs_weight
    10   10   4.909718085139382E+000   1.816068156231090E+002   4.909718085139382E+000
    16   10   4.909718085139382E+000   1.816068156231090E+002   4.909718085139382E+000
    22   10   4.909718085139382E+000   1.816068156231090E+002   4.909718085139382E+000
    28   10   4.909718085139382E+000   1.816068156231090E+002   4.909718085139382E+000
  </DiscreteSampler_grid>
