  0.00931322213355193  0.01609359425579451  0.02586031033820953  0.03660157703634394
  0.04645859731650091  0.05617280549473010  0.06624797669546446  0.07663290887805033
  0.08693463456286737  0.09726099171834983  0.10815912956971174  0.11967930096683227
  0.13116952960395784  0.14218962218041689  0.15313483771739078  0.16414196262332578
  0.17525373258055821  0.18647631008426996  0.19779187773981038  0.20911053997371834
  0.22037547967202789  0.23153189840600677  0.24277977454575747  0.25367137752189717
  0.26401697648631867  0.27393073507842119  0.28352640245916649  0.29334965851861233
  0.30363857887020779  0.31394004401201214  0.32446136538961678  0.33453242075223216
  0.34456829097012365  0.35418399275214152  0.36401179907101910  0.37372392035587754
  0.38344277090179762  0.39323860448176101  0.40318825858647117  0.41318428587402245
  0.42279517279271628  0.43222587011800723  0.44206946685754633  0.45236584490805148
  0.46266247016641532  0.47277582524105466  0.48286284769660454  0.49300453358262425
  0.50312811000850477  0.51312941381328059  0.52322780016430182  0.53370989928672252
  0.54439899803373970  0.55526947845880936  0.56627384422664462  0.57743233755236800
  0.58872392342310254  0.59998976591304076  0.61119051565944693  0.62222847389939595
  0.63322888465389415  0.64411105448466699  0.65468562375229866  0.66473691911097699
  0.67474615843147800  0.68469658133590927  0.69469121596135985  0.70451178035862716
  0.71481774768962170  0.72561738904117712  0.73647902013242350  0.74720037184587951
  0.75825843852784169  0.76939690899259305  0.78053351905722801  0.79143653942059056
  0.80222074958028156  0.81314975112861554  0.82385999777328067  0.83456195388072141
  0.84487385362280332  0.85463099967841150  0.86469293096907396  0.87480149592378509
  0.88529252442101958  0.89588186559879557  0.90669885533035555  0.91783308499440230
  0.92888369883537880  0.93984319429617569  0.95118462688824856  0.96200102515835839
  0.97244290231788033  0.98275379040216193  0.99109642051784463  1.00000000000000000
  0.00906618164056091  0.01674952309640825  0.02729181060882527  0.03872526598654227
  0.04903521145943075  0.05910760279894094  0.06938826924515415  0.07933141518266565
  0.08893558464692931  0.09817211647165512  0.10785730748799557  0.11783221039941635
  0.12809119874404892  0.13849284154137345  0.14863418265580508  0.15883600067231696
  0.16888945390617804  0.17861505358045490  0.18843123799376257  0.19837702128656395
  0.20857095145325202  0.21873370982149890  0.22876799849840851  0.23945628075886050
  0.25055365553199033  0.26150704094388322  0.27208249853275829  0.28225066837522961
  0.29229010091518276  0.30231442087793081  0.31229778344988918  0.32227054703667285
  0.33240230810826915  0.34279154498308523  0.35328751761590554  0.36376611929838010
  0.37435525222387289  0.38515335153206898  0.39622860229396595  0.40752643870371663
  0.41863489071175797  0.42926400530168335  0.43958415103589715  0.44985682635312568
  0.45976331047745361  0.46926357933311635  0.47876538393893581  0.48862779394566086
  0.49875618702289992  0.50863362414962310  0.51815356801164902  0.52772971607349861
  0.53764799662232854  0.54798985300084568  0.55850627783384521  0.56914821316959674
  0.57994073027468662  0.59064619860630341  0.60119003479665167  0.61196892028432326
  0.62316668669465514  0.63470752110964923  0.64624895210425259  0.65750443732176744
  0.66859886092637599  0.67954015270269852  0.69031951406065695  0.70110063593427996
  0.71216047299325425  0.72349814977796656  0.73477809708535635  0.74604425378442851
  0.75739826728054471  0.76869963610628833  0.77993625245801379  0.79105288511471739
  0.80206509523748271  0.81323044445316861  0.82371751650857850  0.83448648735125086
  0.84544599657725172  0.85626838790695792  0.86688306519848823  0.87732354783240218
  0.88795572443434645  0.89886135196910311  0.91017816076276892  0.92109190945948405
  0.93122046152114268  0.94165244000964410  0.95266693674361025  0.96339793170806831
  0.97316054460353563  0.98278851752252827  0.99114863385614116  1.00000000000000000
  0.05714241775589898  0.05824046980753226  0.06025882872516681  0.06246241528572399
  0.06471146397328920  0.06718575089983589  0.07001917543252109  0.07292304801237867
  0.07579544963669806  0.07868006387179938  0.08160847769913657  0.08457702161462116
  0.08762703987817841  0.09072051008399444  0.09383947397280261  0.09699257078806502
  0.10028859199279633  0.10365218379491582  0.10705802996464805  0.11049039520013174
  0.11400262608924788  0.11755152182878970  0.12113932018580409  0.12477096878480537
  0.12847123322595583  0.13218435407899393  0.13626641884018195  0.14057679375903759
  0.14464298742559559  0.14813505590512135  0.14909363943828455  0.15064861263138493
  0.15221198563952079  0.15436280344245032  0.15689566962544815  0.15939498732711990
  0.16189311742358661  0.16439073734203211  0.16690209942828935  0.16942800745178696
  0.17197011860692127  0.17450882949713403  0.17705208725736482  0.17960534007106155
  0.18219800398275526  0.18481765422738131  0.18747931413122151  0.19017415403098972
  0.19289866016611029  0.19565149174550781  0.19843699317861094  0.20125483941314287
  0.20409677828070330  0.20697177153801727  0.20986739996228704  0.21280102415393518
  0.21577659375367786  0.21879479365222232  0.22182647412481132  0.22490783880983972
  0.22803976852848412  0.23120507940347451  0.23444618561291816  0.23773770163963295
  0.24110009978344407  0.24451151850433414  0.24797168531061789  0.25147760080823184
  0.25504301364057008  0.25867765551162275  0.26240257057455318  0.26624749977650292
  0.27019110181532374  0.27422943429994429  0.27835903342565665  0.28263251175352527
  0.28708815523253067  0.29171737182352936  0.29649197135381800  0.30146647240871133
  0.30656852425797948  0.31193220636772995  0.31759858487268122  0.32362301454140247
  0.33007369127215413  0.33709107229360846  0.34478687027011584  0.35327765471688183
  0.36288931430728938  0.37415737316261960  0.38758492036967102  0.40478676175453820
  0.42815422672514775  0.47418499389292407  0.59574048813384839  1.00000000000000000
 -0.00318309892158571  0.01244977021991254  0.02534135006761327  0.03843120701382169
  0.05033066368912952  0.06211368389142553  0.07380484792381681  0.08534228573188095
  0.09674661788776064  0.10818766448705394  0.12018671137797647  0.13170239866998257
  0.14316976862883382  0.15445443876047604  0.16570212292142442  0.17648000385324097
  0.18696944498645937  0.19746623379012385  0.20820208848477453  0.21897796770517947
  0.22881566641263235  0.23950164211568939  0.24986417471882305  0.26019949873952103
  0.27020383049408536  0.28152964744361986  0.29201976616396369  0.30205014077788156
  0.31207081387902608  0.32317581752108282  0.33381482582642902  0.34371629805281456
  0.35348376311338536  0.36389595611375425  0.37419712242837411  0.38429362099832526
  0.39426686151071716  0.40444406956077256  0.41475385561577921  0.42431451246933105
  0.43373658561279987  0.44278522889933741  0.45215833990363113  0.46145200809939735
  0.47091192817525829  0.48031464289308690  0.49006017610488917  0.49940381173586140
  0.50901784434032038  0.51856787370396307  0.52931043198232353  0.53996017799817486
  0.54970631241501222  0.55894034103938550  0.56816608983937744  0.57767457993314841
  0.58715261298911281  0.59668375426891440  0.60647186552943944  0.61619694570131156
  0.62574132133052718  0.63503307176596746  0.64425245858816182  0.65391362812603637
  0.66383328380948969  0.67430046627295659  0.68512979162302601  0.69607847172316051
  0.70700482207732340  0.71801878021809085  0.72874369279999607  0.73896098625639672
  0.74891131091312757  0.75866324353897796  0.76832688352709255  0.77804013144001949
  0.78824489440616929  0.79913548248387234  0.81012109456978931  0.82076884790869786
  0.83104020874415951  0.84132014683459577  0.85179189122330068  0.86230842332905044
  0.87284336820361352  0.88340540027374592  0.89429941163384108  0.90515213626987867
  0.91612072610660067  0.92733778876043760  0.93866336018135899  0.95027040467836588
  0.96207897435222878  0.97483238645877157  0.98735100010608789  1.00000000000000000
 -0.00256237052481896  0.01036125890991157  0.02160305206392210  0.03194423487706817
  0.04253395296287305  0.05307579053433653  0.06389091165812082  0.07445240507530851
  0.08580005378390207  0.09786229296751449  0.10889905364376679  0.11940937345236036
  0.12967462704866473  0.14016774061887055  0.15020648151454941  0.16000717471955112
  0.17046234175445285  0.18117957680767421  0.19176114641380498  0.20202512079801965
  0.21214072645389215  0.22246747342268150  0.23269014404293706  0.24289884252262481
  0.25318968786933810  0.26370736237658871  0.27390178500131568  0.28405649048651987
  0.29448168760352100  0.30578020703972231  0.31726775393733064  0.32870774549988357
  0.33979582065241520  0.35060871512011582  0.36124427476860937  0.37163079325857079
  0.38179189758783738  0.39179192842140209  0.40190995015252912  0.41218973838034861
  0.42253806867607141  0.43283888344321719  0.44275995068254553  0.45241986703945819
  0.46274146226856050  0.47332892228915630  0.48367243677085969  0.49360867032757394
  0.50385758863648877  0.51421590469377487  0.52468414334252811  0.53506482640332576
  0.54569068341998561  0.55656997896290950  0.56755134480632485  0.57861029402561159
  0.58904429598367702  0.59932737741998277  0.60927163769552095  0.61942617097887165
  0.62994105798504574  0.64043988512402683  0.65123358511845386  0.66229527396127241
  0.67398063865022551  0.68563225834951080  0.69729885702211791  0.70853435257000252
  0.71937246864748117  0.72972761542250986  0.73985531371845981  0.74994534960659420
  0.75980049806949401  0.76963154301045034  0.77915972091402441  0.78836465161244051
  0.79808641343477438  0.80788802570452445  0.81753909633372290  0.82731857150159316
  0.83745981245696322  0.84829386988679423  0.85909089803959171  0.86996620336145625
  0.88095218913155371  0.89262720753343905  0.90407898139827503  0.91533374804305478
  0.92699625570455002  0.93802266998158734  0.94844325190046785  0.95840949700527811
  0.96892144299549499  0.97938986255081906  0.98974026337485355  1.00000000000000000
 -0.00307496879849921  0.01236811720062978  0.02467185133839343  0.03716328786208561
  0.04929151357606559  0.06095356332470142  0.07273697216862263  0.08404403098669017
  0.09584199806661531  0.10711622283310486  0.11802713618664375  0.12867618140220236
  0.13945337709412325  0.15024688282717594  0.16094046556277219  0.17186819124086031
  0.18339389861406583  0.19473895375005681  0.20575555235062315  0.21718023206950451
  0.22882747801575784  0.24030299083293727  0.25097219798822107  0.26143626226655442
  0.27209513597956403  0.28337543761528394  0.29453985352670620  0.30510097793346708
  0.31536718403312969  0.32571658753228888  0.33599849393902226  0.34607957823825330
  0.35621593984653521  0.36645321059245384  0.37656516095957643  0.38641215319808497
  0.39612271485326728  0.40592881056715141  0.41557037615090353  0.42488550409893722
  0.43424401931268702  0.44354498035153755  0.45256235984591037  0.46161869417185575
  0.47082163943174016  0.48042062678270214  0.49047523316036862  0.50019809786762925
  0.50933333120272173  0.51837536677818008  0.52743466143030138  0.53628582996972829
  0.54532815207681795  0.55442865549088904  0.56352949444278411  0.57400261051080348
  0.58425258232128463  0.59484055383050949  0.60501366279731017  0.61534375959579068
  0.62545776087171323  0.63542288122531176  0.64535304838185914  0.65529442267540550
  0.66530054554462936  0.67515214875714558  0.68503479690753954  0.69527521134000547
  0.70563611401419035  0.71575328652027081  0.72585588899214837  0.73621115512225122
  0.74666948057422466  0.75714188195639365  0.76751583440288818  0.77811249767521640
  0.78884547347412204  0.79931263878654502  0.80984426470965309  0.82042066763520372
  0.83113144678728079  0.84194837000364475  0.85273853058001314  0.86373042617174967
  0.87463927544556030  0.88555547897982068  0.89621618832884409  0.90665456677558476
  0.91738948296124723  0.92895370156657653  0.94045116979607402  0.95211459222693651
  0.96380845874990650  0.97637407808848975  0.98836765067591148  1.00000000000000000
 -0.00242907548588330  0.00958375868161686  0.01937004187552002  0.03004230637729950
  0.03996457015911434  0.05085227251947184  0.06176500180162829  0.07256578803560822
  0.08339026858138134  0.09449729393622795  0.10586215248037480  0.11714305637127305
  0.12836231121656194  0.13943786069080305  0.15076632417726998  0.16216122755717505
  0.17365688779985569  0.18512712348397928  0.19656689690750928  0.20784752247760357
  0.21853146462299192  0.22927186900286392  0.24013691639553472  0.25060657208817000
  0.26044218936157026  0.27024307173644307  0.28015975132476995  0.29024577962075343
  0.30050970998623339  0.31086493243773911  0.32117881984813224  0.33169550562333844
  0.34281486831885449  0.35413152137912735  0.36518265189534194  0.37575194905586651
  0.38583747284549019  0.39571121576568130  0.40563758164935365  0.41570099762399054
  0.42547160204528706  0.43505809958126929  0.44500856260390687  0.45535585029644488
  0.46542312279104125  0.47521683043256147  0.48534566050629147  0.49591197305288048
  0.50647148432083910  0.51677935658276453  0.52728103802208481  0.53805724295296198
  0.54881300108858255  0.55976107955755727  0.57088486988943821  0.58164467285364274
  0.59189836151564357  0.60162867961811028  0.61167603049407238  0.62220104746858773
  0.63293965470898106  0.64358801482010142  0.65424542413054831  0.66484204573085093
  0.67508759512093863  0.68534980503124343  0.69550044162523772  0.70571134046416173
  0.71566007111142005  0.72562323632921866  0.73588823427492844  0.74614724347075778
  0.75622715157009202  0.76623238860644471  0.77612161641899369  0.78614509650557229
  0.79654574111055976  0.80742053038888584  0.81833076286042683  0.82907941213836267
  0.83937588485812320  0.84939532702376452  0.85903265523935268  0.86864953498611275
  0.87870921666982515  0.88912702951940570  0.89952907626352741  0.90984987105813697
  0.92060155284672851  0.93211318932616272  0.94391100868068134  0.95559257057581493
  0.96698075906483272  0.97811454049282787  0.98913284278371172  1.00000000000000000
 -0.00264531384488629  0.01022132635722542  0.02106977719841991  0.03194051439540166
  0.04252936403393955  0.05299278880338935  0.06348151064729823  0.07393592691793328
  0.08411607635717007  0.09395488111745687  0.10389448966398900  0.11440064134706016
  0.12497788274421348  0.13551184064259475  0.14609461339313673  0.15714240175992916
  0.16877558544013493  0.18028594993867694  0.19190910071895573  0.20285210097452638
  0.21390370568482339  0.22480689352799196  0.23551547692293656  0.24626392041113146
  0.25736597774552006  0.26828893925579761  0.27862526382776903  0.28860210619904347
  0.29885736198724333  0.30932606532325652  0.31974347222128141  0.33019354089188419
  0.34086325101194509  0.35161961059191582  0.36217185836179405  0.37245466838573699
  0.38260845667813842  0.39300190211863756  0.40368614928264140  0.41447100536302756
  0.42523077277561705  0.43599419845720205  0.44662928258291906  0.45719720854089796
  0.46769843328644845  0.47803704541733899  0.48798389209880599  0.49790720902655022
  0.50774569176908757  0.51753924568771914  0.52714880732540004  0.53687474320259676
  0.54683977290036700  0.55736653054342211  0.56789654957748015  0.57855160117371152
  0.58919548334719651  0.60014091705561845  0.61083178689408890  0.62153892693940804
  0.63225951155686388  0.64320870941303465  0.65364181347999528  0.66400403002473873
  0.67444185051515493  0.68485859521213754  0.69521595957043314  0.70563981236860318
  0.71606821378694607  0.72679891588943679  0.73701530300499030  0.74734932128028297
  0.75713752062850870  0.76740977354686213  0.77762911593312523  0.78793028215751104
  0.79786355366571016  0.80812986674815401  0.81880499126242545  0.82947151260777241
  0.83975887145651074  0.84970254641385567  0.85973721467569930  0.86984426657660763
  0.88019672534746041  0.89050815327734290  0.90073277491827297  0.91099397395168369
  0.92180131958472700  0.93336132417928164  0.94498521181177197  0.95620493971930531
  0.96713899117375746  0.97814614402544853  0.98883999550262847  1.00000000000000000
   1.1044013370121666E-008  -1.0000000000000000     
 F F F F F F F F F F F F F F F F F F F F F F F F F F F F F F F F F F F F F F F F F F F F F F F F F F F F F F F F F F F F F F F F F F F F F F F F F F F F F F F F F F F F F F F F F F F F F F F F F F F F F F F F F F F F F F F F F F F F F F F F F F F F F F F F
  <DiscreteSampler_grid>
  grouped_processes
  1 # 1 for a reference and 2 for a running grid.
  10 # Attribute 'min_bin_probing_points' of the grid.
  1 # Attribute 'grid_mode' of the grid. 1=='default',2=='initialization'
  0.0000000000000000 # Attribute 'small_contrib_threshold' of the grid.
  0.5000000000000000 # Attribute 'damping_power' of the grid.
 # binID   n_entries weight   weight_sqr   abs_weight
    10   10   5.942654008560405E+004   1.163190753472636E+010   5.942654008560405E+004
    16   10   5.942654008560405E+004   1.163190753472635E+010   5.942654008560405E+004
  </DiscreteSampler_grid>
