  0.00027425112507660  0.00032445007011231  0.00035458310360190  0.00038705899175581
  0.00042679347160811  0.00049000806242275  0.00065797717380238  0.00105649802784450
  0.00146376031291452  0.00182574738996018  0.00224195915298863  0.00271570702965126
  0.00316480898539280  0.00355795828053141  0.00402098184518844  0.00467579218745989
  0.00549217231013174  0.00645015596898610  0.00755949472854325  0.00881174285631122
  0.01021871168672916  0.01176438118351522  0.01349097552839437  0.01548820877792238
  0.01781722619230028  0.02053726349629840  0.02366555300432815  0.02713332458719721
  0.03084019313150747  0.03488868190126140  0.03945267845433026  0.04437461806312062
  0.04916811845902588  0.05330001594928963  0.05665256359141924  0.05911890115696836
  0.06095071100136909  0.06226158527382662  0.06322502486136723  0.06395918164813087
  0.06453419972205887  0.06499419328324772  0.06536846849219372  0.06567940303363311
  0.06595206678878376  0.06619029438310797  0.06640246242444331  0.06659438331369248
  0.06676965144392391  0.06693074205452637  0.06708069305160408  0.06722224641203285
  0.06735735662322224  0.06748726945481544  0.06761359312594964  0.06773818971033696
  0.06786201203048683  0.06798552883194692  0.06810946915414809  0.06823469595103122
  0.06836231177411496  0.06849389217322215  0.06863133112269816  0.06877607680820753
  0.06892934454281743  0.06909265428715707  0.06926923257340109  0.06946451546500394
  0.06968199266200034  0.06992063012656430  0.07019919710166844  0.07052451296183578
  0.07089954301315146  0.07133554340531045  0.07188825146425183  0.07260490317023484
  0.07352269831839206  0.07473771763707728  0.07642354738446483  0.07887895653899375
  0.08250457080715744  0.08778161973672134  0.09534847595580673  0.10535286305375004
  0.11925973092620427  0.13814830500709455  0.16439478592619228  0.20034230553411309
  0.24824849470961019  0.31011422751504725  0.38877558031526155  0.49024405003826566
  0.59885127593886900  0.70765766136013830  0.82195412594405881  1.00000000000000000
  0.00001690162414044  0.00003483085679042  0.00006485827038898  0.00010442525970947
  0.00014872012344078  0.00019826298151609  0.00026670234873755  0.00035740598452997
  0.00047087228824225  0.00060680577921719  0.00077090327509251  0.00097790247306553
  0.00126618235495449  0.00166492523558292  0.00214523561453008  0.00274797839187010
  0.00355023481199324  0.00462455563042130  0.00604031473414766  0.00796009058344779
  0.01071619499824313  0.01511348866233027  0.02200927773927833  0.03168367426666022
  0.04428530741286488  0.05934017705618359  0.07576519291586664  0.09279495510944344
  0.11039373052809349  0.12857355150248875  0.14683892069191751  0.16499391251474152
  0.18317994389464545  0.20132419196213985  0.21923101303197187  0.23707079124809594
  0.25533453063782402  0.27383371893006420  0.29224284107773163  0.31046128239342802
  0.32866498586067938  0.34688333328841719  0.36496139262529559  0.38299975090230071
  0.40097415057892544  0.41902792266604522  0.43711054255046322  0.45506191812350566
  0.47305083395789366  0.49120828354055424  0.50933337022040803  0.52736884938097706
  0.54527186875530254  0.56313000651115641  0.58100072893867383  0.59901747659220606
  0.61715575882916285  0.63521416409286735  0.65307151227057503  0.67080030116608624
  0.68852968461986386  0.70624135180022407  0.72392936363094329  0.74162079264735536
  0.75927456842776753  0.77681892298089916  0.79421129762566056  0.81139523878163955
  0.82835768993729708  0.84512124090749996  0.86173605260145358  0.87818980662748181
  0.89425118746903443  0.90993808400458931  0.92497876812989233  0.93900698791614379
  0.95178431733358138  0.96300330858416439  0.97234449595399997  0.97977083383174668
  0.98538721318378719  0.98944586960679792  0.99235970339933754  0.99443024916418354
  0.99594923936959701  0.99710268915778699  0.99800821175903498  0.99864379848146712
  0.99913260481346877  0.99938674378809134  0.99952788677117799  0.99963125185931423
  0.99971973888992283  0.99980704187018610  0.99990119639379682  1.00000000000000000
  0.00072683646353696  0.00104202603636638  0.00121105454710958  0.00138469260042004
  0.00158280704400500  0.00180377406747268  0.00204484339330292  0.00230558845274853
  0.00258708094102039  0.00289199802216084  0.00322767694184356  0.00360104494243003
  0.00400411689521736  0.00443390225577703  0.00491012163413286  0.00542237451650415
  0.00594018483734229  0.00645953246438834  0.00698847777676089  0.00752947910406575
  0.00808616530762358  0.00865215791570228  0.00922948734386460  0.00983070089697264
  0.01046504717398604  0.01112184536367793  0.01180094017298004  0.01251362756892531
  0.01326297643180374  0.01403811710982165  0.01483741897901742  0.01567264486641372
  0.01655827704232277  0.01746427610598007  0.01838381773910600  0.01935105163982295
  0.02039479220356346  0.02149087129575481  0.02264027762013440  0.02383660585171563
  0.02508273018043575  0.02633836653611570  0.02763195190378570  0.02898363988907418
  0.03040809201041331  0.03189072858606237  0.03351084700593487  0.03524415964188689
  0.03705486730559468  0.03897121107976063  0.04102017647230451  0.04314924453031094
  0.04532798948035151  0.04758323461175690  0.04984288384845016  0.05211976140154938
  0.05441663369090903  0.05692949019834818  0.05970722400984045  0.06274617175052313
  0.06601606771748160  0.06933901811257390  0.07247032025861240  0.07588394500631150
  0.07963513914260116  0.08383314925230909  0.08831875916052553  0.09294132489601410
  0.09760377833293313  0.10206963666806215  0.10680108912153702  0.11190819128618133
  0.11779316041228956  0.12460029845961951  0.13203975818200597  0.13972973105358275
  0.14783781383221448  0.15636960066688335  0.16571679231390712  0.17601504179267755
  0.18716447660595267  0.19925978926438445  0.21222885882260348  0.22576464036246746
  0.23936946838312406  0.25358067851945848  0.26932755793006735  0.28653059948974313
  0.30495901296624750  0.32501207284743650  0.34776216245986696  0.37397771407886859
  0.40489987612205741  0.44618777906653484  0.53538163014944573  1.00000000000000000
 -0.00187651696241345  0.00790590350015698  0.01760635428301412  0.02716454138074328
  0.03698862998910912  0.04712897869742780  0.05637982323138044  0.06552230012057252
  0.07455932768802680  0.08423691658559951  0.09369633041994808  0.10317205310554234
  0.11271907628033645  0.12226191118057324  0.13204501246897227  0.14180502534469305
  0.15147305820152246  0.16126789644685394  0.17086077372931541  0.17997818289509146
  0.18895667546824726  0.19812183504364969  0.20762374128287245  0.21751114531338317
  0.22753686505223769  0.23727433504009879  0.24698103880338587  0.25685116397879931
  0.26698919579665437  0.27699280890404748  0.28714852303757143  0.29756384952043119
  0.30806695983580251  0.31764996192691364  0.32619013648953299  0.33501431696739775
  0.34479241414812623  0.35552032439568493  0.36654696783445512  0.37755877922125025
  0.38866106260688726  0.39960499213741529  0.41038379399685165  0.42110964227105174
  0.43184874683296232  0.44285375314041908  0.45385405564194392  0.46492023527819187
  0.47589107195377967  0.48679968849365463  0.49795781674276307  0.50922996924145836
  0.52045625808342721  0.53170391626420777  0.54298394827260432  0.55445615649402558
  0.56587862424620461  0.57727214031463248  0.58874491889902159  0.60030927010517643
  0.61197412992542199  0.62314001168461808  0.63368648816426820  0.64424939706206996
  0.65522583289911063  0.66673082207692091  0.67816696944530297  0.68955062006875811
  0.70101634919551548  0.71193703871800473  0.72287809179767304  0.73385059983412493
  0.74552246530068422  0.75694617720949520  0.76763480333246314  0.77825837776065832
  0.78889273480351374  0.79986757514664786  0.81081454784586460  0.82152799400525178
  0.83222427854477787  0.84320846589252785  0.85457912977480444  0.86592507525894191
  0.87708890950753848  0.88829979443772378  0.89932463800800666  0.90992451216203696
  0.92039713980384252  0.93105439300307424  0.94272623371798647  0.95438078875791943
  0.96546569730328557  0.97764437359779910  0.98850349830308859  1.00000000000000000
 -0.00238801612103829  0.00927951404383963  0.01936275498301385  0.02966955000975562
  0.03969635511768629  0.05002726352901846  0.06106847979136836  0.07223867744551865
  0.08331499584442191  0.09433728558579889  0.10486894626601621  0.11504509161858748
  0.12527070544592653  0.13546770466268332  0.14592359219526130  0.15652392370398610
  0.16735865566707325  0.17852333820283492  0.18959135132724936  0.19995490953770298
  0.21015299233280460  0.22058555681422637  0.23130314764575011  0.24225566223679024
  0.25311960800862959  0.26382422317703108  0.27451244426049154  0.28527128860594647
  0.29627389870464405  0.30660317122315722  0.31686254590008306  0.32732267308043711
  0.33774528757122102  0.34854185522371472  0.35903400076921516  0.36856714487244452
  0.37840306724207373  0.38826458340047093  0.39855689613252065  0.40992006361571653
  0.42054748758795513  0.43125984145496571  0.44198126940571247  0.45288111085705957
  0.46382876828078090  0.47457006983980549  0.48488882392510502  0.49516741994199104
  0.50549170302352220  0.51605115048964600  0.52647204256466806  0.53701417649495131
  0.54786389374587985  0.55872990319381965  0.56944235826489553  0.58006726336982217
  0.59063452245439019  0.60112353377066186  0.61164178189902751  0.62225966835781288
  0.63298196400266982  0.64371346672941521  0.65451672176679410  0.66525322940668896
  0.67588705910152147  0.68645462813065183  0.69698091040475929  0.70738651872936675
  0.71775071553240788  0.72804283318515084  0.73847314812741338  0.74892189418297572
  0.75900786526995923  0.76922520523042792  0.77937442724416128  0.79036273263470058
  0.80114812613188524  0.81142190492417421  0.82160048246776607  0.83164997748916514
  0.84235882434998521  0.85313951734265392  0.86410982610868881  0.87498709288780419
  0.88569874992047992  0.89667469888564910  0.90743706823005066  0.91786256620927920
  0.92816355676519458  0.93864018271204108  0.94916351828611412  0.95922409894697158
  0.96907297448139340  0.97889285992597941  0.98980460091365596  1.00000000000000000
 -0.00206318912013622  0.00816039552303317  0.01799161096687464  0.02828125149347079
  0.03804384802145017  0.04762249731482279  0.05665377922984764  0.06596671647020384
  0.07532670784946896  0.08487560794119173  0.09422783273876863  0.10358685900228076
  0.11299040548268249  0.12256171922799333  0.13244399321813990  0.14218240028448276
  0.15183188982312174  0.16134815548939921  0.17099586849507048  0.18058945784172437
  0.18997369706706885  0.19925449047062746  0.20885326690436093  0.21888114762246649
  0.22895179770420776  0.23886993944216217  0.24883402251629402  0.25900281628860733
  0.26928904989048008  0.27947871363418503  0.28939944651537891  0.29934675219764850
  0.30941601030906785  0.31979790549268666  0.33026841606521662  0.34081237648186685
  0.35139475045988061  0.36222320292736709  0.37323051190972012  0.38432662214013502
  0.39523739282235731  0.40558941103489238  0.41559022969649112  0.42539074840696178
  0.43565274613887728  0.44640964556128948  0.45745375333549620  0.46870349941663508
  0.48001658840439698  0.49126566890726464  0.50233303009747421  0.51325828629848735
  0.52397341646809792  0.53481993935350425  0.54578929873467374  0.55709044292916166
  0.56842586445595455  0.57971458056395408  0.59087401785611704  0.60197659398641346
  0.61306067766787298  0.62430703984749158  0.63531107330293246  0.64618126111410634
  0.65704670424493494  0.66834742329028718  0.67982717807332138  0.69104630683089563
  0.70203678278786474  0.71305436243271025  0.72427225902987302  0.73559648023241331
  0.74698246046318362  0.75850907817027435  0.76994757305173378  0.78131957198101054
  0.79274047622052979  0.80418082952734327  0.81537254587334551  0.82646669184459498
  0.83757596660033207  0.84894576985413428  0.86015566622801953  0.87126695517432962
  0.88221742949606130  0.89347818163777437  0.90469267155508259  0.91609705399228469
  0.92772886671377630  0.93947785696154473  0.95075149157303085  0.96043560219844903
  0.96945497859437080  0.97761034786771284  0.98832625848148858  1.00000000000000000
 -0.00226222205556366  0.00890526773161846  0.01906247481245836  0.02981186625968170
  0.04044802028646519  0.05132129928676431  0.06169379892982378  0.07229015658867924
  0.08209704674785447  0.09221060515130577  0.10222171842959511  0.11277571863770869
  0.12332735794249876  0.13418945500936288  0.14522379839712510  0.15602933867105204
  0.16613073004262940  0.17560421994453218  0.18533348385796852  0.19557693591403813
  0.20621120798799991  0.21679665965385392  0.22724489506674628  0.23783322510532504
  0.24854893298230776  0.25933368059480999  0.27035978366612334  0.28133437047903948
  0.29164735040184486  0.30166033547733612  0.31147637124544525  0.32171977239648897
  0.33233839859094083  0.34292996850934088  0.35361445789354895  0.36412618818937309
  0.37464300629722042  0.38545020009755498  0.39639223886172475  0.40719246396710479
  0.41778899130969216  0.42875622465613494  0.43991357902617118  0.45074448962160685
  0.46138327465185730  0.47190743578566535  0.48243077472188706  0.49304215243294924
  0.50383970721850890  0.51453748885558404  0.52510577561789962  0.53551787086544433
  0.54608449268104275  0.55690397034187855  0.56797534074662437  0.57916943446132196
  0.59025709236750512  0.60125112634779354  0.61204526252337221  0.62253568447358454
  0.63300625764280460  0.64359962965835882  0.65409119928729464  0.66445663389874621
  0.67488385233941872  0.68540116541999352  0.69633305776171472  0.70714314968495973
  0.71813131239510131  0.72883388051245179  0.73887854151175514  0.74814113059377640
  0.75768590509284994  0.76716676271688411  0.77755684795334779  0.78839483049120751
  0.79937329052148931  0.81039934481587172  0.82106695308874533  0.83171453623655300
  0.84270775261929798  0.85371119926864203  0.86421415486862752  0.87456336385582589
  0.88498895554898982  0.89530862212338480  0.90621079226804180  0.91740302287005482
  0.92792808051014786  0.93843156281768492  0.94930011304830875  0.95997148949349664
  0.97010672493679362  0.97985457245279328  0.98979628101441874  1.00000000000000000
 -0.00235806449570468  0.00950951229471921  0.01992281289395986  0.02920123068448068
  0.03865874591107370  0.04832755153799622  0.05836162308967909  0.06874247695816077
  0.07912755943244770  0.08952055962651019  0.10038590638752073  0.11147056088187657
  0.12246715631531631  0.13332014529782901  0.14414432244966663  0.15514646263060164
  0.16622149357274030  0.17720254433939542  0.18793387943251433  0.19858687956526183
  0.20915410566304810  0.21967866057903224  0.23011314194029028  0.24013682176323362
  0.25006695244107024  0.25964488973520927  0.26999617856102215  0.28040688600474911
  0.29122992486045257  0.30205780812315047  0.31299924794475004  0.32413830172447394
  0.33486706442017089  0.34544366987542335  0.35572008969653945  0.36612747195105133
  0.37692416406144896  0.38732710657902120  0.39766231024888621  0.40827554274342431
  0.41916191163043554  0.42965776038838666  0.43976594292372795  0.44983619592096580
  0.46015727091330905  0.47060650050142139  0.48122342957334691  0.49215196068222883
  0.50307781775415206  0.51384314979416645  0.52434672945542415  0.53470398096774963
  0.54519261843820599  0.55564219146063132  0.56584615463440902  0.57613149527642149
  0.58693182552939827  0.59789457791301759  0.60838942864405110  0.61876107259495416
  0.62890793927904864  0.63828063586402140  0.64782349155285524  0.65738830861579955
  0.66825285718942395  0.67891340990817728  0.68923852291880483  0.69953966398380341
  0.71031411814688283  0.72134779805526117  0.73223990750351542  0.74295279153233962
  0.75368647159891511  0.76443257752406713  0.77511130385111493  0.78567658712118060
  0.79615560059094115  0.80664348318618229  0.81693692249850047  0.82754814321314130
  0.83837157576548704  0.84924325828469693  0.86011063079044336  0.87110975135011282
  0.88237844267942589  0.89364719275439530  0.90414703117122863  0.91419209046028183
  0.92440535426814652  0.93496163092031004  0.94588149913679997  0.95627765964799838
  0.96681607474266495  0.97762263112789594  0.98871763004828150  1.00000000000000000
   1.2131436493471878E-011  -1.0000000000000000     
 F F F F F F F F F F F F F F F F F F F F F F F F F F F F F F F F F F F F F F F F F F F F F F F F F F F F F F F F F F F F F F F F F F F F F F F F F F F F F F F F F F F F F F F F F F F F F F F F F F F F F F F F F F F F F F F F F F F F F F F F F F F F F F F F
  <DiscreteSampler_grid>
  grouped_processes
  1 # 1 for a reference and 2 for a running grid.
  10 # Attribute 'min_bin_probing_points' of the grid.
  1 # Attribute 'grid_mode' of the grid. 1=='default',2=='initialization'
  0.0000000000000000 # Attribute 'small_contrib_threshold' of the grid.
  0.5000000000000000 # Attribute 'damping_power' of the grid.
 # binID   n_entries weight   weight_sqr   abs_weight
    10   10   2.188639318812009E+000   1.134788705338528E+001   2.188639318812009E+000
    16   10   2.188639318812009E+000   1.134788705338528E+001   2.188639318812009E+000
    22   10   2.188639318812009E+000   1.134788705338528E+001   2.188639318812009E+000
    28   10   2.188639318812009E+000   1.134788705338528E+001   2.188639318812009E+000
  </DiscreteSampler_grid>
