  0.00942403485093658  0.01532343043404472  0.02433430120829077  0.03398020210142527
  0.04386604353663966  0.05448221449223358  0.06553538833171997  0.07639396839347269
  0.08699037403403294  0.09799720470646453  0.10901495336476032  0.12013191919813410
  0.13138683999620179  0.14263799723070125  0.15362812407169041  0.16440611905719804
  0.17498755952315265  0.18652528381143949  0.19722286605656492  0.20766784619946121
  0.21795448257863886  0.22831769610729055  0.23868832549777325  0.24878259773533193
  0.26051759755462350  0.27306325148868105  0.28605825484081115  0.29822634390317021
  0.30977074498735113  0.32038314988620148  0.33062590611107406  0.34056523605529554
  0.35046853475430517  0.36050582750262672  0.37031677688819398  0.38002547808694614
  0.38993192676824723  0.40040685085988931  0.41109663315329703  0.42110478011522512
  0.43109118577604139  0.44107221976430111  0.45077522576423029  0.46036426896717925
  0.46987415157948059  0.47914402404702222  0.48867638281079334  0.49835730964015879
  0.50867109282109424  0.51939918810558749  0.53016247342318423  0.54139189004320920
  0.55221431191263093  0.56241745196747162  0.57267853387774237  0.58318818258730376
  0.59404149029460473  0.60539249795337080  0.61704068998322537  0.62806625122020976
  0.63811765774834062  0.64796035850552958  0.65792828173756013  0.66811028081772517
  0.67815042474899401  0.68796870598201176  0.69743593351355315  0.70705276197337208
  0.71661943806128525  0.72618443449796666  0.73537583932838657  0.74427865448556907
  0.75333144625197990  0.76241095739858866  0.77141344197082418  0.78086831585814631
  0.79103602794982009  0.80189779804751826  0.81306766884697723  0.82408670805643647
  0.83470679753567834  0.84476502067625991  0.85448124632133526  0.86423261120226302
  0.87393329507282669  0.88353892461867733  0.89369260795196748  0.90467056012343428
  0.91622917049295061  0.92756486229343393  0.93914363198411877  0.94971171412123823
  0.96055019505724737  0.97078086334237024  0.98144454546295634  1.00000000000000000
  0.00946340023477867  0.01523348230567287  0.02429583034725506  0.03435184809937260
  0.04443865041786316  0.05406188411560927  0.06337812135790982  0.07279239962759187
  0.08268525772294003  0.09286126391701868  0.10310112199268721  0.11373575202728027
  0.12484116890991583  0.13612562238420481  0.14721047159716863  0.15840756679454884
  0.16991788198316704  0.18173359706070955  0.19360759377687373  0.20509978087480715
  0.21626056170610441  0.22745481133525269  0.23805178056247861  0.24843690606030425
  0.25816522577229478  0.26756496445248018  0.27707266837064520  0.28623326451274694
  0.29565773109862198  0.30553155019126016  0.31609770707341955  0.32739341317733450
  0.33809736475488450  0.34846489162396749  0.35839327750177369  0.36783429938375600
  0.37686930868496588  0.38585644535308428  0.39496934761583413  0.40394381220281067
  0.41263420100819209  0.42161356760337515  0.43065706533407405  0.43978012766031688
  0.44908952691709214  0.45922409514674356  0.47121048799602200  0.48326446820591401
  0.49464845516053818  0.50574351810199669  0.51658497759191968  0.52737756121528279
  0.53810168065908182  0.54849344189843674  0.55890304307389749  0.56951007451034108
  0.58009129343240096  0.59039586651321918  0.60063924762490806  0.61140213190131232
  0.62273514047289502  0.63422106135194201  0.64535982209846310  0.65578970429618932
  0.66581222433184972  0.67579385315207086  0.68567859178992430  0.69582071894157582
  0.70606839360907248  0.71605772316121530  0.72571863069206477  0.73564375725673303
  0.74579512747875698  0.75593689033907518  0.76582111780938655  0.77651562747328018
  0.78797872409214476  0.79950463044630971  0.81136591424783067  0.82342125019423251
  0.83565754264109637  0.84774653859926030  0.85894837392549184  0.86948877169101002
  0.87974638518816406  0.89027073289170466  0.90124065971857958  0.91253486449979837
  0.92340167726874511  0.93412415979093377  0.94461697328322103  0.95528996059082338
  0.96596239239953796  0.97688269231217228  0.98813429959652399  1.00000000000000000
  0.05709249576281063  0.05851573847927792  0.06049581728028258  0.06305789409108553
  0.06602026640020332  0.06939151719592329  0.07323985624222794  0.07703694794684993
  0.08086542000150253  0.08480144666495869  0.08880530498311598  0.09284694652411271
  0.09693341802613362  0.10116620719420026  0.10554465592327567  0.10997420404913180
  0.11450367148319789  0.11916454127853089  0.12384931388341124  0.12867230972038435
  0.13372721112947292  0.13942062636692945  0.14443605620444402  0.14781404807935367
  0.14910038513650181  0.15024777704349268  0.15145701986870069  0.15285555023025132
  0.15526557839637029  0.15766279536244904  0.16006012965997668  0.16247849750893140
  0.16490334910433832  0.16733731960332224  0.16979796080687756  0.17228148069704963
  0.17475522702095503  0.17720044208982388  0.17962727862736735  0.18208016946531122
  0.18455351230667219  0.18704532832489654  0.18955422894112639  0.19210247766436819
  0.19469466001047339  0.19731555250364391  0.19996680903674185  0.20263580932081721
  0.20532061422246245  0.20804687518538240  0.21082264809512435  0.21361793442223506
  0.21647171566904225  0.21935099383296663  0.22231399131264157  0.22534708127462252
  0.22839311811399507  0.23139066112372975  0.23438999764388696  0.23744209542653263
  0.24059725272345375  0.24382894747079939  0.24710680668105311  0.25043183592849400
  0.25381908837708622  0.25725995134770380  0.26077317938695810  0.26434634299894350
  0.26798001169631863  0.27167945880370448  0.27551077928448969  0.27943777146720206
  0.28351805420446546  0.28768463118984200  0.29198883603863690  0.29635743723654695
  0.30088037170820414  0.30556016865926217  0.31048723154699026  0.31568013307035914
  0.32107970183882090  0.32671460800287577  0.33271759510360771  0.33914719490443673
  0.34605015012432849  0.35358368696308118  0.36188744507239001  0.37105519115322566
  0.38147041587776631  0.39381100914131906  0.40859747251385231  0.42691201261429962
  0.45299105580077648  0.49515051725645787  0.58555319779081116  1.00000000000000000
 -0.00301658450379149  0.01142686511425731  0.02379882257572257  0.03650289081575347
  0.04885173619169249  0.06118446145936875  0.07279890021737072  0.08433565864238762
  0.09535046617992554  0.10622446551934746  0.11713298244299777  0.12843414493998903
  0.14004662303196433  0.15187978425670912  0.16363664670147829  0.17528747797516994
  0.18672995756185237  0.19846906169630033  0.20962375831764746  0.21976236002642216
  0.22979245280711325  0.23983342085001752  0.25008933255126287  0.25978377688255583
  0.26978742781064108  0.28104028624931504  0.29278078217288456  0.30471184319937167
  0.31599518771932333  0.32639125995038282  0.33642400450115062  0.34629224908050055
  0.35595289714207767  0.36474719279979784  0.37342896041345625  0.38262605727534565
  0.39173080804798532  0.40058605251627544  0.40871586551468242  0.41707224694858847
  0.42651367223587372  0.43605963926942837  0.44488072392121342  0.45348025987980017
  0.46267176646651648  0.47244361971986687  0.48213585931700781  0.49146662616679393
  0.50116138732897053  0.51086494410699601  0.52049068415259125  0.52994163682727158
  0.53938581258716412  0.54914886135364627  0.55905732784276940  0.56957578648693108
  0.58074804911541866  0.59164567390506617  0.60237566900322925  0.61244517612329374
  0.62242241171278501  0.63227814694570306  0.64217514179701607  0.65221663035743294
  0.66232493698515715  0.67299897029243061  0.68394049818038960  0.69510346666476175
  0.70633913006822513  0.71704203181700310  0.72721869803761197  0.73741748684070751
  0.74787835651796730  0.75870034331776859  0.76942423350567890  0.78000920005210816
  0.79073872433334502  0.80171746136939692  0.81285167512844481  0.82353133209518026
  0.83413518663081387  0.84515126062436308  0.85698140994890837  0.86932003631393695
  0.88196497091799908  0.89464441279853835  0.90703776244464662  0.91921891502164599
  0.93056452355415153  0.94151861512292767  0.95171028549977210  0.96134539961915333
  0.97058974216518357  0.98002725384691625  0.98970782732778495  1.00000000000000000
 -0.00269475119297949  0.01021819064546546  0.02086309856051254  0.03180347269627273
  0.04229567248922829  0.05213300479685889  0.06229392759162238  0.07222855624764697
  0.08209450144806793  0.09179461316610234  0.10134176599133907  0.11086133034802359
  0.12045879101673254  0.13059986855822564  0.14099233641251990  0.15144594585469220
  0.16196389566739816  0.17273558213457771  0.18364460043603495  0.19503488642922034
  0.20645766217960726  0.21693217018779395  0.22682097644000657  0.23654225005762353
  0.24627963586972157  0.25629954294279800  0.26660495729863221  0.27760049725762748
  0.28881438018809658  0.30003272591877000  0.31130996237013958  0.32273388742103215
  0.33395438676273348  0.34447354234952104  0.35458591633276532  0.36446335160292037
  0.37431622361007089  0.38452568186325653  0.39520637858925012  0.40622308900924237
  0.41701629962055298  0.42716242390215919  0.43699570290976986  0.44676020728132343
  0.45653248829213333  0.46637084080628916  0.47635787071682317  0.48670104699975314
  0.49745717652065635  0.50840392733826156  0.51925030257260885  0.52983054131604301
  0.54000773428756943  0.55024349593980515  0.56072370567212138  0.57144526488280434
  0.58201143591524707  0.59288322405270300  0.60417664900759349  0.61581660366259894
  0.62792003407266972  0.63941916481331573  0.65078150140305846  0.66204188033474409
  0.67377042287845235  0.68597486165911248  0.69712070130766501  0.70786471589448696
  0.71814555172003713  0.72818135125800965  0.73836331485294748  0.74869488913360971
  0.76017016449086572  0.77159538395192373  0.78277457709482479  0.79370700123562610
  0.80443703580606229  0.81529525289521665  0.82586470930079225  0.83623449929415616
  0.84676687009790153  0.85753193038492770  0.86866391205062554  0.87879378990640633
  0.88835759877081866  0.89760293204374453  0.90666839074184613  0.91588199116201086
  0.92530871210528565  0.93436812142216408  0.94414074031937767  0.95450102569214323
  0.96556214148856589  0.97703494036005134  0.98854382884344716  1.00000000000000000
 -0.00290171464691128  0.01131011758057752  0.02360637729116573  0.03648639695585142
  0.04904084837961539  0.06117175028297893  0.07345890237772847  0.08575046628449298
  0.09869351673481062  0.11075665944173138  0.12283849098671973  0.13319282937743282
  0.14349332344105414  0.15309131182644389  0.16268240526296440  0.17220554620736334
  0.18162054756234933  0.19132488395556574  0.20111709116553542  0.21099017511640772
  0.22125390545860460  0.23120593475198953  0.24056098975719389  0.24970223009399151
  0.25900593798355670  0.26834452454967578  0.27716613601317674  0.28604246154178165
  0.29612684249887061  0.30793027654636740  0.31931368785866238  0.32997402648484908
  0.34069880855020884  0.35160039583274261  0.36216814447221374  0.37220127841289474
  0.38184488308119990  0.39147183904479005  0.40132394202698934  0.41031925980018946
  0.41944362909850197  0.42913579640202792  0.43932508451427010  0.44991208329700627
  0.46035469747801322  0.47067469532984529  0.48096251705317139  0.49136492606231469
  0.50201700707928110  0.51305265134410771  0.52438422340550295  0.53567398256773469
  0.54637983643129029  0.55612341193423187  0.56537627192379858  0.57448822620144935
  0.58379806029078196  0.59338901648519127  0.60320399301666949  0.61403595220063700
  0.62499159428929096  0.63498145052867283  0.64438859061556075  0.65348654026818842
  0.66256199083005485  0.67191869603498466  0.68159785252660376  0.69132840696320252
  0.70174651075705230  0.71203590411667739  0.72264559814448226  0.73299454418260734
  0.74293516706434992  0.75268736889877375  0.76261587770470862  0.77261971372584237
  0.78230057354755211  0.79172099620283221  0.80096985078463645  0.81045761420888962
  0.82060538161011309  0.83156283594479630  0.84297592341204775  0.85424388197284429
  0.86511444219641265  0.87619110765600616  0.88717865369584548  0.89877625513808068
  0.91105508525310441  0.92362558690249363  0.93592913852445825  0.94887557642097242
  0.96174129587898061  0.97468875318220605  0.98738109461792856  1.00000000000000000
 -0.00272504283863165  0.01008602499862348  0.02096733226678583  0.03198510791419565
  0.04304477127814064  0.05426699365786671  0.06567165152259091  0.07747001082260550
  0.08933664614457283  0.10078547069806383  0.11111021422462741  0.12067164416578234
  0.13003218568584479  0.13910663278222651  0.14839646781052673  0.15775234040061242
  0.16729342589967558  0.17657665817802817  0.18572038515813299  0.19493029852960683
  0.20434924218284947  0.21358619357640715  0.22308587530591767  0.23318562489855343
  0.24467249713255945  0.25615855160229267  0.26748457506336021  0.27879034633475597
  0.29007840197187029  0.30156534289838538  0.31327547354242319  0.32524502713905218
  0.33698440080639747  0.34848082277624226  0.35987486375612182  0.37137220703295554
  0.38300724464643227  0.39463277950802594  0.40632193733900485  0.41801801436543851
  0.42949171242175288  0.44094078923348978  0.45252431464613524  0.46349730847805332
  0.47363521261759833  0.48408017569944573  0.49453824224250964  0.50463043629965798
  0.51465040415157248  0.52499568127799601  0.53563564814978271  0.54602834568471703
  0.55622083464562710  0.56638953120476743  0.57654803840706392  0.58687729802832778
  0.59739258020074115  0.60774339933543786  0.61808670626051654  0.62854295145793038
  0.63898165651438621  0.64918119451418166  0.65900587023431323  0.66870284527763091
  0.67853823534720281  0.68872291342177572  0.70007521819344076  0.71151534600319455
  0.72225693471622776  0.73246670415571125  0.74248999460053189  0.75226301026954445
  0.76165973255587616  0.77099796275947652  0.78036219899353920  0.78997398714113309
  0.79962089767821309  0.80960995483538900  0.81975865416342919  0.82951651133824778
  0.83941543361611037  0.84983128508463179  0.86017385136421098  0.86983384011085019
  0.88018979323202584  0.89084902299830460  0.90149483887433723  0.91134528381920266
  0.92172372130119662  0.93278498697339884  0.94383225499488155  0.95522792127719314
  0.96667329454204576  0.97819555027572125  0.98888972221200011  1.00000000000000000
 -0.00268634314372794  0.01069249000882258  0.02208707368437930  0.03345015109427255
  0.04399508506440509  0.05384727072649269  0.06341393922074952  0.07320974728932590
  0.08288086041891120  0.09211383688650057  0.10177832095055722  0.11247517201768921
  0.12346919951674395  0.13366664763907024  0.14341166223303961  0.15408600160059954
  0.16531208180495083  0.17659919324722720  0.18743125640118091  0.19837047593225107
  0.20961720498451711  0.22141699415962690  0.23335810689618031  0.24531665107020242
  0.25714792994538882  0.26870590703600072  0.28009471181516521  0.29131283775335665
  0.30166081306194059  0.31180071012018018  0.32215646173831319  0.33268446188706308
  0.34321306511508509  0.35380491806231668  0.36513683767372895  0.37631345089495249
  0.38672953638755181  0.39693317293553282  0.40639017049018683  0.41586473355981562
  0.42587749262668673  0.43607561779708875  0.44675626336202312  0.45732127205951029
  0.46794340183108424  0.47829954789737283  0.48859673499052969  0.49873758482650610
  0.50887008702947711  0.51920674551337354  0.53043336655591034  0.54236913118633467
  0.55380724248145297  0.56458207303411134  0.57408762977927230  0.58333588089102040
  0.59194152624947249  0.60032128664840656  0.60874482401302865  0.61742260328387333
  0.62665896502485130  0.63620750710135221  0.64578840451081265  0.65539476137532493
  0.66534467874105663  0.67606424520123609  0.68748634810037301  0.69921008173599064
  0.71064154013136016  0.72157981466403676  0.73235942863676884  0.74316289010584213
  0.75398813386555164  0.76476699429581618  0.77503179327963134  0.78474166253006872
  0.79483852366615226  0.80520841900033202  0.81543581690513234  0.82569378118049175
  0.83633809888565636  0.84804799060250435  0.85937040253271080  0.86972238438529581
  0.88024899482712970  0.89084485825169146  0.90157593400282665  0.91226393224877755
  0.92332375499861086  0.93469319123917860  0.94574541445928217  0.95696477218278986
  0.96790941065986014  0.97903244948027612  0.98963087941731476  1.00000000000000000
   2.1653310785563252E-008  -1.0000000000000000     
 F F F F F F F F F F F F F F F F F F F F F F F F F F F F F F F F F F F F F F F F F F F F F F F F F F F F F F F F F F F F F F F F F F F F F F F F F F F F F F F F F F F F F F F F F F F F F F F F F F F F F F F F F F F F F F F F F F F F F F F F F F F F F F F F
  <DiscreteSampler_grid>
  grouped_processes
  1 # 1 for a reference and 2 for a running grid.
  10 # Attribute 'min_bin_probing_points' of the grid.
  1 # Attribute 'grid_mode' of the grid. 1=='default',2=='initialization'
  0.0000000000000000 # Attribute 'small_contrib_threshold' of the grid.
  0.5000000000000000 # Attribute 'damping_power' of the grid.
 # binID   n_entries weight   weight_sqr   abs_weight
    10   10   3.691285044471094E+004   8.430275251442861E+009   3.691285044471094E+004
    16   10   3.691285044471094E+004   8.430275251442854E+009   3.691285044471094E+004
  </DiscreteSampler_grid>
