  0.00943370999274256  0.01578801111164552  0.02537887633606700  0.03625915364440983
  0.04675625453944003  0.05684132590920441  0.06698786860843965  0.07750266167087203
  0.08798247980988810  0.09827818094212000  0.10862840474865282  0.11944685310943497
  0.13028425938087615  0.14104439770052468  0.15167856367859264  0.16219979653550456
  0.17270434400568171  0.18327215215540701  0.19420175224581496  0.20512709772205098
  0.21548420805091148  0.22568001434827969  0.23602098970934196  0.24649893894403385
  0.25655705609693785  0.26645300649276865  0.27648694443558636  0.28660609574041357
  0.29661490684996905  0.30649709821285170  0.31646273764438509  0.32711215365438501
  0.33834679662872275  0.34950893884799938  0.35971969274220050  0.36910929575644652
  0.37897675397992175  0.38902831889530942  0.39926246710642349  0.40929433291101297
  0.41920922083750445  0.42909601650375179  0.43911466450155656  0.44934312175306912
  0.45986959473954342  0.47060348526785228  0.48159404228277419  0.49303029837169704
  0.50423335380312295  0.51480905835770896  0.52544559912281197  0.53550256117294226
  0.54583648171130983  0.55624313065358366  0.56682317792709047  0.57773367932190112
  0.58842791098751890  0.59886387835168509  0.60905235711047823  0.61917591093568791
  0.62948591001282250  0.63996629825960882  0.65055325835152222  0.66200827242010218
  0.67287766567460883  0.68369648281746143  0.69403597974198827  0.70387555127924972
  0.71365589718056088  0.72308961917058756  0.73284567767042752  0.74244974079635628
  0.75219366534446552  0.76220606358169551  0.77241860171579491  0.78306269931563388
  0.79407537443027254  0.80512143070393483  0.81598096410233401  0.82671247357106603
  0.83766085126461320  0.84891691440372641  0.85990558004881945  0.87057238855776442
  0.88128530720446596  0.89199380229789904  0.90233276781379557  0.91256144517231597
  0.92321677035618166  0.93416907267085880  0.94504579546542744  0.95595149559840364
  0.96690688252307555  0.97812568342192918  0.98913438680621779  1.00000000000000000
  0.00905013316025603  0.01645689925500946  0.02737226297261564  0.03885235897699935
  0.04988107128978238  0.06076199010714115  0.07180470010198560  0.08277657918246069
  0.09415573537790359  0.10539507875496422  0.11651182338319190  0.12757239027648143
  0.13863298645777666  0.14978172491518710  0.16064941684628742  0.17097888713448051
  0.18120163105641096  0.19153493629468638  0.20194426219772119  0.21240253743466678
  0.22293217459987791  0.23353725025356639  0.24403430073760995  0.25418283858092899
  0.26396703991154724  0.27338269000626192  0.28251694588516174  0.29184366430313957
  0.30162694210987717  0.31161439502854593  0.32171311254633073  0.33196859658115829
  0.34281537690338876  0.35411031374850505  0.36524186601998954  0.37591961075574754
  0.38634501947527333  0.39644098656192744  0.40647607140600805  0.41679689401281811
  0.42723707191199800  0.43738009091715419  0.44768291913324854  0.45773500627162245
  0.46860101843895674  0.47944380783806428  0.49031072330377312  0.50142789063785220
  0.51270329538653636  0.52404641098174931  0.53538375088332857  0.54673642034776515
  0.55814231649007440  0.56954347067547550  0.58049638570932838  0.59067923190314842
  0.60059358721957623  0.61068323999854135  0.62072838269267960  0.63056589254894457
  0.64032936152687958  0.65024511338494151  0.66069380561603996  0.67126378390184138
  0.68186051808297798  0.69233422402094924  0.70268923791422588  0.71314197424407044
  0.72378750844814910  0.73467323951068386  0.74578684474394186  0.75659253238668911
  0.76696364458807820  0.77733779150904991  0.78785442919347892  0.79809573449020821
  0.80773334181007261  0.81775387229538277  0.82814686888057465  0.83894205252714060
  0.84985141079155568  0.86092771229496357  0.87180429249069735  0.88264817638152560
  0.89331571845392355  0.90350788608592547  0.91353324045704554  0.92369778425334947
  0.93382927174108288  0.94384775129352805  0.95393033765983892  0.96365548250829325
  0.97338894590162306  0.98325008409530967  0.99099204480313108  1.00000000000000000
  0.05724179588198351  0.05874175162775978  0.06057546666494815  0.06272115177431790
  0.06501646740867680  0.06745785076326911  0.07012116167298570  0.07300158425589706
  0.07585368969212371  0.07870329403300226  0.08158731826239399  0.08456534103929983
  0.08758807404612630  0.09064880415544815  0.09374175864276238  0.09689645397830574
  0.10009695871354259  0.10334247578972240  0.10663460224597351  0.10998731197371299
  0.11342283215618496  0.11691955694394063  0.12047740251662944  0.12410032729600237
  0.12781237297109704  0.13160035397284409  0.13567000968102444  0.14001176795244827
  0.14414967644335205  0.14760906748590508  0.14898983934713383  0.15048562811164537
  0.15201988865001914  0.15409793423995599  0.15661818312331049  0.15909670131649495
  0.16158526352778435  0.16409852949239340  0.16662678762220662  0.16915859549961396
  0.17167378331741415  0.17419734912791057  0.17672489122694168  0.17928027936846341
  0.18187939002205278  0.18452566137035015  0.18719994930350767  0.18988162886844612
  0.19257896067746219  0.19532099177703385  0.19811453760963496  0.20096457710187646
  0.20383862074925638  0.20674781907372947  0.20968962214562886  0.21265676787127902
  0.21565671749914520  0.21870461215233594  0.22178186146911466  0.22489686003587420
  0.22802391271041256  0.23119692798560490  0.23442300389101037  0.23773040466287537
  0.24111278660327293  0.24457134459704644  0.24806627732963565  0.25160385288069570
  0.25521018179981214  0.25889614393410859  0.26265238469009089  0.26648380673234018
  0.27038199220019832  0.27438437462913456  0.27850142271076261  0.28271419570475165
  0.28706224779774542  0.29157539077969574  0.29627269849952187  0.30123348312692094
  0.30639604967001904  0.31182411586134140  0.31752471993708781  0.32355866326415089
  0.33003339493547484  0.33709124702408277  0.34474923602974511  0.35316785552559116
  0.36268821943063567  0.37400596447868822  0.38762137107160810  0.40486507184209436
  0.42822521032990912  0.47362796551633013  0.59447904134162688  1.00000000000000000
 -0.00311358838182331  0.01166483480116548  0.02407174298096138  0.03687369395864220
  0.04999322756045791  0.06298571492432166  0.07449237756059476  0.08582725986884504
  0.09711269291549791  0.10850411481371998  0.11884059881422943  0.12975642401864942
  0.14092335566844913  0.15191659512529085  0.16245180337231435  0.17257798949821643
  0.18227873917173140  0.19197632381504537  0.20176832851244059  0.21172379755850920
  0.22163978882227811  0.23180969520395570  0.24225790856397694  0.25263236894806029
  0.26291237341236851  0.27334776735423899  0.28389835738720332  0.29410155425155954
  0.30384887364315855  0.31357621994650203  0.32354795937675518  0.33361381656831662
  0.34355395524852911  0.35348959251827056  0.36370733768874108  0.37420239358085899
  0.38475228342763362  0.39523450074820377  0.40567992363758515  0.41585800394544253
  0.42542738308129124  0.43477546502016251  0.44427539630960899  0.45378565416666256
  0.46336421281678092  0.47279473882116946  0.48242974377345921  0.49301726871643131
  0.50329485121456674  0.51355589387644374  0.52378837165659209  0.53429520633369409
  0.54482063860959795  0.55475462406373754  0.56488129680603094  0.57479153673925731
  0.58473372901659626  0.59452201346486055  0.60469871279830356  0.61524445175152509
  0.62587726757424067  0.63648245488926902  0.64677007177384849  0.65658082449750121
  0.66607123910704069  0.67538993279079240  0.68479484114409594  0.69431650045477988
  0.70396208150386463  0.71387391391346500  0.72375847421148254  0.73365039085443084
  0.74333851066337886  0.75287740158644734  0.76242069585950012  0.77221019147088321
  0.78228117294692745  0.79258116896130426  0.80331380148944009  0.81428249644189710
  0.82543211638504110  0.83681981981370579  0.84806316714599161  0.85877022402309011
  0.86889404270239934  0.87968598257648456  0.89090218377361474  0.90245771332210878
  0.91373236374638911  0.92536737067904140  0.93741050107185275  0.94939131422349976
  0.96170353419499766  0.97449818020321766  0.98732741195023177  1.00000000000000000
 -0.00238772657717672  0.00978960883367937  0.01938991083919135  0.02945859276422448
  0.03947459942392924  0.04958366354201685  0.05964778743582937  0.07027203027774016
  0.08151560455562115  0.09255961806735172  0.10352478684039930  0.11478268804426842
  0.12625782457136503  0.13571371831428719  0.14558591460538817  0.15530009129150904
  0.16519101641601094  0.17482254745378847  0.18451784016697956  0.19434651146783113
  0.20414156477520912  0.21389466219761030  0.22366917534593209  0.23363913815341300
  0.24383853315686885  0.25422095428100211  0.26486806184540146  0.27556442367787876
  0.28632282857027319  0.29708244880977869  0.30779800053197998  0.31876406285898712
  0.32987047203183528  0.34063616786714962  0.35096425268912196  0.36130733723066766
  0.37192557130666148  0.38275416891670705  0.39378248289018064  0.40531198499167997
  0.41725467967968005  0.42887711170323012  0.43993936770953668  0.45045803521692129
  0.46081972778929942  0.47106127178208135  0.48124731653970848  0.49153912301447239
  0.50198096121951064  0.51248429529615958  0.52271519494249341  0.53289966340284833
  0.54300959939908267  0.55283190945488914  0.56254407938880058  0.57225238208401097
  0.58219880630866327  0.59268244837934481  0.60359764450255615  0.61474834381385435
  0.62599010193062088  0.63713188867194315  0.64810367524037926  0.65900282882505001
  0.66996585766234740  0.68101960401009654  0.69155453417505108  0.70165079158764132
  0.71162331955127267  0.72174839328624141  0.73218068174451645  0.74277715184271242
  0.75350051002835272  0.76425464582521052  0.77512080969569142  0.78621957229086581
  0.79749832091374073  0.80887315083117317  0.81972545046292555  0.83029444422595500
  0.84125385009833842  0.85224744718060863  0.86237669976311548  0.87214952954679958
  0.88247266153847115  0.89344307625767982  0.90388869325357846  0.91387547564962834
  0.92417794668399933  0.93456194756813926  0.94524336954694421  0.95609999628930520
  0.96734507510916012  0.97851611320673226  0.98918430204657959  1.00000000000000000
 -0.00298456174573854  0.01187042078689629  0.02434626125572113  0.03738336963638341
  0.04936878436986151  0.06081024073778078  0.07231176872790802  0.08412067576477802
  0.09540011909417498  0.10642293236696131  0.11777953266796742  0.12946545840766152
  0.14174507045704773  0.15385704790836507  0.16613659004181799  0.17752677486689439
  0.18865138774375839  0.19899986108958587  0.20968239421727608  0.21907187445848977
  0.22884754562281567  0.23821372757831938  0.24789596282662313  0.25773750417342434
  0.26742961186387904  0.27726409702016425  0.28722416133308210  0.29717111889535786
  0.30717751467640625  0.31725445435178840  0.32755517332756862  0.33796937347240574
  0.34827593659275696  0.35804485850563006  0.36709033728787793  0.37606288735460025
  0.38543068964857957  0.39508782036093737  0.40479957296164537  0.41434525279064305
  0.42405130058486656  0.43405986597148161  0.44427056738699566  0.45471024803989624
  0.46499866729967848  0.47481343309375512  0.48444830468096473  0.49394595562121441
  0.50348348165507928  0.51307431060618025  0.52269676230808926  0.53226975624847950
  0.54189875563185064  0.55160370188559948  0.56119649773426783  0.57078279541918497
  0.58027080535799436  0.59012235390420087  0.60031235485379741  0.61057045457886006
  0.62086117551028508  0.63103490594859157  0.64098621905975062  0.65111073533328190
  0.66117259035166198  0.67141584899273665  0.68200331936838199  0.69224204189709027
  0.70237266281851940  0.71253039761166215  0.72273271390130955  0.73243504575455043
  0.74195945497061644  0.75187824898173350  0.76262491048156722  0.77352127239047663
  0.78423639054887417  0.79524654844032505  0.80668151533176458  0.81767972848917581
  0.82875687438130086  0.83907960320113018  0.84929002124450825  0.85928705668616734
  0.86922059788341322  0.87961264561865404  0.88989087811000733  0.90028098252243605
  0.91143179757293902  0.92273457776302870  0.93530631715157042  0.94792980064236632
  0.96068763306838212  0.97384492184231330  0.98662392911177033  1.00000000000000000
 -0.00233507063317903  0.00928138328897634  0.01971426360258019  0.02979464565522339
  0.04017283896880262  0.05061908964051272  0.06050194892278786  0.07062718063435160
  0.08080054764268815  0.09103692959832169  0.10173224665854452  0.11220972291273658
  0.12288492626490732  0.13306638367011750  0.14327624630712996  0.15374871462555845
  0.16419981074175338  0.17461229447501059  0.18464984015030758  0.19453935377455087
  0.20458077608986416  0.21500229074561539  0.22563912827562760  0.23624851567571131
  0.24682213246714638  0.25771376769054760  0.26866279848384184  0.27927606956656165
  0.28966796013314705  0.30054344544087280  0.31156177310698829  0.32234273972147021
  0.33297439215368541  0.34414879515107399  0.35546470668184399  0.36649342952022251
  0.37728388784719230  0.38803524890119773  0.39911521816206957  0.40878392823792287
  0.41898291430899076  0.42926397764623342  0.43992419987296960  0.45062488108278603
  0.46111409238819367  0.47261094192450431  0.48386914155337452  0.49559175661109434
  0.50644295017800400  0.51669070333947775  0.52712262189468917  0.53763695792911559
  0.54800767615314028  0.55837962528731044  0.56875469556784564  0.57930524887914492
  0.58951992078966020  0.59949894874412357  0.60931127734118706  0.61911488175184659
  0.62908332928947375  0.63947424075465620  0.65003227982671263  0.66084530209491188
  0.67155363316908812  0.68185955319297509  0.69215910381542722  0.70247833905312362
  0.71271780801620677  0.72272239491864987  0.73259829783242991  0.74252478115888887
  0.75253149187291468  0.76250319704907954  0.77257955775126086  0.78281806046196512
  0.79335553059620900  0.80416005950535141  0.81506237953193372  0.82585273903055556
  0.83656140608406837  0.84728720640531452  0.85815974804173101  0.86905011590573766
  0.87975747389136860  0.89018465354411713  0.90066220092158089  0.91139011775993672
  0.92246323939131336  0.93371716221495626  0.94499107814601735  0.95605562629741325
  0.96706804956140457  0.97797716762733389  0.98909566580124775  1.00000000000000000
 -0.00227845015840972  0.00900608846258321  0.01879980115176161  0.02906650149385818
  0.03945493902680457  0.04969313962358045  0.06035995099501428  0.07091303451750307
  0.08145464549461616  0.09157535910997423  0.10196403344997709  0.11208848433473621
  0.12297021135362017  0.13380285306048556  0.14539352995390217  0.15647437145000120
  0.16666902159217731  0.17690312139045347  0.18679118922456764  0.19819323967418698
  0.20886526959554830  0.21899531535009986  0.22933094050546388  0.23941381338085346
  0.24945231308618482  0.25920876436169576  0.26946484119615344  0.28080909242839297
  0.29195426450925677  0.30278366092197839  0.31360495898628343  0.32457078300619818
  0.33564774653585810  0.34683610510013024  0.35775093943783254  0.36837932359454273
  0.37885849718780240  0.38950323730016123  0.40034580842291917  0.41129479342027248
  0.42220679962744195  0.43296496676977347  0.44372304554307157  0.45458245820703513
  0.46520164713370843  0.47548688969601993  0.48559107955980113  0.49550363501503342
  0.50550543059594644  0.51547634863018632  0.52626592162002761  0.53748092124839553
  0.54888911870065527  0.56006653584753596  0.57057586446297959  0.58081489463206148
  0.59100785893451224  0.60132563752083301  0.61187866707281457  0.62267480545980480
  0.63313318568995214  0.64319034358956606  0.65303864787069077  0.66319147428362246
  0.67364337204272562  0.68380532924282955  0.69418499535153499  0.70461019580323192
  0.71517451444765845  0.72562108442002238  0.73627759111209112  0.74704761985404089
  0.75837455603870085  0.76945899665515705  0.78037689444749225  0.79074663901039943
  0.80124328422316227  0.81129506304762822  0.82205068085049471  0.83236494075690715
  0.84345653773300711  0.85442260947754933  0.86482773347324104  0.87499183114293633
  0.88509604675917963  0.89543685021682740  0.90592779542440349  0.91641364819815085
  0.92671739237037587  0.93726206552597369  0.94760347963463154  0.95791262172960612
  0.96811124532825865  0.97859806153222739  0.98942434174384208  1.00000000000000000
   1.1099068148509225E-008  -1.0000000000000000     
 F F F F F F F F F F F F F F F F F F F F F F F F F F F F F F F F F F F F F F F F F F F F F F F F F F F F F F F F F F F F F F F F F F F F F F F F F F F F F F F F F F F F F F F F F F F F F F F F F F F F F F F F F F F F F F F F F F F F F F F F F F F F F F F F
  <DiscreteSampler_grid>
  grouped_processes
  1 # 1 for a reference and 2 for a running grid.
  10 # Attribute 'min_bin_probing_points' of the grid.
  1 # Attribute 'grid_mode' of the grid. 1=='default',2=='initialization'
  0.0000000000000000 # Attribute 'small_contrib_threshold' of the grid.
  0.5000000000000000 # Attribute 'damping_power' of the grid.
 # binID   n_entries weight   weight_sqr   abs_weight
    10   10   2.229219280046537E+004   1.342460601624776E+009   2.229219280046537E+004
    16   10   2.229219280046537E+004   1.342460601624776E+009   2.229219280046537E+004
  </DiscreteSampler_grid>
