  0.00960115525380622  0.01498671999898729  0.02358671684086157  0.03266955554613730
  0.04168289409040057  0.05064812110878798  0.05969521481621944  0.06889192768073527
  0.07820614857084003  0.08761480159506890  0.09725621315326120  0.10742163685648329
  0.11763013497746366  0.12788985991557361  0.13801167616176496  0.14873995415332125
  0.15960513399649345  0.17118952701541537  0.18257504824552506  0.19378832958490422
  0.20486812626232007  0.21676706318502256  0.22892856276864368  0.24101172959913228
  0.25284872992920088  0.26473570584757172  0.27680634516588309  0.28898999795797969
  0.30110991922478980  0.31305496953186973  0.32488977257029045  0.33662115035404516
  0.34843791508493160  0.35961359210712107  0.37017542706037265  0.38062826917062609
  0.39098044123071152  0.40103421966454555  0.41063676401954335  0.42053948580532907
  0.43101850988045276  0.44183614428582541  0.45277858751425071  0.46418450544406076
  0.47587455019747010  0.48730568631389809  0.49834536081944719  0.50861411718281768
  0.51858527715162706  0.52838233015027269  0.53785155820229780  0.54736570228690928
  0.55657347151099146  0.56630240411244748  0.57651592892598014  0.58662130276946356
  0.59649927179937312  0.60662386437202864  0.61694303656579697  0.62702701399278982
  0.63669540728591278  0.64666655830028819  0.65730068176610545  0.66763718038135655
  0.67709315666430558  0.68675916128885794  0.69714594819608267  0.70783320561422070
  0.71827756080801053  0.72915210563738464  0.74115889298004078  0.75276924232002240
  0.76271236564155853  0.77229452701281320  0.78164078415775895  0.79122391802558134
  0.80067621108743892  0.80993279816581520  0.81953962846025186  0.82961528282979591
  0.84038893327631514  0.85197558368376425  0.86387398503662671  0.87604395376549826
  0.88818249106188640  0.89941782075124033  0.91010468417438051  0.92048238714286468
  0.93093367107908775  0.94125535046420061  0.95142538290485745  0.96182050331769942
  0.97267429664637028  0.98232812624947496  0.99111351317408392  1.00000000000000000
  0.00959456822171041  0.01550913744973251  0.02450673551565948  0.03472472634436333
  0.04511753929324426  0.05562156621822456  0.06620615538408019  0.07696996395345998
  0.08787654982552599  0.09940162777899984  0.11094647975512262  0.12225696824137219
  0.13378129668572894  0.14510484695778358  0.15623839980115914  0.16736718415229740
  0.17910862597202987  0.19039611723248004  0.20070993006821511  0.21077137507356694
  0.22111675521892293  0.23095997490680623  0.24006467657042435  0.24943128265648690
  0.25966786455872187  0.27042205318458468  0.28105962759257441  0.29158148929695538
  0.30251876251479670  0.31328611115124699  0.32381660514884669  0.33451160504754684
  0.34554347908085542  0.35652756297720634  0.36760941182064161  0.37855036821666144
  0.38939701957659711  0.40024026756824560  0.41093446403369960  0.42153234155534791
  0.43232855730219544  0.44343328597427972  0.45458199465456361  0.46548834913634574
  0.47592624260748700  0.48610695939079873  0.49642718293761173  0.50749413749798489
  0.51888744705900602  0.52953782063537636  0.53963552953579952  0.54947996465141680
  0.55910541296124805  0.56856673168661165  0.57819112996325128  0.58808157722073195
  0.59845329360675237  0.60934800862563698  0.62074007426817945  0.63177696818554097
  0.64252489996378959  0.65358321653999696  0.66452771929461285  0.67510226735698775
  0.68562712433018291  0.69637824747675847  0.70700333781135027  0.71717081276342964
  0.72710806640370573  0.73686447486467266  0.74642422112350615  0.75605738512244081
  0.76591255894130361  0.77586899843968848  0.78589335682509420  0.79655924629063868
  0.80772651646827875  0.81818503246998386  0.82828688567641762  0.83861037091423130
  0.84900042004502152  0.85894804472334108  0.86849671719882637  0.87828281023540788
  0.88827248144272963  0.89847700880062831  0.90877574959660357  0.91952853496826392
  0.93098690023773700  0.94270429097395991  0.95421497077360162  0.96440218132766475
  0.97395304939981409  0.98363347178727090  0.99090896294666631  1.00000000000000000
  0.05779596264692623  0.05990792997267454  0.06225175997940213  0.06501785894079871
  0.06890791466255640  0.07271014355285044  0.07643912588377300  0.08030123036203025
  0.08419888933822556  0.08815113037599155  0.09213584688164449  0.09614424610924222
  0.10035521863021363  0.10459492027843760  0.10887120883263783  0.11332396174550438
  0.11785442824199316  0.12245565892504789  0.12723768151572162  0.13215215294530264
  0.13769134280216533  0.14250993187585934  0.14637008454299449  0.14870695472570447
  0.14967998029238255  0.15090065019841714  0.15204184429866005  0.15401981188700417
  0.15642645055622051  0.15880439257732709  0.16118529606991713  0.16355732545409399
  0.16593834081556427  0.16833688183091616  0.17075785404510826  0.17320226999100111
  0.17563152858844627  0.17803764722457255  0.18042961726805304  0.18285304344944134
  0.18533778658257322  0.18786833545477738  0.19040243766460119  0.19291780536701700
  0.19544936001500113  0.19805347823970695  0.20073204189473146  0.20343591284442200
  0.20616685695534770  0.20892688750846816  0.21170913412723852  0.21450303169267979
  0.21733208779401145  0.22020298650399539  0.22312813091217898  0.22609173446964426
  0.22911234705649539  0.23217694815038187  0.23527617993972799  0.23841059758391744
  0.24160337015729638  0.24486331703657233  0.24816243105093386  0.25150274503629988
  0.25485481365002782  0.25826180442532970  0.26172767684224074  0.26525716722364795
  0.26883948358327070  0.27251684804234583  0.27629770259134345  0.28018102652584359
  0.28420063222861885  0.28834420052094373  0.29266116918179585  0.29715415153529301
  0.30180811998581580  0.30653935753912009  0.31143705405166505  0.31661143833055005
  0.32204064088355094  0.32770698694587147  0.33368844901641725  0.34018718004904197
  0.34726921135325822  0.35494251332200799  0.36326013563255111  0.37247669305320391
  0.38279731150646068  0.39489071822817695  0.40968492259617539  0.42819222397617601
  0.45435592650079459  0.49619920158182307  0.58662716771252754  1.00000000000000000
 -0.00322571203620241  0.01262526475311567  0.02550665545550203  0.03800307604934744
  0.05060863865284517  0.06332876471423932  0.07434387691962499  0.08557464279959420
  0.09691614912321857  0.10815556358512038  0.11951319301730365  0.13115526655593929
  0.14248421291528601  0.15290930621923859  0.16304229537332840  0.17340172960578795
  0.18418274584577723  0.19493277650460467  0.20552919865792177  0.21653254280464249
  0.22802253802561823  0.23889970573716870  0.24916205023509852  0.25959374224964293
  0.27019465442607749  0.28105516246234341  0.29181951304370668  0.30325508597713191
  0.31475751066134261  0.32641817303280085  0.33825499614191895  0.35023008280307988
  0.36103493028211853  0.37161761325109843  0.38229560053191292  0.39303808420446396
  0.40394936739090848  0.41479364986092870  0.42553057042030618  0.43596351642402298
  0.44591007224282175  0.45561657780049147  0.46536064161740337  0.47511453236625123
  0.48488467843955452  0.49457172080409589  0.50380495370222211  0.51249134616893677
  0.52120243467881022  0.53027183917265952  0.53972144552235579  0.54924274552285424
  0.55865745488441954  0.56813393896875819  0.57761004284659689  0.58667703419595008
  0.59530150721244124  0.60418271030196680  0.61344344363291026  0.62282084529990689
  0.63203652708642200  0.64108523211597579  0.65094560984697170  0.66119004726450903
  0.67108495250798983  0.68092058167466696  0.69130245175619232  0.70194234541288947
  0.71262568184841613  0.72278417117099403  0.73252110400452175  0.74233662462654915
  0.75256631628371573  0.76349115496336617  0.77484294382091123  0.78598571884778468
  0.79628714963620173  0.80568856601925420  0.81522064366158387  0.82510911673785381
  0.83493101735222164  0.84386273739757800  0.85278788715590315  0.86233756175005560
  0.87279365880183912  0.88397411056474584  0.89505552322295123  0.90611291787253068
  0.91697619854352774  0.92790103391592993  0.93921093456656846  0.95078379186861361
  0.96263767156118618  0.97501577634380365  0.98726296881623976  1.00000000000000000
 -0.00215212864729908  0.00892554957891633  0.01854167148163901  0.02830989822145759
  0.03840495365570067  0.04836971665267796  0.05802981559545799  0.06801559951750885
  0.07835724390431437  0.08893141442598293  0.09983399209294362  0.11067632426856730
  0.12175562701565651  0.13193372706639941  0.14196454609484158  0.15186596800086505
  0.16158093570542975  0.17139290279241906  0.18154508342503758  0.19217741380138126
  0.20307624092834670  0.21415050929695537  0.22521005349416384  0.23632935156704202
  0.24771898172211768  0.25941918285374693  0.27140861238269154  0.28286510075717297
  0.29370807727030362  0.30428021680120126  0.31454115832720869  0.32474922112201282
  0.33489785341254763  0.34470538045214527  0.35442572135688333  0.36460528857461844
  0.37522343462741548  0.38596754177443365  0.39632992487447294  0.40637567603794184
  0.41631331587571080  0.42631548014686921  0.43639331160878464  0.44679202335669199
  0.45730039305023679  0.46837690825802297  0.47928418718704335  0.49020181781011513
  0.50173971097963799  0.51402910679118985  0.52618043418924754  0.53786598363594074
  0.54919075540120044  0.56037966736202427  0.57198220220793983  0.58393819983833750
  0.59598866653437976  0.60805356635144836  0.62001585716486640  0.63140101260655923
  0.64170882544125507  0.65141388668855604  0.66042996986058022  0.66949077999099527
  0.67885230963145271  0.68895484046554201  0.69956590862870638  0.71018392148134324
  0.72073089361308540  0.73132025363389830  0.74171460792270916  0.75226739600649262
  0.76302265603794805  0.77351445379144712  0.78384044967536526  0.79402794602810067
  0.80421679590684314  0.81450809724782103  0.82498131154431387  0.83547718860925735
  0.84572208326353326  0.85629619118147737  0.86702433704073190  0.87789091325879964
  0.88820914630944825  0.89892223457867904  0.91036750582619297  0.92120255115321992
  0.93193081830642643  0.94250064307141368  0.95279863942441634  0.96239578263507319
  0.97181212789844040  0.98119013540909961  0.99076245653470807  1.00000000000000000
 -0.00283672198992193  0.01084279762201659  0.02241375849280916  0.03295639122689210
  0.04375133287349638  0.05385636087776911  0.06462531660860042  0.07539942105650854
  0.08622072577537271  0.09719751958437550  0.10879069676546355  0.12100806472736617
  0.13339377546402881  0.14550529541667831  0.15745855901025094  0.16955338265578609
  0.18145705284887581  0.19326651511894016  0.20468168549699994  0.21581074130788067
  0.22720628563228021  0.23691733498753698  0.24634423771858868  0.25562008301728295
  0.26479237290819363  0.27430175262479983  0.28420069567919976  0.29458301416392701
  0.30587969567572665  0.31743187891372154  0.32857731848001986  0.33970910902591617
  0.35074830861991718  0.36113424673836930  0.37150434522276349  0.38070491131479400
  0.38984155508099344  0.39912153288122421  0.40857104887707402  0.41788627716043480
  0.42768488962930651  0.43727024023798217  0.44759398060892741  0.45811626385742793
  0.46781545810171193  0.47717125246349501  0.48628428409292213  0.49543424946902426
  0.50462999171139988  0.51413802591510493  0.52378735424760858  0.53436297367209440
  0.54462623770552276  0.55450420171470560  0.56464381538008623  0.57397730044668704
  0.58341114492766466  0.59242838031379652  0.60113979891333025  0.60987725821525751
  0.61870363022914920  0.62759577335687611  0.63669290124505351  0.64600281905646617
  0.65580411469323285  0.66586239408306547  0.67585054124678567  0.68580782676080598
  0.69637748282899237  0.70774694680315464  0.71914181988340131  0.73056403192778596
  0.74182576691802893  0.75340444482147573  0.76475645043968477  0.77663100273862651
  0.78799548181825818  0.79896777157988774  0.80987967075432832  0.82036405652743383
  0.83132912863692521  0.84234546510301334  0.85327677034515081  0.86334050023645204
  0.87362925895481536  0.88500884526866697  0.89622113424592476  0.90663087416920141
  0.91721296050719947  0.92967567661431827  0.94176925660189537  0.95336534904861459
  0.96482982426227415  0.97649585764020852  0.98798970014705667  1.00000000000000000
 -0.00180486549389115  0.00841700262293412  0.01685326128993776  0.02587420160489612
  0.03550029238322809  0.04495203500603619  0.05418790077342605  0.06386221414067259
  0.07479960156385715  0.08648956271902850  0.09791359965245189  0.10925840564433957
  0.12055017500351016  0.13189698035635061  0.14340373433841061  0.15477749204545466
  0.16605700013439961  0.17718326131475004  0.18804006003301252  0.19892969565108110
  0.20990425705207308  0.22049826213600734  0.23119966538066558  0.24241446014844231
  0.25416656806804405  0.26481658594480695  0.27560249541891063  0.28632738299946253
  0.29667495070214439  0.30631272474494953  0.31613474368419148  0.32576988355518038
  0.33563102072038387  0.34515675859411210  0.35471596199893535  0.36463461900730348
  0.37468811626115300  0.38582009339967410  0.39759651237499988  0.40963793978733948
  0.42164691235075047  0.43323172726804415  0.44458048974052061  0.45591210463004905
  0.46760000574490518  0.47918843216193802  0.49102382045106002  0.50258020461704545
  0.51372292857698487  0.52418677676812020  0.53394534631584667  0.54347493031282867
  0.55254763677239049  0.56152897079750830  0.57052439585349179  0.57962224122692563
  0.58919947458921096  0.59918003223309146  0.60991679850843428  0.62242558907583723
  0.63389490420445993  0.64522555785999491  0.65561332867776123  0.66560461842975394
  0.67489974737967628  0.68417301497610206  0.69419338382249351  0.70483124379466022
  0.71532933678524691  0.72585072808820517  0.73621028495125251  0.74646824069364981
  0.75673042656355816  0.76754430108556737  0.77843358514890848  0.78893488164565662
  0.79935059530693831  0.81011462151595570  0.82114603754653759  0.83243826630175888
  0.84459152653846381  0.85651532259103724  0.86722587567192555  0.87737843493575907
  0.88737986329993801  0.89796942430022830  0.90856101300582204  0.91953377412694748
  0.93055983552717014  0.94052929959883336  0.95001526117307977  0.96001772212111502
  0.97050297756108073  0.98071692005754396  0.99038765871770740  1.00000000000000000
 -0.00288270440008899  0.01023424383651789  0.02142309915175461  0.03199699704558070
  0.04241968968173569  0.05291144351095595  0.06349062407940266  0.07415013240838322
  0.08492844359266033  0.09607204890343315  0.10663081671183715  0.11647473915895903
  0.12664975393981967  0.13690814729419309  0.14697587553890049  0.15687181487639079
  0.16721125298208370  0.17769826035047165  0.18788967765734738  0.19752994752744960
  0.20665333556786275  0.21559237518702035  0.22485578445992160  0.23491559051346478
  0.24569038084756745  0.25661319178524594  0.26731757126021483  0.27840125779274483
  0.28902858520110486  0.29990412846153147  0.31077246274173254  0.32249509764825462
  0.33432388929103618  0.34601288892489884  0.35757170098976437  0.36925239024876000
  0.38127486586943055  0.39315128021909068  0.40509368931776024  0.41702143363742267
  0.42879879209075961  0.44045949247351640  0.45175846575865242  0.46231628926794333
  0.47255408117941805  0.48332981653701357  0.49475662717616548  0.50607651467355685
  0.51696733739104528  0.52809311860277208  0.53914400070450463  0.54919176651319157
  0.55900551205100568  0.56899225427183020  0.57869155835824360  0.58828395371551900
  0.59802626278084370  0.60782408779372832  0.61745791208045475  0.62682208420793228
  0.63641308751436054  0.64626598523014200  0.65553591297571145  0.66461118251787710
  0.67400758058433397  0.68396346710001821  0.69353769403593946  0.70296321329332101
  0.71269555131823970  0.72292100807192405  0.73270715338165837  0.74220688721373040
  0.75182235466341119  0.76197491907502912  0.77198381027859608  0.78146074031823898
  0.79143075561965137  0.80176892524921795  0.81166816016616194  0.82113499821440583
  0.83099544702480876  0.84234338630045980  0.85462306395893795  0.86569866935939044
  0.87636866255958379  0.88711016435477252  0.89782957307888667  0.90850638336161449
  0.91939173679089448  0.93071835348509402  0.94217933482877425  0.95374785141882679
  0.96568510161251109  0.97737076826571267  0.98885274113243549  1.00000000000000000
   2.2346684640778476E-008  -1.0000000000000000     
 F F F F F F F F F F F F F F F F F F F F F F F F F F F F F F F F F F F F F F F F F F F F F F F F F F F F F F F F F F F F F F F F F F F F F F F F F F F F F F F F F F F F F F F F F F F F F F F F F F F F F F F F F F F F F F F F F F F F F F F F F F F F F F F F
  <DiscreteSampler_grid>
  grouped_processes
  1 # 1 for a reference and 2 for a running grid.
  10 # Attribute 'min_bin_probing_points' of the grid.
  1 # Attribute 'grid_mode' of the grid. 1=='default',2=='initialization'
  0.0000000000000000 # Attribute 'small_contrib_threshold' of the grid.
  0.5000000000000000 # Attribute 'damping_power' of the grid.
 # binID   n_entries weight   weight_sqr   abs_weight
    10   10   4.503846790033729E+004   7.573182148830243E+009   4.503846790033729E+004
    16   10   4.503846790033729E+004   7.573182148830243E+009   4.503846790033729E+004
  </DiscreteSampler_grid>
