  0.00001251894794207  0.00004647467667255  0.00007427039905974  0.00010395714951771
  0.00013593169331600  0.00017404138596645  0.00021776271859034  0.00026738024034921
  0.00032708748114860  0.00040469151006763  0.00049503879215090  0.00060132587137476
  0.00073305577270762  0.00089141181109554  0.00106304444066758  0.00129352960370588
  0.00158858977610329  0.00192918346488768  0.00230701961505123  0.00275678318070950
  0.00337165214241638  0.00427322640719209  0.00554451108679088  0.00726662388828721
  0.00965837730967293  0.01298886612502199  0.01768054783363979  0.02466447129283379
  0.03418895361725525  0.04639621725125091  0.06100738804015289  0.07662383505842540
  0.09295071932261191  0.10985038451617386  0.12720237339410662  0.14469859641941099
  0.16202476172316940  0.17916673976939965  0.19655726356417635  0.21413116754984995
  0.23151771653884459  0.24871935266130241  0.26606707072203362  0.28362605110912548
  0.30115875487996702  0.31853637430912096  0.33596371917721296  0.35351264013808992
  0.37092804936005497  0.38832973048184050  0.40556735681487166  0.42311995772114946
  0.44069736259123699  0.45776977147214126  0.47459809544925163  0.49176870473142964
  0.50880978918357711  0.52595443053091906  0.54372061115894676  0.56140855928146038
  0.57898699748752358  0.59649608795020959  0.61389259665651108  0.63114972925139068
  0.64820618662075891  0.66516975337462614  0.68204604949563619  0.69901474407131836
  0.71618634518397173  0.73351916179729848  0.75074722505130986  0.76767289582190490
  0.78463249958770698  0.80140507827591068  0.81824629196461507  0.83498790732260730
  0.85104824035075111  0.86671546707494418  0.88233476989492021  0.89780653809501410
  0.91301394779518996  0.92784086091086382  0.94167730826592710  0.95411297044038335
  0.96505002940013040  0.97431342957378730  0.98150410656570930  0.98667237836749278
  0.99040534912444900  0.99315959190110104  0.99520456815210878  0.99673437414870603
  0.99787684874739357  0.99872125261871336  0.99939709936374865  1.00000000000000000
  0.00028015818782097  0.00031274857479740  0.00035042781588011  0.00039229415605057
  0.00044540083431615  0.00055013559830252  0.00092713333692147  0.00138451679364159
  0.00179254724122978  0.00228241717658612  0.00282836285585049  0.00344687577360035
  0.00417552401514317  0.00507078895881862  0.00616885102706803  0.00747362041314787
  0.00892463963511585  0.01058863308656221  0.01255111604019853  0.01492478257706000
  0.01767782866945594  0.02091760576709020  0.02469138132440879  0.02896440496437087
  0.03372200197360239  0.03927088639141205  0.04542231924764643  0.05097597876754358
  0.05555829706947708  0.05881124307999572  0.06100681522741468  0.06251859516758329
  0.06358081556402684  0.06435646943527855  0.06495193853347286  0.06543056770699636
  0.06582128601558256  0.06613995748982765  0.06641618942685548  0.06666231759913334
  0.06688645863790509  0.06709431494932734  0.06728465753933574  0.06746240243667510
  0.06763509040623780  0.06780491271727292  0.06797280958127423  0.06814028104688079
  0.06830812367149951  0.06848891226873165  0.06867890635685737  0.06887948990106312
  0.06909563743401205  0.06933494212829561  0.06960638372644316  0.06991861466086205
  0.07028028950859255  0.07070689622177802  0.07123456081086375  0.07189600723127362
  0.07274418560981034  0.07389485598124480  0.07548400527687955  0.07775589792378053
  0.08157543657833567  0.08705555900704350  0.09600940970312158  0.10914071483665601
  0.12820352304674676  0.15461530423050732  0.19083940243581868  0.23741501001686413
  0.30134331956045290  0.38850982793107691  0.49184860692773974  0.56585117866297296
  0.59712082293517743  0.61648912681287571  0.63075508649240719  0.64044484014762604
  0.65009036882804283  0.66059601406302426  0.66995442177032904  0.68050897526711862
  0.68949254560185991  0.69601355620283745  0.70610100679798604  0.73027875088201288
  0.75288142536344371  0.77080194125376511  0.78747300085820437  0.80582673902017432
  0.82720372833686362  0.85345310291135112  0.88035769921159479  1.00000000000000000
  0.00077754170754487  0.00115962718661890  0.00142930765840703  0.00170025024402605
  0.00200080700598183  0.00233027664035846  0.00268056443557803  0.00302775218630706
  0.00334865535775591  0.00367635648619595  0.00402491790724427  0.00444230259631291
  0.00493993946858457  0.00544515896391884  0.00590933684304723  0.00634779055061865
  0.00680284232721853  0.00731607064901291  0.00784028375534158  0.00837388126899726
  0.00891463587460808  0.00947544899818758  0.01004287831520544  0.01062021839165734
  0.01123564503159876  0.01189270034343943  0.01261119045807670  0.01334968800607038
  0.01413558333634714  0.01492385599057772  0.01575877439683430  0.01661688636888660
  0.01750800207782526  0.01841876653147207  0.01935574803030155  0.02030969108655732
  0.02132132821262383  0.02241339310948066  0.02351628343956269  0.02465672940213498
  0.02585727515099936  0.02712016117242582  0.02848846013691447  0.02992943986309292
  0.03146151401077593  0.03303070250717027  0.03465056008986796  0.03631922086526938
  0.03803654334706746  0.03984690689222989  0.04174661489701097  0.04375441134671628
  0.04587534039393019  0.04810826743331020  0.05047730847237863  0.05297451290380858
  0.05560833856057113  0.05839042024899965  0.06124968682863532  0.06421903873292609
  0.06723510864285243  0.07037693213597801  0.07364118099579110  0.07704401362613571
  0.08055928638604896  0.08450085729508655  0.08881166054493306  0.09341859623380827
  0.09833588372954477  0.10354513478190422  0.10907780428983677  0.11497968088932212
  0.12112854987082455  0.12782199855106685  0.13506437408482697  0.14252306402119203
  0.15073543775724357  0.15953836480644112  0.16952337558819763  0.18035650555754229
  0.19192542376738717  0.20443637653197344  0.21770389773438056  0.23147079491322667
  0.24563991413162714  0.26066851136597624  0.27571874339368702  0.29198382013376623
  0.30998876566013572  0.33081833175220199  0.35377725413478489  0.37944028247847783
  0.41055883720540942  0.45233179786988642  0.54130776031031069  1.00000000000000000
 -0.00238294029663689  0.00920456027348960  0.01931943149996861  0.03013180386984401
  0.04055314052782066  0.05053528233407443  0.06036740378750270  0.07004764162573650
  0.07973736929237388  0.08887000323497481  0.09732297062057028  0.10601602606176642
  0.11445963341902572  0.12307051212784594  0.13193448835132116  0.14093782544482281
  0.15056942138343435  0.15999087784303770  0.16932233869818478  0.17899410044897571
  0.18882460517354271  0.19911542144976202  0.20943794625173237  0.21928827505852716
  0.22907373000038159  0.23857175032756228  0.24841314616979338  0.25835509115282757
  0.26853983368048689  0.27850514723746267  0.28865954839064129  0.29821545406995942
  0.30819752911695847  0.31822978232047555  0.32809299827769917  0.33808588690258151
  0.34770664599965073  0.35785805403112858  0.36854036659597178  0.37906675739369677
  0.38985737994777375  0.40033673470145331  0.41120344018695715  0.42204406888676388
  0.43307400128169748  0.44420232075755045  0.45420563896485872  0.46421672648627899
  0.47441024352416150  0.48547229767281003  0.49666794124321323  0.50755359465364569
  0.51864432816485784  0.52944399441021428  0.54058102528362184  0.55178811841452080
  0.56262406098106332  0.57350408476698467  0.58440754312963372  0.59591833241045755
  0.60745885648710607  0.61879729170990960  0.62975492216459061  0.64062602911071220
  0.65181627696060440  0.66325157650812783  0.67445633437952823  0.68527739666785947
  0.69607666728736839  0.70708085415299671  0.71816955433155916  0.72939440513741627
  0.74072391471696497  0.75213714284367528  0.76360670951645204  0.77521050778793499
  0.78680411115213156  0.79804689874761880  0.80911581723097792  0.82035643884507647
  0.83177087446689935  0.84312964499414478  0.85447079549675520  0.86585501816225807
  0.87712277116743043  0.88790218251479269  0.89868415895424458  0.90979218201914613
  0.92124787724970558  0.93286178825396937  0.94455643653304378  0.95637028230851462
  0.96833425349650015  0.97957649680569325  0.99021995845397370  1.00000000000000000
 -0.00216903748150126  0.00864155170341814  0.01910571992250376  0.02924484423360041
  0.03978890219969324  0.04936652098339431  0.05957181538164515  0.06958310803500979
  0.07975670646401303  0.09043821299128585  0.10043092329096906  0.11090007907714441
  0.12093603842182289  0.13135909630363812  0.14195094205741332  0.15264737128903078
  0.16346496112934447  0.17453786541204730  0.18579647199962870  0.19736530276726366
  0.20906357614715815  0.22055860870024338  0.23157277994011252  0.24230442187819376
  0.25296309335218187  0.26350896354694225  0.27426887687490614  0.28508502463213203
  0.29590402332573690  0.30638982259507030  0.31644681398662627  0.32639155297021688
  0.33652340204178466  0.34695213983122636  0.35791357196269824  0.36896319700170388
  0.37998080926229388  0.39092144951058838  0.40130690647623896  0.41162274661375570
  0.42181331557499668  0.43214913307498271  0.44249484025016639  0.45291775011052232
  0.46309829859892343  0.47284270252218125  0.48249391197907748  0.49266305184122383
  0.50346231798744268  0.51411203542594397  0.52413131548785918  0.53399474076316600
  0.54377284731009301  0.55385031671128471  0.56453275831194316  0.57539092808599457
  0.58526888555203294  0.59488924493490658  0.60461531927698109  0.61504845569879718
  0.62558797752144368  0.63638209577663496  0.64748431403923612  0.65852864728635085
  0.66926034140619273  0.68001871036466510  0.69038674755434726  0.70097624502384814
  0.71117529174280658  0.72159414516289822  0.73214265174775406  0.74289234831866602
  0.75359213047935225  0.76446198771751872  0.77562810535051252  0.78706423241850698
  0.79768585087996513  0.80765729373198558  0.81743496347574196  0.82757695668837927
  0.83804048003107245  0.84875122662852631  0.85947177922520190  0.87018435185184084
  0.88098380684944289  0.89174047798297584  0.90238267367895497  0.91277650660899146
  0.92337656248675826  0.93405221813967987  0.94511947946114783  0.95624684983387764
  0.96703752767456996  0.97799412026352417  0.98878134880242852  1.00000000000000000
 -0.00225206004189204  0.00863212965328906  0.01912643863838014  0.02986687837025790
  0.04024304998184332  0.05062542364184893  0.06053131076601054  0.07025517247262256
  0.07969582836310149  0.08898242686230701  0.09825289447259519  0.10743696046892071
  0.11654790992562487  0.12540298401703001  0.13440505562613383  0.14347424413728013
  0.15298537906733542  0.16300128341163897  0.17282849287838989  0.18252609736487940
  0.19227028165748469  0.20211399042870062  0.21167477487014433  0.22123019204020511
  0.23085374938696224  0.24067982184066425  0.25051161217670115  0.26011385970244016
  0.26983906651142975  0.27985847174251677  0.28992351114069315  0.29962424741378529
  0.30933069285472387  0.31943071429599917  0.32965050609543201  0.33972828760653062
  0.34976334425784483  0.36056514938280015  0.37194672764570635  0.38273450424201411
  0.39322463038435268  0.40374775119896855  0.41467809860717969  0.42581545837941376
  0.43685953947849443  0.44764722513637084  0.45836413739786014  0.46911149740332408
  0.48013995489572320  0.49146201914951282  0.50287925202060302  0.51474465059969177
  0.52657224877335940  0.53806476557220850  0.54939201387683467  0.56059376233508207
  0.57150400526568246  0.58244533251098696  0.59360754137078942  0.60512496133430638
  0.61685927945760033  0.62856113145774717  0.64004480286068888  0.65114338463626609
  0.66210870362892960  0.67314429655172259  0.68454777233326292  0.69612546458210744
  0.70772464225100917  0.71909019434089849  0.73044046544505037  0.74175983188225902
  0.75277300289366489  0.76348137497328006  0.77456773876698526  0.78603924309343542
  0.79754871462099408  0.80865863554646678  0.81965530167937617  0.83092753214340143
  0.84205353673154149  0.85363417371047190  0.86447295061330620  0.87501097216491264
  0.88468712499463409  0.89451935859430953  0.90458402642201330  0.91537753891776152
  0.92632919714202855  0.93669330203818890  0.94709575992792872  0.95790197549879386
  0.96884643405325443  0.97935949458850047  0.98979697188546278  1.00000000000000000
 -0.00257394495038544  0.00988197258115538  0.02032619498148597  0.03049111931911079
  0.03994041712734231  0.04956726883331979  0.05888886519524981  0.06917633240069342
  0.07938288116030140  0.08963474270783377  0.09987004898575252  0.11033227920020199
  0.12102892165006456  0.13174578757530045  0.14261014304670111  0.15358756642231361
  0.16467622417793695  0.17570101155821186  0.18670063358009320  0.19751955979720276
  0.20779855549121976  0.21795202366762845  0.22843021894231327  0.23933630375666673
  0.25050717101091230  0.26157133903197438  0.27242107912277091  0.28251600304194008
  0.29207738829337998  0.30144061213405854  0.31169471070823740  0.32259825129451752
  0.33366385407415378  0.34462801061930609  0.35555940491824967  0.36662126809679846
  0.37756885290223213  0.38790201768951033  0.39822026876384564  0.40842737978269122
  0.41846113279604574  0.42835963422939205  0.43850950861693427  0.44943842736580469
  0.46056583756068398  0.47181581723939769  0.48276135516785579  0.49358212065156115
  0.50404582510080742  0.51478582300689457  0.52572866672346585  0.53674562512867774
  0.54763561721553078  0.55838154878684498  0.56869661258298876  0.57894769017711634
  0.58931495656846600  0.60000984069906671  0.61107991583610344  0.62225999604842153
  0.63369068300435905  0.64505787113997815  0.65604033812602125  0.66671184196512201
  0.67735469114816582  0.68820361232415128  0.69892517730212511  0.70941569957317852
  0.71987108867357064  0.73059649749742106  0.74144149161635697  0.75199506813602257
  0.76190381234696414  0.77141301975691179  0.78105765207979672  0.79119615088657935
  0.80190312272038666  0.81281384540627100  0.82378064233748405  0.83482404975321600
  0.84559582366999320  0.85593362931414774  0.86617984269900838  0.87582698719663299
  0.88529566671248550  0.89445391587795753  0.90386933970140593  0.91412480601058443
  0.92471399490406747  0.93509178662095860  0.94519459734250733  0.95472489578329467
  0.96536843549024609  0.97706651820385371  0.98846049644678369  1.00000000000000000
 -0.00232126852539631  0.00930604861277556  0.01962631998098345  0.03047119551448911
  0.04059648127194315  0.05141929305185527  0.06229326418840407  0.07312031298316264
  0.08388530222970657  0.09483666525026649  0.10585556215363374  0.11682852981415241
  0.12784840747689988  0.13875391320892813  0.14972473590295640  0.16060177005268389
  0.17108311715563124  0.18132851869899114  0.19120990665923238  0.20126880501849498
  0.21187044635285443  0.22266414623389269  0.23341080093862440  0.24399647761096235
  0.25450248482139071  0.26499063487222413  0.27549393411538253  0.28620524118575164
  0.29723042202019584  0.30809634429626487  0.31852209950703403  0.32880794349860265
  0.33932978377744233  0.35014421239714627  0.36093859789909011  0.37148404691975695
  0.38170982479082982  0.39169735545128276  0.40135206792808537  0.41116274952509141
  0.42135793105340952  0.43180800245101214  0.44172592228251251  0.45109705507086617
  0.46045528111726269  0.47067807153479713  0.48115437817263890  0.49175776102482960
  0.50277835687723371  0.51421968908391313  0.52530898854184604  0.53594586414510648
  0.54654690517798432  0.55705250370958981  0.56694910793911213  0.57643433703708102
  0.58575143984374711  0.59561051060962866  0.60576273886148380  0.61636332949427064
  0.62703831510171537  0.63815108188841652  0.64924380499122014  0.66028690497202314
  0.67128996642126904  0.68236337471634001  0.69341661126868337  0.70449903883505971
  0.71492506439017545  0.72471421896324228  0.73422510131437002  0.74429297723079835
  0.75498762038018130  0.76551599735619047  0.77561631895236305  0.78601421321213982
  0.79664685819095471  0.80722950605926413  0.81751991844358207  0.82799569189343580
  0.83876137370832138  0.84942466508866254  0.86023228232157767  0.87107631939363539
  0.88193025495900901  0.89248539835496099  0.90331467511833929  0.91395974290002913
  0.92420488103917731  0.93431535581262293  0.94480323637909058  0.95599652184002815
  0.96705514381955315  0.97789740476183351  0.98898930971140642  1.00000000000000000
   4.7782957804391854E-011  -1.0000000000000000     
 F F F F F F F F F F F F F F F F F F F F F F F F F F F F F F F F F F F F F F F F F F F F F F F F F F F F F F F F F F F F F F F F F F F F F F F F F F F F F F F F F F F F F F F F F F F F F F F F F F F F F F F F F F F F F F F F F F F F F F F F F F F F F F F F
  <DiscreteSampler_grid>
  grouped_processes
  1 # 1 for a reference and 2 for a running grid.
  10 # Attribute 'min_bin_probing_points' of the grid.
  1 # Attribute 'grid_mode' of the grid. 1=='default',2=='initialization'
  0.0000000000000000 # Attribute 'small_contrib_threshold' of the grid.
  0.5000000000000000 # Attribute 'damping_power' of the grid.
 # binID   n_entries weight   weight_sqr   abs_weight
    10   10   4.296309241111958E+000   1.818587153245681E+002   4.296309241111958E+000
    16   10   4.296309241111956E+000   1.818587153245680E+002   4.296309241111956E+000
    22   10   4.296309241111956E+000   1.818587153245681E+002   4.296309241111956E+000
    28   10   4.296309241111956E+000   1.818587153245680E+002   4.296309241111956E+000
  </DiscreteSampler_grid>
