  0.00016443606221221  0.00024449193451015  0.00028592288738090  0.00031712786542070
  0.00034968226464593  0.00038927408345809  0.00043904887084774  0.00054938067236658
  0.00088121873942384  0.00135348345014725  0.00172477913894961  0.00210422917312306
  0.00252628497257789  0.00298400513309964  0.00349923429889913  0.00409771685860858
  0.00479758120046565  0.00562180589702763  0.00650218434866651  0.00747559631735770
  0.00858483501903360  0.00995427209503953  0.01146911934317276  0.01321531706269354
  0.01521150325209906  0.01753850044011775  0.02023982854301259  0.02333671953056423
  0.02685688459671894  0.03088058320478840  0.03542056595871580  0.04021078315639944
  0.04525342368820201  0.05018850025763896  0.05455652841700021  0.05789628620324831
  0.06015914406035135  0.06174079245946875  0.06288121079610402  0.06372052019421277
  0.06436092375672384  0.06486495967852521  0.06527079704726974  0.06560632861424420
  0.06589333200848693  0.06614600847379615  0.06637245685800476  0.06656522066225168
  0.06674453583483546  0.06691165507634918  0.06706751490288078  0.06721279880268692
  0.06734988903942903  0.06748208842199330  0.06761146799859323  0.06773856774526707
  0.06786373006814622  0.06798801307792811  0.06811327152822422  0.06824039460763065
  0.06837076670729644  0.06850663195351957  0.06864911604292355  0.06879875859422407
  0.06895735638006685  0.06912781048334360  0.06931358845205393  0.06951859066515151
  0.06974621184354120  0.07000003044971088  0.07028958241672277  0.07062955061687756
  0.07104142221870811  0.07153887618537993  0.07215591534718123  0.07294909286235701
  0.07400100084911211  0.07537516494384490  0.07741504271553551  0.08057400467638048
  0.08526622272948317  0.09204478037576061  0.10174188038707485  0.11469492770832265
  0.13240370887236416  0.15561358389057364  0.18377020157634966  0.21907821449443382
  0.26473670384310161  0.32490023309323979  0.40809318694646934  0.50901660326334230
  0.59852483518694821  0.67945850682040831  0.78014367584330635  1.00000000000000000
  0.00013238358997401  0.00023929332192270  0.00029053432545144  0.00033622278154098
  0.00038780181503132  0.00045262581714518  0.00065830591290325  0.00116524821276400
  0.00163799530205077  0.00204147099500767  0.00249960030784905  0.00304732256691013
  0.00367800222579619  0.00437710781969497  0.00514162358996505  0.00602829869036257
  0.00711634148906337  0.00843447915515335  0.00994587380085264  0.01162786393298338
  0.01353521532999863  0.01576047823323968  0.01838292853229000  0.02142675131536157
  0.02493788641185598  0.02903836851067645  0.03369882342691204  0.03884787883647999
  0.04428151509475482  0.04965429178290495  0.05435936710773225  0.05791007883219059
  0.06029913578264077  0.06194401066476029  0.06309222016890025  0.06391868816531569
  0.06454954803501257  0.06503419083506494  0.06542437161203746  0.06575299771018189
  0.06603875525311556  0.06628677742090894  0.06650230887091231  0.06669410317515614
  0.06687041100708950  0.06703523471861011  0.06718995182316766  0.06733587627690539
  0.06747582868270054  0.06761164153987384  0.06774480845930907  0.06787671443619496
  0.06800844525806060  0.06814142518976511  0.06827709030175903  0.06841667747659846
  0.06856133932477755  0.06871254080670658  0.06887249849934342  0.06904435249203954
  0.06923176531431399  0.06943759693515633  0.06966611573603075  0.06992330042281220
  0.07022229610728214  0.07057893071988976  0.07099981124056175  0.07150856724282008
  0.07214904388712425  0.07298041443642193  0.07408768127520725  0.07563351539301356
  0.07788206975263151  0.08123053312894861  0.08628889300606013  0.09382440381752971
  0.10447664096598933  0.11885520101844459  0.13813568949769151  0.16370609299688346
  0.19713971503348446  0.24206963022862241  0.30379674044349891  0.38423336034686451
  0.47216549482138565  0.54525939249353805  0.59479675361682760  0.63237542657589230
  0.66531105548198599  0.69785566768711615  0.73181190842088761  0.76761823124633055
  0.80824805326343818  0.85453237461426701  0.89240284172601836  1.00000000000000000
  0.00052363243262583  0.00099924460377811  0.00127670304382593  0.00152103666962751
  0.00178313027668989  0.00207154130930159  0.00238545708607900  0.00272546033910168
  0.00308972596243239  0.00347809236276927  0.00389453042024496  0.00434269221204311
  0.00481982684834480  0.00529515869436650  0.00574014171111136  0.00616865212415160
  0.00660975625385261  0.00707184492920696  0.00754634344385591  0.00803113980243165
  0.00853397562843566  0.00905660189852969  0.00960623511542428  0.01018396160235835
  0.01078255024285055  0.01140251654904283  0.01204746835561439  0.01271977674625094
  0.01343568132020459  0.01421706225032943  0.01503447603154819  0.01586572400511866
  0.01672183469391118  0.01763067626837632  0.01859482280594223  0.01960954280834525
  0.02069281551473870  0.02182082345520497  0.02299232069010123  0.02418690108600194
  0.02541414174711303  0.02667080794959895  0.02796914831308416  0.02930371843267921
  0.03074813756040618  0.03229282749707962  0.03394688935991567  0.03563375438386722
  0.03740948211512129  0.03931994002866518  0.04135475684745187  0.04346777099114593
  0.04563743686930181  0.04779907080842855  0.05010473457894148  0.05249888383479911
  0.05510049853133381  0.05779293985965831  0.06062611206136417  0.06336796453892170
  0.06647964906905866  0.06974290695981877  0.07314995974360038  0.07668661187386083
  0.08025179773828463  0.08409502232672118  0.08822270615608117  0.09277230316216245
  0.09749826196102865  0.10241906774062967  0.10762948848338695  0.11325842717971150
  0.11929806576522130  0.12585447364997937  0.13307007705277504  0.14080749203781029
  0.14888540003065528  0.15727825236938470  0.16642717391563897  0.17651400634934789
  0.18737541564207266  0.19912674199017144  0.21175819188637424  0.22553959288048356
  0.24026476180649237  0.25600981555593294  0.27264525559406783  0.29045929984650831
  0.30949524364351239  0.33040461081769007  0.35325596841536783  0.37922856531354093
  0.41058963649708985  0.45070435492074357  0.53380378197318912  1.00000000000000000
 -0.00184759772739779  0.00693213511453433  0.01688394961272487  0.02613765865503472
  0.03639373880878723  0.04626549628255979  0.05572215640674356  0.06506855791566672
  0.07462040366083772  0.08447451508984230  0.09474148671869115  0.10462760150464981
  0.11391152980753835  0.12308745755338578  0.13245630591738791  0.14208948312638156
  0.15186125573256043  0.16161134291265231  0.17079328274641808  0.18000130552786250
  0.18945840150670820  0.19890867665732825  0.20839674146612150  0.21794097869467857
  0.22761528977971349  0.23757128632252175  0.24771823173353863  0.25796999144499083
  0.26842884876678069  0.27887116867557266  0.28919765275191561  0.29924005133455200
  0.30945114568043508  0.31978821296070292  0.33001618438339236  0.33986542730365460
  0.34954390314142730  0.35966820168356867  0.37027053164252488  0.38064405136044516
  0.39078368607175662  0.40121982335885298  0.41224102700190768  0.42318734493858673
  0.43424579376603356  0.44568545489240669  0.45708114009819423  0.46838068496068364
  0.47950926775211716  0.49079531822305289  0.50198902329795592  0.51324465946781106
  0.52462303572813507  0.53609347986306655  0.54760863369034685  0.55898873816053529
  0.57007997165546553  0.58111767308226359  0.59218619602074862  0.60331034609671674
  0.61438531990075862  0.62559031163635759  0.63709391100397439  0.64872648341312189
  0.66037447324092391  0.67172829704292825  0.68279913168167183  0.69394088236634988
  0.70522291507121992  0.71685538557796347  0.72838033890600906  0.74001115548190133
  0.75149770088334533  0.76280967638111452  0.77406297153687154  0.78530695279109453
  0.79675362109409575  0.80762207575896483  0.81852587852739334  0.82941084823563305
  0.84042010308656068  0.85127127493182897  0.86206659418824116  0.87296575874341897
  0.88414755974769366  0.89535524600099914  0.90603211777251313  0.91654257685324125
  0.92682974027744403  0.93692348273746662  0.94708443441704626  0.95715174349263965
  0.96782460124671899  0.97877751598116280  0.98932194887229752  1.00000000000000000
 -0.00216933826085909  0.00889925508396374  0.01935045521224402  0.03017094961138515
  0.04079006184022207  0.05152770366585194  0.06125098850838821  0.07079246664608521
  0.07939745885427020  0.08903406706840358  0.09910212666210383  0.10958946167438696
  0.11997072018467939  0.13045555408384635  0.14118928098254177  0.15229046861898929
  0.16322376182263529  0.17405188490639870  0.18470561615714320  0.19541793166343707
  0.20596361863534512  0.21650102750517553  0.22715235438012293  0.23752187709746239
  0.24756970421697744  0.25770756765661401  0.26801330116072986  0.27810158921822792
  0.28832383996560834  0.29854064991458218  0.30932568429731694  0.32010773328112002
  0.33068966297309993  0.34133460132876731  0.35177368757126243  0.36229841022008208
  0.37265504130260879  0.38326707029794771  0.39426533361633237  0.40517092092546902
  0.41609893280146865  0.42690620067863566  0.43778260031982918  0.44864464830882672
  0.45937890725304864  0.47000779719066327  0.48053637995705523  0.49108379007664626
  0.50176829179753324  0.51239889019067886  0.52297651516283428  0.53301861625507885
  0.54313169179164933  0.55327977647708526  0.56362491880376742  0.57360497414946221
  0.58396197786554604  0.59500262351735178  0.60622292636439989  0.61714119670807344
  0.62787199083288858  0.63868209933755204  0.64937357496585135  0.65977017677346383
  0.67027439821067591  0.68092520253324229  0.69144056142510446  0.70195220137520309
  0.71268035759780579  0.72339711271125606  0.73359314575435930  0.74383948065272210
  0.75415885582555209  0.76509000255818305  0.77593144867446417  0.78699704017870487
  0.79790722828862370  0.80897466580975652  0.82006529074241596  0.83102919203472103
  0.84131094267836848  0.85162108258911118  0.86198353461033972  0.87251318740558415
  0.88308645037422584  0.89340670128021693  0.90394765912362818  0.91436443798406963
  0.92491404886825623  0.93542707095847977  0.94621824210904826  0.95693345987127976
  0.96779276255620805  0.97837889863488070  0.98928102126426876  1.00000000000000000
 -0.00183702515166778  0.00760493378019619  0.01744007129780288  0.02724045092646057
  0.03720192407108178  0.04643513327682491  0.05537613752524334  0.06430603505048549
  0.07374945497597864  0.08331464937938056  0.09308918873335342  0.10273984207103247
  0.11237431835368736  0.12204556024592580  0.13165265363645570  0.14113686447226714
  0.15044591394013079  0.15977102218008149  0.16922333230888023  0.17866475638302154
  0.18799611143408243  0.19738438207826386  0.20693357172538535  0.21662034125662197
  0.22632284301000061  0.23621724828342611  0.24634951604330804  0.25675785252093969
  0.26709937851730170  0.27737861172482747  0.28767284436775348  0.29810198433327867
  0.30854139221572346  0.31889920584948761  0.32927868741671895  0.33952611326847881
  0.34959663178593664  0.35980573193778803  0.37045422749437751  0.38150604218812045
  0.39259029744664997  0.40379515634205421  0.41499941773938381  0.42616509009352133
  0.43728574381620344  0.44828598450304735  0.45917877412438152  0.47011315238516133
  0.48125628825434275  0.49273976217195153  0.50387362204992792  0.51462076341760110
  0.52526153162261424  0.53612514275358347  0.54745657687790961  0.55899143119279382
  0.57054052214389839  0.58211209941408215  0.59357248391823048  0.60482029816571614
  0.61589715040112814  0.62683315053445354  0.63797576312593618  0.64935387879448803
  0.66071511723341647  0.67208018063515196  0.68361463918605170  0.69511850571198286
  0.70678204583011950  0.71862479420503689  0.73045323042047272  0.74212916926746408
  0.75354199107516773  0.76494386969976724  0.77612769917126034  0.78725477571192826
  0.79842073774882449  0.80980199031948663  0.82092234876489500  0.83161785034313063
  0.84215550051985233  0.85276354909080454  0.86315715005108651  0.87376683119130194
  0.88449974684266541  0.89504981043388021  0.90506316530979025  0.91501794570655748
  0.92535530321325843  0.93544878140522425  0.94595883948033599  0.95664877835833939
  0.96736619135111857  0.97795721133735902  0.98807592381751308  1.00000000000000000
 -0.00220862721149309  0.00905332271574811  0.01921828352711109  0.02941758661429123
  0.03991310929404846  0.05055815999275831  0.06167925303208978  0.07283847516942143
  0.08355820763838742  0.09391562665875153  0.10354755153071032  0.11348317424351362
  0.12371130665709899  0.13446362063814851  0.14526542501578010  0.15583858750189611
  0.16646310284977670  0.17700276221766442  0.18775544978354480  0.19849019701663279
  0.20916620338977818  0.21941874411421097  0.22938637856880287  0.23950593055708430
  0.25003377767723156  0.26111734925673824  0.27203025668232389  0.28291329977100560
  0.29355961743553166  0.30407789898592980  0.31457919732007050  0.32505726319168060
  0.33560894560935600  0.34609516291735992  0.35684941302062140  0.36753879617084162
  0.37795306323170536  0.38804495470627504  0.39830222577713242  0.40827473279201343
  0.41803191804085488  0.42805623028221496  0.43858358529017927  0.44955474632035775
  0.46054908804833938  0.47133847871150714  0.48204962169720378  0.49263313962848082
  0.50313043105301269  0.51319491022413122  0.52300333582892133  0.53294327987063617
  0.54313700893090611  0.55342828246737907  0.56380776347084161  0.57427431704382692
  0.58475924808164548  0.59505905634051992  0.60539043020084682  0.61585255769735614
  0.62660182489558891  0.63749459567487565  0.64836850637156673  0.65919900432738643
  0.66989642687626039  0.68076590227109091  0.69158664990379470  0.70211839131623088
  0.71244292814751009  0.72283351517702532  0.73350668863748858  0.74427935378464938
  0.75505418860676121  0.76581351901896133  0.77646596516692745  0.78715200986280598
  0.79788976515283117  0.80869436954580121  0.81936872179892906  0.83010829628834948
  0.84101288154835618  0.85221058890010326  0.86290004569675327  0.87344897610729955
  0.88360810259725486  0.89410746860117229  0.90469154084322934  0.91544818848483811
  0.92610679135520169  0.93691156288234356  0.94782927231615044  0.95857539426868832
  0.96909666062250721  0.97959573403832068  0.98975166626467470  1.00000000000000000
 -0.00199847601838941  0.00844248963046608  0.01882950420534997  0.02842873154281158
  0.03840631347925619  0.04858242064449232  0.05895000402146340  0.06953392684518724
  0.08025574120684315  0.09087288131882459  0.10128930711139450  0.11153887825651693
  0.12166487808290331  0.13163310786703220  0.14175787772531417  0.15206680252212923
  0.16269540400526908  0.17346884423758951  0.18428933166352723  0.19524758427019959
  0.20609138231229635  0.21665077613308398  0.22729961457418796  0.23784805564653366
  0.24828551285036080  0.25858713718184945  0.26898109815319154  0.27965064358305597
  0.29042280977606355  0.30085645274293060  0.31111528309607606  0.32139037432806877
  0.33183908418335561  0.34242523094159849  0.35312876581746933  0.36380445383408289
  0.37427845970504192  0.38461019945784497  0.39500002476957480  0.40566871443674124
  0.41644226209713914  0.42739177241526377  0.43837156066810018  0.44936251571327757
  0.46033217143364391  0.47117551784268780  0.48185810390575184  0.49231208000174864
  0.50285752021987062  0.51350167201942398  0.52447780272529609  0.53537148227415321
  0.54624401947941192  0.55698886098224110  0.56751573768779739  0.57775749203857474
  0.58786800544624784  0.59802534449077749  0.60791169622398544  0.61775538872327418
  0.62767613676251655  0.63795406381992659  0.64837144849092243  0.65889950208668213
  0.66951729509578617  0.68042294620695098  0.69166374963587551  0.70308502552980812
  0.71423318820892712  0.72509500314423425  0.73577765987525678  0.74624943959695611
  0.75656720646986375  0.76673625039660476  0.77703243789075105  0.78723628955552072
  0.79747388094244698  0.80793525684472367  0.81861774500154383  0.82957524981701025
  0.84047305947583761  0.85109028154406619  0.86136896947240249  0.87140740344249057
  0.88172188204628843  0.89220346941999595  0.90284104996644221  0.91353638015780592
  0.92440823774132908  0.93541192060541112  0.94636507154579153  0.95690716319111713
  0.96726044456460969  0.97843073739681541  0.98865569913267903  1.00000000000000000
   1.2069803284425788E-011  -1.0000000000000000     
 F F F F F F F F F F F F F F F F F F F F F F F F F F F F F F F F F F F F F F F F F F F F F F F F F F F F F F F F F F F F F F F F F F F F F F F F F F F F F F F F F F F F F F F F F F F F F F F F F F F F F F F F F F F F F F F F F F F F F F F F F F F F F F F F
  <DiscreteSampler_grid>
  grouped_processes
  1 # 1 for a reference and 2 for a running grid.
  10 # Attribute 'min_bin_probing_points' of the grid.
  1 # Attribute 'grid_mode' of the grid. 1=='default',2=='initialization'
  0.0000000000000000 # Attribute 'small_contrib_threshold' of the grid.
  0.5000000000000000 # Attribute 'damping_power' of the grid.
 # binID   n_entries weight   weight_sqr   abs_weight
    10   10   2.977715508997997E-002   4.763457551881402E-003   2.977715508997997E-002
    16   10   2.977715508997997E-002   4.763457551881403E-003   2.977715508997997E-002
    22   10   2.977715508997997E-002   4.763457551881402E-003   2.977715508997997E-002
    28   10   2.977715508997997E-002   4.763457551881403E-003   2.977715508997997E-002
  </DiscreteSampler_grid>
