  0.00916242948264854  0.01612569898557534  0.02676534694557507  0.03873003119820633
  0.05011312025666732  0.06133837172935744  0.07207264055325423  0.08301779807388218
  0.09423123669655217  0.10585821475362349  0.11756955866515827  0.12918477147957305
  0.14035007954018974  0.15089533923631698  0.16092448562822098  0.17110081194384721
  0.18136461720116645  0.19219121706905726  0.20267167429643637  0.21293414791785947
  0.22304470284614425  0.23326784144640067  0.24338712434896428  0.25317293900858456
  0.26260360982953557  0.27211362659128824  0.28191943564240951  0.29183310801979606
  0.30169123718705926  0.31173967922957468  0.32226210735326172  0.33281234608327126
  0.34330142339497771  0.35397612206396351  0.36525696964335475  0.37676845376049301
  0.38838315091056291  0.40027351171504361  0.41257788025698794  0.42495028075826413
  0.43684594976055985  0.44800733741746379  0.45885741038403371  0.46982929221126896
  0.48061934627563896  0.49085643449899891  0.50077018783301042  0.51087982268950849
  0.52112022347220799  0.53136508437930541  0.54114550235527425  0.55052315705829924
  0.56023627295577572  0.57045621890978848  0.58069639708995835  0.59060616653007514
  0.60087055924013466  0.61201545465651763  0.62357084867913981  0.63501424305161625
  0.64660229956022464  0.65832030354007010  0.66973112505921961  0.68071461898163466
  0.69138450733521539  0.70179566456516906  0.71166277474407358  0.72112894268792227
  0.73091173164246737  0.74089724727596773  0.75080926789139191  0.76083169243501203
  0.77133735182582663  0.78239916602310722  0.79324310892544747  0.80341883308322248
  0.81354288778833872  0.82372963949425648  0.83389342006223965  0.84396401012537747
  0.85399643084371724  0.86443946538992200  0.87506250674045116  0.88536031351685296
  0.89525228741331309  0.90481710741133903  0.91435977154042003  0.92404783478818919
  0.93366818505059090  0.94354898749138816  0.95376870826811011  0.96375592133815735
  0.97355720427288905  0.98326785523574334  0.99095925062603751  1.00000000000000000
  0.00952366576901349  0.01521063371297498  0.02402770727293437  0.03329184725585777
  0.04288736680331194  0.05282690198115483  0.06281933348107338  0.07292722981988908
  0.08335723110258333  0.09403398767465310  0.10461355853708851  0.11510265807731455
  0.12536141213275764  0.13533236423440181  0.14538082182065451  0.15567309871456106
  0.16600718851212953  0.17616634003470186  0.18651809700842797  0.19748553652628967
  0.20849643015055072  0.21907062435419672  0.22941098403561963  0.23952248275269819
  0.24979964940569185  0.26018517674238151  0.27085232246917629  0.28168203970186922
  0.29224013345505062  0.30243762485852371  0.31275510625596920  0.32343847221323424
  0.33445234394723700  0.34555544923302439  0.35689141048313860  0.36866123267716133
  0.38029370853513061  0.39153632543820382  0.40233498726431532  0.41298682680727034
  0.42380197401980091  0.43481150217688719  0.44566849748441068  0.45634936686588418
  0.46717384035132170  0.47809344953861949  0.48848982969511440  0.49890809112789175
  0.50944244291316054  0.51980902956056219  0.52973596110706811  0.53962493359359931
  0.55027554134319345  0.56100432244353049  0.57144003811536892  0.58158505254669668
  0.59209640352866910  0.60288613399621016  0.61385320927655629  0.62510883753334434
  0.63652844368981387  0.64799272405378805  0.65942367229285304  0.67117184924482365
  0.68299722975858712  0.69388024379702273  0.70357767509084901  0.71332788652199453
  0.72297013500082785  0.73317643565155455  0.74341126491635778  0.75442092136337835
  0.76637753264330366  0.77825055789636055  0.78980929642609277  0.80074835721866455
  0.81162168291511738  0.82270782149550736  0.83370698011141853  0.84424910808992493
  0.85516644173709710  0.86689045451385327  0.87819229217076533  0.88843524897926163
  0.89830087532768066  0.90820961030915637  0.91792309901105695  0.92749087570113231
  0.93698554533106770  0.94656209319103912  0.95616944815690885  0.96581324836040805
  0.97522102492277185  0.98451021389402704  0.99074952376257897  1.00000000000000000
  0.05716537252805099  0.05896822161334313  0.06128559565950772  0.06404313357469460
  0.06720488995768713  0.07078598083484643  0.07469463120304753  0.07852687838146814
  0.08238543315795005  0.08631191369081058  0.09029113508302145  0.09430425557510817
  0.09841884103717366  0.10263363514556027  0.10694244706669384  0.11131802896860127
  0.11578150825628991  0.12036318641784625  0.12499370736899793  0.12974732412483919
  0.13469913139820197  0.14032362660248907  0.14530990954645664  0.14856038620929354
  0.14923956623960574  0.15052177663857572  0.15170157451044769  0.15336146183988425
  0.15580848873633510  0.15817463789821420  0.16053052637991955  0.16288933696818489
  0.16525703678838141  0.16762678205583925  0.17001329646297039  0.17241389072179675
  0.17482800147673100  0.17724174679137558  0.17965707812892073  0.18209258648836002
  0.18455018367837689  0.18703466712415864  0.18955106412137077  0.19212185034490573
  0.19473097136759915  0.19736252316393196  0.20004894059915193  0.20274626633344570
  0.20546958210886504  0.20821842906765931  0.21102330043351017  0.21381918758778168
  0.21669540807822751  0.21959072621106801  0.22250364089943328  0.22543313299871504
  0.22839817913659100  0.23139343990656258  0.23444515193944804  0.23756026182433895
  0.24073460766198423  0.24394765657394116  0.24718190606767002  0.25046565525764419
  0.25383045160965939  0.25725510445196403  0.26073492193596443  0.26429917099052996
  0.26796252997099773  0.27169407693021830  0.27553146155320835  0.27945920571422100
  0.28348974852488878  0.28762988941898482  0.29187041050136897  0.29625325412202730
  0.30082798190834742  0.30555205830494347  0.31044162145251031  0.31557039409359444
  0.32097710705952714  0.32669654036106621  0.33271352534213600  0.33912810957183032
  0.34600524184731785  0.35351083042391584  0.36174449206848469  0.37098840576386194
  0.38145807998101877  0.39353504551475976  0.40820148583824384  0.42657591312115412
  0.45279181877042285  0.49490511897888567  0.58703067056784519  1.00000000000000000
 -0.00260755306879995  0.01073242686059881  0.02229538554658601  0.03413838280928616
  0.04658937658643663  0.05904555086358123  0.07078033941022688  0.08249942096853081
  0.09442972841883789  0.10591013563779089  0.11729091935173004  0.12848475689814626
  0.14071177050304576  0.15132286421207133  0.16189832689355171  0.17276010496255037
  0.18355755975179891  0.19431297569320732  0.20499321857473268  0.21633915018355787
  0.22817105123723519  0.23995553038456796  0.25130427458306920  0.26275568262086579
  0.27401343626252755  0.28542280468977771  0.29610817402480383  0.30607428817431004
  0.31563775321531023  0.32501007865006387  0.33477376941237685  0.34454392958479046
  0.35445436730550545  0.36434197887629993  0.37447271430296891  0.38491251085643963
  0.39549884867267626  0.40612180511942431  0.41619203553022988  0.42529639103684691
  0.43422143652934353  0.44336005649579974  0.45261042599096352  0.46179811616117122
  0.47038862417323885  0.47890387404325685  0.48804451060426263  0.49754721333781970
  0.50691714878347460  0.51616616253616343  0.52604543419950522  0.53643994906046710
  0.54638674628343753  0.55604470384197446  0.56614553456525174  0.57659121532298430
  0.58697921978012813  0.59747798209687497  0.60803138587763783  0.61824350309987652
  0.62813435610887880  0.63787134359409048  0.64780848230773747  0.65799295061644492
  0.66830401393676486  0.67880422323278033  0.68933453051141358  0.70000360254666349
  0.71025652686309837  0.71969101717723449  0.72916205337354689  0.73900923615654979
  0.74918544768949491  0.75931338012762939  0.76937936172056720  0.77998603294535673
  0.79111321421897551  0.80233591144509031  0.81400355186445505  0.82537923882900444
  0.83704379500504755  0.84879470097905774  0.86046165111120121  0.87210603772944861
  0.88341688571264476  0.89469151400532509  0.90487813482753554  0.91485123425959514
  0.92548673064891451  0.93629436717806991  0.94670736401567901  0.95699395637317886
  0.96761013176818378  0.97846470156312393  0.98902990343699682  1.00000000000000000
 -0.00263215527118025  0.01043544292329727  0.02087040029271320  0.03138522678993848
  0.04179648043114806  0.05278494182664573  0.06420228553383513  0.07610942777038497
  0.08685853060340490  0.09673585728962047  0.10659775097720997  0.11543947094389331
  0.12424026908514056  0.13293148873725152  0.14188385416824481  0.15168720091219420
  0.16266910029011980  0.17367271118989747  0.18529471864703478  0.19689177010418960
  0.20848921752599769  0.21972993844418565  0.23063293147139607  0.24081385179890524
  0.25033345149155389  0.25956938819779213  0.26892468705885314  0.27876466719037413
  0.28913450319493772  0.29946895780242216  0.30979509384483450  0.31957537238364742
  0.32890040259337494  0.33840974470266733  0.34756284629270540  0.35686882782653750
  0.36636188913596340  0.37621310836800287  0.38652394198715212  0.39698599655487837
  0.40772922596910438  0.41888289617259222  0.43032601710804680  0.44213115135814601
  0.45419475779099971  0.46593023986057641  0.47722393658517631  0.48871261605529004
  0.50019240216977079  0.51124962050363998  0.52198145023490827  0.53337623347184759
  0.54468496061400040  0.55576253997998004  0.56661703828295862  0.57770357806642625
  0.58845009334360776  0.59919919896624474  0.61008467257995225  0.62079946003015052
  0.63137026105686611  0.64194368790494094  0.65296268374195010  0.66424541243905422
  0.67550609901861347  0.68618469821298955  0.69654718048019348  0.70710063424962033
  0.71804130744092221  0.72917437686074271  0.73930555911039053  0.74884613602830941
  0.75827035225557926  0.76797884606650246  0.77767343639780118  0.78715543426629520
  0.79657280691320786  0.80636778166681988  0.81635758161083383  0.82632785193471736
  0.83637517290227203  0.84659182329871796  0.85654263953416598  0.86717495331893213
  0.87793007527892963  0.88868591394138996  0.89962965469688616  0.91044105268854714
  0.92067408358155423  0.93099462397918009  0.94182229333907708  0.95404026952353727
  0.96595898099554522  0.97748709058389327  0.98881235966148728  1.00000000000000000
 -0.00260106838485530  0.01137484406775934  0.02284694099122847  0.03406422110684797
  0.04583146447974596  0.05867400961053350  0.07126809144081754  0.08340129799593103
  0.09554437918669445  0.10747050853197873  0.11954758515888128  0.13177568044547913
  0.14439888686674726  0.15687017920795507  0.16885211992180063  0.17959306093001282
  0.19012405957416714  0.20038900380491681  0.21042845318689915  0.21990267243951234
  0.22967825786654844  0.23966393006161374  0.24933865666556138  0.25890454775766891
  0.26842410458218069  0.27851406685608815  0.28857456651248337  0.29928167073471112
  0.31010312993539307  0.32082757522807387  0.33162118437473570  0.34256331608402141
  0.35364250047299989  0.36429642596140782  0.37460213056905056  0.38459908603108195
  0.39439167534855873  0.40414100850085072  0.41386676096707614  0.42373974996920100
  0.43385907911240745  0.44412995304025948  0.45434750848777805  0.46439279650522525
  0.47431844150644459  0.48457964493615585  0.49533195863244128  0.50613204332663553
  0.51676524407393065  0.52713244862457131  0.53770207831399786  0.54843374563142133
  0.55934341184642211  0.56944394476118543  0.57958266358589783  0.58929713762004610
  0.59849712300352254  0.60753821429766885  0.61646431392671242  0.62538678843849560
  0.63453421488233652  0.64393388049757505  0.65439559370230804  0.66545700747259473
  0.67656058752632764  0.68760238315396061  0.69821336550481139  0.70874126718098951
  0.71884752963950960  0.72897678013002642  0.73894441618906692  0.74888410414572892
  0.75887878224972283  0.76944014173902597  0.78036550094650647  0.79137294618893761
  0.80074814859214616  0.81002015585031484  0.81932664285336665  0.82918321853635124
  0.83920932206379806  0.84966616627767555  0.86053708844848154  0.87155058545596842
  0.88216491845198297  0.89276130774244322  0.90383385169511765  0.91500389958092854
  0.92555920186377438  0.93562272599632479  0.94577440441532346  0.95643395774446327
  0.96752487576200819  0.97869137150162533  0.98954090939650052  1.00000000000000000
 -0.00249947215894623  0.00991414095072984  0.02061402604941179  0.03170408846458120
  0.04271050705607494  0.05315502351091997  0.06385559991396800  0.07447467780096907
  0.08525674278312093  0.09621019642086952  0.10640872414201594  0.11623041105533508
  0.12602677233453963  0.13618762261138498  0.14665148747106641  0.15686795280786639
  0.16669816146382141  0.17645980338700090  0.18646098858781571  0.19697163710434892
  0.20755336351033576  0.21733780482865198  0.22675206438880427  0.23668345176773409
  0.24723336613825256  0.25753570103222179  0.26747636336725356  0.27752819564153502
  0.28817140461457469  0.29957464183453825  0.31106216094393468  0.32212435832979525
  0.33326316987102028  0.34459668013654254  0.35656757542815315  0.36832322594094924
  0.38007840068480392  0.39111770170436161  0.40196421805955274  0.41320035561571317
  0.42375238191914755  0.43405236012479081  0.44386439315730120  0.45394636481874823
  0.46373487041248845  0.47324600574174119  0.48259892146480443  0.49241468861457832
  0.50283586391292512  0.51381112284742969  0.52488919889063668  0.53617392144121767
  0.54771526294937345  0.55953888372401372  0.57124504479601201  0.58270200492826318
  0.59394647716125881  0.60536311649517605  0.61521811439885576  0.62531629972494251
  0.63539710999337440  0.64604383002066501  0.65683447329267441  0.66769583612755834
  0.67902194480107536  0.69021508660797326  0.70151087910287591  0.71210787436234235
  0.72245627206266905  0.73251956328098489  0.74258751938066614  0.75247014313199201
  0.76228180312125182  0.77211841913139279  0.78178516030469847  0.79158711962900019
  0.80165711550197949  0.81194681192513096  0.82208448406632284  0.83225102131955542
  0.84334842456630077  0.85533483902408292  0.86610908906053419  0.87696069699032952
  0.88732312245006761  0.89759791231464126  0.90720068613461391  0.91660547552501292
  0.92632640712804193  0.93605939734382360  0.94590511867226201  0.95562758721496122
  0.96559409841183519  0.97678434924412849  0.98803845451194938  1.00000000000000000
 -0.00186856749230927  0.00828628371792137  0.01713958340117229  0.02631261350922800
  0.03522182979697635  0.04415730319442956  0.05314392915534882  0.06217176358524983
  0.07131917850043804  0.08018004909644472  0.09036127315424257  0.10075584097927211
  0.11134053915378453  0.12193375674691721  0.13228130366105040  0.14292101688243056
  0.15415710557783632  0.16533198063990012  0.17598394395183772  0.18661659043206383
  0.19777695891624583  0.20889419583925312  0.21895558493531608  0.22880276770655436
  0.23907190230874018  0.24888077128643862  0.25870667002948322  0.26855542819800537
  0.27896448438380134  0.28993924153763584  0.30049662059285920  0.31086591720440260
  0.32106047666202475  0.33114229539793577  0.34161474863803254  0.35151391851006908
  0.36195111567187360  0.37251954479919380  0.38316921807052962  0.39349960612282175
  0.40317602894652688  0.41258027674834913  0.42206651165693310  0.43190772546428358
  0.44206290095691569  0.45216692621262261  0.46251446972374072  0.47294469797069660
  0.48319301999988495  0.49322257683120885  0.50390878840803688  0.51536762238967093
  0.52733153994262683  0.53958319330113980  0.55150087512753054  0.56318447712652786
  0.57438239514878964  0.58548116358097035  0.59679200008015798  0.60764837333191557
  0.61857045648489473  0.62937342026208765  0.64057145069726595  0.65211899926592143
  0.66364110819322475  0.67507379857469763  0.68608032231669491  0.69673018284669319
  0.70724473736147941  0.71775248380697265  0.72795310403962510  0.73766923204203894
  0.74722395445266598  0.75730774961025826  0.76760283380179573  0.77832194726495041
  0.78902360969729457  0.79977156575163810  0.81088193927427543  0.82242861186576410
  0.83429572774143113  0.84543678019619717  0.85607510759364547  0.86666820332484318
  0.87730666068271723  0.88810533977851680  0.89942063733393407  0.91163617889586401
  0.92365373646572924  0.93550310777504020  0.94677526514554378  0.95776190218345025
  0.96820351981930730  0.97904227141193723  0.98925516473049724  1.00000000000000000
   2.2316536806058269E-008  -1.0000000000000000     
 F F F F F F F F F F F F F F F F F F F F F F F F F F F F F F F F F F F F F F F F F F F F F F F F F F F F F F F F F F F F F F F F F F F F F F F F F F F F F F F F F F F F F F F F F F F F F F F F F F F F F F F F F F F F F F F F F F F F F F F F F F F F F F F F
  <DiscreteSampler_grid>
  grouped_processes
  1 # 1 for a reference and 2 for a running grid.
  10 # Attribute 'min_bin_probing_points' of the grid.
  1 # Attribute 'grid_mode' of the grid. 1=='default',2=='initialization'
  0.0000000000000000 # Attribute 'small_contrib_threshold' of the grid.
  0.5000000000000000 # Attribute 'damping_power' of the grid.
 # binID   n_entries weight   weight_sqr   abs_weight
    10   10   9.598728437945961E+004   2.022235782560867E+010   9.598728437945961E+004
    16   10   9.598728437945961E+004   2.022235782560867E+010   9.598728437945961E+004
  </DiscreteSampler_grid>
