  0.00001538614614064  0.00004955684227439  0.00006839289699805  0.00009262475396048
  0.00011526899139858  0.00013874407564822  0.00016492223039220  0.00019682391754472
  0.00023915167797568  0.00029164534319747  0.00035650561482531  0.00043528302681802
  0.00052909575081162  0.00063772006778257  0.00076073992732668  0.00090786796651739
  0.00108451368690687  0.00129753777617403  0.00155469387687211  0.00184761546214278
  0.00219829025058765  0.00260708765710655  0.00311598068897367  0.00375435488159934
  0.00466201720629912  0.00600216067423014  0.00783824034559635  0.01056772157439162
  0.01480275309039943  0.02133534229514885  0.03074846681905478  0.04301181994359257
  0.05730619767583205  0.07268708647472759  0.08935049037161694  0.10739006239919342
  0.12608625545592028  0.14468128601089450  0.16318459665184160  0.18177458147111250
  0.20056660402105292  0.21950866812301428  0.23845895068239611  0.25736369710160989
  0.27624039937322137  0.29503423713019600  0.31382382793815394  0.33259634521591358
  0.35138238923547854  0.37021796019997927  0.38901417180643466  0.40769823235327524
  0.42631547992172852  0.44502182398451834  0.46379578922702752  0.48247918349342706
  0.50110469719580053  0.51981055692567490  0.53849361073977997  0.55715781825613675
  0.57574419241242081  0.59409434618154966  0.61231848571468106  0.63053960599200243
  0.64878888449376237  0.66708330352652778  0.68530308870464951  0.70358079249039529
  0.72189692600111277  0.73998887762839249  0.75798937346507489  0.77596695002853033
  0.79385385188834301  0.81174052764205451  0.82961262299223593  0.84724630355958452
  0.86451549146448370  0.88136655301881550  0.89783765855709619  0.91392541162779362
  0.92946178474318208  0.94399966998540596  0.95697326187225940  0.96795117959132781
  0.97683967811186545  0.98362487817646005  0.98850245839680306  0.99190296527026822
  0.99433014790531715  0.99608580249287515  0.99735041418842252  0.99824742177780790
  0.99888218986942201  0.99933172615753196  0.99968590091699550  1.00000000000000000
  0.00024171750707964  0.00033114635997824  0.00038493206522247  0.00043664657221810
  0.00055551350366928  0.00085011731013963  0.00127559896050727  0.00170635805569266
  0.00216081266047568  0.00269260305619581  0.00331794333949013  0.00404225071313093
  0.00482657152110903  0.00567761129966942  0.00667734311835890  0.00790304421733741
  0.00922374938175842  0.01073410566428980  0.01250537529199171  0.01463758353508832
  0.01721798736066707  0.02045240532144980  0.02424096441907345  0.02843911641423353
  0.03318490682878929  0.03868706324097358  0.04485804621684734  0.05081115805950234
  0.05570991799161921  0.05893837666283349  0.06102489058708636  0.06247663269486395
  0.06351703406705329  0.06427693464098909  0.06485245464531107  0.06530265623971700
  0.06567554070864136  0.06599252109602989  0.06625759557612647  0.06649074158412226
  0.06670065739788504  0.06689217777778862  0.06706901791620244  0.06723393969083966
  0.06738956291570787  0.06753829334957166  0.06768202040012561  0.06782294587244898
  0.06796338210408186  0.06810468137858366  0.06824784318328012  0.06839467859963166
  0.06854743538115697  0.06870844079547279  0.06888026728351065  0.06906512953460951
  0.06926604870259453  0.06949326051894533  0.06975822952158313  0.07005381182941228
  0.07039749247307045  0.07081164413268563  0.07133244636913565  0.07199153746319804
  0.07285037984459344  0.07402141589555199  0.07566399161074629  0.07813295121270887
  0.08176763205680028  0.08745553371856447  0.09672880802084133  0.11036143368152877
  0.12796180794700285  0.15203322096793778  0.18290703035691000  0.22824005995691843
  0.28634764335171670  0.36982812570049711  0.47870806672934824  0.56054810837510516
  0.58915080993170232  0.60681318672953155  0.62874963961645114  0.65091461555879371
  0.66986390012396879  0.68497777835290807  0.69898337914966491  0.71923168206319332
  0.73871596545685403  0.75831214948153103  0.78034343264310413  0.80358596252426195
  0.82979634210140185  0.86005784518356676  0.88738976803641767  1.00000000000000000
  0.00030160651124169  0.00046580259924741  0.00059795483001202  0.00071453430739576
  0.00083847320425185  0.00097267958284818  0.00110355526450367  0.00128852588978408
  0.00153301583059013  0.00180526974584591  0.00210290660739276  0.00242933502596768
  0.00278649511065733  0.00317739172932380  0.00360629821330007  0.00407718547797268
  0.00458541408148059  0.00511782539653209  0.00566268708067367  0.00621065636854940
  0.00676111834220048  0.00731850499300042  0.00788755013066070  0.00846500252282195
  0.00905094446838016  0.00965385067414116  0.01027829538470690  0.01092285938254323
  0.01157316357584083  0.01224546396243376  0.01294683084533781  0.01367578124183901
  0.01443406548083846  0.01526831064974136  0.01619049605222240  0.01712202099281339
  0.01809752035694686  0.01911370413130785  0.02019099556470376  0.02133507089699415
  0.02252718502952136  0.02375486963378029  0.02497757353405614  0.02629209944698621
  0.02765805614287757  0.02915419462605908  0.03070546165998048  0.03235019031028768
  0.03405849363361911  0.03583922306637442  0.03769371367403600  0.03966033424055519
  0.04175074476872991  0.04396969792343274  0.04625615844530957  0.04862547822215086
  0.05112967315827827  0.05377055182650471  0.05653220215652177  0.05940584011912310
  0.06230725727925892  0.06535559663657843  0.06862308995975969  0.07216299364024878
  0.07593323392668661  0.07983391415864795  0.08394049181625433  0.08841978405468380
  0.09326672910085521  0.09831309808995929  0.10360250732719020  0.10919596944182698
  0.11521469496504556  0.12154686373872450  0.12811326477618093  0.13516293873291599
  0.14284943292565710  0.15129869884369165  0.16038174121632973  0.17018356048128078
  0.18083941794931843  0.19230924627461196  0.20474027762221475  0.21817741642384339
  0.23265178779936280  0.24798956703996991  0.26475345736578393  0.28280584631091027
  0.30231983108886701  0.32333570834898751  0.34684868443112177  0.37329051599153412
  0.40372514858161568  0.44181479460224182  0.52189672707207357  1.00000000000000000
 -0.00191913433806761  0.00786628611545512  0.01799852082735404  0.02818205051069835
  0.03870684972173244  0.04875514320190726  0.05861120848667562  0.06839791245899959
  0.07840237000708518  0.08833603255468755  0.09772209987295458  0.10696801304328632
  0.11604412873510425  0.12529527403768764  0.13471501993007295  0.14425908873056428
  0.15384908573907319  0.16331071707665989  0.17274170324362806  0.18244139986683441
  0.19234633026517445  0.20217919301477541  0.21198126486069127  0.22190693605544651
  0.23187196322733356  0.24202220340933464  0.25227790282936652  0.26273592990732775
  0.27321665358458985  0.28371687896189718  0.29426195367681462  0.30470498391438522
  0.31496288192928279  0.32519224485355713  0.33526438829452887  0.34537582349990781
  0.35498708659334355  0.36484440867713691  0.37494304378919657  0.38558794973040050
  0.39645529278011837  0.40727513716063751  0.41813720018612072  0.42893687135127861
  0.44005447230647649  0.45126170460327936  0.46248815909524488  0.47378632534661508
  0.48500503519213006  0.49609337842975326  0.50712471096105849  0.51823885316288687
  0.52909439695865612  0.53985303090721704  0.55047560227072090  0.56145318311522852
  0.57264205078595876  0.58392989807299778  0.59547387127265416  0.60711203297862759
  0.61863078090834311  0.62985620481275051  0.64082595622707073  0.65146264107796126
  0.66215729672761015  0.67313453613669039  0.68434607400882574  0.69555708027864693
  0.70693128071336819  0.71855246118073690  0.73010477977283661  0.74106268795804442
  0.75183074945210437  0.76248316712046493  0.77304058828244782  0.78337895704567062
  0.79309895863307345  0.80299657713222883  0.81320053267991277  0.82446091704115154
  0.83594191502426041  0.84720117449842136  0.85854002744188751  0.86959228314499160
  0.88053164040576926  0.89130801550675021  0.90180542944232345  0.91276265621730823
  0.92386862555522054  0.93525758090718736  0.94690626973148029  0.95835948326217191
  0.96899091792228731  0.97937147001932623  0.98914877866238926  1.00000000000000000
 -0.00210867987384150  0.00846471308488039  0.01838235179370363  0.02901180086125702
  0.03966166235282168  0.05016164587465961  0.06074481775659493  0.07137675991817560
  0.08168781027566850  0.09220318163002847  0.10267752325195229  0.11348370478216141
  0.12389412163241872  0.13455548223937219  0.14511379579123088  0.15592211092597680
  0.16681825807207382  0.17800418665217563  0.18855847573354187  0.19879996087241072
  0.20904171015605399  0.21982401323161291  0.23087544747089539  0.24147548929771473
  0.25229871818617089  0.26335622235640976  0.27430685422889411  0.28502313264882939
  0.29548287400497641  0.30632670823321356  0.31633815140154076  0.32651883629308454
  0.33648639225985655  0.34600472015840567  0.35601100537098412  0.36615248751194723
  0.37670934672032752  0.38752821351729666  0.39798597610079278  0.40861985415409080
  0.41892226689106543  0.42875108946095997  0.43857025197743682  0.44855880247545549
  0.45881220089714397  0.46934638750039442  0.48014540805680933  0.49127463830825785
  0.50247058801284517  0.51345040628215788  0.52452675401218585  0.53543206427138745
  0.54616381651594281  0.55658086760121850  0.56709992716651503  0.57757521598053141
  0.58825520808210396  0.59910025665543498  0.60981143089039391  0.62034390826895813
  0.63090846856663885  0.64144788291856580  0.65203744743409675  0.66233528185320167
  0.67270524395903497  0.68325829967465035  0.69379891300812546  0.70461036889915651
  0.71550751948654356  0.72667724707772730  0.73788775782238702  0.74891407473653626
  0.75984080753699601  0.77052471368543651  0.78102032930256737  0.79148197816072263
  0.80182654563499145  0.81202480882069572  0.82250622712287635  0.83294385051981534
  0.84340064023985106  0.85379307734829080  0.86412576045672596  0.87415420733001503
  0.88406689994669629  0.89414306039958535  0.90496365474830431  0.91594477201703373
  0.92685846023110452  0.93789406644749174  0.94877077040229885  0.95937108986957909
  0.96975465924219251  0.98009316506307353  0.98972944955714426  1.00000000000000000
 -0.00210093706304444  0.00858540872113702  0.01754814927154610  0.02643099924803030
  0.03492685944103989  0.04430440806397893  0.05435842074709811  0.06422765973614528
  0.07386243041579398  0.08350052389524856  0.09326296402538654  0.10287925808091437
  0.11221290013071901  0.12119151071634070  0.13028165146884066  0.13956109947602979
  0.14944473588913357  0.15912341952763681  0.16844756925597854  0.17798028130327270
  0.18763394284364251  0.19745646073219425  0.20699167954908676  0.21665761490213098
  0.22622578650413883  0.23612205688236634  0.24629525988366352  0.25666914386327283
  0.26694058579509206  0.27726566847624323  0.28760766416496947  0.29793050691602824
  0.30814639046389669  0.31861541548477168  0.32906484667193520  0.33933819712847973
  0.34951016751259406  0.35968310799872411  0.37069258685957740  0.38139893785518425
  0.39162708535287311  0.40098239271033898  0.41100767980244091  0.42143028454773035
  0.43200867810477422  0.44266717915762044  0.45319531363318960  0.46407047235235155
  0.47509665285943253  0.48608071075659681  0.49719408745022753  0.50838501422211191
  0.51970008235408460  0.53112945133691425  0.54202369287204266  0.55290117855855569
  0.56374327916288558  0.57522683522823626  0.58659413890073731  0.59793134179225671
  0.60918933967184441  0.62041383828851049  0.63162281333511361  0.64313809761045004
  0.65486768054222821  0.66647544431095385  0.67788339587341784  0.68928933468174425
  0.70088646823924405  0.71261269341560274  0.72422515236856388  0.73578627384699269
  0.74745338581007481  0.75876929899732026  0.77011899724640220  0.78149146202261810
  0.79310692879175593  0.80440439032517230  0.81527258326057395  0.82584778147885307
  0.83674179447329688  0.84776535821638732  0.85850699773130523  0.86907580550039942
  0.87965032216544126  0.89069447413986613  0.90184250290363543  0.91323819044867371
  0.92435944107785073  0.93537126818264293  0.94605583051286279  0.95723839966400737
  0.96809480313879981  0.97863374380624069  0.98913295331850826  1.00000000000000000
 -0.00246163647735582  0.00953116993293914  0.01958244774344736  0.03064220220334583
  0.04152405330415226  0.05233384254394497  0.06323225845053844  0.07419111060314203
  0.08472602245661498  0.09494422191075004  0.10518287347520368  0.11570960870807284
  0.12672377196901757  0.13765201739390520  0.14860523933041103  0.15934162167691640
  0.17001370023375137  0.18018873599587246  0.19037611058505563  0.20060072697234577
  0.21116936468502503  0.22180731985116658  0.23259991366735161  0.24345435179600719
  0.25438580296230145  0.26492918552898076  0.27505823317438460  0.28501369891081724
  0.29522654904565765  0.30612356238134930  0.31713937070895726  0.32809736992808025
  0.33882912768826057  0.34941102232121279  0.35992084085670839  0.37070270903847846
  0.38106230943266017  0.39119092789768067  0.40115429875761593  0.41124726741665119
  0.42165747016849076  0.43225438905775426  0.44313179573899469  0.45427220161702436
  0.46532564853898473  0.47636029345694431  0.48737112088378598  0.49836669795736876
  0.50894161413662564  0.51926371083050538  0.52929504848702225  0.53931251397448565
  0.54937719020940334  0.55951959881858937  0.57002868683294672  0.58085203302901822
  0.59174751559881600  0.60261380009354304  0.61345423648280473  0.62428781702617386
  0.63507184244107218  0.64569909834546979  0.65619750343057359  0.66626748106374256
  0.67582491527166066  0.68506632733740835  0.69525430157934354  0.70531508991226000
  0.71584729218172372  0.72603546181861622  0.73598565384313774  0.74583550541341403
  0.75577313289905468  0.76643073403540773  0.77744607240461838  0.78808496849450915
  0.79855949956689642  0.80904433031201428  0.81948115469124416  0.82989494391104979
  0.84027375221213485  0.85087801422290077  0.86145307423602202  0.87233045073308768
  0.88310221804267297  0.89409817287634485  0.90504676372742032  0.91584639742400464
  0.92643987400750005  0.93699175927989031  0.94760776373456046  0.95857234453136697
  0.96903461151443293  0.97945657695971711  0.98979784637902479  1.00000000000000000
 -0.00180498761249445  0.00793698386571220  0.01798658179851016  0.02830834261910835
  0.03896177069383047  0.04913299451462697  0.05906409744268071  0.06915243083443344
  0.07911651293235612  0.08930943995214674  0.09923200596968444  0.10895972889361678
  0.11846911401043188  0.12832898022320741  0.13830412674624915  0.14904248342887511
  0.16024954475665154  0.17135585867143444  0.18208761466334045  0.19245721610273064
  0.20280456402668773  0.21340846439144384  0.22429874283482076  0.23523609231768292
  0.24598642386256353  0.25640612364172016  0.26648985426536742  0.27679302226511410
  0.28743622881799180  0.29828050907555886  0.30911347716353721  0.31992027863651840
  0.33085207424749302  0.34179201200060139  0.35263828469645730  0.36339349483432498
  0.37414224837148180  0.38466277606302984  0.39518765496694774  0.40574306747751909
  0.41648449023373280  0.42721939139056364  0.43784837207668031  0.44831949598884391
  0.45871970427193387  0.46923900828039222  0.47981444600244916  0.49039413701083590
  0.50109413857781793  0.51201382149405605  0.52290901013623725  0.53338111288583401
  0.54362005281025305  0.55383460324468570  0.56447707163316274  0.57523937115559742
  0.58618646935109264  0.59712728415931871  0.60810660379270920  0.61903237268466416
  0.62993892242133720  0.64071280665970087  0.65154244489717139  0.66235395008333986
  0.67319642620713738  0.68394146684427259  0.69452829561439400  0.70508246212046310
  0.71554881115240698  0.72604542280179407  0.73625005820904876  0.74663128750888030
  0.75707692102019619  0.76788225237315233  0.77862800910372643  0.78938973900637865
  0.79998164750815448  0.81072141739725989  0.82139053406811779  0.83212104751190730
  0.84272914379362918  0.85331049619583632  0.86378938945383499  0.87421680754155640
  0.88454213630216494  0.89498808568042787  0.90563435530503911  0.91637792842060728
  0.92702517199700851  0.93737636585057926  0.94751110349862411  0.95753171805315274
  0.96769027440982958  0.97816295368433137  0.98867865833894952  1.00000000000000000
   1.2128467761438204E-011  -1.0000000000000000     
 F F F F F F F F F F F F F F F F F F F F F F F F F F F F F F F F F F F F F F F F F F F F F F F F F F F F F F F F F F F F F F F F F F F F F F F F F F F F F F F F F F F F F F F F F F F F F F F F F F F F F F F F F F F F F F F F F F F F F F F F F F F F F F F F
  <DiscreteSampler_grid>
  grouped_processes
  1 # 1 for a reference and 2 for a running grid.
  10 # Attribute 'min_bin_probing_points' of the grid.
  1 # Attribute 'grid_mode' of the grid. 1=='default',2=='initialization'
  0.0000000000000000 # Attribute 'small_contrib_threshold' of the grid.
  0.5000000000000000 # Attribute 'damping_power' of the grid.
 # binID   n_entries weight   weight_sqr   abs_weight
    10   10   2.184849342322292E+000   1.710875280704128E+001   2.184849342322292E+000
    16   10   2.184849342322292E+000   1.710875280704128E+001   2.184849342322292E+000
    22   10   2.184849342322292E+000   1.710875280704128E+001   2.184849342322292E+000
    28   10   2.184849342322291E+000   1.710875280704128E+001   2.184849342322291E+000
  </DiscreteSampler_grid>
