  0.00022982763225588  0.00030499709629575  0.00035029095571370  0.00039293169506147
  0.00045110940906761  0.00058078242592399  0.00089438489673619  0.00133602748616469
  0.00172832304474860  0.00210439834291033  0.00251272054147072  0.00296632336049638
  0.00347271354660495  0.00404099998688946  0.00467807784846093  0.00540915305320660
  0.00627339219449536  0.00728663475833161  0.00840027679910519  0.00966373088357459
  0.01114385959173690  0.01285902117423243  0.01476924781983645  0.01690297741538511
  0.01925348999010413  0.02194345023136157  0.02505265530897409  0.02862709849428402
  0.03276447481833775  0.03750072696264482  0.04278078667012925  0.04811322940374795
  0.05290119183547441  0.05660543940357161  0.05914714822077834  0.06095970415429226
  0.06227605237415466  0.06323371048480070  0.06395221985793673  0.06451500114322577
  0.06496835806542382  0.06534228031867222  0.06565881999758340  0.06593251507152753
  0.06617308025438430  0.06638680130535217  0.06657756397226523  0.06674984160759134
  0.06690962861280342  0.06705964741099722  0.06720142807697538  0.06733678994725037
  0.06746713522658511  0.06759375768827418  0.06771783961387495  0.06784011972721982
  0.06796141777444391  0.06808362375561562  0.06820794321352272  0.06833461792400107
  0.06846446009799269  0.06859823699252451  0.06873792787407222  0.06888627929518780
  0.06904488799060307  0.06921692700628079  0.06940565743080253  0.06961398680492745
  0.06984551075047467  0.07010552103322866  0.07040359392014911  0.07075438251354814
  0.07117513354340228  0.07168857362422972  0.07233174814653338  0.07315122932091123
  0.07421640348194473  0.07564705599578052  0.07767941725709179  0.08061798844842030
  0.08486908336846757  0.09104127943330069  0.09953401940795779  0.11086239996281445
  0.12549690745872830  0.14469670953941272  0.17014428968431211  0.20469313976060055
  0.25053790337589693  0.30997829756539474  0.39727777284023913  0.50374006744776856
  0.60461179574911839  0.69263691106484448  0.78866221581032347  1.00000000000000000
  0.00014739776320311  0.00024801134084641  0.00029428254335707  0.00033648598676523
  0.00038745069020616  0.00045824475955098  0.00067716478926718  0.00116480005663614
  0.00168513786912486  0.00213230682976258  0.00262992696101421  0.00318530400247081
  0.00378618816428527  0.00447512477438717  0.00529792617358044  0.00629073606802652
  0.00745669519145040  0.00881932008672493  0.01041755706372647  0.01225048166237349
  0.01432658401174175  0.01672112373198432  0.01932451168691351  0.02228249462642219
  0.02584036859554692  0.03022818778381456  0.03521565432549616  0.04067842874465757
  0.04643999370439433  0.05168376159308118  0.05583803258296295  0.05876362579115278
  0.06080949933296968  0.06224658278651107  0.06326237170640280  0.06401280030735847
  0.06459519494472230  0.06506164845282578  0.06544255181785204  0.06576128624952016
  0.06603528820638588  0.06627651455470755  0.06649227793317096  0.06668681252310379
  0.06686248856937931  0.06702391522215675  0.06717720767303527  0.06732282819715307
  0.06746213118869511  0.06759619799314646  0.06772757132436202  0.06785746244790788
  0.06798732961307360  0.06811800419054843  0.06825059333727648  0.06838651080536970
  0.06852804714275504  0.06867628093238229  0.06883264319460088  0.06900000652132790
  0.06918138582968682  0.06937969859156518  0.06959861648583071  0.06984390469253089
  0.07012569685280541  0.07045577197021792  0.07084668031800508  0.07131872132301786
  0.07190378855028065  0.07265015362804751  0.07363308337622249  0.07497101321070369
  0.07686967280328454  0.07958947787206147  0.08345473225150253  0.08907064432761350
  0.09735611184171064  0.10945588461534855  0.12645813904749512  0.14837109464836196
  0.17570667154671110  0.21019338332167498  0.25651860029837809  0.31982497837153678
  0.40609534486933058  0.50193583843305833  0.57266940687115531  0.62468714182640772
  0.66487683097898953  0.70026123807796525  0.73642274431049937  0.77060196536170578
  0.80462531033458506  0.84526899127314270  0.89811124006243537  1.00000000000000000
  0.00038776371114067  0.00075895032704684  0.00097058948446825  0.00118150073956404
  0.00141455655954919  0.00167087869118935  0.00194877268520467  0.00224694668776788
  0.00257149943583275  0.00292845718768877  0.00331276725612551  0.00372515351515887
  0.00417599151558682  0.00465998589691973  0.00515266402435281  0.00564201436621262
  0.00611977145496303  0.00656582418623379  0.00700621327911407  0.00744715292438792
  0.00788976226561154  0.00836260493472864  0.00886711354319484  0.00940798717004122
  0.00999018250136685  0.01059898491738681  0.01123259574137831  0.01189827756918105
  0.01260293954500480  0.01334206911640734  0.01411424448983872  0.01490505911093992
  0.01571609050965716  0.01656372316295240  0.01745750402164183  0.01840296244193532
  0.01940585786907105  0.02046299319092885  0.02156415053025458  0.02267373332707009
  0.02383286067498579  0.02506626319314158  0.02637323516079574  0.02771130441912058
  0.02909213057657235  0.03053827452572044  0.03210658210995725  0.03378367328030064
  0.03557574587660579  0.03745366813809423  0.03938726398524631  0.04142710326443286
  0.04355596859195202  0.04584500270289838  0.04824329336395428  0.05072085134764973
  0.05330254232516523  0.05600397090297130  0.05887458219863963  0.06190331500332635
  0.06499611746238970  0.06819000352206392  0.07163611393061323  0.07528166784399647
  0.07932007793250434  0.08360149207580077  0.08803707012852406  0.09260568666004096
  0.09742175839081255  0.10273265198979849  0.10833934387714576  0.11423530908290976
  0.12021509155637550  0.12680175131401814  0.13400306302850343  0.14201110713345244
  0.15022845825965253  0.15862619749762774  0.16731350477929835  0.17696220860770695
  0.18784286919505314  0.19968970513388712  0.21217232767875124  0.22506093445549291
  0.23876793191307696  0.25380207392019538  0.27068217147026963  0.28864846769468855
  0.30784645836253477  0.32803559380943809  0.35079091642582139  0.37673823031726728
  0.40822104129815645  0.44723075411643548  0.53469394779703983  1.00000000000000000
 -0.00213608556281266  0.00853505997818707  0.01829073140759950  0.02783777888970607
  0.03728781142985883  0.04712819309521254  0.05672524253473640  0.06592174906138523
  0.07483106960574977  0.08365016690418368  0.09264513999927382  0.10175725117252955
  0.11061449811638863  0.11953499315654773  0.12915486282601152  0.13881271117497582
  0.14848043014565462  0.15799690372999375  0.16738671591281765  0.17690434842648856
  0.18644211892932430  0.19594119611025418  0.20554964890555358  0.21530065504290641
  0.22562531333006153  0.23540060123672604  0.24483914059515402  0.25453281395965383
  0.26442002631612310  0.27444332398604404  0.28439099270079360  0.29424668869820092
  0.30458522002455490  0.31519530607121637  0.32570223539664012  0.33610101052846003
  0.34658241441362331  0.35730642506635524  0.36829234923820620  0.37909037468873258
  0.38973223181301908  0.40024117044378105  0.41092218074921999  0.42172247619401959
  0.43278550190004622  0.44393038301872756  0.45510762914934266  0.46640911862176965
  0.47738112159306867  0.48817450923922540  0.49909052677147409  0.51022906900927067
  0.52131197702585941  0.53206175954381818  0.54277285052420554  0.55392601723265966
  0.56508719041787725  0.57616317064588352  0.58731934262166385  0.59853186458830587
  0.60982272132190662  0.62104239786721149  0.63242564160598647  0.64351809374373348
  0.65457655534358017  0.66583241827443007  0.67694579728473370  0.68799021767855739
  0.69937788979503879  0.71103120846649537  0.72258813387102538  0.73394695811873878
  0.74528888639783419  0.75639209358051951  0.76729316142468029  0.77816748918581558
  0.78916243522420915  0.80050518722896091  0.81166624658024400  0.82225835745590048
  0.83265458154226457  0.84319471657526035  0.85416617518685800  0.86549983231550076
  0.87669972422656717  0.88726972563855322  0.89771596960526023  0.90851435062918273
  0.91944968680932870  0.93067850013756215  0.94201403556479790  0.95359997600638069
  0.96547511325773849  0.97725210694542208  0.98844552691509902  1.00000000000000000
 -0.00215245699281333  0.00855287345448802  0.01919734558232917  0.02904148036849881
  0.03976034317963849  0.04975195937612997  0.05954438612784090  0.06927853152562780
  0.07958610087748579  0.08995092945660066  0.10089139453265196  0.11179535805787549
  0.12272394881410914  0.13347176799630622  0.14400729481720945  0.15468277690230964
  0.16544679610153296  0.17638186063219655  0.18718217158717160  0.19768810783953147
  0.20788041550959108  0.21835256802588196  0.22893681375855587  0.23927763873106356
  0.24952323025580964  0.26003142673343599  0.27095719852887107  0.28169792438784252
  0.29197179806060458  0.30232810382834924  0.31287756226923802  0.32391636615780411
  0.33502115914809455  0.34597506664598765  0.35669223947490919  0.36737360624001092
  0.37797074246064710  0.38826783388816544  0.39851739440280798  0.40892938250376820
  0.41974059382513979  0.43061773955949112  0.44131073134865378  0.45187578227597330
  0.46246273347786532  0.47327547463819714  0.48417188732626359  0.49465917648224900
  0.50520803237182843  0.51563584402769713  0.52576588336334784  0.53572402701146404
  0.54571010101148854  0.55596871682842586  0.56679079555343248  0.57765278787440699
  0.58874544295020570  0.59964205754078603  0.61041118014225859  0.62039371377478569
  0.63017717828571806  0.63927401432306530  0.64927710733834687  0.65967221133182008
  0.66999499783503491  0.68018177998020291  0.69005912639047595  0.70027807243799378
  0.71086990313998299  0.72184348946089660  0.73278095012042621  0.74359897834483291
  0.75444897242501041  0.76523463973132722  0.77588911620066525  0.78647268044333096
  0.79710232304731310  0.80789002774898455  0.81900008789621648  0.82971735305854599
  0.84051130402653706  0.85122926470651039  0.86178384521630036  0.87275112813789868
  0.88346352908753212  0.89385803272325182  0.90421463707411609  0.91458601333748735
  0.92549759332199855  0.93637810220168416  0.94767773924271537  0.95814206634009014
  0.96858657614049426  0.97886466600548194  0.98933748425548107  1.00000000000000000
 -0.00214170343252839  0.00861740689687910  0.01848268117392705  0.02842126895459478
  0.03849685894849915  0.04795419772286131  0.05675465414597047  0.06517653214651103
  0.07342721318522030  0.08211248154164992  0.09114043910794621  0.10050877142803741
  0.10993479244656987  0.11934745690507978  0.12876433654733008  0.13825756286198182
  0.14795594210668359  0.15759418548802631  0.16709475697354390  0.17637039779108296
  0.18560097701305417  0.19508409653622413  0.20486861014310892  0.21484603140558423
  0.22496480585483478  0.23531478909578357  0.24551231311928970  0.25547177709550489
  0.26530585868827222  0.27535768037095620  0.28570382661095167  0.29613146170783700
  0.30667399602733225  0.31724255668471829  0.32772353585348113  0.33774844261709602
  0.34794335073446420  0.35843352939562140  0.36921054032488204  0.37981282949678385
  0.39033015714860886  0.40088451534489111  0.41171571951135733  0.42271346981642693
  0.43385697284780755  0.44496829739777383  0.45603614604974030  0.46714544996382634
  0.47831155836581235  0.48957871151355142  0.50081982276551329  0.51197608742130807
  0.52327122499157186  0.53459460758441657  0.54583623485391330  0.55686520835081055
  0.56793321855512902  0.57922459062557474  0.59056932859907108  0.60192700833279134
  0.61311289070680708  0.62445100843294776  0.63574553041338067  0.64726542309115020
  0.65878894255694675  0.67001871295249316  0.68161534976839477  0.69312704966352645
  0.70482978478333214  0.71645107305079048  0.72805403021176762  0.73968260323194213
  0.75128551269016541  0.76279346067423581  0.77438425570160407  0.78538505603685316
  0.79676601323832252  0.80817208710915878  0.81930382904237742  0.83056534879875810
  0.84195525474789790  0.85352141873368814  0.86479331513912749  0.87527354270376101
  0.88536138444661472  0.89532471876627218  0.90527386225736228  0.91541618767308053
  0.92557743526583902  0.93577654268996946  0.94606339310826804  0.95654564357758798
  0.96752966593912404  0.97859385591047743  0.98942114196373088  1.00000000000000000
 -0.00189128269088540  0.00806558672244296  0.01769428105575467  0.02797272766464244
  0.03838051737532235  0.04899176728118349  0.05975672891531752  0.07033569609534596
  0.08071088445940547  0.09115043368368940  0.10182440460540620  0.11264571673348464
  0.12334008799203375  0.13370676337441109  0.14405040447267017  0.15453768756818301
  0.16518896199935693  0.17581234385657929  0.18625882792961135  0.19660732605743561
  0.20707758025415759  0.21766912587347956  0.22824860684153278  0.23877244641511153
  0.24931302407050138  0.25987439639668408  0.27035080271659179  0.28084772556896531
  0.29142478685215445  0.30210191628193567  0.31269674629605287  0.32327019459203082
  0.33372958985840456  0.34413528851967101  0.35447247055334119  0.36487104324672004
  0.37541392366272047  0.38626804023961947  0.39728769871122999  0.40814085058936411
  0.41868980701819331  0.42910591286463667  0.43973077702384994  0.45065172020088684
  0.46175681949772474  0.47286924214082127  0.48385412295748631  0.49469299730820721
  0.50536713609199280  0.51605641159744575  0.52682865167158033  0.53754627297966739
  0.54800427033608101  0.55806731398307130  0.56822438298430522  0.57848467196683362
  0.58923684357280626  0.59987519176365423  0.61058705463598195  0.62124802233073251
  0.63182144526083550  0.64242181812594390  0.65338476826246195  0.66460598338807186
  0.67599403673475222  0.68677627886435488  0.69707937285235144  0.70738445727606902
  0.71756336582505786  0.72826435146757396  0.73897136655855289  0.75000013502022478
  0.76093013327272030  0.77168895212964417  0.78216438864063964  0.79255254606364967
  0.80287155305361246  0.81318033130674983  0.82349544895415716  0.83402891758280295
  0.84426803702403763  0.85437522891112971  0.86417406560189658  0.87402156354308713
  0.88414193965785703  0.89445374506402486  0.90507320897480448  0.91594837339549984
  0.92675379087567888  0.93774853537818958  0.94836469103698418  0.95901029165159357
  0.96970627690930677  0.98012968702155645  0.99003720747709989  1.00000000000000000
 -0.00234960229947777  0.00902938086975667  0.01898953892034150  0.03010812164929998
  0.04122678769002518  0.05250851086018773  0.06319056830087037  0.07346851028478550
  0.08392319577650195  0.09425749460210466  0.10513790030322227  0.11579104288651580
  0.12642836111906522  0.13687773963197417  0.14730571978310941  0.15820547922937020
  0.16892080342628818  0.17976523482810192  0.19087491705466125  0.20131016162027329
  0.21167627853878360  0.22208254070055314  0.23276421524464794  0.24343240048609607
  0.25430043143819853  0.26513504583849057  0.27539534251544973  0.28534461545880746
  0.29538115776151253  0.30571363836286536  0.31626790169830643  0.32687439498781462
  0.33746640463383770  0.34774261986313071  0.35800864446311542  0.36854684238577445
  0.37936773679389940  0.39017115175868800  0.40093192357789065  0.41179451901018882
  0.42269045557043056  0.43367180339515132  0.44470283205742467  0.45554771641269753
  0.46613849197851864  0.47656277268631303  0.48717003751454313  0.49808548098739430
  0.50887500366556448  0.51959017286160381  0.53020717766569514  0.54106408729770228
  0.55184786006985675  0.56236902531155164  0.57273202337126061  0.58329010551690563
  0.59407329951008858  0.60479844726212617  0.61496417781030821  0.62438687453318742
  0.63371294889134322  0.64335922202491791  0.65386876639489222  0.66452560937106075
  0.67490776207695236  0.68529649769994982  0.69572688229865975  0.70609013470202409
  0.71603993882062755  0.72594892203418704  0.73612523434016575  0.74695692781499756
  0.75770699098941929  0.76900783866068223  0.78005824677758928  0.79127620768046159
  0.80209886603638048  0.81284752834287499  0.82359458544399400  0.83430265296979367
  0.84502485735794919  0.85529505861507327  0.86530650831443390  0.87559027214745444
  0.88602115702928164  0.89566638017148681  0.90504836361683638  0.91450973334328245
  0.92472336466699234  0.93542832169498591  0.94587895179624759  0.95669760070589238
  0.96767883884136929  0.97850195590142974  0.98947717151080561  1.00000000000000000
   1.1773877104011082E-011  -1.0000000000000000     
 F F F F F F F F F F F F F F F F F F F F F F F F F F F F F F F F F F F F F F F F F F F F F F F F F F F F F F F F F F F F F F F F F F F F F F F F F F F F F F F F F F F F F F F F F F F F F F F F F F F F F F F F F F F F F F F F F F F F F F F F F F F F F F F F
  <DiscreteSampler_grid>
  grouped_processes
  1 # 1 for a reference and 2 for a running grid.
  10 # Attribute 'min_bin_probing_points' of the grid.
  1 # Attribute 'grid_mode' of the grid. 1=='default',2=='initialization'
  0.0000000000000000 # Attribute 'small_contrib_threshold' of the grid.
  0.5000000000000000 # Attribute 'damping_power' of the grid.
 # binID   n_entries weight   weight_sqr   abs_weight
    10   10   3.421482397060590E-003   6.112755512796797E-005   3.421482397060590E-003
    16   10   3.421482397060590E-003   6.112755512796797E-005   3.421482397060590E-003
    22   10   3.421482397060591E-003   6.112755512796801E-005   3.421482397060591E-003
    28   10   3.421482397060591E-003   6.112755512796801E-005   3.421482397060591E-003
  </DiscreteSampler_grid>
