  0.00019139454033416  0.00025202516395655  0.00028754652555323  0.00031828925592679
  0.00035496230437553  0.00039706216948828  0.00045257742267249  0.00059540772627913
  0.00097318916751828  0.00145421172990013  0.00182879041987770  0.00223492105353882
  0.00268905251493734  0.00317549105266138  0.00369231238337817  0.00427239974504632
  0.00492892579708731  0.00569526516155004  0.00658285637120619  0.00760113803131647
  0.00878300323120013  0.01012393315050591  0.01166125851323271  0.01344588644940464
  0.01550991546180410  0.01788589065808747  0.02061077061274857  0.02376911535962630
  0.02739220928102832  0.03152806227672708  0.03625483318556278  0.04149345978148219
  0.04687518334352811  0.05183576127979365  0.05583826066487184  0.05872288380646663
  0.06074246960307381  0.06216518009168821  0.06318720615076688  0.06394620734784458
  0.06453119220283129  0.06499574590813852  0.06537473050392159  0.06569303152235521
  0.06596730571196251  0.06620809394220416  0.06642233892351185  0.06661476666842171
  0.06679021883464087  0.06695329226564391  0.06710635110652942  0.06725031003862994
  0.06738707967887861  0.06751906774706537  0.06764791393821458  0.06777472731158786
  0.06790051150408931  0.06802681377987517  0.06815397343768725  0.06828294586570487
  0.06841546943903438  0.06855274483812919  0.06869652111523920  0.06884781630331607
  0.06900831450252530  0.06918288982806722  0.06937495578540054  0.06958843962041905
  0.06982782761332697  0.07010077331669516  0.07041778554840773  0.07079118260208159
  0.07123963986420288  0.07179090769341119  0.07248713320473166  0.07338910579901696
  0.07459077079000608  0.07625779510288266  0.07864347670155374  0.08206027863964313
  0.08703233827378555  0.09444492065642793  0.10509477001559564  0.11971900898140335
  0.13829593220955955  0.16203458490981396  0.19262939046302296  0.23282891097298730
  0.28629551838074108  0.36045474460175153  0.45835410696618883  0.56498371909200062
  0.66795593196841918  0.79061066696044069  0.90801091308144477  1.00000000000000000
  0.00013867933448908  0.00024729589010612  0.00029769114413018  0.00033950350300839
  0.00038670125346391  0.00043765380949953  0.00059889742242345  0.00102490843302377
  0.00153193131995856  0.00194909011655768  0.00241046907176607  0.00295753543373884
  0.00360430083260008  0.00433912238023729  0.00519533905220428  0.00617523140911396
  0.00729546480408989  0.00858271735853748  0.01004378836017748  0.01171699009035897
  0.01361772200349182  0.01579767640534907  0.01835831845165943  0.02141615123176586
  0.02513418577554342  0.02940706409051438  0.03414538175039791  0.03934692721518633
  0.04494135707728038  0.05047287341805790  0.05504610138081609  0.05834404756836070
  0.06055058596357552  0.06209678450010570  0.06318082689371138  0.06397368483596569
  0.06457554120954044  0.06505039374900760  0.06543830914650220  0.06576553333341224
  0.06604391200996471  0.06628352759266190  0.06649626678774247  0.06669109325672762
  0.06686933072882206  0.06703303604862697  0.06718620093503555  0.06733205487844081
  0.06747255131399399  0.06760820585045409  0.06774078518016850  0.06787222372832506
  0.06800351736306653  0.06813519926469173  0.06826890876753211  0.06840739195889177
  0.06855161420500860  0.06870204983582959  0.06886122462909663  0.06903312913348619
  0.06922071089991945  0.06942623266537276  0.06965255909247149  0.06990710427194970
  0.07020456628906564  0.07055489890195507  0.07096784439958698  0.07145468936461620
  0.07208994011436107  0.07291094187371343  0.07399334286107055  0.07544943326398636
  0.07757894339560793  0.08082736041004680  0.08579195857670845  0.09297574176655043
  0.10298440353151211  0.11697255584368024  0.13584188459911692  0.16040150056293112
  0.19237819437856471  0.23524616341343016  0.29275220023590776  0.36801147953667934
  0.45535969304324719  0.53381121905586104  0.59448372101583613  0.64087868395619141
  0.67853012891810272  0.71233929882627445  0.74315902506823317  0.77250627482482870
  0.80368512283173643  0.84394373698970948  0.89528424922894323  1.00000000000000000
  0.00061370713771507  0.00105187607566951  0.00129872387463110  0.00153315642569670
  0.00179270330758332  0.00207156298056692  0.00237192322103320  0.00270329940760305
  0.00306458515670693  0.00345675976109060  0.00388627774897669  0.00435390161103780
  0.00484736156463446  0.00533411283574444  0.00579632897874421  0.00624673584430580
  0.00670690863320469  0.00718401694313373  0.00766918484367455  0.00816569692718522
  0.00867598689627544  0.00920556169646163  0.00976637031770103  0.01035704038411329
  0.01096374173195589  0.01159953233819688  0.01226077348504605  0.01295208072983526
  0.01367688465306831  0.01443281047975200  0.01522477415991729  0.01605941216702006
  0.01693204269956881  0.01785306123203263  0.01883743134275705  0.01988098484419002
  0.02096799810546487  0.02208835992080511  0.02328156200920243  0.02454274768304996
  0.02585898204309229  0.02722673285985111  0.02864184102491538  0.03010022923137383
  0.03156774797068754  0.03306572014521990  0.03459337573649111  0.03628530996371614
  0.03818477431664224  0.04015492880943779  0.04217800756406873  0.04425115083147008
  0.04645277787260685  0.04878773787224131  0.05132411887112727  0.05381250029756165
  0.05636211374171139  0.05892230096974405  0.06165140296123617  0.06459643906227382
  0.06768686404341424  0.07102482719020806  0.07443447436465218  0.07812876482416944
  0.08199500314200898  0.08615209012234341  0.09060718987309431  0.09507541965083301
  0.09969080093823515  0.10453988214939809  0.11004212347041310  0.11603241676408975
  0.12244502375702458  0.12929709466446554  0.13666060278217007  0.14458541104335637
  0.15312112345439810  0.16225783421799575  0.17195269789166237  0.18223085614812079
  0.19321131657747309  0.20498851844802113  0.21757592253896033  0.23085148951070517
  0.24497771284804271  0.26003022489321942  0.27621603745794149  0.29354151407410922
  0.31234687461455973  0.33319051305265718  0.35629084484568158  0.38241231786273938
  0.41396242638018121  0.45353144217125535  0.52633929958003500  1.00000000000000000
 -0.00196277258190186  0.00783336263465731  0.01781389121268076  0.02810730847706233
  0.03817210177156984  0.04783710514895674  0.05693933751660591  0.06628712598498231
  0.07579307555720649  0.08535436078070781  0.09468463449837716  0.10385745048635334
  0.11310731131232819  0.12257131390877056  0.13211849202985676  0.14174621259959330
  0.15117878726147069  0.16062841560750910  0.16991463895933007  0.17924435621933540
  0.18872405754718510  0.19806033891499844  0.20740697360351781  0.21683979070891587
  0.22671955560696100  0.23697191196759201  0.24734759806559778  0.25764398389179022
  0.26783571669586764  0.27803925917520900  0.28845854266254856  0.29913786792073288
  0.30994661193353001  0.32073056012882728  0.33141215978411792  0.34196830566078928
  0.35231143151744909  0.36259155038261998  0.37296234739349060  0.38346566402133531
  0.39384920552126412  0.40420958928470235  0.41451919007128873  0.42500337821272482
  0.43562950447946813  0.44649376389050144  0.45754702483751025  0.46850087745806862
  0.47942655926927069  0.49030649141178884  0.50139302139563124  0.51263358893177191
  0.52396500314477878  0.53530906351086260  0.54646068841229212  0.55759027312942799
  0.56890594115457149  0.58012994291365061  0.59105969445723272  0.60216126147438731
  0.61367066090909927  0.62518144748480253  0.63635961678516262  0.64739563019314161
  0.65868865262062026  0.67021716469895110  0.68184166900475329  0.69343817496338600
  0.70496456159242327  0.71641324955022734  0.72767968280897399  0.73901759437976833
  0.75033175451316103  0.76145352850695258  0.77242358196327499  0.78360098220021157
  0.79414613774523801  0.80447774380714743  0.81452556950175947  0.82553814642269929
  0.83672206903401625  0.84793455835528375  0.85917281822976344  0.87008093518831120
  0.88102676396677859  0.89233881976708296  0.90432304329180635  0.91605577200707133
  0.92700700480038600  0.93725035379996569  0.94770955503042054  0.95858778268639588
  0.96918553803968199  0.97972496770594264  0.98949065018222271  1.00000000000000000
 -0.00214397113765793  0.00862461065550240  0.01986452359362159  0.03089832162005144
  0.04130670938559753  0.05237190193735910  0.06202097533501646  0.07312232065303922
  0.08333240956264416  0.09398092052132173  0.10483872676033890  0.11599897133919250
  0.12649362322651611  0.13711375612130317  0.14777683122182225  0.15837327797994719
  0.16899528673478115  0.17939372918741112  0.19011312084550025  0.20098224897361319
  0.21184620361664200  0.22274032661753884  0.23349132214444815  0.24424305292453585
  0.25473421435505017  0.26493061910065552  0.27509749364601088  0.28558252216705560
  0.29636953633781549  0.30738033390180292  0.31809678005147879  0.32859070511039834
  0.33911643141190845  0.34982111463574733  0.36049449696117802  0.37087714331464711
  0.38119558290650585  0.39168784180904143  0.40226775487278099  0.41277941512170985
  0.42340043803006505  0.43368453880171987  0.44396734714746605  0.45393629953066628
  0.46453103826871311  0.47502313867629631  0.48575115715759515  0.49650099225421435
  0.50736161857208384  0.51820580730165167  0.52893556762195715  0.53936657657867704
  0.54983844660165737  0.56025280523958776  0.57072213902728719  0.58136163386213779
  0.59184247327062400  0.60197867412232542  0.61183630942987510  0.62180100054669263
  0.63198415488524806  0.64256184178881959  0.65295213830648635  0.66273163828116111
  0.67250365934494583  0.68282881780027715  0.69378733526159952  0.70477753832854406
  0.71536436831132333  0.72592516698530896  0.73650683187473565  0.74717088036344148
  0.75777740808329508  0.76835416768495646  0.77897612021902973  0.78959427079340239
  0.80008537990501483  0.81071760885953814  0.82125505670015109  0.83181512439110228
  0.84191236796525837  0.85214948132137036  0.86249005700995307  0.87319480616631073
  0.88388317168112640  0.89462875234338979  0.90531342174788754  0.91607355546872626
  0.92677965903315762  0.93750476752362466  0.94823400939603564  0.95894374641230262
  0.96973023227681854  0.98037050726082298  0.99044620541771689  1.00000000000000000
 -0.00190290079768935  0.00781140197183315  0.01791967578842135  0.02754736082534784
  0.03742919232384249  0.04667557359620025  0.05604928410935517  0.06537605301268601
  0.07488581309316168  0.08425235653406930  0.09358288916881856  0.10304165504289187
  0.11255537147135282  0.12216473527459673  0.13177240266078943  0.14152976812792525
  0.15132357191685850  0.16091747117913424  0.17041799499151866  0.17984992950125417
  0.18886384837639339  0.19812784593878072  0.20760602794580649  0.21747506702975511
  0.22733665585627519  0.23719543579189323  0.24714119832691503  0.25720145463605709
  0.26735463189800146  0.27753078216630189  0.28754211041392114  0.29726580243462386
  0.30724650539901222  0.31741971488553833  0.32809284694316432  0.33883804814179375
  0.34962102015717939  0.36045354152289044  0.37134740943172689  0.38225234571000233
  0.39313406037439219  0.40387433098931674  0.41464911536074267  0.42528813309776936
  0.43606218909042543  0.44690936075219623  0.45789217815773919  0.46865809451145085
  0.47947535411917147  0.49062433990452470  0.50190702589471559  0.51297233342040827
  0.52399815632188551  0.53519983861095621  0.54641648139025945  0.55752457589119908
  0.56867431387388767  0.58004914847223921  0.59147591610757255  0.60294096535697661
  0.61427925442768549  0.62560345231082259  0.63658179495797240  0.64769578653534687
  0.65899877797542805  0.67070227545850136  0.68226800875793203  0.69336405151387626
  0.70412258252556925  0.71492496200521172  0.72614145988312129  0.73745085027820878
  0.74884470302588313  0.76042167696063334  0.77177569518670774  0.78278188263754056
  0.79354071490239275  0.80438064292186784  0.81539519554431572  0.82617862793447749
  0.83666469020390632  0.84763104502183861  0.85826733824192003  0.86935616356036549
  0.87986736201099025  0.89065599131108442  0.90110966533252612  0.91155771264829644
  0.92232366188316262  0.93334499677331495  0.94446626916856702  0.95542244071640092
  0.96682679902965984  0.97865795447812975  0.98951258022912159  1.00000000000000000
 -0.00225787160279340  0.00869211681830625  0.01902323611185533  0.02950366310734164
  0.03944077537587850  0.04939305670414528  0.05946317856193058  0.06929055722747596
  0.07916298300052946  0.08935424574962395  0.10000684551442335  0.11036122421200489
  0.12036759197425996  0.13042317131486725  0.14046052416877131  0.15085618946988666
  0.16141226693690966  0.17193383027349551  0.18244814841902565  0.19279587146468721
  0.20348111874520430  0.21424548330359905  0.22508265101623856  0.23593821879361815
  0.24683194529370434  0.25772989027761184  0.26825320888185444  0.27847566116256861
  0.28864790481988079  0.29899881156738273  0.30972639114704170  0.32048218504185821
  0.33111713606168275  0.34157636974878108  0.35182877901363491  0.36223337789361004
  0.37301057166946028  0.38414844806132203  0.39514340112535790  0.40606522920947147
  0.41689643263804904  0.42769726633898814  0.43874238994550396  0.44982171181055142
  0.46032983878134759  0.47046667124140368  0.48044907101665335  0.49105771787887087
  0.50176077540261743  0.51213339571042238  0.52259436854692576  0.53329358570190899
  0.54411460635034514  0.55466040172063991  0.56504417078852098  0.57564551104118422
  0.58604914398143293  0.59683453906376693  0.60783765036865267  0.61905919364450523
  0.62984644887156527  0.64013192207802105  0.65084629034030239  0.66187538732031082
  0.67247878439276521  0.68301282232031246  0.69348245541518960  0.70447228584001786
  0.71445775061178063  0.72392000059585782  0.73392816500200009  0.74444646510079937
  0.75491096696148574  0.76519950707802475  0.77579611807077864  0.78668676979058549
  0.79746841049127470  0.80815942345973424  0.81874044770608201  0.82936365799637712
  0.83999919896455200  0.85066301559599633  0.86124416856715191  0.87207294521104928
  0.88282193925120434  0.89376895716505511  0.90455051596663427  0.91525661479565368
  0.92527133228090763  0.93590094419149916  0.94551759375491062  0.95628172303600800
  0.96704663584290762  0.97767793586675444  0.98882133478179168  1.00000000000000000
 -0.00241101596876142  0.00956681752297128  0.01954355086600460  0.03027692905985305
  0.04014859467794792  0.05041547924364921  0.06108555887161845  0.07159705643941222
  0.08194108654342641  0.09239535341777179  0.10323498814428121  0.11435487610485490
  0.12518282348754670  0.13578236429498389  0.14608078909907629  0.15642378857453820
  0.16668778427659789  0.17729498895065446  0.18789569150381366  0.19888273690987274
  0.20968916932179121  0.22058932462553621  0.23129817628204402  0.24218933984747196
  0.25297237837023256  0.26388291470232794  0.27449473275159719  0.28520310978806018
  0.29570600666633173  0.30584103895291737  0.31573975299967610  0.32608538404519816
  0.33676986655699603  0.34740453856567116  0.35791028833455507  0.36835910605251065
  0.37911863661516659  0.38983014443268094  0.40057784383276224  0.41115971887044733
  0.42164671221385946  0.43209846899521792  0.44231915922752707  0.45276343223059240
  0.46351269522079169  0.47440075064251336  0.48533799848335407  0.49590467688886453
  0.50667001743111029  0.51738456399320865  0.52831751267106652  0.53850115722589731
  0.54867379269857597  0.55854844937567494  0.56884833238579280  0.57946504498424467
  0.59016705672639569  0.60102100748060372  0.61189030906563646  0.62272097076213617
  0.63306586206538740  0.64312795880144380  0.65346974667348856  0.66395478650580741
  0.67413571132070405  0.68441838061821714  0.69475788932141114  0.70557244003196118
  0.71620647812602345  0.72680133555878335  0.73730345707389267  0.74772922166170341
  0.75780622307623158  0.76832010213850288  0.77900987893063545  0.78946271123145817
  0.79989507899606072  0.81016246985415230  0.82067918656187244  0.83151782754479886
  0.84236415734617798  0.85309030033629774  0.86366362804537344  0.87404983917008217
  0.88432058490693044  0.89439866958581860  0.90499636366149228  0.91554604536938244
  0.92614925692117533  0.93676020249464054  0.94735667661942125  0.95812791487876592
  0.96820800572881938  0.97879049191937806  0.98880211691510822  1.00000000000000000
   1.1888823693521772E-011  -1.0000000000000000     
 F F F F F F F F F F F F F F F F F F F F F F F F F F F F F F F F F F F F F F F F F F F F F F F F F F F F F F F F F F F F F F F F F F F F F F F F F F F F F F F F F F F F F F F F F F F F F F F F F F F F F F F F F F F F F F F F F F F F F F F F F F F F F F F F
  <DiscreteSampler_grid>
  grouped_processes
  1 # 1 for a reference and 2 for a running grid.
  10 # Attribute 'min_bin_probing_points' of the grid.
  1 # Attribute 'grid_mode' of the grid. 1=='default',2=='initialization'
  0.0000000000000000 # Attribute 'small_contrib_threshold' of the grid.
  0.5000000000000000 # Attribute 'damping_power' of the grid.
 # binID   n_entries weight   weight_sqr   abs_weight
    10   10   3.962507658111298E-001   1.310936888100333E+000   3.962507658111298E-001
    16   10   3.962507658111300E-001   1.310936888100334E+000   3.962507658111300E-001
    22   10   3.962507658111300E-001   1.310936888100334E+000   3.962507658111300E-001
    28   10   3.962507658111298E-001   1.310936888100333E+000   3.962507658111298E-001
  </DiscreteSampler_grid>
