  0.00930179886042036  0.01608220751145419  0.02532720037083314  0.03551337913586932
  0.04528215701897129  0.05475977480086215  0.06479996647827561  0.07536653747520386
  0.08586613520946447  0.09589249731924944  0.10598378608316368  0.11624970462188841
  0.12618218511340978  0.13598879137027109  0.14616917806790114  0.15775439911455777
  0.16890533113120046  0.18029962858262552  0.19179983309478252  0.20412555202833560
  0.21489399681279306  0.22488710834035899  0.23482404256531539  0.24520269603667111
  0.25602952482725710  0.26710044370800690  0.27790330621615622  0.28838748088245614
  0.29858486886504088  0.30875075678193753  0.31906221149569347  0.32948165471466040
  0.33966237267687543  0.34965727315455541  0.35933259849810761  0.36879548531010858
  0.37837998913708804  0.38751576809271965  0.39689770897760468  0.40721481306972490
  0.41782440451030589  0.42879883701404109  0.43938993708160334  0.45025974035681277
  0.46086657225344319  0.47166663502443912  0.48191964198396214  0.49176753250500949
  0.50196135884721194  0.51225823341952015  0.52249390660520056  0.53281886879386764
  0.54340468506554085  0.55523505265437878  0.56689957847979311  0.57849134349076636
  0.58897647859058611  0.59894284542200182  0.60892353164745072  0.61885874945944086
  0.62849183946997478  0.63796465069165487  0.64789059398267912  0.65822477739913099
  0.66842914852085178  0.67826764149518559  0.68849867994624914  0.69899356031403781
  0.70953807435602245  0.71937158619440533  0.72904963614470042  0.73960323251731175
  0.75087464093487966  0.76263267161866699  0.77453748892717156  0.78644378043690033
  0.79752648503532786  0.80763914966169070  0.81758074583379381  0.82695154949910499
  0.83667034448694788  0.84654957621086202  0.85660988427437967  0.86679173446004354
  0.87680334456644582  0.88756606995816745  0.89851974149347524  0.90953242116971456
  0.92063778693517007  0.93159207761973417  0.94239175605097214  0.95317445034391313
  0.96431763735872977  0.97567330594549384  0.98765905528830678  1.00000000000000000
  0.00952976853583081  0.01495428224229025  0.02387752185617708  0.03451620884715775
  0.04543803412153122  0.05621882770779174  0.06742060949539387  0.07887961176271008
  0.09018688907538076  0.10124663426385776  0.11224309950863612  0.12332138601248419
  0.13457508122226911  0.14508984573888906  0.15488395052027815  0.16456817143523228
  0.17494084389659686  0.18527153403994093  0.19549196778419481  0.20579064628973601
  0.21661694704042961  0.22818578888014615  0.24015899213772099  0.25216339636699064
  0.26417154920085867  0.27498855653133458  0.28534049461622152  0.29587962611814106
  0.30670881268599737  0.31706681043673840  0.32725700747005909  0.33795232731623603
  0.34938955637479524  0.36159526141281095  0.37397387779643299  0.38511309610188704
  0.39544985804461402  0.40499407509533725  0.41434833526270126  0.42367646605265452
  0.43297403037825594  0.44325867350639003  0.45406693689265132  0.46465423403740691
  0.47555623815423370  0.48593888248145728  0.49574790628177223  0.50581873208427586
  0.51609029202963308  0.52615377020864385  0.53567886088861727  0.54520438628845136
  0.55514546685004906  0.56481052265005938  0.57442738561445894  0.58479225245902655
  0.59641015572911327  0.60787243553209125  0.61827563117073070  0.62843033949896110
  0.63813051772458174  0.64766731385295750  0.65663733659690093  0.66587947904279876
  0.67559739030984745  0.68547356524114367  0.69545999132839265  0.70570305776438924
  0.71694622992640000  0.72895885647375613  0.74068697145211060  0.75181934662442462
  0.76166242852524058  0.77190294059361486  0.78178122979326947  0.79188573584849209
  0.80211288793509972  0.81274172726972571  0.82422730679770628  0.83581953927960206
  0.84724847892368826  0.85817847227326416  0.86839763423998428  0.87886193446915006
  0.88956080389297232  0.89993714083056520  0.91038715067061848  0.92155783382960788
  0.93362851525241919  0.94444278797469849  0.95465378453923355  0.96394714003330240
  0.97313943202998665  0.98296561122558546  0.99117166704182647  1.00000000000000000
  0.05639103623670991  0.05759628095043656  0.06020979333017297  0.06321325117350390
  0.06630575147999848  0.07017021728343349  0.07403237410026593  0.07784276323775362
  0.08174124958816913  0.08568866318927641  0.08972741048434241  0.09380958543091812
  0.09794887166311858  0.10226833713122817  0.10664067583472088  0.11106704306422382
  0.11568077726391056  0.12036213441580011  0.12508154699651194  0.13000862863413584
  0.13514074400406839  0.14087943362364033  0.14530257868550989  0.14812544997075008
  0.14933721338020989  0.15052956891282959  0.15174249510324886  0.15339518436321950
  0.15583655720865125  0.15823577463360733  0.16061641778906866  0.16300545628394805
  0.16540111422203432  0.16781107429410158  0.17023374685987971  0.17265560403201125
  0.17506029146094304  0.17745521799579009  0.17985868381621878  0.18227471030311926
  0.18470877243905467  0.18715575343683225  0.18961473384400496  0.19213377104079749
  0.19471356151459646  0.19732425396655856  0.19997376407577691  0.20263829895707913
  0.20534331847039289  0.20807293204473906  0.21084709038498531  0.21366572117281243
  0.21655636039100593  0.21947405672304091  0.22240450341196244  0.22539329040680994
  0.22840249498369217  0.23144105264940434  0.23449871851733764  0.23762250069071628
  0.24083164905166626  0.24409663174738833  0.24738215044367889  0.25070237669409223
  0.25409650265880201  0.25757483547488974  0.26112164110952996  0.26474722717152949
  0.26842918681097450  0.27218880436014320  0.27602967399960293  0.27995194176551746
  0.28397534696856580  0.28811269484732283  0.29237756254933078  0.29675566605676229
  0.30130303270447772  0.30604885458800374  0.31098728744911686  0.31614243144013943
  0.32152631813026439  0.32724554728457650  0.33334844936177560  0.33985865172481650
  0.34679342051652051  0.35441108361667145  0.36284672471140678  0.37225519090272918
  0.38273439773563256  0.39477880701975238  0.40986394979871810  0.42869998660730951
  0.45516942405108152  0.49818758005714597  0.58451512308542519  1.00000000000000000
 -0.00301260525496277  0.01192905351000232  0.02471301547719630  0.03807151546892992
  0.05158646909240022  0.06431654800056946  0.07561587910121244  0.08577207015538417
  0.09532126578752645  0.10537948076817644  0.11519347926507799  0.12500417061833008
  0.13513761590610407  0.14565299444115667  0.15621360993061842  0.16676444335125576
  0.17760648426288275  0.18898677022537735  0.19928462543754916  0.21018083116692840
  0.22118408781567908  0.23184842867159985  0.24208189072768585  0.25267807004581622
  0.26420992660443460  0.27543003517798420  0.28662757189070187  0.29759942969142422
  0.30849417275576713  0.31909037017713027  0.32988852167139660  0.34034499309348831
  0.35071663420469040  0.36127048128198103  0.37139640601306423  0.38094677330137772
  0.39021827881206039  0.39998597131600244  0.41006941818599768  0.42005303097804153
  0.43001610771564847  0.44051248674916821  0.45149875026489766  0.46222041214331633
  0.47248298269367817  0.48273466897945844  0.49299932285853026  0.50312796815964533
  0.51297289971919680  0.52317110125936950  0.53411832450973540  0.54513013294047885
  0.55571399670757882  0.56580832805034653  0.57546585599883204  0.58537436491766881
  0.59561701420119995  0.60557531142206256  0.61498481487026191  0.62439018053399742
  0.63428803974733627  0.64427657457174081  0.65374184597948348  0.66287398424124078
  0.67272730919717638  0.68332470468013529  0.69345652658313950  0.70311150770450770
  0.71299623356422837  0.72332367909471984  0.73354609769575141  0.74364084073884651
  0.75353935184129717  0.76352740095445959  0.77355996170272812  0.78359989581782963
  0.79345813311996116  0.80312550999392796  0.81294621500092712  0.82337088490249399
  0.83449608717621460  0.84622228762730411  0.85845456704629275  0.87058679473396017
  0.88141389112798696  0.89120617580635331  0.90085837936594715  0.91042473575821059
  0.92036954857767317  0.92984736708634386  0.93949666426891332  0.95109909039017371
  0.96296600301814317  0.97573620362772095  0.98793744209727974  1.00000000000000000
 -0.00262803927715074  0.00991390513096691  0.02064817513157734  0.03023107343185153
  0.03984345464974649  0.04956240046242229  0.05929400688143557  0.06860811991240548
  0.07769713867595000  0.08720296713657484  0.09696876931491465  0.10672821319672113
  0.11636326202449479  0.12616135277050447  0.13604624445357372  0.14563989981080463
  0.15575553785948135  0.16621664393324331  0.17758825138577000  0.18874793507850871
  0.19841237521013197  0.20832952489801479  0.21805194304083422  0.22773086427161396
  0.23707568192241410  0.24645877750209130  0.25683419390133172  0.26774541182084516
  0.27871553086692069  0.28963641028954107  0.30121185958370350  0.31303321762734215
  0.32459397025465064  0.33577501652514691  0.34673400311705754  0.35759691219478662
  0.36862040646895744  0.37993427302894323  0.39154465389485837  0.40339587852359682
  0.41516212755076648  0.42656357380415194  0.43769323831527429  0.44891628207946188
  0.46061726927125385  0.47250652600051118  0.48348451176698554  0.49405142713020500
  0.50424712676053673  0.51486085416000216  0.52571969302356225  0.53672784293936304
  0.54705139457454877  0.55701507357579749  0.56729508426150077  0.57768359184789952
  0.58826633544515106  0.59882520655254223  0.61003736540812326  0.62175796327954325
  0.63311477331486210  0.64448738958757712  0.65605489862463373  0.66765641560982869
  0.67844203350776533  0.68877272015915003  0.69876867818137345  0.70851553891898766
  0.71786880209376824  0.72724498550729111  0.73684271881823460  0.74653714091733903
  0.75668853782908696  0.76729218623815398  0.77787371071315392  0.78861969344192140
  0.79857925653164219  0.80821920667788361  0.81759192528507585  0.82683048209420362
  0.83662209941205712  0.84714761399258887  0.85834910646745743  0.87049239082456287
  0.88219875126325464  0.89321514460409435  0.90426547947113700  0.91520807109561786
  0.92654456267417806  0.93786388881485216  0.94890980811145020  0.95949736230796767
  0.96940902451394007  0.97946057630974093  0.98963436595432841  1.00000000000000000
 -0.00312622432690999  0.01191358296294207  0.02439988588288284  0.03751773922008154
  0.05026550919161363  0.06346575190914465  0.07523412687625070  0.08675698558805071
  0.09706126267139309  0.10716336568404985  0.11739076737123151  0.12790148357770256
  0.13846500653968546  0.14924871221917541  0.16042141915740765  0.17125978373874429
  0.18117827987933047  0.19092179658981501  0.20145884869021052  0.21221822567539014
  0.22360792874409313  0.23522787888937580  0.24707822002732763  0.25881198263034388
  0.27045587592109721  0.28251901326315476  0.29439552319687246  0.30665495850366992
  0.31873746271896053  0.33038004623734890  0.34146631508549402  0.35230000648466298
  0.36308396950194499  0.37415543460697509  0.38534921834058589  0.39635451487691759
  0.40700320338870927  0.41733420145482175  0.42750655585705977  0.43737743252158384
  0.44690079461979226  0.45623704889092903  0.46568597917083426  0.47528792886791066
  0.48472364558260556  0.49408777306784457  0.50335462108015872  0.51291986015054292
  0.52219047295690579  0.53134881625306840  0.54067233083112065  0.55004615392040179
  0.55936914403670845  0.56861075202346800  0.57767901100506824  0.58704575000349157
  0.59674386894825437  0.60654439899703139  0.61617644227112078  0.62574814712826365
  0.63535826035279630  0.64490978463878257  0.65433605757276314  0.66420413473781315
  0.67534636281044724  0.68719193664328126  0.69804819095518111  0.70803234738310039
  0.71764703240915140  0.72757572650208990  0.73792513550623140  0.74907687080058327
  0.76104276803626203  0.77242039966256537  0.78369959203286055  0.79458348774211751
  0.80524688987790316  0.81631953878930263  0.82627533791989405  0.83592423450214504
  0.84478709750136982  0.85410162149028190  0.86300137021931245  0.87195349460431015
  0.88119415650594712  0.89053140985829826  0.90032620904993133  0.91030787915447431
  0.92055811358615169  0.93113857859561211  0.94186604815790387  0.95290415700438702
  0.96406413663395174  0.97582110233517316  0.98774859703908158  1.00000000000000000
 -0.00250150620286261  0.01004978677030043  0.02071018137554994  0.03225672638458364
  0.04386627830016344  0.05601355368631444  0.06776644745780364  0.07872435915441559
  0.08931086843836251  0.09953989329133783  0.10964902010500334  0.11967946428327993
  0.12991947992183059  0.14040732077066789  0.15071087311402234  0.16112300768430410
  0.17141105009013000  0.18194834265153928  0.19207486353743244  0.20237062954713383
  0.21270081447861888  0.22337372027373181  0.23359119732532022  0.24397959717313678
  0.25462271452228158  0.26557519767445320  0.27673505730358156  0.28809866538413215
  0.29928266982033863  0.31027029337577877  0.32124575368002461  0.33229707340100451
  0.34390190828973627  0.35538364808637662  0.36627391346039773  0.37650428584316825
  0.38593909707320206  0.39527675128421225  0.40519571688758133  0.41543604089231873
  0.42618583474867189  0.43680729275352631  0.44822736874240016  0.45986261008855084
  0.47101936975442255  0.48227944317434701  0.49394079919290496  0.50497364054327865
  0.51560101259922275  0.52610061792330576  0.53635850264767226  0.54623077081777649
  0.55568568450326516  0.56542312231591929  0.57588109607161486  0.58676504142918273
  0.59778395822794250  0.60869864277782115  0.61927815431317246  0.63001117166518139
  0.64097209294546764  0.65204495629597059  0.66284073259182674  0.67281648566035157
  0.68256134622207532  0.69292487287895954  0.70362389482486776  0.71423521797738543
  0.72493841348278587  0.73692198814359411  0.74949155713719384  0.76083981197463457
  0.77139959206127706  0.78165250412652831  0.79169366703210464  0.80172627314769773
  0.81221816667016766  0.82344782791131022  0.83441857613992820  0.84359289991120479
  0.85275121990741787  0.86185230986876982  0.87057704090996835  0.87909195599893530
  0.88750890439339436  0.89553018759014824  0.90692705105408167  0.91840382175350010
  0.93009618143170425  0.94129714287987631  0.95225907597799264  0.96220960521145604
  0.97171921129249517  0.98125438582697400  0.99057673271158875  1.00000000000000000
 -0.00236209997981639  0.00895259485474889  0.01880307086878336  0.02995195980832096
  0.04097391106840791  0.05165073077687640  0.06252774417742818  0.07314011171577467
  0.08346945922150802  0.09395832994508907  0.10428651511179327  0.11439010117242758
  0.12447742849066430  0.13492958759708110  0.14560149590633947  0.15549617781234490
  0.16533895385519298  0.17572224941083991  0.18655918513237907  0.19725741470581964
  0.20758604312179574  0.21773857087868034  0.22784454255824774  0.23813381795301317
  0.24841606925355103  0.25862522415599332  0.26903116702716151  0.28034291431164449
  0.29188212645881728  0.30334327291492036  0.31472811556352714  0.32658724435953745
  0.33869514024805597  0.35054318589107231  0.36216293034934899  0.37352977159828921
  0.38424200547618181  0.39462357361615430  0.40484019257801490  0.41490211914409680
  0.42496058200418585  0.43495429474789027  0.44517774515474090  0.45557810118186659
  0.46641724355059466  0.47738175729563193  0.48800901111370165  0.49838557271629280
  0.50970755070157858  0.52165616818505944  0.53403340248355868  0.54514253683607317
  0.55531102015921563  0.56535727670176483  0.57553125701347663  0.58551128310110689
  0.59559143675917392  0.60555908647780199  0.61562719380724873  0.62568220220734849
  0.63586206581940596  0.64627954829281542  0.65684089719946614  0.66701152935348107
  0.67648711195806266  0.68574396408568528  0.69502637228574504  0.70418367192065856
  0.71356244366845767  0.72285133451643768  0.73267886060387633  0.74323589362723907
  0.75346410644692907  0.76326462703965214  0.77340624814196501  0.78335537226779983
  0.79379005657128943  0.80435454518532468  0.81473087181909865  0.82507332985731574
  0.83559976772897449  0.84654666767940234  0.85799630280333994  0.86935981549428332
  0.88008445161492299  0.88932676027110769  0.89912359867610092  0.90897490087343624
  0.91908004405652188  0.92883239290495689  0.93861371713490072  0.95017081548983684
  0.96196606085197633  0.97452082243583382  0.98709229813354848  1.00000000000000000
   2.2127774199996617E-008  -1.0000000000000000     
 F F F F F F F F F F F F F F F F F F F F F F F F F F F F F F F F F F F F F F F F F F F F F F F F F F F F F F F F F F F F F F F F F F F F F F F F F F F F F F F F F F F F F F F F F F F F F F F F F F F F F F F F F F F F F F F F F F F F F F F F F F F F F F F F
  <DiscreteSampler_grid>
  grouped_processes
  1 # 1 for a reference and 2 for a running grid.
  10 # Attribute 'min_bin_probing_points' of the grid.
  1 # Attribute 'grid_mode' of the grid. 1=='default',2=='initialization'
  0.0000000000000000 # Attribute 'small_contrib_threshold' of the grid.
  0.5000000000000000 # Attribute 'damping_power' of the grid.
 # binID   n_entries weight   weight_sqr   abs_weight
    10   10   3.890316092133647E+004   6.111011380102358E+009   3.890316092133647E+004
    16   10   3.890316092133647E+004   6.111011380102358E+009   3.890316092133647E+004
  </DiscreteSampler_grid>
