  0.00031066064363881  0.00037142157178621  0.00040540623149477  0.00044861471875743
  0.00056160320387631  0.00086041177212036  0.00127863329274641  0.00161277701971513
  0.00193096755505838  0.00231062017510410  0.00274526778849395  0.00319991402330794
  0.00371332790051989  0.00432919397253681  0.00505046296407139  0.00577399603063064
  0.00652972229024850  0.00737987846143650  0.00846859465121857  0.00976973889866007
  0.01114259260154635  0.01256187083431560  0.01413056249829763  0.01613355545351347
  0.01862222051807434  0.02151439245339917  0.02470688117194151  0.02835906257020954
  0.03242221760355831  0.03699972359641988  0.04198898066788443  0.04722310337933712
  0.05190834514948316  0.05567252602882668  0.05842920063140684  0.06043874182197612
  0.06191259231676879  0.06296995384406924  0.06376155353899622  0.06437587888763505
  0.06486853314368256  0.06527059140607894  0.06560211895906258  0.06588236686551803
  0.06612736960803364  0.06634597296339093  0.06654347689340011  0.06672258788412923
  0.06688616575653819  0.06703816530297652  0.06718173423715407  0.06731894447710010
  0.06745166070739306  0.06758108265379598  0.06770805177747770  0.06783316566114111
  0.06795768151424005  0.06808301677600906  0.06820977688655788  0.06833851659049697
  0.06846912063299466  0.06860680826406744  0.06875432374036917  0.06890913886215605
  0.06907467185130146  0.06925198751331167  0.06944336009248378  0.06965957429292595
  0.06990699829255981  0.07018964420890425  0.07051629969282866  0.07090175448516338
  0.07136716475288496  0.07194049500170221  0.07266094880407986  0.07359140266857200
  0.07482795781433339  0.07654671202586337  0.07905394357193969  0.08279975699201099
  0.08839787924389071  0.09625676630408408  0.10654244254906507  0.11982873949194912
  0.13811852741844871  0.16280741688069655  0.19594326891405006  0.24238645214021962
  0.30581425907627102  0.40056000777722500  0.51448310167755595  0.62162848769771417
  0.71289043265718421  0.80721036776495769  0.90579302852874877  1.00000000000000000
  0.00001416015931025  0.00003017688995237  0.00006823858093526  0.00011466105836809
  0.00017131832370853  0.00023897835757710  0.00032653395911191  0.00043661823404591
  0.00058551890483828  0.00078204340807555  0.00103289073832135  0.00134917187524625
  0.00173955565082703  0.00227958018852558  0.00306204753683599  0.00407238297986048
  0.00538707437242748  0.00724939137074080  0.01003893184912815  0.01416990563331457
  0.01992584446519035  0.02792383804576952  0.03872253594319113  0.05255116898958555
  0.06819226822710721  0.08463383370740342  0.10188982570338730  0.11964524818490944
  0.13752600521861461  0.15543127429578565  0.17349034067487060  0.19170174824369690
  0.20990331101675896  0.22819189916362040  0.24646415125305954  0.26449381040085945
  0.28232482035642309  0.30018082148955577  0.31803036070103036  0.33578381385271283
  0.35357322569635358  0.37137500365803944  0.38934861502433066  0.40729617727357720
  0.42522404764709942  0.44310007498556375  0.46091739728632108  0.47866671431239638
  0.49627199592669335  0.51391368464241216  0.53169038144750913  0.54957330038988750
  0.56746823425506265  0.58534141514556359  0.60314239463834030  0.62083201031185220
  0.63847679483967090  0.65621660052330077  0.67391874619025560  0.69143826545586862
  0.70880840039598147  0.72605337481020593  0.74327105943026339  0.76040652334134418
  0.77742611538513551  0.79446258956228932  0.81139492122445622  0.82811136905152682
  0.84468322698187381  0.86124827492093314  0.87769174385071713  0.89374935639409114
  0.90940100139044877  0.92430980186345335  0.93824132813325223  0.95112431500692862
  0.96251809220390716  0.97202145848845145  0.97956720709635081  0.98514463889428661
  0.98913208416633891  0.99193417708817955  0.99401902892258431  0.99562149477946671
  0.99683970779653019  0.99772895758364433  0.99838459405606017  0.99889596416604298
  0.99924085720979616  0.99944540407405946  0.99956847152803407  0.99965602303065848
  0.99973104987949568  0.99980309927477062  0.99988729203558846  1.00000000000000000
  0.00044366970692668  0.00069929834431401  0.00086579542762055  0.00103249589090577
  0.00121200885942582  0.00142204755496180  0.00166117671798584  0.00192593232592944
  0.00221444875712546  0.00252829823701883  0.00286917511042393  0.00323511850123002
  0.00362558873918183  0.00404067310031418  0.00449557360637513  0.00500105352832638
  0.00553297994638827  0.00606614307327560  0.00659833933461621  0.00713449099564284
  0.00767220098153269  0.00821228520768483  0.00876538648554875  0.00934850961640196
  0.00996684398471295  0.01061154168460184  0.01128405059452242  0.01198855382130593
  0.01272233330373525  0.01345000491177658  0.01417800728384418  0.01494962409378275
  0.01577016927568890  0.01663233465021644  0.01752421283819649  0.01845025772182770
  0.01941360076113833  0.02043001309293305  0.02151811978264773  0.02264021174126831
  0.02384683164770426  0.02509982956296173  0.02646603005415273  0.02787215524852801
  0.02932084373285964  0.03084982409731773  0.03236308594681024  0.03395852224784406
  0.03563615075422295  0.03746976518063223  0.03940662938599771  0.04142670806056926
  0.04356388687267372  0.04584749198371919  0.04822720014858173  0.05067999212269041
  0.05319821822791760  0.05585079459628549  0.05866898742256992  0.06168282210561707
  0.06480653854678033  0.06803867061065642  0.07133130455982450  0.07472069692554986
  0.07827388573952916  0.08199691788724592  0.08607533154081705  0.09049088269870841
  0.09522842565009715  0.10049837084950919  0.10613875090585601  0.11214322083333104
  0.11854516638179048  0.12507691582788569  0.13205875000961770  0.13959138966135123
  0.14739888386470881  0.15563574384750561  0.16439069512859730  0.17380762681710221
  0.18423157494569337  0.19539401604160378  0.20716937421361761  0.22009191084916047
  0.23381306710197280  0.24860846980750648  0.26467763313262604  0.28214903406736136
  0.30070329949008362  0.32073324191956931  0.34320768159032056  0.36978014222649780
  0.40175655413227301  0.44218688181072979  0.52766863336814362  1.00000000000000000
 -0.00233732057898753  0.00884638433411588  0.01908733084020760  0.02881347003098045
  0.03879440215125515  0.04856745745947722  0.05891183974536419  0.06818780385590463
  0.07736946566957227  0.08593217451160154  0.09421199481842284  0.10376464912742893
  0.11324938012782504  0.12222648330297069  0.13094319443769475  0.13982351336167909
  0.14951669906242085  0.15932154584299529  0.16892467389043547  0.17876278832880657
  0.18872022698000163  0.19867610451190171  0.20871383434833909  0.21886821005518481
  0.22935311590376062  0.23937495056477337  0.24865420428821594  0.25791145643490726
  0.26702821954983524  0.27692534456915141  0.28747965228667854  0.29775242076453989
  0.30819140365494441  0.31854835453187513  0.32889008397742636  0.33930600414613465
  0.34981137973717874  0.36040706775832915  0.37098261709310371  0.38114307457863505
  0.39121874133665185  0.40145924436075031  0.41164697490279628  0.42217192036674950
  0.43282335289909118  0.44378752447550612  0.45486304139110745  0.46579433162086015
  0.47703133433829709  0.48837414097524851  0.49987883035095276  0.51110662087804992
  0.52174272236120378  0.53226564892442174  0.54302458071669102  0.55433642048771736
  0.56595353916756741  0.57720956685683933  0.58856866411885445  0.60002805223213551
  0.61152122259727215  0.62301201710418852  0.63447451416301170  0.64605552958660484
  0.65763898735152004  0.66919880750655325  0.68071670342556512  0.69224721798131084
  0.70366545161457639  0.71483812278907433  0.72606483107373432  0.73730426589333331
  0.74872351648487223  0.75983535283622727  0.77068493361809587  0.78138395797343374
  0.79253095317178524  0.80394677564288863  0.81430811504648415  0.82406411096131438
  0.83435359376477725  0.84539158872215470  0.85658692368969136  0.86756198448056454
  0.87835862493678185  0.88916926424289988  0.89970085188513338  0.91016788630785928
  0.92086139568835657  0.93200724849397776  0.94356846144514539  0.95513072290191348
  0.96647451347802404  0.97788198967862494  0.98863405755549072  1.00000000000000000
 -0.00186739297381367  0.00798324018294433  0.01808033151859831  0.02822786743788186
  0.03875966508118725  0.04962354310694657  0.06009069133391472  0.07067009503947852
  0.08149100074337318  0.09220166109906712  0.10273282530868025  0.11327390003143263
  0.12368007458568363  0.13407202792628550  0.14441821463289597  0.15517068822922858
  0.16563500008671747  0.17598944890324472  0.18635894516013365  0.19716349453588375
  0.20798175166084676  0.21852851841827570  0.22899712445384307  0.23960528558501107
  0.25033862230425746  0.26113100263725625  0.27168781064652581  0.28233382729980816
  0.29309091985554808  0.30397480206380095  0.31489967101436794  0.32574164478137768
  0.33658273204860584  0.34737344270705672  0.35804673773219364  0.36854330616836978
  0.37890420130139019  0.38926194559894817  0.39978559625804860  0.41038181815528796
  0.42103969080678844  0.43180483147309068  0.44254955873048940  0.45273539889092562
  0.46269286019558298  0.47238831892254618  0.48298823638476956  0.49400945355412618
  0.50462690130356258  0.51488576838351419  0.52463559059073217  0.53451438990639522
  0.54481024677453527  0.55535286971972675  0.56599873806978918  0.57661939251237626
  0.58721190868844952  0.59779265006054128  0.60848742684626933  0.61930891641728214
  0.63028104787417960  0.64127384797079712  0.65220265846389203  0.66311800767339546
  0.67420843594694246  0.68516825839994577  0.69561736695095411  0.70563880321611772
  0.71568320635053617  0.72613900846810597  0.73682859582131721  0.74728276255813297
  0.75781756717363769  0.76864753467334590  0.77974296555591638  0.79082073399088981
  0.80141266257206489  0.81143268717125172  0.82130900482592251  0.83125628667760909
  0.84144903233592816  0.85184289732415375  0.86216193303320421  0.87223898672664646
  0.88203547005371075  0.89186579319668902  0.90230343363353682  0.91287325239634676
  0.92379028122824103  0.93475005971572345  0.94597472634055579  0.95711927152320475
  0.96850964270237494  0.97918812123025156  0.98997221783322653  1.00000000000000000
 -0.00198208859793839  0.00728346252538241  0.01639035491564534  0.02619987986678135
  0.03648436776407241  0.04660322309673589  0.05641447208284716  0.06604712138641158
  0.07568099707366753  0.08528604737009479  0.09490827459277071  0.10461034816157937
  0.11446994853444856  0.12422473622624126  0.13367546018587173  0.14310269026331607
  0.15235292803923148  0.16162053985986818  0.17103200970516944  0.18081352891779040
  0.19092668275124641  0.20114308450251989  0.21136691031536184  0.22115777038611381
  0.23043943277476192  0.23970412311936967  0.24898528364629893  0.25892156836625813
  0.26874027190488992  0.27853175721814649  0.28864865062700834  0.29856009129486100
  0.30904046312388361  0.31923519648983373  0.32987580654269505  0.34041728047947356
  0.35120577827777721  0.36195366853246863  0.37290875478746016  0.38347451148383477
  0.39416624554574292  0.40473591624592664  0.41545993091914085  0.42636566994996988
  0.43727024896365241  0.44836755923461175  0.45958485841415470  0.47038284398292218
  0.48100445968328404  0.49147219309144186  0.50229263937042701  0.51335521064647971
  0.52443932734927357  0.53552288060166220  0.54672548360489082  0.55804104229196083
  0.56936918002544135  0.58058862901650443  0.59202033639123530  0.60348484711432249
  0.61512552789154706  0.62672635393725173  0.63808348843960450  0.64918392152862670
  0.66050026522024607  0.67211597952464786  0.68367603470265781  0.69499893675826896
  0.70638848423877187  0.71814629853996037  0.72965659889268442  0.74043155474955813
  0.75078009514243227  0.76113435570924082  0.77213732676573943  0.78358852173446769
  0.79466333095662656  0.80534252297332509  0.81586546958346651  0.82638880884849542
  0.83733050740828996  0.84858637355124200  0.85947130229438928  0.86988426960901377
  0.87939837198280957  0.88810234158264467  0.89806442286722366  0.90761197213834910
  0.91922238860666272  0.93049881983203075  0.94175961407788722  0.95354119832540873
  0.96489671296939394  0.97690410075398804  0.98862717677641809  1.00000000000000000
 -0.00226418542363343  0.00896729585792363  0.02027353165316247  0.03110297204795930
  0.04186532537327088  0.05239461349009156  0.06279099611886940  0.07372072227491940
  0.08430899365603008  0.09479833519927890  0.10542138743605028  0.11618504402337587
  0.12667891292264230  0.13695918645938310  0.14715378035390189  0.15721800296588320
  0.16740340124032202  0.17740802138684780  0.18711749877387795  0.19663627919703561
  0.20632977912707748  0.21640628104210566  0.22680740799699409  0.23770316409458223
  0.24858621318288154  0.25950575713311841  0.27059858996823349  0.28163270627519460
  0.29246213167156571  0.30312100137573461  0.31377980692452040  0.32462653634657013
  0.33553969531184608  0.34638766955897315  0.35706951929119474  0.36750312822346376
  0.37794055523986747  0.38839366268476777  0.39870441861609696  0.40886545642345579
  0.41889617142286639  0.42929987978108819  0.44009739197132908  0.45121908460242943
  0.46255632449484302  0.47381149726660515  0.48505854553811512  0.49605604740542569
  0.50688457199529380  0.51771519834211377  0.52850132133137173  0.53927469605703404
  0.54949196223574270  0.55938932322010271  0.56938313435931664  0.57982115993413030
  0.59024013878440607  0.60049570125963148  0.61085086142199507  0.62161209356317959
  0.63239435137097155  0.64235205073906121  0.65268760220522959  0.66325494690918352
  0.67437590604562070  0.68548868868482138  0.69663697522572299  0.70779350464674595
  0.71890181635430894  0.72979632995740329  0.74068453544915513  0.75166486725917503
  0.76248959193253041  0.77298490736663372  0.78314755885764997  0.79311465448910567
  0.80281728672541142  0.81273414340284544  0.82229058646426723  0.83284742631558062
  0.84303854946282508  0.85354844330117940  0.86422163309721334  0.87516277373612239
  0.88548166443484466  0.89531646351247407  0.90527490539962818  0.91576992497340437
  0.92666125635780139  0.93770419188544463  0.94828401957670239  0.95856075104064908
  0.96848762126735399  0.97869042312881016  0.98921153581614740  1.00000000000000000
 -0.00242038738131365  0.00954752208940561  0.01936877239394902  0.03082320101963430
  0.04166949982228541  0.05237886919877045  0.06339041136455544  0.07372293734122791
  0.08376013673690769  0.09399613128988786  0.10408391653704736  0.11489686662897755
  0.12620412381212415  0.13657643492022375  0.14646750196242961  0.15654244085167837
  0.16685251336501478  0.17803951562426329  0.18854305310961686  0.19869894246004849
  0.20871776357076982  0.21921122285763367  0.23003756441442166  0.24058474488201559
  0.25128704468061236  0.26111334101660344  0.27167350836524651  0.28196226297235039
  0.29248417944158384  0.30298694712553692  0.31351494435089911  0.32407900115995680
  0.33488937367013549  0.34549560374076244  0.35627878954568731  0.36703299315831239
  0.37812373636206825  0.38863600032757856  0.39858971516225850  0.40815127880167279
  0.41843179624627458  0.42915013494625892  0.43965956583687049  0.45009991181147824
  0.46064436302238698  0.47171626964065538  0.48276810565087552  0.49381038508600250
  0.50468844268482649  0.51563235361445114  0.52666213879014367  0.53742227652576424
  0.54805811081862710  0.55859071388025039  0.56919028692583007  0.57964679850264145
  0.58999797231352724  0.60050265221555355  0.61142256867945699  0.62253992947779202
  0.63337795156095722  0.64395303870367671  0.65349510370663744  0.66301566594527850
  0.67258974551805273  0.68302723152599454  0.69399561001424748  0.70455430247250006
  0.71534294390248154  0.72607384458515922  0.73681382849714960  0.74764000765285032
  0.75811633653917443  0.76920729378390706  0.77975017718234152  0.79035916258068417
  0.80057294866949902  0.81134184219879402  0.82185834663192303  0.83259230927281314
  0.84311889868211298  0.85389295711396918  0.86486838848797432  0.87542226152889602
  0.88565240678621560  0.89576524639087396  0.90606631737786270  0.91634597519447758
  0.92628244271877425  0.93637644796365160  0.94747400070092647  0.95812066459276979
  0.96827384460323496  0.97848053434801285  0.98829441376273086  1.00000000000000000
   1.2146221983035222E-011  -1.0000000000000000     
 F F F F F F F F F F F F F F F F F F F F F F F F F F F F F F F F F F F F F F F F F F F F F F F F F F F F F F F F F F F F F F F F F F F F F F F F F F F F F F F F F F F F F F F F F F F F F F F F F F F F F F F F F F F F F F F F F F F F F F F F F F F F F F F F
  <DiscreteSampler_grid>
  grouped_processes
  1 # 1 for a reference and 2 for a running grid.
  10 # Attribute 'min_bin_probing_points' of the grid.
  1 # Attribute 'grid_mode' of the grid. 1=='default',2=='initialization'
  0.0000000000000000 # Attribute 'small_contrib_threshold' of the grid.
  0.5000000000000000 # Attribute 'damping_power' of the grid.
 # binID   n_entries weight   weight_sqr   abs_weight
    10   10   1.415935909259918E+000   1.726244175473565E+001   1.415935909259918E+000
    16   10   1.415935909259918E+000   1.726244175473565E+001   1.415935909259918E+000
    22   10   1.415935909259918E+000   1.726244175473566E+001   1.415935909259918E+000
    28   10   1.415935909259918E+000   1.726244175473565E+001   1.415935909259918E+000
  </DiscreteSampler_grid>
