  0.00001450007548997  0.00004940808355324  0.00007251776325574  0.00009212953584565
  0.00011440482673757  0.00014013973847499  0.00017089297909788  0.00020930143059811
  0.00025733165838325  0.00031363291980825  0.00038067311715020  0.00046051389423772
  0.00055625880933605  0.00067190268266078  0.00081466293640216  0.00099669129786881
  0.00121698809195858  0.00147339973980888  0.00177032161722285  0.00213491820250532
  0.00259013377416858  0.00316171968529475  0.00388099239229813  0.00483326779165609
  0.00612771429940155  0.00790108279862167  0.01039500373290348  0.01393672772257937
  0.01902482889545894  0.02632741938634012  0.03616788792285233  0.04865434980090876
  0.06369556370797747  0.08041545773294032  0.09815349112174525  0.11636108727703191
  0.13476543162792726  0.15334836199183197  0.17210409214035574  0.19084373185557979
  0.20960197727057298  0.22815920759708319  0.24670234386883233  0.26525245688603155
  0.28390566629910458  0.30259080997832172  0.32118460747957667  0.33980616407559261
  0.35840117278430828  0.37685165541093690  0.39530307461136333  0.41386171413483003
  0.43242598806542026  0.45095836488582791  0.46947181167976626  0.48803739506641181
  0.50661116428659325  0.52516077709891318  0.54365681768198326  0.56214525488273159
  0.58069079332656559  0.59926292983864227  0.61768851975534422  0.63603246008681191
  0.65438766788143732  0.67263167407438929  0.69071398767084213  0.70896080941563699
  0.72738288837035792  0.74582555996540012  0.76401658360854829  0.78185248267984131
  0.79953350131390555  0.81708730568873611  0.83430160205732318  0.85147858831509127
  0.86867960976458147  0.88562806318076714  0.90215234131270805  0.91803196920080510
  0.93308545622768602  0.94715062593538368  0.95983756706366796  0.97031822182499350
  0.97841365337797270  0.98437874772111678  0.98883574396404805  0.99215541720968659
  0.99450840374660276  0.99616266735469572  0.99737249704551978  0.99827394595868224
  0.99889427827124477  0.99933135595209099  0.99968729427897984  1.00000000000000000
  0.00021908610144171  0.00027688938024843  0.00031139769593337  0.00034360818794752
  0.00038246932707671  0.00043619773451378  0.00055773574189381  0.00088926655719191
  0.00139224557582194  0.00187250445144997  0.00237792822364312  0.00292872260746466
  0.00354020379078898  0.00424920559896583  0.00509718011118096  0.00605575228426949
  0.00720584450779878  0.00859337993094983  0.01012322512307696  0.01185675406584270
  0.01382619480782984  0.01628251361879021  0.01921035739361176  0.02265390064141361
  0.02664047954625927  0.03144441342669387  0.03718378503298962  0.04379183640190508
  0.04993206559071415  0.05489556161614010  0.05852515787173890  0.06095340898923742
  0.06252210055338862  0.06359159598113098  0.06436263511102293  0.06494683488189384
  0.06540455499190607  0.06577722340154103  0.06609345644923624  0.06636741230142527
  0.06660670105477914  0.06682017273980632  0.06701496098538566  0.06719552123510593
  0.06736562413494102  0.06752833793187499  0.06768599504314307  0.06784042175939446
  0.06799352106315375  0.06814731686913471  0.06830487603115680  0.06846804571502521
  0.06863896247110868  0.06881976629781560  0.06901584111257107  0.06922295684704996
  0.06946469817080543  0.06974843285918134  0.07007255420935855  0.07045153699543638
  0.07090962307409260  0.07148185542921844  0.07222127460242941  0.07321641240762403
  0.07463157072328250  0.07675684077347392  0.08007195275454738  0.08538237927330920
  0.09378948448457859  0.10634192402021075  0.12338315121309085  0.14534812709575803
  0.17511166223324390  0.21591995591727792  0.27487997115252011  0.35884371394707071
  0.46439601225634175  0.55309684855881514  0.59949646413999813  0.61938114463545135
  0.63449315654132565  0.65208932814897302  0.66804246296147873  0.68047788865829506
  0.69702460559674906  0.71348656070513750  0.72892984524717275  0.74324476713632881
  0.75703797913765847  0.77360121880759725  0.79393879810694801  0.81582262347465229
  0.83793271898651778  0.86366802031909551  0.88978231612016434  1.00000000000000000
  0.00056198932465588  0.00087728706244664  0.00108523070316434  0.00130884302918700
  0.00156018382974609  0.00183600869415755  0.00213704010332271  0.00246357399367827
  0.00281607329961231  0.00319398494889600  0.00359589917714954  0.00402944868555850
  0.00451053829918380  0.00502863653775187  0.00554614175689125  0.00604720578210344
  0.00654864376529622  0.00705892713256708  0.00757646099262328  0.00810786097093440
  0.00865258234816922  0.00921723410030539  0.00980202882614023  0.01040949173523943
  0.01103909029645465  0.01170000570844961  0.01238919506453692  0.01311752714744680
  0.01386463633356297  0.01464122879016284  0.01545128691634024  0.01631423045905516
  0.01722435173692059  0.01813107443709241  0.01901755432779266  0.01993664346634209
  0.02094172416266896  0.02199244249526896  0.02307892705912671  0.02420414765836097
  0.02537968071590088  0.02665940431652850  0.02801620346701743  0.02941751071103997
  0.03090496822221099  0.03248248084882793  0.03413732481570377  0.03585027508434051
  0.03764093130838765  0.03949417305348679  0.04141632370284702  0.04337997211891217
  0.04546145931668507  0.04762331299086402  0.04997653060499406  0.05250387064146243
  0.05516056568385921  0.05792084441037921  0.06081294480516748  0.06383087887512483
  0.06691537233206186  0.07009045416070328  0.07346200132837180  0.07710838197703172
  0.08107894801251772  0.08523426105691187  0.08957000320731871  0.09409217235966995
  0.09889898679297393  0.10389734230124084  0.10891353381640687  0.11434267043744588
  0.12023468020710999  0.12696842856247248  0.13426837934550723  0.14206636680096427
  0.15042577659144077  0.15935185446788330  0.16891234312892170  0.17920757280899796
  0.19033919119384818  0.20241052565464773  0.21534300963104305  0.22895665145676317
  0.24344772108521351  0.25855663685138347  0.27496249920922428  0.29132797402509508
  0.30871596414255087  0.32782970870199146  0.35042120795974474  0.37642792345276033
  0.40675512131095604  0.44544600628736930  0.53391801965974284  1.00000000000000000
 -0.00216381494656456  0.00879819294277072  0.01905569858205647  0.02970519018185748
  0.03969537115958355  0.04935261868470995  0.05921505165069650  0.06902970032557762
  0.07883244767780886  0.08862643501817632  0.09815567099858127  0.10730197432537027
  0.11643850472090049  0.12587438616278940  0.13571473199047812  0.14523947672013157
  0.15466697650098388  0.16427560873089592  0.17364112476606325  0.18278120714341589
  0.19124131029147778  0.19981716868959543  0.20871739332998587  0.21795364847203602
  0.22747686510587078  0.23699005098908363  0.24693423491194672  0.25677274330243938
  0.26649453366678105  0.27634144617958989  0.28625965752538529  0.29622682612440254
  0.30578289579486756  0.31512343268473691  0.32494802732469569  0.33515243374046760
  0.34583903456569998  0.35664782344878726  0.36741366100882428  0.37819001047950507
  0.38899039332917823  0.39992991093496744  0.41092270642360079  0.42199518343167269
  0.43266141333861186  0.44322158460216410  0.45374030871148585  0.46491485309582775
  0.47619588332078594  0.48729463168205506  0.49844769957279722  0.50954827382604440
  0.52083020212262798  0.53209994632469138  0.54333777381328219  0.55445398842328508
  0.56538338858005832  0.57637871254658268  0.58748456981116004  0.59846344504395677
  0.60963834614826229  0.62099820235278447  0.63229543795258492  0.64359525023444086
  0.65485000531116011  0.66638455394466722  0.67768549054642546  0.68897175151961876
  0.70038125082429725  0.71183526773467987  0.72326920755760726  0.73492785384903192
  0.74642317199797048  0.75694609532578949  0.76746926336638299  0.77816654243329764
  0.78936604393002274  0.80099587150808760  0.81181726073017180  0.82265200524066839
  0.83353582223005329  0.84465914696830557  0.85623681827714715  0.86750330473518455
  0.87843146386709314  0.88928529412191382  0.89987906149643049  0.91053683784835937
  0.92157068583786095  0.93271089304026611  0.94416025962811723  0.95505801488852216
  0.96612111968345216  0.97653606071483445  0.98828684114135867  1.00000000000000000
 -0.00215337681500477  0.00848282976472063  0.01924902506895153  0.02986217483876763
  0.04054395806164183  0.05073270909572793  0.06124676024604914  0.07179237459158397
  0.08290549750356169  0.09374341132063606  0.10460240187054250  0.11548195604143464
  0.12589519597908402  0.13661007916023382  0.14711067476925999  0.15752022971139637
  0.16793787821235093  0.17832382522389004  0.18845180359107622  0.19870026160486690
  0.20923926631245024  0.22021019382189866  0.23102889598857257  0.24179314044487843
  0.25254112451358157  0.26314511812516300  0.27382687247102594  0.28457477520772290
  0.29545371265454207  0.30641498906435838  0.31748039553323099  0.32838837137085025
  0.33917166747061017  0.34987003412440437  0.36060442525743314  0.37129863475912178
  0.38218909191460593  0.39316693501541106  0.40407782779954798  0.41452806817268817
  0.42480985472841765  0.43512435828658869  0.44521196804035373  0.45518411975259271
  0.46495352448211225  0.47554725100464734  0.48617829900269915  0.49725232114700713
  0.50766512671734565  0.51798782277835709  0.52809187422527659  0.53822392191484636
  0.54808098269706029  0.55810610366514168  0.56848070994713229  0.57904560304133690
  0.58939116971398042  0.59939974239672289  0.60985392589745935  0.62061376669966561
  0.63149589687378216  0.64231251925497967  0.65283081408601573  0.66358051255093231
  0.67371166680179939  0.68380931134379042  0.69405655164817726  0.70467390190995716
  0.71484401556233945  0.72459469803733711  0.73434942120739100  0.74437286404173209
  0.75518236376176739  0.76597600697925394  0.77623930653571760  0.78633509171132443
  0.79590093340088641  0.80592124030066414  0.81632408441643034  0.82696254770191402
  0.83764378941516970  0.84866820749896688  0.85962192873758081  0.87086814642770305
  0.88179595271716826  0.89274749719092794  0.90352504003706935  0.91455405319108118
  0.92549637439863142  0.93642572411342639  0.94736108484492609  0.95795577887052297
  0.96911700679889901  0.97986789036395949  0.99009407398081151  1.00000000000000000
 -0.00202016869249005  0.00832759834111312  0.01757833631803895  0.02704483970661405
  0.03632008883845363  0.04569315545806129  0.05561019721655062  0.06463474089729561
  0.07392327484587878  0.08293259887881471  0.09262442958627740  0.10225901065063861
  0.11218402734482802  0.12188712270074083  0.13144654363796410  0.14100838717661515
  0.15050609610624743  0.16025535028551990  0.16989303772878830  0.17961073183890511
  0.18910006713470776  0.19875905946014460  0.20860877671340491  0.21860202566454753
  0.22872681701609962  0.23893909227050220  0.24936851550344039  0.25972016671388398
  0.27008258444772493  0.28048270614362419  0.29091519219010176  0.30152720101035424
  0.31238932190313179  0.32289772584903093  0.33319998976249865  0.34339213122738826
  0.35381331604838551  0.36440557973663362  0.37500879581453572  0.38583259071411424
  0.39690609288755352  0.40807269311033184  0.41937011674186209  0.43054598591554893
  0.44166728249244031  0.45272778498513006  0.46382495226050913  0.47480070670468982
  0.48599444416945409  0.49718350681415652  0.50849071281753966  0.51975686077234928
  0.53096653170082864  0.54217662049284188  0.55296590192263495  0.56401349974679427
  0.57492290273015501  0.58581065949229494  0.59662900579272116  0.60757617564618116
  0.61853753190430216  0.62935541891303670  0.64077589902151599  0.65200319412847885
  0.66334152288218506  0.67467804984128932  0.68611383643911172  0.69734257141222589
  0.70831245973499668  0.71936240061524936  0.73046659813993131  0.74133477826501615
  0.75190445568547637  0.76245912396145388  0.77367813340431590  0.78514244855983673
  0.79664617136719462  0.80793882841583486  0.81913893879561639  0.82999833316661198
  0.84087304425223408  0.85183339437386363  0.86313233009814849  0.87424762336408479
  0.88445339567686987  0.89451990827785677  0.90484613946291559  0.91595607923096045
  0.92711874538556993  0.93794040679845736  0.94884780111454758  0.95914217142549651
  0.96975431928679223  0.97965522599552957  0.99000879011362386  1.00000000000000000
 -0.00230688027041449  0.00894724460189155  0.01929607687812721  0.02933093966885185
  0.03963923743607455  0.04991933193059642  0.06066394467866370  0.07153780228982699
  0.08228252257778432  0.09248913944934896  0.10247496478097663  0.11271636472795818
  0.12321637453650579  0.13381424009356244  0.14446906410070490  0.15504734012916077
  0.16566958344494559  0.17623316855627960  0.18634000737230313  0.19620581531298265
  0.20609394141538909  0.21619993490421707  0.22619622082084256  0.23611713751279384
  0.24611076842621052  0.25652313681166838  0.26704243221606577  0.27754758641152211
  0.28818664936775945  0.29908062035917304  0.30995080661308666  0.32060738181802456
  0.33112854944410391  0.34181734253999896  0.35263321838116507  0.36346546161318322
  0.37433819313066180  0.38541199472536963  0.39658455003378851  0.40708262184408395
  0.41701101801429125  0.42646165735828567  0.43648005903752396  0.44662333856580178
  0.45706606980970743  0.46771484678150210  0.47820801798072465  0.48868079649907364
  0.49926345357355179  0.51007255348487734  0.52065503153773596  0.53098631912565053
  0.54148716016121234  0.55235248485080390  0.56350687366402274  0.57467632487222708
  0.58593144306620282  0.59707148787588848  0.60774821726137651  0.61832842466381777
  0.62898726979148500  0.63999786382071322  0.65104636043547115  0.66208093924361011
  0.67315170287170134  0.68415275396464070  0.69475711047088995  0.70534808994947285
  0.71600025805719902  0.72661229234495017  0.73689691527538514  0.74686108588377209
  0.75701740821641239  0.76747469555472847  0.77837884722058059  0.78931468901072499
  0.79981375033285551  0.81042349965422111  0.82076894577119786  0.83109594142649801
  0.84133450056406467  0.85149753043871412  0.86212728423008511  0.87271839404916629
  0.88354596404984354  0.89457673280107008  0.90553469588988023  0.91644218532654065
  0.92651543363429478  0.93645357245938132  0.94638366070607383  0.95648752367503620
  0.96777924133584747  0.97852031746000434  0.98945592635190827  1.00000000000000000
 -0.00229589935333585  0.00942938843592082  0.01907295821798082  0.02929098862808135
  0.03962051520209505  0.05048373118952805  0.06140732261081117  0.07192486992764344
  0.08230643018523841  0.09284304625285114  0.10321486653549258  0.11314743152750951
  0.12334406802321277  0.13406748755656242  0.14506592595638126  0.15581183048931666
  0.16629915317696226  0.17675032744672473  0.18681631467555648  0.19721301957136209
  0.20733540090795957  0.21782664722674056  0.22827833988111365  0.23905120661959300
  0.25009975552591751  0.26119324518497017  0.27204844309163989  0.28264715030865362
  0.29320364347105932  0.30381018585033809  0.31382109476152603  0.32357321900742508
  0.33347741278539117  0.34396187525976607  0.35478632176397551  0.36566153585871952
  0.37657299878169614  0.38754032089458190  0.39843109420882244  0.40918015287303100
  0.41995134709104470  0.43078205487642679  0.44167785444409263  0.45242196419030128
  0.46279988503943109  0.47311252227138989  0.48341660049195978  0.49419232298285531
  0.50498778160449143  0.51575019946114864  0.52650250417496081  0.53693913316729625
  0.54679257684356597  0.55641261479842152  0.56603509089587722  0.57647795223075970
  0.58715137432815001  0.59793776060519732  0.60886939071292201  0.61967194200476350
  0.63026713356151876  0.64072220113595568  0.65103317902202418  0.66123391270148268
  0.67157261974525118  0.68182525623298695  0.69224621178876600  0.70273182448631877
  0.71342756956199338  0.72431288021265028  0.73515335993090369  0.74578490974511613
  0.75642388602877320  0.76709182468637627  0.77746301860595746  0.78770828981833296
  0.79816893827478930  0.80878004635459066  0.81976284630926421  0.83072598748716597
  0.84183707980498268  0.85252662444494609  0.86313097958918539  0.87376913596935124
  0.88466931088044898  0.89559045152636041  0.90627165417224720  0.91706579747644590
  0.92756056646089780  0.93741114976441120  0.94718362497871278  0.95698827001903564
  0.96752023241035989  0.97856397478396828  0.98929500298656592  1.00000000000000000
   1.2201926246241223E-011  -1.0000000000000000     
 F F F F F F F F F F F F F F F F F F F F F F F F F F F F F F F F F F F F F F F F F F F F F F F F F F F F F F F F F F F F F F F F F F F F F F F F F F F F F F F F F F F F F F F F F F F F F F F F F F F F F F F F F F F F F F F F F F F F F F F F F F F F F F F F
  <DiscreteSampler_grid>
  grouped_processes
  1 # 1 for a reference and 2 for a running grid.
  10 # Attribute 'min_bin_probing_points' of the grid.
  1 # Attribute 'grid_mode' of the grid. 1=='default',2=='initialization'
  0.0000000000000000 # Attribute 'small_contrib_threshold' of the grid.
  0.5000000000000000 # Attribute 'damping_power' of the grid.
 # binID   n_entries weight   weight_sqr   abs_weight
    10   10   8.808886146672307E+000   3.406178865119028E+002   8.808886146672307E+000
    16   10   8.808886146672309E+000   3.406178865119027E+002   8.808886146672309E+000
    22   10   8.808886146672307E+000   3.406178865119027E+002   8.808886146672307E+000
    28   10   8.808886146672304E+000   3.406178865119024E+002   8.808886146672304E+000
  </DiscreteSampler_grid>
