  0.00027528880337992  0.00030001247156305  0.00031659413511804  0.00033751438831321
  0.00036060869394983  0.00039266583052930  0.00044091231055325  0.00054224679269288
  0.00080099773535912  0.00122421611142463  0.00163319515134970  0.00198941303351016
  0.00235973084275610  0.00278936455396728  0.00325361626375010  0.00375783842932035
  0.00429430584292513  0.00493182496085499  0.00575641655088605  0.00671314304747375
  0.00780544596922058  0.00909292655165676  0.01060956907263322  0.01240761537549695
  0.01442126968870832  0.01658309930595330  0.01892124849215584  0.02155784385160091
  0.02474357365825321  0.02852283559297961  0.03308592595616529  0.03822173947541781
  0.04361375600652867  0.04865529554656677  0.05311880254763001  0.05669962820280022
  0.05935768881642636  0.06119459092908290  0.06248619622885797  0.06342073364198345
  0.06413046284894328  0.06468689199973530  0.06512986382715240  0.06549317772326625
  0.06580492512608847  0.06607257374856343  0.06630447853438863  0.06651191313427790
  0.06670106802438103  0.06687402555883296  0.06703367402269000  0.06718276781839926
  0.06732459325059147  0.06746160797897562  0.06759495533270825  0.06772535663780731
  0.06785437765866445  0.06798315416051756  0.06811252302194980  0.06824333258637952
  0.06837667038866800  0.06851450117015989  0.06865932659072610  0.06881283616612417
  0.06897614470896295  0.06915162563390605  0.06934320723731413  0.06955552994507495
  0.06979371692638310  0.07006266911387744  0.07037118700420977  0.07073813982626088
  0.07118282010632491  0.07172062451099659  0.07240313432155387  0.07328875984128415
  0.07446558764105264  0.07608946038135787  0.07841638478853430  0.08189436208537564
  0.08708710330214932  0.09502260621645273  0.10632726413807794  0.12149167850884679
  0.14016015396261300  0.16379860402752969  0.19690090587280584  0.24102728271206733
  0.29790058198429642  0.37077342321469264  0.46831679316640978  0.58100013410916274
  0.68885417294504536  0.81164195369703385  0.90502971773243479  1.00000000000000000
  0.00001372460322713  0.00003400394573878  0.00006959223009514  0.00011030119051094
  0.00015521549534091  0.00020459790877499  0.00028709109465033  0.00038748343708465
  0.00050808962671851  0.00065623684242988  0.00084845173302172  0.00113773363630315
  0.00150198034692362  0.00193004802095278  0.00243771514487289  0.00310491303703548
  0.00407985345014248  0.00539616116135255  0.00722093199155977  0.00984999210715898
  0.01360459751520587  0.01914859016391952  0.02715936115457902  0.03858305668110343
  0.05295868751123316  0.06912331096738714  0.08619503307166781  0.10378858661451545
  0.12161268740654309  0.13968577955567257  0.15785048225330423  0.17605319031095953
  0.19431020793158410  0.21261173116003060  0.23077423923551138  0.24891106141108654
  0.26710406534784353  0.28544405436574583  0.30393249421198049  0.32221194883737581
  0.34020388261908030  0.35832543673057560  0.37662461669476538  0.39492203364998951
  0.41304269782954911  0.43104344777303810  0.44919476921818785  0.46752049167314669
  0.48563287650555942  0.50344485522420834  0.52125236992917479  0.53926935303979195
  0.55752757122073837  0.57575793749600546  0.59393049278909305  0.61199373584151984
  0.62985943303115388  0.64763171188559399  0.66538907536792913  0.68330087110599336
  0.70138588906629751  0.71947356348899782  0.73735209264570312  0.75498231503743685
  0.77231021398209654  0.78955421255914982  0.80694295713258413  0.82434919151146269
  0.84164705259011874  0.85869374866542714  0.87544990684989832  0.89169204578589434
  0.90717692391241678  0.92187525597208053  0.93607699613404716  0.94959478222138860
  0.96165460058552732  0.97154901921627590  0.97909662850889789  0.98490406368564987
  0.98893779080284838  0.99193438996085759  0.99421770728738179  0.99591903254629610
  0.99714510489495478  0.99805872931028572  0.99873737354102765  0.99917488496693230
  0.99939987046025380  0.99953745009741635  0.99963684302129230  0.99971189519710890
  0.99977817023864557  0.99984839248212354  0.99992225710999860  1.00000000000000000
  0.00051670508051062  0.00088782868132874  0.00111371877438505  0.00131818170066471
  0.00153600838765764  0.00177784165662625  0.00204648828845274  0.00233871441658318
  0.00264604291492119  0.00296590494406063  0.00331301630612926  0.00369874940061617
  0.00412623262812753  0.00458822527434336  0.00507272013143798  0.00557551375163351
  0.00609068742564543  0.00661641632652624  0.00715173541123600  0.00769762071581093
  0.00825492684729575  0.00881933231817302  0.00939678154118290  0.00999836255041241
  0.01062382503708880  0.01126995089736796  0.01192774027612104  0.01262395795957307
  0.01334004574250021  0.01409813139810258  0.01489411060223201  0.01573850428762176
  0.01662561303119526  0.01754987229195237  0.01850193512542818  0.01945662486099659
  0.02043626718102027  0.02146113422481249  0.02255697674019672  0.02373604742377325
  0.02495776320014584  0.02624464906313618  0.02754694691799804  0.02891459980358566
  0.03033822058998014  0.03188672356375555  0.03354097179553009  0.03528901346152619
  0.03712635029626062  0.03904496809854809  0.04105333502347325  0.04313364848493574
  0.04528619496418790  0.04753079966496140  0.04986017960791129  0.05230585579733014
  0.05482008281756513  0.05739705047079794  0.06014655085818433  0.06307477953461890
  0.06615576109917728  0.06931946785625671  0.07258326569614094  0.07597035186912550
  0.07950372076443837  0.08320734937026569  0.08710670682573299  0.09136875159079580
  0.09615694341573441  0.10160294474186451  0.10704213877088896  0.11245897192846460
  0.11797168259923804  0.12406034925241320  0.13084491242946908  0.13820923037086358
  0.14609367839193868  0.15466511575080322  0.16406287178927209  0.17437362522067432
  0.18552531523019464  0.19742766154621333  0.21031593273597976  0.22388165071014327
  0.23838446623042184  0.25310156691028490  0.26879175635598562  0.28568187544155527
  0.30495670502243799  0.32582481719485396  0.34836033556369428  0.37261770365717140
  0.40271031401335650  0.44306813296034436  0.52866237250344994  1.00000000000000000
 -0.00193397249943767  0.00796637081538516  0.01810792756792361  0.02792450250223288
  0.03781825362225347  0.04784366955067750  0.05775274588589502  0.06741308342059538
  0.07708915788770894  0.08629574563417650  0.09600453353638347  0.10554024054567061
  0.11492238400136189  0.12445575954704179  0.13374222930962185  0.14335269329907963
  0.15322780410650377  0.16318050714633606  0.17293188718953575  0.18261832231926506
  0.19210923766826565  0.20177412916338525  0.21129841451499984  0.22109118311013717
  0.23089300862943893  0.24069568295330482  0.25029868259496540  0.25991898057403540
  0.26977348498754405  0.27998453402562024  0.29017985748677949  0.30055959357030138
  0.31088383435538769  0.32139781880398366  0.33197001361183492  0.34269525614026669
  0.35344097663195084  0.36412665652392640  0.37485836161718672  0.38563093595764542
  0.39649532833276896  0.40735259002241614  0.41826602145627340  0.42932838521305178
  0.44037062685537676  0.45059686171616609  0.46031911357989574  0.47004917314850830
  0.48093396382104209  0.49253551922391625  0.50394766150435999  0.51526150051807207
  0.52646783023703048  0.53786698954617074  0.54908911471141308  0.56006271009719844
  0.57106528006493451  0.58234772175968774  0.59405954631999647  0.60577833139329684
  0.61754189784100166  0.62923240185914864  0.63986853150482148  0.65005224647522064
  0.66036486900886393  0.67128513753228503  0.68283454760317386  0.69401975575716457
  0.70488956252465018  0.71564114654708333  0.72670731773893538  0.73810698629247928
  0.74945557779609906  0.76037538994585341  0.77113046769740445  0.78195275611048443
  0.79288896505613360  0.80369328193527700  0.81465095962575629  0.82571390042343562
  0.83688471007129706  0.84791657787768049  0.85896649555859206  0.87028584263056796
  0.88170514112747556  0.89220256125986386  0.90193103132908903  0.91129562747395365
  0.92067572490360927  0.93202468175816766  0.94295605466940657  0.95449929788938581
  0.96550609530927445  0.97720300829533535  0.98867557511449999  1.00000000000000000
 -0.00217397654921503  0.00873587128847713  0.01980754417200493  0.02944578914793776
  0.03946813781088108  0.04945132600125755  0.05991727584719959  0.07052021789551646
  0.08092799177881921  0.09116263060829041  0.10078931107657814  0.11038732420127204
  0.12014882777332689  0.13024366056702547  0.14042287492895916  0.15063955633215417
  0.16111344786399803  0.17173466679377528  0.18225687736455407  0.19271195885896050
  0.20330512530211445  0.21398905394252826  0.22460178163923294  0.23496821741444068
  0.24510358832375431  0.25527286677881789  0.26577306587566885  0.27652632105247793
  0.28729956257908190  0.29802515844563543  0.30881696768796363  0.31973880082363959
  0.33069322529556539  0.34151761663047009  0.35194225044890987  0.36183709181876267
  0.37164529911569194  0.38162987899235640  0.39194703658435814  0.40205923063951937
  0.41215925213491617  0.42254017410584260  0.43343366909650405  0.44440058603930593
  0.45512276838119731  0.46553734604872166  0.47592180595214845  0.48647554290472328
  0.49698540134605473  0.50751761759178649  0.51821172444900654  0.52910256364631114
  0.54001599770944886  0.55078987231973786  0.56150867308053609  0.57223270517845559
  0.58298221571269093  0.59350609315534120  0.60355450553134804  0.61364248195353732
  0.62417200931954675  0.63521031304401088  0.64598899184460545  0.65653112923319001
  0.66696918689685802  0.67790682796065660  0.68879542789851023  0.69969406183350391
  0.71048040409268243  0.72088951824251057  0.73156380434009982  0.74215032167137107
  0.75320412029653983  0.76432460753869036  0.77562203250409256  0.78679282195025280
  0.79762619586126171  0.80844241797670824  0.81929776774754237  0.82997540188729235
  0.84050262904650663  0.85114096713428233  0.86190557896287046  0.87272137123979532
  0.88350517038493470  0.89431546017586594  0.90498584382460978  0.91548821570030126
  0.92590362798904591  0.93649671159226844  0.94712852507541923  0.95782382770749774
  0.96858125289412755  0.97884137073898358  0.98979969944991508  1.00000000000000000
 -0.00179454594295358  0.00677147021050458  0.01540900459722885  0.02513986941987192
  0.03550335546098848  0.04556222206398505  0.05546592337413641  0.06510208939207530
  0.07455402703563138  0.08404918297835731  0.09354769430572370  0.10313298729456014
  0.11301054230084034  0.12278825657989023  0.13186792111320764  0.14026161523452646
  0.14852738498898196  0.15717561073656602  0.16667837277517963  0.17565867746776179
  0.18465877852853393  0.19358317055582436  0.20312800037725848  0.21301572280517050
  0.22311115681530966  0.23338146168319909  0.24372052613829784  0.25386511643893944
  0.26355483385565581  0.27299510686482176  0.28245783327624557  0.29238816620440911
  0.30263410283925068  0.31318495610572861  0.32387556597584682  0.33463977095933295
  0.34545250494790442  0.35631467361426666  0.36703402247411554  0.37770200867402293
  0.38819946975935771  0.39881386871530394  0.40968620407577028  0.42074826547384658
  0.43183073040619174  0.44277605176843426  0.45370820059894967  0.46450503402617149
  0.47541997957017262  0.48637098638450693  0.49735753203749383  0.50808439291686069
  0.51904130872301812  0.53044351271480350  0.54210550469848717  0.55364678991387217
  0.56505159663747873  0.57638762386289122  0.58768920683840020  0.59865153268641436
  0.60929655264449634  0.62008716973681788  0.63099506205922307  0.64226360518748637
  0.65343946599514213  0.66467179938636833  0.67585097566564478  0.68721492071859569
  0.69869335421511147  0.71040341638356241  0.72177275371354710  0.73277375157806968
  0.74388896816764183  0.75537108491623650  0.76743223255223580  0.77909071180989042
  0.79060463825313709  0.80202212685360663  0.81308232194109764  0.82412373671203620
  0.83492840977794813  0.84623900597696866  0.85743928934865088  0.86866841850281795
  0.87967987830270444  0.89058752583498657  0.90118682282108109  0.91108378147154212
  0.92132622192890468  0.93202920055813876  0.94269831872138798  0.95401618633813412
  0.96528320812974111  0.97683257201221974  0.98852570967113673  1.00000000000000000
 -0.00205644790130591  0.00817293354991613  0.01851082348909671  0.02933405725974193
  0.04080949649584506  0.05224788219048728  0.06315176532573023  0.07351398144011682
  0.08374971265520717  0.09438353866719626  0.10526883737410789  0.11636241639486482
  0.12751713208044896  0.13860124709321855  0.14932564231643689  0.15998088898245957
  0.16981988378860080  0.17968802776115184  0.18952553299677627  0.19982162410900589
  0.21060910299510532  0.22135917724026508  0.23203741870149855  0.24254242796244166
  0.25334999105383127  0.26423992845405608  0.27513459526849116  0.28600641759945261
  0.29640296551220185  0.30698398085798351  0.31613935375370794  0.32528238093326650
  0.33460552947978278  0.34506672537732902  0.35601167076775680  0.36685405539841709
  0.37719273761848326  0.38764288579812745  0.39798817749382032  0.40824715456977445
  0.41854823352783854  0.42888900810393521  0.43929056878443717  0.44965041104308889
  0.46015155476136377  0.47111321773716069  0.48211276308073958  0.49307137823871428
  0.50392772143356468  0.51447357121843906  0.52491648597396889  0.53559106222956532
  0.54651784892694677  0.55697821173643225  0.56728733909844076  0.57779021241950446
  0.58868061449866416  0.59974164343149106  0.61033601511481406  0.62097393425998093
  0.63146541899113928  0.64188096720599996  0.65205521836675306  0.66247146488323372
  0.67284412214409750  0.68345848364741346  0.69458630052169446  0.70428847232746750
  0.71394420039337558  0.72315726043278850  0.73297390633143056  0.74350204434318179
  0.75436669800802214  0.76502881816973312  0.77555232237196392  0.78621408085212197
  0.79699805462394335  0.80800490036703909  0.81902383027233461  0.82974074709629975
  0.84002016143040636  0.85012442984495140  0.86069424829430996  0.87178811223822972
  0.88289300782602875  0.89362245324724310  0.90426220840353311  0.91495150101491551
  0.92557193984768404  0.93629573327333249  0.94706913471275078  0.95782308471760613
  0.96781585936228021  0.97816916695921263  0.98876263229305650  1.00000000000000000
 -0.00228810391433188  0.00883768504584122  0.01924896892742274  0.03007621857317198
  0.04075248417931768  0.05166684504508857  0.06253703620425305  0.07319983214720240
  0.08355682908892867  0.09421614623738579  0.10461862580489409  0.11424806005705042
  0.12394167031316583  0.13384572042785925  0.14422837791196139  0.15491555449628849
  0.16566116362193609  0.17661871975798193  0.18704845263676678  0.19749665280178405
  0.20753366563570380  0.21803483232998982  0.22866825556374512  0.23929336762266798
  0.24993617083587297  0.26039946898685817  0.27109352133760095  0.28207791797131621
  0.29334211430774593  0.30440474681151553  0.31509862837869368  0.32575779075996997
  0.33671701239823354  0.34789668382370842  0.35897690127848647  0.36998845291732074
  0.38088838457359669  0.39181470454948980  0.40282139182522581  0.41359268692155221
  0.42391846908115915  0.43382935806100503  0.44375632953354366  0.45400838368827356
  0.46472720806901507  0.47565834496051673  0.48665883429423717  0.49765995799886070
  0.50851728649962114  0.51907741440930977  0.52934343451313004  0.53962571888362088
  0.54996553603217158  0.56059791618985633  0.57144277248204067  0.58219078641821009
  0.59255841441420720  0.60267541851085671  0.61294020614525724  0.62353084783562684
  0.63407077948757018  0.64420543227513327  0.65434697755989379  0.66462213711537887
  0.67509014427263814  0.68565964682971170  0.69618991765342553  0.70691184625782055
  0.71721123665759823  0.72764723362478234  0.73769221883858616  0.74807934767016981
  0.75847504329489079  0.76928433351706704  0.77979915342000716  0.78949608393298765
  0.79880598454369844  0.80860244412734184  0.81905145404597524  0.83006808128755882
  0.84086719413183131  0.85157178655634391  0.86242201792324802  0.87359221622822281
  0.88458597952713647  0.89523786167310870  0.90580680836626914  0.91664726347400582
  0.92783683233900249  0.93893937486958745  0.94998303149427754  0.96060464208389229
  0.97084609096798402  0.98058045156511320  0.98981814303169657  1.00000000000000000
   1.2210830812943665E-011  -1.0000000000000000     
 F F F F F F F F F F F F F F F F F F F F F F F F F F F F F F F F F F F F F F F F F F F F F F F F F F F F F F F F F F F F F F F F F F F F F F F F F F F F F F F F F F F F F F F F F F F F F F F F F F F F F F F F F F F F F F F F F F F F F F F F F F F F F F F F
  <DiscreteSampler_grid>
  grouped_processes
  1 # 1 for a reference and 2 for a running grid.
  10 # Attribute 'min_bin_probing_points' of the grid.
  1 # Attribute 'grid_mode' of the grid. 1=='default',2=='initialization'
  0.0000000000000000 # Attribute 'small_contrib_threshold' of the grid.
  0.5000000000000000 # Attribute 'damping_power' of the grid.
 # binID   n_entries weight   weight_sqr   abs_weight
    10   10   1.898120824056326E+000   2.131237429140577E+001   1.898120824056326E+000
    16   10   1.898120824056326E+000   2.131237429140577E+001   1.898120824056326E+000
    22   10   1.898120824056327E+000   2.131237429140577E+001   1.898120824056327E+000
    28   10   1.898120824056327E+000   2.131237429140577E+001   1.898120824056327E+000
  </DiscreteSampler_grid>
