  0.00907249451250972  0.01609874972929948  0.02645097256290913  0.03840724260771333
  0.04909805890528777  0.05989813976309685  0.07055494742894725  0.08093220997919910
  0.09097394679641255  0.10107569724408387  0.11242219726622942  0.12364891509124261
  0.13407594197154202  0.14420859219637858  0.15474003712030485  0.16532179066760511
  0.17519652498597205  0.18455971316042208  0.19412303034946488  0.20398196886480222
  0.21390626080712596  0.22386437435642559  0.23438392382344775  0.24573694856242984
  0.25693025160398458  0.26783850128557757  0.27902176346930646  0.29022495679949439
  0.30046783058552301  0.30987674422761891  0.31939733590231539  0.32922294643150590
  0.33938692153933703  0.34978567717395220  0.36055530743081016  0.37180751582427923
  0.38323011714307587  0.39452447217552183  0.40525631096462739  0.41539957778974645
  0.42521059932703925  0.43509917798074377  0.44498502121302685  0.45514809210008406
  0.46620592116040765  0.47761002813474002  0.48868125537229073  0.49905343755139570
  0.51007080305160424  0.52128884201280667  0.53284776090939368  0.54360465725362817
  0.55373007029711629  0.56385877626418612  0.57382649944896158  0.58363233518201607
  0.59286164215020531  0.60215432807512781  0.61136609418300292  0.62021443454023761
  0.62906046807634020  0.63778478298455177  0.64673107159077059  0.65639105165710920
  0.66683824204243369  0.67754431923156389  0.68817937177989030  0.69858909454673057
  0.70873974404175555  0.71903764898656963  0.72985791870704231  0.74148141787162536
  0.75330760776806538  0.76435375556495955  0.77484052810305604  0.78506076923676538
  0.79552334010422954  0.80658185332697996  0.81753099396310958  0.82783394798747079
  0.83786635537515175  0.84783088597978162  0.85809894999905889  0.86860313542444634
  0.87901863619292220  0.88952170901249350  0.89998472611943292  0.91050046597382650
  0.92077387907364416  0.93111487249143210  0.94235752463431355  0.95430841391788790
  0.96562016604048206  0.97664921880967448  0.98781306659376467  1.00000000000000000
  0.00914447956655451  0.01605701926833913  0.02638444188661719  0.03670005301685306
  0.04676759337832080  0.05592252208516600  0.06537641305796667  0.07462656987081556
  0.08391375006685819  0.09364613206177325  0.10366150574978421  0.11470045744175118
  0.12585148684678277  0.13608528577081908  0.14629322225047969  0.15668605465986310
  0.16738301999241864  0.17804680423845029  0.18895997666591061  0.20046103343805519
  0.21204276164752930  0.22356536006938851  0.23527158536765971  0.24713700931187271
  0.25883594223040979  0.27005030822930182  0.28044540470354207  0.29066527892986549
  0.30113306944861412  0.31152774296310076  0.32184595152767376  0.33231620336393825
  0.34309029086194648  0.35395931368665323  0.36498641273498600  0.37587351000108243
  0.38643292285535547  0.39662697362339400  0.40648404983141573  0.41630687547847317
  0.42654157760531930  0.43710917518827158  0.44776429702569004  0.45792804294662354
  0.46842088040177698  0.47920434088117797  0.49017513755641773  0.50075353802198674
  0.51179433958602749  0.52279383753217257  0.53428333399568539  0.54533032277931148
  0.55550435456702196  0.56537087801656294  0.57547465965362221  0.58560621777632271
  0.59605895631608619  0.60675375840020673  0.61759547710161600  0.62865926093742430
  0.64001061797157588  0.65134824022273508  0.66264232818189761  0.67368907737161254
  0.68453679214987451  0.69466014965047462  0.70425392372871609  0.71395714768902552
  0.72394789924549641  0.73411377554192514  0.74423995021515665  0.75452944024932556
  0.76476328171013064  0.77439959513793921  0.78340643969409274  0.79252503907266314
  0.80209176958036510  0.81203953354130876  0.82292545597642430  0.83323196480761097
  0.84531343150400517  0.85736924893323341  0.86906140428545564  0.88017201817105395
  0.89076267596609204  0.90128767986583869  0.91205736837605633  0.92269503319106461
  0.93356949772733588  0.94474095278707038  0.95564781275129851  0.96522482925050801
  0.97437088687721296  0.98373860686903647  0.99084183060518038  1.00000000000000000
  0.05781872071951273  0.06011255074963174  0.06226010241963657  0.06498389177943448
  0.06888439322563029  0.07261651555770701  0.07628710590343102  0.08005970319627495
  0.08387961699519764  0.08777883088232429  0.09172447341546119  0.09571754919340440
  0.09996202454627283  0.10424048921143353  0.10855175915055963  0.11296350181063955
  0.11742884535837327  0.12197648170615416  0.12657164516034972  0.13136294741392651
  0.13675771253313293  0.14216813731898578  0.14653737466468630  0.14821836664058127
  0.14959610566232029  0.15074845506719017  0.15194816938314948  0.15372989731847458
  0.15622090952270376  0.15858564546830198  0.16094082422603553  0.16331663368155494
  0.16570992886338065  0.16812010838441155  0.17050116793947434  0.17290265936629592
  0.17532103168153440  0.17772882824515893  0.18015475047833962  0.18258199709507777
  0.18503364126350602  0.18750271766286558  0.19002996137731684  0.19260548977779604
  0.19521620787518815  0.19784181687119848  0.20050876142577528  0.20320092952208571
  0.20593053753372603  0.20868090716130752  0.21146683645138553  0.21428964743193349
  0.21714521597273115  0.22002541081982155  0.22294726414652816  0.22591071469213292
  0.22889433713634952  0.23191193485316922  0.23498373598918351  0.23811020266748392
  0.24128165843634181  0.24448498801923002  0.24772432629821764  0.25101703167541128
  0.25438498289539552  0.25781010407803540  0.26130074264406827  0.26489102397503556
  0.26858648993255080  0.27236803634193452  0.27620343038033973  0.28006180294018135
  0.28405099261082595  0.28813543842352501  0.29235353307694839  0.29670132481782802
  0.30127009809996536  0.30600713531969592  0.31095615330276771  0.31615136810817435
  0.32162085419128650  0.32741962047418000  0.33360224074696820  0.34016752178061610
  0.34720753882869354  0.35485781954923046  0.36329243714355836  0.37274236030217600
  0.38338863571680015  0.39581774888614685  0.41089577774681502  0.42950894009488538
  0.45613350460967333  0.49893239391147159  0.58382605338742255  1.00000000000000000
 -0.00315516331537619  0.01257658293913199  0.02549866804393846  0.03825628134425521
  0.05026821937192263  0.06151321743902715  0.07303307642447658  0.08436564457922599
  0.09686601726612742  0.10888327480970932  0.12141562164782159  0.13406712372496640
  0.14617059091200088  0.15782486693201425  0.16884931510026843  0.17971486519097354
  0.19035363149219026  0.19961345918158299  0.20890879950653232  0.21804075814113671
  0.22715373060358535  0.23647142944957045  0.24601595326799530  0.25643859617561954
  0.26775397437735243  0.27826496861203937  0.28904122429639573  0.30001134186151368
  0.31113824120031897  0.32195743796482046  0.33244011902512077  0.34271143989245573
  0.35281412855688254  0.36295923478622366  0.37318301015997618  0.38351605699064334
  0.39386805205111386  0.40407017733354084  0.41397512196429470  0.42335786643456585
  0.43262385161275868  0.44241639108560449  0.45231778265001260  0.46199613447983073
  0.47164094645613586  0.48156694091472996  0.49176337696787237  0.50196450462287523
  0.51229498172050048  0.52271173463889276  0.53269405333974174  0.54223710843694617
  0.55167012995845877  0.56120317987115054  0.57109533878600427  0.58112539838921251
  0.59083666838427651  0.60025998809623970  0.60973370209157718  0.61949481447909893
  0.62911064523650095  0.63809331472733255  0.64744124960186367  0.65738364334241584
  0.66746519128974413  0.67728048363100013  0.68721522985222583  0.69769044540012992
  0.70817200906282340  0.71809380421919755  0.72795997844157245  0.73806972879738275
  0.74807279961938977  0.75783768619986192  0.76735636770365634  0.77701857803552310
  0.78712908585048869  0.79807300111697954  0.80987080696001845  0.82191450622391726
  0.83347124483275670  0.84407536000171546  0.85441059588978285  0.86527541239170769
  0.87615921897305638  0.88610422221939111  0.89582820242069416  0.90615626185433795
  0.91693978660960063  0.92774818819192784  0.93909074983121832  0.95121164521814627
  0.96342973363050377  0.97586834164231473  0.98774446920845504  1.00000000000000000
 -0.00193198795527916  0.00843249881662925  0.01766241171438997  0.02743434468754204
  0.03742788855487967  0.04833564122655430  0.05959013048704023  0.07083364286556278
  0.08172526674499044  0.09172110683056421  0.10139982229515655  0.11111510417591544
  0.12080723703617596  0.13067479923528033  0.14057207124265964  0.15020317117395393
  0.15965235802596606  0.16933402157783770  0.17867510693990815  0.18769507625720366
  0.19662667227433395  0.20568449554156873  0.21547755094229015  0.22598053086649630
  0.23705389462027596  0.24827295796966398  0.25919704615903943  0.27025590114915132
  0.28120038333416358  0.29212032943386834  0.30294487481809085  0.31392530655416517
  0.32529553761393243  0.33671552976364599  0.34806987452568144  0.35941018621508192
  0.37108091884360767  0.38267331888692280  0.39375234026061029  0.40483495057082441
  0.41577937100676815  0.42744310921934836  0.43874085271484076  0.44915344590504114
  0.45931265996580917  0.46907769925077231  0.47855754929813177  0.48773879411430410
  0.49699175004028406  0.50684011703007203  0.51685277051534251  0.52718809991018278
  0.53750486792259389  0.54728144165021719  0.55674003363805791  0.56702977119898212
  0.57826175530177426  0.58924165010784257  0.60012086117595786  0.61143697522998142
  0.62300176164053267  0.63432424461403158  0.64566157132875313  0.65712289002313651
  0.66844582837138700  0.67958442896317095  0.69070970306016533  0.70165486210425454
  0.71226786175561285  0.72219740419103817  0.73207702815129561  0.74191200952319680
  0.75182326180072390  0.76183348666357331  0.77210507179041321  0.78281387390618573
  0.79399319726051787  0.80557484944306457  0.81724083426306871  0.82860246354511224
  0.83974258827829062  0.85078272728281301  0.86197617110258451  0.87358820170664542
  0.88544509377070191  0.89742758718386351  0.90757155414000057  0.91825027005440174
  0.92889031765468544  0.94006546551989523  0.95083163346370780  0.96090596669711614
  0.97103575415598964  0.98118139827152417  0.99085285286552105  1.00000000000000000
 -0.00280153157549470  0.01144308652928686  0.02327287576869039  0.03546311960202136
  0.04835763605952485  0.06147717886204868  0.07385817784214876  0.08597458875289543
  0.09827822406192734  0.10952781619973594  0.12037604508388959  0.13141012411435471
  0.14262266735928869  0.15310633909420215  0.16318089510804989  0.17396690827999292
  0.18471828999649736  0.19532604261325209  0.20537099271800532  0.21542627210239620
  0.22538736798223927  0.23527891631423378  0.24516044634916223  0.25487247862975071
  0.26431745102053006  0.27380358433829949  0.28361536694536044  0.29367627507793881
  0.30387696952349580  0.31419125104997869  0.32456524204375037  0.33495726188111485
  0.34530433634711583  0.35559845816171726  0.36571168757791356  0.37574554952619227
  0.38605027261628500  0.39638891338106819  0.40656873904802482  0.41700226452795702
  0.42703641063891862  0.43771738339696803  0.44733099342017596  0.45669788670316575
  0.46615214725899584  0.47587256485695384  0.48590204974155038  0.49592491980464920
  0.50614070881263418  0.51667149062977968  0.52696071443684689  0.53736800743986224
  0.54712845750955419  0.55672104636819986  0.56609752002863001  0.57516065559484331
  0.58435789642714764  0.59361958111481816  0.60317969034637942  0.61315014185079031
  0.62316276482467770  0.63355544060915980  0.64394708045660476  0.65426886783706562
  0.66458769339301027  0.67587940174054162  0.68747503282303946  0.69883324430870075
  0.70971865221101638  0.72006018274998296  0.73049863143792848  0.74092018743936827
  0.75094963017571215  0.76085327352560317  0.77076660941313357  0.78141708921287634
  0.79261884388617487  0.80362063111721282  0.81467053863664096  0.82552756555912710
  0.83620265802968985  0.84698919038916065  0.85793967149003325  0.86925478263934941
  0.88084556072477727  0.89234508257993761  0.90341948033335573  0.91410481987550618
  0.92512643485398238  0.93625457643003385  0.94717699845707448  0.95817519857104516
  0.96950495165070560  0.98046530101402196  0.99049039475864586  1.00000000000000000
 -0.00244987168567548  0.00941861410477097  0.01958249853191645  0.02946703520636392
  0.03903363093983989  0.04871353035084029  0.05837348969570683  0.06897036574353579
  0.07991123521475542  0.09139799599738452  0.10309785508106141  0.11291785193971365
  0.12261939295647309  0.13227590039436199  0.14168337914652315  0.15116035481003609
  0.16110493902737485  0.17176411464439839  0.18341447067142708  0.19491457167481324
  0.20673914283141179  0.21889970534500411  0.23020779640985720  0.24109602317291001
  0.25167143186505014  0.26250291438205592  0.27341896638856461  0.28465560926799910
  0.29646589428150449  0.30843163428104398  0.32044750028798979  0.33206788207393007
  0.34358468710166890  0.35486544259006958  0.36630102754985916  0.37694584540792775
  0.38687007698367082  0.39689351326254579  0.40713803116003688  0.41736904343724673
  0.42745600561264113  0.43759989389168069  0.44856540919926841  0.45943147187442396
  0.46971332701565172  0.48007256785372399  0.49063430340334446  0.50113082600299996
  0.51142553343254882  0.52191544094480058  0.53302521768091793  0.54462173294267069
  0.55646119693955343  0.56809971485765931  0.57928176199322612  0.59039520498292319
  0.60077757195659909  0.61082424946813563  0.62066650244979105  0.63069492574662833
  0.64066332155246208  0.65037448098801831  0.66022764951674007  0.67034231843127812
  0.68153787929599186  0.69297753602060064  0.70452995866459256  0.71491163860082441
  0.72490569682091399  0.73480827042743702  0.74436215263942451  0.75330454952567438
  0.76172831309397471  0.77020970441066250  0.77902674974353470  0.78822814189620982
  0.79771172479909724  0.80751041307339211  0.81770640282792906  0.82844525581849882
  0.83896122452576849  0.84933288471934321  0.85995737217102552  0.87069735749349431
  0.88161681762802147  0.89253313071133544  0.90354145991881829  0.91485163016665871
  0.92647923832511558  0.93810766409042134  0.94859144073124135  0.95915755361999255
  0.97022747678053034  0.98073403972057038  0.99061657468952613  1.00000000000000000
 -0.00310521091184106  0.01080855786607249  0.02207016354211671  0.03214316703942801
  0.04241945796973912  0.05177333036933749  0.06126196113590336  0.07083689250044828
  0.08024365351673449  0.09006588785908784  0.09997890448369189  0.11009674449234691
  0.12049964478764433  0.13101362490196264  0.14171085155638474  0.15273198719625905
  0.16365614523275507  0.17470300747585835  0.18603158531471331  0.19702247606877016
  0.20829080977513104  0.21946770098029283  0.23093007333654428  0.24231931303897844
  0.25382749916548597  0.26517134278116838  0.27649569087511044  0.28789989898492907
  0.29926302392390408  0.31041338673365781  0.32155652847408650  0.33296826571479993
  0.34461866375801214  0.35635592625212414  0.36808152159294943  0.37957351824926533
  0.39050099523140702  0.40097126643193598  0.41152205286033783  0.42255746670799510
  0.43416251106769133  0.44569012887496179  0.45725701602275115  0.46860230101392542
  0.47977737354460570  0.49048317640855915  0.50134483999060486  0.51150907490480335
  0.52224757815478973  0.53271202939119533  0.54278672589127197  0.55328126644357334
  0.56425143932008059  0.57497653976281105  0.58472848339006822  0.59425529248738962
  0.60381033635272097  0.61400959648346354  0.62426951758174076  0.63524426073602969
  0.64648800317864730  0.65761282724584535  0.66807412608716488  0.67765091674027611
  0.68731447714974081  0.69726939057011350  0.70721250118742718  0.71605486435291887
  0.72444627785296289  0.73283071674666300  0.74147588207348147  0.75042866185207180
  0.76005329158253965  0.76975024126764013  0.78105610825826532  0.79283590644713464
  0.80361947415220492  0.81379268139368466  0.82350128604947881  0.83324639239102538
  0.84337364064288278  0.85361602329414210  0.86362805977383827  0.87353066113623723
  0.88335743187969773  0.89312237188111665  0.90303429066938135  0.91241259411511688
  0.92282738514876850  0.93382890143038033  0.94432671249051880  0.95467987520842601
  0.96556104921739472  0.97693567230778089  0.98859496217935550  1.00000000000000000
   2.2133607519221395E-008  -1.0000000000000000     
 F F F F F F F F F F F F F F F F F F F F F F F F F F F F F F F F F F F F F F F F F F F F F F F F F F F F F F F F F F F F F F F F F F F F F F F F F F F F F F F F F F F F F F F F F F F F F F F F F F F F F F F F F F F F F F F F F F F F F F F F F F F F F F F F
  <DiscreteSampler_grid>
  grouped_processes
  1 # 1 for a reference and 2 for a running grid.
  10 # Attribute 'min_bin_probing_points' of the grid.
  1 # Attribute 'grid_mode' of the grid. 1=='default',2=='initialization'
  0.0000000000000000 # Attribute 'small_contrib_threshold' of the grid.
  0.5000000000000000 # Attribute 'damping_power' of the grid.
 # binID   n_entries weight   weight_sqr   abs_weight
    10   10   5.036903056298867E+004   7.348443148278689E+009   5.036903056298867E+004
    16   10   5.036903056298869E+004   7.348443148278692E+009   5.036903056298869E+004
  </DiscreteSampler_grid>
