  0.00023188453601246  0.00031378070378645  0.00035743032372718  0.00039661699336219
  0.00044799802162993  0.00056671948753583  0.00092270492612379  0.00137286689336083
  0.00172876832722132  0.00210181264396283  0.00247652732588854  0.00285373577009203
  0.00329584833507486  0.00383804734413659  0.00446752393049366  0.00519372639660353
  0.00602766101916694  0.00699452376076595  0.00798153586961924  0.00904921123141253
  0.01030969962411775  0.01184593327773465  0.01355149556298446  0.01548058705816151
  0.01771580381257351  0.02042295284743752  0.02354644372217264  0.02705670447661968
  0.03099424706054415  0.03542253096259706  0.04029847121064717  0.04537533279102464
  0.05026421364423758  0.05455259355045051  0.05783430400070080  0.06014580169903567
  0.06175425515527438  0.06288924642567324  0.06371828023500989  0.06435054170068900
  0.06484860411404747  0.06525367646170036  0.06559205992134223  0.06588112234920386
  0.06613290592901605  0.06635530929443359  0.06655413239412844  0.06673388627964814
  0.06689849181962197  0.06705164261251023  0.06719696646415779  0.06733456631541311
  0.06746704280982757  0.06759580578143344  0.06772215120309324  0.06784733290255907
  0.06797188433994605  0.06809683388063342  0.06822333913640774  0.06835339541551433
  0.06848871015343602  0.06863036137502786  0.06877900489839314  0.06893663145642800
  0.06910604372548827  0.06929065612398412  0.06949294764921146  0.06971575289864276
  0.06996710289746073  0.07025880272389870  0.07060074492395357  0.07100421830008440
  0.07148910593233920  0.07208511118443310  0.07283455221124924  0.07380953466982106
  0.07512274703466833  0.07692644230709764  0.07946861074978015  0.08321379029979566
  0.08880241961405021  0.09672631593083673  0.10746179250477805  0.12202370897097728
  0.14179287423352260  0.16773576488693992  0.20135031389838443  0.24796787891274566
  0.31333385873349545  0.40709065000275385  0.51390632005500458  0.61332323627349983
  0.69894638914452623  0.80661270815736519  0.90424101150168124  1.00000000000000000
  0.00017676574913794  0.00025657967686413  0.00029765511217722  0.00034244935658326
  0.00039777783972994  0.00048956077986889  0.00075470576619311  0.00123213385894166
  0.00171894315269320  0.00216221728289710  0.00265222847047928  0.00321127169404566
  0.00386561027445187  0.00463517648127139  0.00554863491747737  0.00662337691061838
  0.00785321801332666  0.00925821303293569  0.01086286002598493  0.01271338574433484
  0.01485714392678931  0.01735273685754437  0.02025716184178215  0.02368718568531721
  0.02783283354572817  0.03236246461543564  0.03734596575449695  0.04280662716025616
  0.04853854803726781  0.05355913565847358  0.05733469939036789  0.05990570210068782
  0.06165609261580442  0.06286996643350169  0.06374336799825703  0.06439647013373437
  0.06490562146828925  0.06531822703571694  0.06566259836020470  0.06595679255378910
  0.06621144086946372  0.06643467674770744  0.06663392362643802  0.06681647050829982
  0.06698589823598972  0.06714473976261180  0.06729505084910260  0.06743830622657715
  0.06757646367486160  0.06771175618973360  0.06784551395693925  0.06797863175772549
  0.06811242097465355  0.06824823349838335  0.06838729294036312  0.06853081561040580
  0.06868083446411062  0.06883894943502095  0.06900765260955247  0.06919461679451550
  0.06939975509209288  0.06962877178095533  0.06988702694806617  0.07018173888046951
  0.07052280058460585  0.07092930805713468  0.07143027432535803  0.07206059304568362
  0.07286833912984493  0.07393666063833330  0.07538904730298021  0.07745213453343069
  0.08036742385166308  0.08473834836755359  0.09159631887507373  0.10149830302625923
  0.11513289543474250  0.13345060186163127  0.15765508611399104  0.18939131846367810
  0.23042291168680604  0.28347175869161034  0.35154996007924283  0.43589751662809650
  0.51790618657562304  0.57563874570993701  0.61623119108442326  0.64919332656332207
  0.68226391402062059  0.71441180122687409  0.74451187383096284  0.77525891016696058
  0.80647559525629597  0.84747111837527789  0.89477547422550441  1.00000000000000000
  0.00019899797516071  0.00060622906837254  0.00090621746543173  0.00115993972325009
  0.00140978099906725  0.00167584601483140  0.00196836081986086  0.00228919181670889
  0.00263441400732029  0.00300436352621481  0.00340595657716829  0.00384281731383175
  0.00430973985308785  0.00479858964305942  0.00529326197657525  0.00577217497475578
  0.00623205353262656  0.00668841041372232  0.00715358866241916  0.00763797860308875
  0.00813695603171230  0.00866380855490164  0.00920709407365737  0.00977370827152581
  0.01036399499564463  0.01098725037769607  0.01163780950147695  0.01231657490027996
  0.01302885390761338  0.01376901380855929  0.01454971013944034  0.01535346142624411
  0.01622427124164479  0.01715150270072568  0.01809715382395177  0.01906637772214893
  0.02007625343423181  0.02116935455277848  0.02232690116883300  0.02353884622581806
  0.02476255145653393  0.02602787048471408  0.02736017658575170  0.02878336192927765
  0.03027807015865986  0.03184816001104800  0.03347335813415486  0.03516978287829996
  0.03691024881111284  0.03871088658417221  0.04061550598008189  0.04266088168934905
  0.04479981573040823  0.04702892512295180  0.04935776921580045  0.05186832550811162
  0.05446083488294586  0.05720397429250509  0.06010741003558469  0.06314593652252695
  0.06628522373657778  0.06954654569977718  0.07298466605683530  0.07674612164738094
  0.08067241541168370  0.08467787966644882  0.08887718043507992  0.09346840596434687
  0.09845093911502353  0.10373029439923000  0.10919605101634081  0.11487675633097305
  0.12088210752061937  0.12739302768477587  0.13444249037718958  0.14194274454127248
  0.14992127675494896  0.15866251721701480  0.16814951908071904  0.17832427259287192
  0.18910786082951062  0.20078117510976909  0.21366283840985933  0.22754442674218828
  0.24219508005032353  0.25775328559307709  0.27421103017630116  0.29170214100842823
  0.31046586860628184  0.33078843299086719  0.35324633151513596  0.37871274544497413
  0.40959198172554179  0.45044325080107844  0.53700255602429015  1.00000000000000000
 -0.00219127962753126  0.00785044917111150  0.01693608856720628  0.02682753010505351
  0.03731660227850804  0.04731706180702551  0.05710444053792583  0.06680031173830424
  0.07662476494908593  0.08597678018930349  0.09521096932376258  0.10462038685487601
  0.11426994411541937  0.12408598461717232  0.13371207639081112  0.14314488921312951
  0.15236039453517525  0.16181769911107355  0.17151997450376050  0.18104049330820932
  0.19036503290883361  0.19968831884185839  0.20914371609565610  0.21848552854300513
  0.22781794118263132  0.23707983595648596  0.24685159199461693  0.25721601033657754
  0.26771136600917361  0.27825932780044355  0.28870545328895880  0.29879136308835830
  0.30862020271335522  0.31843726785856158  0.32862858147850788  0.33907117504441714
  0.34950750908786599  0.36001621097982500  0.37051311804670256  0.38136357622929584
  0.39262640133716398  0.40387961727549532  0.41479385644499983  0.42531862249374741
  0.43590825052126592  0.44695207072240944  0.45831613524056497  0.46955847879988227
  0.48059668165054087  0.49160674433983742  0.50272843933777955  0.51410071664592949
  0.52532874352606729  0.53638789167505596  0.54743838437262482  0.55854292637372827
  0.56968568632624328  0.58037654955855289  0.59096076710093692  0.60188855694095489
  0.61315532077528911  0.62397943803184164  0.63463050463163795  0.64537563021937783
  0.65700632446958074  0.66829886189827470  0.67989093936539224  0.69133443298052333
  0.70274503552322976  0.71421265515653587  0.72549535763710560  0.73672933336722035
  0.74791521329639943  0.75930911177100591  0.77056181681993918  0.78163709802239978
  0.79255247509678151  0.80334431500157366  0.81462533007564941  0.82589609536126962
  0.83700157963318023  0.84780352681390669  0.85873418591969364  0.86976159734280312
  0.88118711575315500  0.89207732575271226  0.90260084945986152  0.91309281300002265
  0.92359409559830818  0.93462290562457484  0.94587957523063149  0.95739640666530990
  0.96867176042873027  0.97995070626446668  0.98999485355708083  1.00000000000000000
 -0.00234053265162233  0.00893439425586766  0.01895763177256932  0.02967280016842211
  0.04025230656245626  0.04992148081800164  0.06008747973010566  0.07055929597094938
  0.08076628842520167  0.09015933949193371  0.09966455433012614  0.11004829288008811
  0.12052200379769061  0.13103781634734687  0.14164739109459490  0.15209978126800852
  0.16222864338094950  0.17225961802622172  0.18242306762560895  0.19302821717521626
  0.20394048042680735  0.21499507628921083  0.22584866309653054  0.23633038201971918
  0.24681341985892311  0.25737682384596716  0.26823583033201420  0.27905056446178678
  0.28976092517208840  0.30051588815026481  0.31150792127715438  0.32256899223722407
  0.33351747065814163  0.34432483306990624  0.35519674129654055  0.36610098963629983
  0.37683755456364892  0.38793393054834191  0.39905074279474018  0.41031253924400130
  0.42112945899799703  0.43210346527187410  0.44279042926825873  0.45338872570768074
  0.46407493199259542  0.47480431296691727  0.48553941769519154  0.49634359322736499
  0.50701042411385855  0.51752598650430237  0.52790007819209639  0.53802609926560307
  0.54880121724482855  0.55942267925055023  0.56985770749618381  0.57988173416536570
  0.58989165177997804  0.60015097140810103  0.61092366251487129  0.62167329646567915
  0.63266360807260158  0.64327451751894615  0.65406557842644253  0.66450303156867618
  0.67487510030826514  0.68474380507349675  0.69498034724781577  0.70530048070112294
  0.71585784514130546  0.72638440237225155  0.73711149821530653  0.74799004256876933
  0.75875851725885657  0.76918629158454754  0.77955145487940614  0.78999264628194277
  0.80053143740548893  0.81110128476687726  0.82197378321198400  0.83258638810176355
  0.84303847390072750  0.85356760531207487  0.86407172334665472  0.87455061965996728
  0.88506399201142782  0.89540210473000514  0.90606001938095193  0.91667738474121685
  0.92716016777109467  0.93754588886714041  0.94770199771210895  0.95813823208434812
  0.96827163549267903  0.97866174149427809  0.98912063802655259  1.00000000000000000
 -0.00203333016484230  0.00788077227191643  0.01760040578896099  0.02764701571280553
  0.03799266799956758  0.04751585544755671  0.05733088523142686  0.06687823884289799
  0.07569389854045737  0.08479333904819510  0.09403655452889775  0.10359360335166100
  0.11321658006007322  0.12265700939378939  0.13193933895052085  0.14103527310937025
  0.15032897429479064  0.15962385189273814  0.16878638939908716  0.17835837916031982
  0.18808701293731669  0.19769677924745718  0.20716939285219615  0.21704765799704792
  0.22713674137507694  0.23710708185109444  0.24696578242922859  0.25692644368202555
  0.26718956707658914  0.27729769957065409  0.28729961239888513  0.29716708065493397
  0.30742819779977870  0.31786349879048126  0.32866161753804918  0.33891916903103764
  0.34895207043995169  0.35906380343914412  0.36974730744755119  0.38059815918859385
  0.39118159114266132  0.40177995897910163  0.41236633133115153  0.42286159263288298
  0.43316127409401539  0.44385841144868293  0.45492798676201396  0.46639653291079425
  0.47787534908589974  0.48913731522168025  0.50024212042885297  0.51127308846162467
  0.52248643118103544  0.53370422172278120  0.54477866196919500  0.55589217494751819
  0.56722430483414754  0.57835953990167444  0.58941652015628854  0.60054272951170251
  0.61188381534396330  0.62340695900179444  0.63497313343418282  0.64651793391822754
  0.65807616035893490  0.66957415568177059  0.68071144904112868  0.69188149524919740
  0.70292877340484894  0.71413926424908070  0.72527722502724778  0.73670720613254059
  0.74837997512397592  0.75934700050616788  0.77012925303746016  0.78088907735909652
  0.79197936824640069  0.80299047225738707  0.81372209247076166  0.82408132995415251
  0.83446932461490619  0.84452282275832458  0.85503994954629536  0.86583348310117003
  0.87717753596829284  0.88838833439386322  0.89909967440344407  0.90950023433224469
  0.91993692771477920  0.93084983339479210  0.94260395830744159  0.95425416651807971
  0.96602577897559061  0.97762879317861362  0.98884058825115173  1.00000000000000000
 -0.00218404421147802  0.00867778018726102  0.01993729823396864  0.03093155377074328
  0.04149651712773123  0.05158077380445680  0.06145715389637872  0.07165062201285037
  0.08264115614356610  0.09340794469938377  0.10422320491348580  0.11489149031930611
  0.12541082087600727  0.13585782736072755  0.14610706563879258  0.15629003956165513
  0.16634578832595104  0.17612420353689820  0.18619660335194757  0.19651863486751578
  0.20718028347166750  0.21751530426965351  0.22780328280526177  0.23803912812220054
  0.24861799474310398  0.25923977278539467  0.26995637239500903  0.28078721303364623
  0.29155798917397424  0.30210094572967999  0.31211213785991709  0.32186561764532773
  0.33213821489463280  0.34270533004135384  0.35393174244044562  0.36478273832265401
  0.37557242218709469  0.38651991810737402  0.39710006216263649  0.40807150151154842
  0.41881291639170104  0.42980293475981696  0.44033253886506551  0.45091557865180393
  0.46157446129713636  0.47219350823476541  0.48304229603298787  0.49398215604769641
  0.50467538192103700  0.51533755700052553  0.52559483867764767  0.53569173504308132
  0.54584232397602461  0.55604770797963177  0.56712286706074155  0.57776774385097096
  0.58761951347286501  0.59773218740831047  0.60792471188231412  0.61854802078615734
  0.62933054781352660  0.63996776995550020  0.65046235320364332  0.66112515033152730
  0.67197076354816210  0.68308100711487862  0.69384266474138578  0.70377758634710419
  0.71364652143754148  0.72378471900863606  0.73474111007819265  0.74551582180291198
  0.75601501370614854  0.76639517073139640  0.77697738850747544  0.78750914458856802
  0.79825267794872767  0.80904623642092865  0.81991951070507885  0.83107815823443565
  0.84195247324544664  0.85263033903274599  0.86316454865106396  0.87395594950772304
  0.88466602569699104  0.89550355724064001  0.90573698961246840  0.91601881819919684
  0.92640560167825658  0.93681476855744639  0.94803710033348654  0.95896397452948090
  0.96908951552817291  0.97909584074647449  0.98855751021407023  1.00000000000000000
 -0.00206070047296692  0.00874054416352830  0.01857698614479006  0.02828721279612413
  0.03867861044519305  0.04918453124257260  0.05994836512601105  0.07063018621926224
  0.08105634453892929  0.09165723003540382  0.10220323765190879  0.11288878424121342
  0.12405965979835858  0.13489033301350631  0.14554963937814311  0.15555930139811808
  0.16582120778104192  0.17623785712464937  0.18735509828246871  0.19822952684051187
  0.20918361685470949  0.22021563412323553  0.23121221754948243  0.24224776699259037
  0.25294187412282210  0.26369221447438407  0.27395920432067516  0.28449530227260567
  0.29488907140437065  0.30561417336661306  0.31637189557169815  0.32692642298411567
  0.33730984525060204  0.34751908058112546  0.35817260581102228  0.36906449443344835
  0.37984519680127193  0.39041929433694311  0.40111572574513782  0.41161163360929964
  0.42207930471395366  0.43233457396895492  0.44292437080334157  0.45357695087333988
  0.46425306119283261  0.47491788776937921  0.48569421966862381  0.49631470760082291
  0.50689861998570174  0.51752193861642470  0.52825206645290068  0.53903177021593973
  0.54994064265901776  0.56093576330468820  0.57168520204710549  0.58196868678248914
  0.59199874689863308  0.60200460547142887  0.61198276237891491  0.62227335326034072
  0.63268235658901972  0.64310766510649908  0.65357943384956685  0.66424292440557031
  0.67467018817098034  0.68496983848794879  0.69530547979317092  0.70629495033267820
  0.71697666760338608  0.72780003407444571  0.73860828026401715  0.74990845527197036
  0.76094379985472160  0.77170094843137305  0.78240766264027239  0.79281643048756367
  0.80294046888816073  0.81285556220284350  0.82326292681846425  0.83366348258797296
  0.84391944704904109  0.85452300896296385  0.86537099721648680  0.87595547665432261
  0.88574332240324227  0.89605825313194831  0.90652071630105313  0.91697136980429006
  0.92696636349855388  0.93731204594426054  0.94766868816361327  0.95817646964834990
  0.96890050736707123  0.97959325016726051  0.99008883100795009  1.00000000000000000
   1.1851844559724443E-011  -1.0000000000000000     
 F F F F F F F F F F F F F F F F F F F F F F F F F F F F F F F F F F F F F F F F F F F F F F F F F F F F F F F F F F F F F F F F F F F F F F F F F F F F F F F F F F F F F F F F F F F F F F F F F F F F F F F F F F F F F F F F F F F F F F F F F F F F F F F F
  <DiscreteSampler_grid>
  grouped_processes
  1 # 1 for a reference and 2 for a running grid.
  10 # Attribute 'min_bin_probing_points' of the grid.
  1 # Attribute 'grid_mode' of the grid. 1=='default',2=='initialization'
  0.0000000000000000 # Attribute 'small_contrib_threshold' of the grid.
  0.5000000000000000 # Attribute 'damping_power' of the grid.
 # binID   n_entries weight   weight_sqr   abs_weight
    10   10   2.274531888364981E-001   2.190949127935112E-001   2.274531888364981E-001
    16   10   2.274531888364981E-001   2.190949127935111E-001   2.274531888364981E-001
    22   10   2.274531888364982E-001   2.190949127935113E-001   2.274531888364982E-001
    28   10   2.274531888364981E-001   2.190949127935111E-001   2.274531888364981E-001
  </DiscreteSampler_grid>
