  0.00029700128090455  0.00034621313110615  0.00038075016256326  0.00042142011701474
  0.00049748395440403  0.00072235264410354  0.00118878896387335  0.00156892657814591
  0.00193630651753178  0.00236043188713828  0.00282329632699528  0.00333556641318483
  0.00391699126894924  0.00459692696883570  0.00536375144964763  0.00618732287420575
  0.00709949194029867  0.00814283784312075  0.00932225690753303  0.01061266596958119
  0.01214437494042319  0.01388499327208496  0.01604741792798394  0.01844589486756716
  0.02097040928083984  0.02363409922776261  0.02667133928448824  0.03039340493149518
  0.03488658329803827  0.03994342212202225  0.04511819017379365  0.05005130448090653
  0.05436200718233378  0.05765682751804811  0.05995286941816393  0.06156096026233842
  0.06271085291904456  0.06355480804583225  0.06419969646050944  0.06471452041304020
  0.06513731895797731  0.06548724244323234  0.06578097476268106  0.06603499823824774
  0.06626009228032058  0.06646196001876198  0.06664508236789980  0.06681288807568310
  0.06696762121712430  0.06711180591269694  0.06724848472453304  0.06737980427877605
  0.06750638776477476  0.06762920666211396  0.06774954855986522  0.06786854144082603
  0.06798798326017497  0.06810876349357507  0.06823156944723226  0.06835744829977564
  0.06848714974238371  0.06862149530195688  0.06876123940193592  0.06891088240256729
  0.06907315239528856  0.06924709322731754  0.06943653334422654  0.06964584745989760
  0.06988016771807787  0.07014623323087464  0.07045265248872644  0.07081203139729428
  0.07124315865067127  0.07177148658806976  0.07242981688872283  0.07326861199452796
  0.07437204374791170  0.07586193751595194  0.07801450446653789  0.08117833267234813
  0.08577040719947450  0.09254030105340511  0.10210339394288540  0.11569920263823007
  0.13366776492314816  0.15752585194904623  0.18863318253418396  0.22577096933252155
  0.26381734848042498  0.30735248164915585  0.37520699605387198  0.47821582976706051
  0.59560085820439856  0.70509309530857400  0.82365270677729296  1.00000000000000000
  0.00001385910945419  0.00003971630114010  0.00007077342648801  0.00010614585312272
  0.00014608435467552  0.00019101988782280  0.00025758514960104  0.00034609367451209
  0.00046301336026245  0.00061101100798543  0.00079415067855906  0.00103361200283376
  0.00134553724922369  0.00170552126490735  0.00215835156043682  0.00276134515982214
  0.00353392693786967  0.00457597300138516  0.00610766942628275  0.00830340702234477
  0.01139376592297195  0.01588978292619474  0.02232401791299835  0.03166655611467287
  0.04385662022020800  0.05874846889770859  0.07539177502125183  0.09268970399575790
  0.11054815657817565  0.12889518698430030  0.14726933476553969  0.16565800522625371
  0.18422594697687245  0.20288622720541680  0.22145483632067348  0.23994142453731473
  0.25843093536754591  0.27692217344916614  0.29541382187172360  0.31393760466797321
  0.33242557929687161  0.35095115697452645  0.36971518898448119  0.38826895485665824
  0.40676521701432761  0.42511036319552042  0.44333034873069360  0.46166855369686810
  0.48006864945242750  0.49855857157821504  0.51697461730065142  0.53532596588112769
  0.55368056768419793  0.57169472886702977  0.58957266856797297  0.60764261935197439
  0.62590499639950148  0.64424429679567286  0.66234207014716484  0.68034560168946456
  0.69842322970048520  0.71652139483244093  0.73448955641035840  0.75231004380780042
  0.77000094641720007  0.78749400883428244  0.80500308074264426  0.82252770645814677
  0.83959801800088740  0.85639550789895647  0.87319829385593872  0.88962333048049458
  0.90546989172156178  0.92079513748080588  0.93540086962016700  0.94903415912560107
  0.96126869836708217  0.97101462951478679  0.97876605218184343  0.98457485503815223
  0.98893684783457592  0.99203488177586319  0.99419476935707951  0.99578279222035770
  0.99700041328313826  0.99794290801098939  0.99863735446141277  0.99909568547672900
  0.99934868243816022  0.99949719301829887  0.99960161288279648  0.99968649190043490
  0.99976875772893914  0.99984830753964915  0.99992954095062780  1.00000000000000000
  0.00065873036673927  0.00104606655012929  0.00127894050884479  0.00149504325186682
  0.00172900515764421  0.00199143819301575  0.00228364068177534  0.00260172582044516
  0.00294454285073103  0.00331503949190336  0.00372208489772454  0.00417017944092562
  0.00465276973603227  0.00516009951418236  0.00567821372189844  0.00620236511056385
  0.00672382029705669  0.00724736741749875  0.00778158289360636  0.00833165498463772
  0.00888979785588015  0.00945249339220212  0.01003425545533311  0.01064832510515817
  0.01129328778004860  0.01195881118398157  0.01263353590149629  0.01332362533857415
  0.01405046201660726  0.01482334359701109  0.01561091923755227  0.01642591053398309
  0.01727696299152286  0.01818198041376484  0.01916980240633268  0.02019949203513670
  0.02126068093235485  0.02233927157742258  0.02347063823511010  0.02462771857911306
  0.02585795089412177  0.02714212360773797  0.02848432571249063  0.02990605142972546
  0.03138265818596223  0.03292468629694222  0.03452302731212541  0.03618278488361582
  0.03796586429291064  0.03983238318643514  0.04176485109701555  0.04375822490302325
  0.04584016418999096  0.04798297790522092  0.05023509142835962  0.05275477675294428
  0.05531319066068858  0.05792984915974792  0.06057648357185062  0.06348991156001545
  0.06666955077579841  0.07014636574906356  0.07375522760749045  0.07750666644418895
  0.08138913692204412  0.08541080512226037  0.08962277270052106  0.09409083448420263
  0.09886609178527805  0.10390503479809078  0.10923343039092709  0.11500375223616127
  0.12114127356968454  0.12743258749099795  0.13402894896275253  0.14073480250317005
  0.14828687470945545  0.15668945760461633  0.16575179745294585  0.17563906557344580
  0.18656473841043053  0.19805751494881871  0.20986069159469264  0.22272796151493371
  0.23687340416146502  0.25211965439583178  0.26817112130679277  0.28536692196528574
  0.30392923507616876  0.32448635189747543  0.34744341148010899  0.37408135074921084
  0.40584219385761922  0.44838930162989865  0.54280091443755496  1.00000000000000000
 -0.00222266688201505  0.00880722992494208  0.01977483756457246  0.02984026381826302
  0.03988917264036278  0.04895699065785124  0.05864273451695306  0.06804954364717071
  0.07709978693907310  0.08669288360901457  0.09624375608453754  0.10582243172719001
  0.11573302829766313  0.12518162113390430  0.13424287436228630  0.14322318379746501
  0.15302015209918063  0.16307854002751168  0.17320342061218288  0.18321026468467655
  0.19284790559679899  0.20203525014848084  0.21120762603446749  0.22065008073565756
  0.23059537624656742  0.24057737484970682  0.25081563502629678  0.26111898452783949
  0.27052017796946276  0.27919451878790597  0.28787223950012081  0.29622283079706252
  0.30644158105914387  0.31649838933155278  0.32708986499884768  0.33786948078720425
  0.34843468126216487  0.35885325186817985  0.36954362353947795  0.38023972573464521
  0.39126068884101184  0.40226519074519418  0.41318909459294684  0.42426386264929161
  0.43501868984135961  0.44628061837492738  0.45726742250394392  0.46840942204385150
  0.47978966537387518  0.49127855031387935  0.50282867717043300  0.51432070812246944
  0.52597453046283782  0.53750231708180185  0.54765146105328322  0.55762771106502096
  0.56744719245157649  0.57828125079609183  0.58953828857092117  0.60090422136466370
  0.61251538057212540  0.62406109279898225  0.63542554612934177  0.64671390362270753
  0.65816503507014990  0.66965421657929391  0.68077721485323284  0.69161580227007413
  0.70256901520513848  0.71370922610290166  0.72483256332946433  0.73592751251364119
  0.74693875685751732  0.75753843381832475  0.76809410734222383  0.77916069550034772
  0.79079353304856859  0.80238875619716277  0.81387985122641116  0.82548006039946975
  0.83685134770197467  0.84765192661428879  0.85806039374909160  0.86863486003072510
  0.87947069058011118  0.89022091239477741  0.90092348690911894  0.91148113522584107
  0.92263402473091094  0.93358347694501664  0.94502463351898591  0.95603754797957330
  0.96730276806613735  0.97847149276325984  0.98898030510140578  1.00000000000000000
 -0.00161476537857330  0.00739140739780703  0.01700666720955275  0.02656959853129160
  0.03632370355414422  0.04655003562367269  0.05697724447966849  0.06743699909857598
  0.07811143225416731  0.08851211863385655  0.09863217085993162  0.10904283912356358
  0.11942709046356903  0.12964264209693099  0.13960822668113629  0.14999569597168252
  0.16052000074281927  0.17090316185284352  0.18122890855050677  0.19186359917550502
  0.20282158715094697  0.21356910924587211  0.22404783103066708  0.23420768029489042
  0.24465784842362925  0.25522804249127767  0.26578099797837684  0.27570343242626522
  0.28548830404547726  0.29532510284475183  0.30591396727793357  0.31683765376944939
  0.32780976492586295  0.33869141878196346  0.34941218273939617  0.36013383719267544
  0.37083749591436260  0.38159005359311915  0.39215628899743271  0.40273577014577344
  0.41329321895188437  0.42405655169440215  0.43474008045793394  0.44528984113070580
  0.45562466429853404  0.46605760405181013  0.47651274990928694  0.48693156621053429
  0.49731175644313114  0.50790164403245663  0.51869081492861369  0.52944844494587662
  0.54003597498820777  0.55046797782589707  0.56113675792106044  0.57181922977294974
  0.58272611191958446  0.59338609448350754  0.60411321468856727  0.61472025612298531
  0.62546768307430856  0.63625307378086615  0.64731750498016705  0.65853719226039453
  0.66988958440531499  0.68069010426427634  0.69124772275664037  0.70148814801462089
  0.71200268357403529  0.72270221460793826  0.73351083387157168  0.74452251286541338
  0.75559921150229648  0.76679353603227907  0.77786902242827649  0.78873033039209717
  0.79933577757534358  0.80976133370350811  0.81997614628121240  0.83008597517413574
  0.84036104361921182  0.85073952256400553  0.86111342716873118  0.87112945794310426
  0.88151613064311707  0.89209026472973152  0.90330833698606183  0.91455928747959514
  0.92561370998394898  0.93596461676537246  0.94637463271656219  0.95668669693895902
  0.96775622207212220  0.97829388590764188  0.98917386558920473  1.00000000000000000
 -0.00215883714149018  0.00852378087019130  0.01933640257913646  0.02933784852151124
  0.03947130560570389  0.04921121255905112  0.05901007866040801  0.06917996376087847
  0.07897518027916083  0.08828044845334503  0.09751961913846396  0.10672811778478541
  0.11566743601508016  0.12464234205804832  0.13336392761916405  0.14229689234940213
  0.15146603466956093  0.16090443920636152  0.17060373917503266  0.18050806798018987
  0.19048716626796627  0.20048006513429584  0.21048552077653160  0.22039265744611283
  0.23027348342493362  0.24025199049552731  0.25045461544952330  0.26083428584521540
  0.27128052265925762  0.28163199808570155  0.29195340120486185  0.30231760069059427
  0.31272625525356207  0.32298647460599184  0.33305334949460469  0.34274760154852002
  0.35288695314928409  0.36345777402260965  0.37428363053548530  0.38502566565056290
  0.39594529901351255  0.40678459046102899  0.41758166698493787  0.42847116760740195
  0.43952528651565875  0.45054392347742311  0.46157105955421118  0.47206791032424872
  0.48245269953143066  0.49275837266285311  0.50341453398153058  0.51452091244352971
  0.52577341238746611  0.53690821378083586  0.54803104266632796  0.55914288735196771
  0.57042877343663256  0.58174098485223569  0.59309861337661685  0.60460704771904294
  0.61615583092405990  0.62767336546418850  0.63893556933619156  0.65013312945925505
  0.66133027000520150  0.67273784450212182  0.68418338605197149  0.69566521314050211
  0.70701277287013942  0.71829254903187467  0.72954995460625782  0.74080316719446404
  0.75197711811203083  0.76311402357860636  0.77402537086893408  0.78464596118637386
  0.79487380553834985  0.80497759784932699  0.81522855449091614  0.82578969599136620
  0.83644183490330981  0.84696330112858909  0.85733226038228305  0.86788128545044785
  0.87903334560009594  0.89059327842965030  0.90222055817196822  0.91381800200027496
  0.92557651536432861  0.93713716916776846  0.94758432874338661  0.95736105690413331
  0.96714171550354888  0.97636821676778029  0.98855125456440007  1.00000000000000000
 -0.00229411933236892  0.00908864264675243  0.01830721821913315  0.02875473507520501
  0.03915577723393062  0.04974862441428085  0.06032780632603846  0.06990613874954091
  0.07964652867549281  0.08945138359579417  0.09951423968773680  0.10987271347019711
  0.12018567504874739  0.13083740650124295  0.14160416562884781  0.15244422028984167
  0.16300465726060059  0.17382898079941364  0.18473838267332235  0.19576622224448317
  0.20677890309914027  0.21751836671089383  0.22829188171500622  0.23902257630055715
  0.24983696069785177  0.26034813916655913  0.27047564682899977  0.28064591269012784
  0.29098196170936613  0.30147453122733980  0.31172823288429885  0.32214088560828585
  0.33279737702968337  0.34370091346287052  0.35462093963114699  0.36552916946235930
  0.37645881194325587  0.38675738803950777  0.39700894692650551  0.40722517215392851
  0.41796724566954602  0.42910527075250093  0.44016144336060459  0.45100293937118180
  0.46167254116403672  0.47248140540951122  0.48359276977690946  0.49487620721030540
  0.50621670229640137  0.51747138873318499  0.52847245382067098  0.53939695358440864
  0.55048940283179815  0.56150770095977043  0.57188844198499433  0.58189702004316057
  0.59210307962749786  0.60260733630843966  0.61318485742984163  0.62347928700841060
  0.63386111016246272  0.64465169384179721  0.65569600075074796  0.66676327184052764
  0.67741071069037662  0.68756918518643861  0.69760051309736115  0.70782847004050298
  0.71857785951968178  0.72943650590757947  0.73925307450662570  0.74847623801282459
  0.75783894255465756  0.76689401801548407  0.77782175299917589  0.78829408223953512
  0.79859556768307682  0.80918156345408676  0.81940170842845605  0.82986375311406835
  0.84005046885416190  0.85050634039406969  0.86096304188230255  0.87164534877637279
  0.88239103678677122  0.89304576464610652  0.90376560646282755  0.91442989322649026
  0.92489001821667416  0.93533337025585472  0.94588122761538973  0.95628344705249158
  0.96713368251772214  0.97777006147376466  0.98907621921642819  1.00000000000000000
 -0.00234596638593453  0.00935711297272703  0.01987845579810894  0.03008404436739739
  0.04088781384920596  0.05155063857628629  0.06250176935669891  0.07298315100619010
  0.08352567815241303  0.09394450269363583  0.10436082161030726  0.11474353178890846
  0.12521352709768954  0.13594606602033149  0.14667552684974949  0.15788319111225216
  0.16905690592742398  0.17986963607919879  0.19066949949297823  0.20094086494854521
  0.21111478544833095  0.22107003357580568  0.23116479245949714  0.24119964658000670
  0.25157119122685012  0.26187996913576561  0.27246164861389044  0.28317662475191430
  0.29336757940780972  0.30332276495871657  0.31309668518100131  0.32335019708861146
  0.33404587940546121  0.34485434054511549  0.35573447957453497  0.36649907206942761
  0.37710401860775722  0.38739645967357061  0.39739091904801743  0.40712189440129248
  0.41725682842125528  0.42793451184656395  0.43906343558326449  0.45000666148455321
  0.46067816249110327  0.47102599457934552  0.48138837669334927  0.49200618309825955
  0.50261165174329570  0.51264111999456230  0.52298420437263804  0.53341301145726017
  0.54437889129973849  0.55539966374238214  0.56636463513636459  0.57763683613069705
  0.58902345179240834  0.60023720173538642  0.61107439669019270  0.62070370541390107
  0.62935796735485872  0.63783638307345025  0.64672619051195346  0.65685707954775896
  0.66761788667360700  0.67796274365385700  0.68810057169592620  0.69815517735814747
  0.70865802216518314  0.71932877459335642  0.73025091636136519  0.74132996518702177
  0.75242945981875820  0.76353428659724321  0.77435183662654761  0.78482305448919931
  0.79511556988808263  0.80552626767402846  0.81630343074563161  0.82730815722901418
  0.83821067292033102  0.84910845896530374  0.85973763393415026  0.87062567271717173
  0.88141186400264970  0.89236232076246225  0.90322216523383725  0.91381371155720470
  0.92457578157741571  0.93519439258767001  0.94626891761833498  0.95653503677831719
  0.96749203852304533  0.97815320168110553  0.98935385686890598  1.00000000000000000
   1.2282134533792903E-011  -1.0000000000000000     
 F F F F F F F F F F F F F F F F F F F F F F F F F F F F F F F F F F F F F F F F F F F F F F F F F F F F F F F F F F F F F F F F F F F F F F F F F F F F F F F F F F F F F F F F F F F F F F F F F F F F F F F F F F F F F F F F F F F F F F F F F F F F F F F F
  <DiscreteSampler_grid>
  grouped_processes
  1 # 1 for a reference and 2 for a running grid.
  10 # Attribute 'min_bin_probing_points' of the grid.
  1 # Attribute 'grid_mode' of the grid. 1=='default',2=='initialization'
  0.0000000000000000 # Attribute 'small_contrib_threshold' of the grid.
  0.5000000000000000 # Attribute 'damping_power' of the grid.
 # binID   n_entries weight   weight_sqr   abs_weight
    10   10   3.693189715274503E-001   5.695972677976886E-001   3.693189715274503E-001
    16   10   3.693189715274503E-001   5.695972677976886E-001   3.693189715274503E-001
    22   10   3.693189715274501E-001   5.695972677976882E-001   3.693189715274501E-001
    28   10   3.693189715274502E-001   5.695972677976883E-001   3.693189715274502E-001
  </DiscreteSampler_grid>
