  0.00001618650378620  0.00004739712697172  0.00006996334987810  0.00008932777181983
  0.00010902133431613  0.00013133221334204  0.00015750490663952  0.00018872122959099
  0.00022667652957124  0.00027714302470057  0.00034740447582391  0.00042409014006709
  0.00050793725959074  0.00060625099942346  0.00071147236070668  0.00083751519900857
  0.00098962338042552  0.00117814121155442  0.00141619527116979  0.00171949184326995
  0.00209341629952843  0.00253173705900282  0.00307344679364207  0.00379264354096340
  0.00473744982377502  0.00598930081056560  0.00767349114078451  0.01018918094936962
  0.01402810023606779  0.01974949197242151  0.02793535951927552  0.03887180099008986
  0.05252354107921137  0.06831879037733102  0.08561089269122082  0.10356338936548280
  0.12175490855145121  0.14008389715742697  0.15855379653607324  0.17732302570058298
  0.19644774653079408  0.21575015916235946  0.23494612039214663  0.25402856215315683
  0.27317478416851049  0.29245255578304225  0.31148825814883840  0.33038971352285379
  0.34936177690020753  0.36836198028834111  0.38723581088813019  0.40598229943882791
  0.42470037273121924  0.44341890921878857  0.46216037774287222  0.48105086389228663
  0.49992974326269718  0.51889924300033130  0.53780396868845948  0.55665478926363554
  0.57554485958700008  0.59442596080255361  0.61329752386565628  0.63211390932964184
  0.65082245348728918  0.66932923888466800  0.68764786809013589  0.70602822499226092
  0.72453596894111949  0.74305505251446868  0.76149538001437755  0.77972284973054007
  0.79789614811516363  0.81616664972629227  0.83420011942224026  0.85194423120972240
  0.86935877660257710  0.88639216076990213  0.90310475373126065  0.91941648983100832
  0.93476094801735687  0.94869912892925667  0.96082678757360018  0.97088490058392785
  0.97886520737762239  0.98490310519529156  0.98928887682044775  0.99238727963802920
  0.99462386292435401  0.99623190144956908  0.99737732486197894  0.99821389588664211
  0.99883964438086459  0.99930461181459873  0.99967353047747565  1.00000000000000000
  0.00030678076111702  0.00039505370116453  0.00044138722678867  0.00056701594857484
  0.00094143474865900  0.00142970477525256  0.00183953956416608  0.00228091389424244
  0.00278203531949675  0.00334170049792366  0.00397325610191523  0.00469384966011657
  0.00548057562275021  0.00642385140059068  0.00762532517525727  0.00914614769939124
  0.01090383928897266  0.01279062453737814  0.01489435153499679  0.01713385292697584
  0.01976751957242699  0.02308455136093697  0.02726049374906028  0.03198660472913525
  0.03705817000862022  0.04264388498187822  0.04845795327820859  0.05359853795711553
  0.05737566625764349  0.05996360230662545  0.06174855518926795  0.06298362395841089
  0.06386530213894771  0.06452684620034213  0.06503778457880278  0.06544828861171391
  0.06579285896677983  0.06608643149950635  0.06633765154716666  0.06655667153472432
  0.06675296552871407  0.06693301783905835  0.06710083274994497  0.06725780909726804
  0.06740580028118404  0.06754805412374752  0.06768645763866139  0.06782234854018963
  0.06795733261288384  0.06809332498124109  0.06823208997188031  0.06837516610664776
  0.06852404586195439  0.06868058480881145  0.06884772463817034  0.06902807426935495
  0.06922555103072905  0.06944373762650144  0.06968885957729933  0.06996545631100701
  0.07028192611616776  0.07065349194463967  0.07112178254736742  0.07171618152982326
  0.07247037090212095  0.07347550169485552  0.07485078731623823  0.07683594476859894
  0.07988756343876646  0.08462275473945575  0.09172674160860522  0.10230386373129648
  0.11709497419967645  0.13738428510395623  0.16403638103482210  0.19980995061773058
  0.24575339548764474  0.30849413388269331  0.39857328421449056  0.49016392888865634
  0.55990493351231774  0.59856180116187196  0.61823297931919297  0.63871716717609828
  0.65854614415858059  0.68016318786827890  0.70375310274199754  0.72558170716246384
  0.74565034041273781  0.76479936711776253  0.78491689450869284  0.80690721511946151
  0.82780585128238982  0.85878045090344901  0.88885768597160442  1.00000000000000000
  0.00063805828568150  0.00105286864051928  0.00129887480773359  0.00153694414708710
  0.00180361699720096  0.00209804483300884  0.00241730530645045  0.00276402941846277
  0.00314088260116166  0.00354870413303887  0.00398800936170760  0.00446264192346123
  0.00497122099558267  0.00549402024582723  0.00601187800709501  0.00653045960567758
  0.00706141214785509  0.00760090944932798  0.00814514132095374  0.00869933477419891
  0.00927470000904719  0.00987607382076692  0.01050527440179230  0.01116792477675139
  0.01185230098447830  0.01254492114033832  0.01324359616400199  0.01394354939786337
  0.01466900274658284  0.01543909615806808  0.01627594720074104  0.01714826613007763
  0.01803942229691494  0.01896799402924808  0.01995760099358664  0.02104250246635281
  0.02217962407238664  0.02335488591260185  0.02458469489698175  0.02588058723190884
  0.02725137576021163  0.02866431711762269  0.03013719722126137  0.03160088086218823
  0.03310325281481279  0.03468254771129585  0.03627172792481269  0.03795961424373938
  0.03973649254359268  0.04165130136557764  0.04376873238826615  0.04589906991380172
  0.04809601751104493  0.05027957544109445  0.05269633533181898  0.05522744349559347
  0.05784952101422457  0.06046673175098657  0.06316652819406574  0.06605270916991622
  0.06925832274629129  0.07259143760701339  0.07605826487626070  0.07948935895337084
  0.08329351200949170  0.08724670600184053  0.09177648441149522  0.09650486465678698
  0.10134149684632936  0.10640369042539836  0.11178273208857670  0.11754219638170858
  0.12369550988245669  0.13030342749243173  0.13683728382341676  0.14382330214819219
  0.15111777930561135  0.15957858722343951  0.16921957391594447  0.17956376000563032
  0.19061148295738853  0.20241855585577781  0.21494396196680340  0.22839631325526336
  0.24257806827319431  0.25780956022987966  0.27393874876336283  0.29111589958044093
  0.30966439342021257  0.33031870789884743  0.35313501272616860  0.37930386062575644
  0.40889911012278518  0.44821304051665894  0.53158812159061086  1.00000000000000000
 -0.00233029698435720  0.00869434106626830  0.01874673057692109  0.02810468769612979
  0.03825403466449445  0.04802291146162315  0.05781463466813466  0.06755600563736983
  0.07688364730092895  0.08614435552258540  0.09436583173645971  0.10239363399760179
  0.11125738922301337  0.12098522437726952  0.13104100741191815  0.14095365490239248
  0.15088765198013834  0.16078208412776682  0.17074288979541619  0.18058039724831271
  0.19021770643747174  0.19984929579518237  0.20954390611538407  0.21929046768870081
  0.22933123361688937  0.23951245052250605  0.24956586445392828  0.25964712877125906
  0.26998616353537708  0.28051816542330132  0.29100188072076472  0.30138758377719033
  0.31186814200536161  0.32255794090017581  0.33338207876033615  0.34428407896186919
  0.35509531091700192  0.36578362146542931  0.37622387844905830  0.38652620767295215
  0.39687397775923294  0.40751501919565014  0.41836876543885065  0.42933061534988609
  0.44033661055280254  0.45164399714288300  0.46288160337775880  0.47365808010186539
  0.48423961912767005  0.49485773116722670  0.50599782139178140  0.51742969364464886
  0.52868692622641633  0.53957454235759117  0.55013401109709770  0.56091938695814225
  0.57209500832115578  0.58338500737332799  0.59458931957973382  0.60591648777874418
  0.61753671325228332  0.62919642422647415  0.64055182980616354  0.65167232007811571
  0.66283614444699956  0.67435809196662511  0.68597071657539521  0.69737332217989190
  0.70852130588529028  0.71965691509312613  0.73069273839389126  0.74176878996094864
  0.75262004883294742  0.76287471680495400  0.77344921200973027  0.78390531506901884
  0.79465686360601151  0.80586411518477963  0.81723780244409971  0.82872038997156983
  0.83979299298291188  0.85068263689790247  0.86131632992121177  0.87198799801270643
  0.88293729488524486  0.89380338110424307  0.90426444987038890  0.91421923273249939
  0.92406761455829534  0.93421645590161273  0.94455726018501029  0.95542523748858088
  0.96651953324395001  0.97770801915158090  0.98900159377946562  1.00000000000000000
 -0.00210671578276016  0.00864452555857795  0.01880452965790302  0.02962112641232148
  0.04036785738881392  0.05110597250619783  0.06118598952256158  0.07148698062197062
  0.08177235919554975  0.09248272477879065  0.10328335411971371  0.11408884008306763
  0.12472210371431219  0.13540160027957618  0.14613915422408155  0.15626924520814395
  0.16610090155634771  0.17581457988942323  0.18593821189732987  0.19628662077287998
  0.20657316974099757  0.21696320648141934  0.22735499594735309  0.23786828083002282
  0.24843239166104056  0.25881993803867076  0.26906137700409150  0.27929663106134317
  0.28980453833792930  0.30023659362864513  0.31004433373029627  0.31956004960026269
  0.32934943546498369  0.33954863409963837  0.34984541771268585  0.36013693380159323
  0.37043886812146487  0.38082409383641413  0.39145853524662089  0.40208095234806690
  0.41236156194781420  0.42251870642508882  0.43284699703306795  0.44348361949859422
  0.45407998101475044  0.46449186265127901  0.47479911556146792  0.48522646044063350
  0.49584730623040574  0.50666239855392403  0.51778688250505578  0.52893239917832702
  0.53974310927363311  0.55024849590675551  0.56077148272684874  0.57148748880428146
  0.58239221454152912  0.59331373547244670  0.60424402078136574  0.61527995184076678
  0.62640929137309331  0.63749929754444234  0.64826961265943772  0.65870590687297748
  0.66900857541602132  0.67937907103520345  0.69001239652790469  0.70080399117264636
  0.71156637303580694  0.72237655397773748  0.73319701715486441  0.74417297324524134
  0.75525047462224115  0.76604846312236807  0.77675755433592775  0.78748024410762696
  0.79831497757903103  0.80913724597790071  0.81978278342700972  0.82996304040505375
  0.83991702346595598  0.84997830824737153  0.86049004824120534  0.87146848127237897
  0.88199073248243176  0.89277989746105557  0.90351411200287901  0.91421499567249298
  0.92472097487048421  0.93546001097095410  0.94648968881058848  0.95751589278627181
  0.96801603840502548  0.97843754342385025  0.98885907239083282  1.00000000000000000
 -0.00242970625043668  0.00877956975008171  0.01875273792591228  0.02925287293582658
  0.03837903251208846  0.04726838335392360  0.05589706124448465  0.06461351112008452
  0.07378748079171174  0.08265241869900289  0.09174390324355032  0.10101419919244529
  0.11055203211042999  0.12027850559066307  0.12988759270766370  0.13969142857830408
  0.14953451939347398  0.15936817212653698  0.16912203131568732  0.17900762714583374
  0.18893499554299475  0.19878811570321619  0.20860108114966397  0.21831595352687208
  0.22764676864321659  0.23687485628165086  0.24635186954795174  0.25624326349703830
  0.26631856649924146  0.27649822813886327  0.28701057404159880  0.29776948930696606
  0.30857793581811327  0.31928202966299274  0.32997978683975188  0.34068074234899615
  0.35131231368756966  0.36189583989356228  0.37258462270295717  0.38336984769632637
  0.39416240202607639  0.40507582481993964  0.41622190586502539  0.42749842155379569
  0.43868808423135452  0.44987563273348669  0.46111464027416155  0.47189660522492832
  0.48178730529918390  0.49180279345152655  0.50268070141935950  0.51397339856304092
  0.52528492275271321  0.53654668630779911  0.54813099121835740  0.55959284381216390
  0.57087087292266425  0.58208106385368097  0.59312033857806412  0.60405152049498179
  0.61477217128764705  0.62557051956787835  0.63663323715521192  0.64828965612526768
  0.66016411447528900  0.67167641641055964  0.68295605657898351  0.69395541211995382
  0.70493020675267404  0.71588032244686017  0.72659431271346786  0.73735225555591266
  0.74829553466047249  0.75974078999492167  0.77127031790175093  0.78281958442822264
  0.79422733139029078  0.80529700237642043  0.81620915335385846  0.82716476603003219
  0.83838014742108613  0.84964436730775239  0.86076115808177212  0.87177694163875208
  0.88262455680395913  0.89347746128740979  0.90413335419513774  0.91474275856696952
  0.92535970288337610  0.93574370952990682  0.94600048667588088  0.95640600763535910
  0.96738925811620002  0.97792992133720646  0.98912472872372836  1.00000000000000000
 -0.00215412100383891  0.00876859582417284  0.01954298998451014  0.03029120240056271
  0.04112653790006846  0.05197172401015575  0.06165808761690882  0.07160945082915693
  0.08161891042219334  0.09193104557603857  0.10264032912474721  0.11333713098022394
  0.12431813287524250  0.13539475602231327  0.14631396385980372  0.15726513693150057
  0.16805767064874472  0.17897679059887972  0.18983727703077433  0.20067800926981716
  0.21132856679037734  0.22201045786896922  0.23279635473111185  0.24366507429610715
  0.25447015712231513  0.26530893911765852  0.27632021736584511  0.28755799172418806
  0.29873656574944529  0.30958524955028233  0.32018348391599982  0.33055070508284062
  0.34074018221884822  0.35108085691458857  0.36160181367050992  0.37202579855266044
  0.38245881370927121  0.39280895954212880  0.40343312904064144  0.41408798177378275
  0.42418443646278348  0.43424775569933693  0.44415884112850174  0.45464045838450989
  0.46510214054547261  0.47549559943660391  0.48599533303919207  0.49696037203437327
  0.50828414345762973  0.51968600746388838  0.53067894171086716  0.54124599023593711
  0.55164902675211147  0.56178155365790061  0.57188902626255578  0.58200565499691492
  0.59253837647127749  0.60344154354382240  0.61424831053782547  0.62496803914098009
  0.63563753843431603  0.64590497189002427  0.65625654973285097  0.66669951292792562
  0.67736370760044984  0.68746931476716600  0.69723363101958502  0.70721988485055665
  0.71787877903759989  0.72870363702025198  0.73940590313033283  0.74974156225681066
  0.76024135548980998  0.76977606009271993  0.78020847494937096  0.78995450165899073
  0.80027198906901675  0.81054462920807280  0.82125952352953424  0.83224960880636623
  0.84259018275361353  0.85214508477424811  0.86215441268349491  0.87232248062281326
  0.88293600231373326  0.89324313650421372  0.90311383448197458  0.91355026000572548
  0.92422194275115332  0.93509098076011909  0.94579125381617735  0.95685989452648190
  0.96818722108882316  0.97886801828926795  0.98953372297201836  1.00000000000000000
 -0.00213519921131475  0.00880208865508933  0.01918268569768992  0.03002669113912336
  0.04105486885709807  0.05206132113078458  0.06320096511363632  0.07418660990877184
  0.08566314766803443  0.09695503175021188  0.10799227299437097  0.11854603265647012
  0.12973598857468674  0.14010765479053916  0.14996052133621762  0.15952402901267701
  0.16933198320548612  0.17943028135981415  0.18990382640939318  0.20046839734181454
  0.21087876510263145  0.22129206538477367  0.23208060097321570  0.24304061916248745
  0.25395756144846376  0.26451841072452442  0.27474338889309091  0.28492533391745428
  0.29528052017319856  0.30574452438458705  0.31604881957503694  0.32587511271818798
  0.33562837397905410  0.34583969057969532  0.35643909647104988  0.36722680762864823
  0.37791625511265353  0.38845450116966490  0.39888828094409462  0.40937375094960216
  0.42011877773267964  0.43105767925422694  0.44192544263023487  0.45271499429157275
  0.46360759782357025  0.47461552681513669  0.48571439398467026  0.49665299223693110
  0.50743259964041132  0.51797491562290310  0.52855590038529288  0.53916495743295989
  0.54980690797324683  0.56035863936830776  0.57100028811954429  0.58174350993493362
  0.59243385064645604  0.60310727363863814  0.61392457292797165  0.62462719498426733
  0.63497297949527021  0.64519319722286395  0.65508573799894609  0.66450982059723840
  0.67379450832288512  0.68339413992182585  0.69390138791873013  0.70478114472863707
  0.71551267273958463  0.72613482621473058  0.73692922931308957  0.74785405490332124
  0.75877695254934774  0.76959650229636078  0.78017476460476864  0.79044024481900321
  0.80071671902701058  0.81117294500737436  0.82181926957658569  0.83227716824213638
  0.84235424629838396  0.85222711070944701  0.86222927790250015  0.87256537564666903
  0.88314225491688458  0.89376629651382666  0.90463221100161251  0.91580645180279685
  0.92687358945711462  0.93809465784677171  0.94912573032609870  0.96000445934659739
  0.96991129316133651  0.97966237283874646  0.98914688163235154  1.00000000000000000
   1.2292082088636065E-011  -1.0000000000000000     
 F F F F F F F F F F F F F F F F F F F F F F F F F F F F F F F F F F F F F F F F F F F F F F F F F F F F F F F F F F F F F F F F F F F F F F F F F F F F F F F F F F F F F F F F F F F F F F F F F F F F F F F F F F F F F F F F F F F F F F F F F F F F F F F F
  <DiscreteSampler_grid>
  grouped_processes
  1 # 1 for a reference and 2 for a running grid.
  10 # Attribute 'min_bin_probing_points' of the grid.
  1 # Attribute 'grid_mode' of the grid. 1=='default',2=='initialization'
  0.0000000000000000 # Attribute 'small_contrib_threshold' of the grid.
  0.5000000000000000 # Attribute 'damping_power' of the grid.
 # binID   n_entries weight   weight_sqr   abs_weight
    10   10   1.258601057196222E+000   1.010161333049394E+001   1.258601057196222E+000
    16   10   1.258601057196222E+000   1.010161333049394E+001   1.258601057196222E+000
    22   10   1.258601057196223E+000   1.010161333049395E+001   1.258601057196223E+000
    28   10   1.258601057196222E+000   1.010161333049395E+001   1.258601057196222E+000
  </DiscreteSampler_grid>
