  0.00970090689953471  0.01439762093692114  0.02305867666148978  0.03312379612967793
  0.04335365395497646  0.05308771605082890  0.06282947772000406  0.07320671654296951
  0.08358479611923450  0.09361426423875405  0.10346116589034544  0.11314335754795565
  0.12269560555357339  0.13271970711285602  0.14307305087194416  0.15320847437908294
  0.16334213521907032  0.17383314356260454  0.18500624623204964  0.19595531558214518
  0.20672625404080425  0.21775515372191154  0.22879185660948501  0.23960752591387782
  0.25036818935794503  0.26140955211918482  0.27258451448924986  0.28356462948554745
  0.29469145677747338  0.30582546517104708  0.31665340431686406  0.32719574025447623
  0.33767225376285737  0.34828312630434100  0.35869492504273048  0.36896836306981429
  0.37972700508998897  0.39100149327931266  0.40240778935973970  0.41371212142036856
  0.42490057760720695  0.43566150380392177  0.44583582029466479  0.45604651651053546
  0.46643023937932482  0.47674713756654413  0.48684439609480307  0.49709205741206897
  0.50690726643014006  0.51643348205484629  0.52594488709661313  0.53535549983118835
  0.54461280487382857  0.55375877277193919  0.56366106381811443  0.57493947724279615
  0.58605544823971922  0.59654025527307575  0.60698228020379186  0.61752822053061374
  0.62788042501008834  0.63816651544053615  0.64890255047669565  0.66063495303015907
  0.67300062764513580  0.68542303270145433  0.69770288689159510  0.70923717113411822
  0.72059840106349415  0.73205657411126024  0.74356539538606858  0.75539671978326539
  0.76681950517498909  0.77855504969057898  0.79012666777999108  0.80202934855490671
  0.81393760546384075  0.82574123348129613  0.83733849538678407  0.84871579759338123
  0.86022705601494065  0.87170370387101870  0.88230243459400703  0.89221498190640380
  0.90215177686138937  0.91182203710387333  0.92133168716741631  0.93067223482012551
  0.94023214785277187  0.95035123432370672  0.96010079154388672  0.96900031841952383
  0.97774785491978999  0.98599415910509469  0.99022248803638180  1.00000000000000000
  0.00908649327489938  0.01603598349243705  0.02625766534662795  0.03747671838865275
  0.04873987773214083  0.06036441872201594  0.07051107001651860  0.08045457536664762
  0.09017910847755679  0.09981126820150711  0.10938388265456921  0.11877749714017388
  0.12884119879749650  0.13943990411331358  0.15012759734969264  0.16099730729809411
  0.17127974913026076  0.18135127025527184  0.19127724928597870  0.20166494605043908
  0.21213070513781654  0.22270688322889881  0.23301673586237670  0.24319236676373526
  0.25349872249991623  0.26417752624303759  0.27504216888467303  0.28550106550426824
  0.29558116381691896  0.30558899975928516  0.31567017667524577  0.32562093643426004
  0.33509269792148538  0.34411613285989723  0.35316498252691614  0.36276384407349027
  0.37277564331097207  0.38278634350544716  0.39332510722409048  0.40449782783860339
  0.41615830889200928  0.42611964044591538  0.43610741419906934  0.44626564683330089
  0.45649305019686914  0.46677546806457793  0.47677639705074282  0.48727744887564717
  0.49771232408456911  0.50900302056346358  0.52043832468251916  0.53118953321139872
  0.54130447502011692  0.55120627049975635  0.56136036337916095  0.57169015820624336
  0.58110787529976948  0.59167090532010069  0.60252243107778136  0.61397878314608068
  0.62581336957733480  0.63719267469178309  0.64761677099732073  0.65685926413561990
  0.66611025152801362  0.67655202405917669  0.68762638668209142  0.69869399882239847
  0.70976343390466967  0.72130609301131743  0.73292103289390287  0.74462353218513477
  0.75614736503725011  0.76746174084167174  0.77919925473854978  0.79122160238542760
  0.80243411987858770  0.81293377827067792  0.82296784178669635  0.83284785098855685
  0.84273758658771192  0.85274909971028001  0.86296636635488810  0.87321403254325858
  0.88325775383219729  0.89320657734341102  0.90361856590288714  0.91431779217845921
  0.92513280074349735  0.93570776963859270  0.94655489232968959  0.95767367027594141
  0.96894057656433275  0.97983431014366507  0.99013633782707311  1.00000000000000000
  0.05656194005355093  0.05832627213851660  0.06059557621988425  0.06308630610443201
  0.06577521998594078  0.06964468857033761  0.07344437899229792  0.07717584774688716
  0.08106055384045369  0.08500524500364645  0.08906428601462192  0.09315009638563751
  0.09726069027266492  0.10160651026893444  0.10598195388513278  0.11039213444418601
  0.11499354543690644  0.11962691219246854  0.12427988638854412  0.12916737474971304
  0.13426673203957917  0.13977051606825619  0.14414465236678101  0.14734305763665964
  0.14906011069143874  0.15018128931526623  0.15139109301365461  0.15273504986859532
  0.15507755129591286  0.15756033326116242  0.15997554861109142  0.16238097788596334
  0.16478246561069651  0.16720623190463318  0.16964897275049778  0.17209482607914528
  0.17454672878550895  0.17700752928512758  0.17947906109239298  0.18195121530712666
  0.18445384838049186  0.18699549212998962  0.18957243464527052  0.19219060375821853
  0.19482470103012489  0.19747091768248703  0.20013799131867491  0.20282049277673853
  0.20551236502452078  0.20826348299983069  0.21104259453920013  0.21386342421250004
  0.21672442277428139  0.21958894969741236  0.22245579822912331  0.22537271576645806
  0.22835871910931574  0.23140569064418789  0.23448219915427476  0.23757841510285393
  0.24071246596193016  0.24389142331138039  0.24711261824512457  0.25038372106428430
  0.25372529567304847  0.25711703458635032  0.26057149100685090  0.26413955260857880
  0.26782955252996321  0.27164119168101525  0.27551711892969843  0.27948421231634113
  0.28353217238344697  0.28770251225078253  0.29196469688252952  0.29640110239706774
  0.30100691411558567  0.30577446551189030  0.31072648431432098  0.31591874298212158
  0.32135271830331402  0.32706662624711091  0.33309563672613912  0.33949671731176539
  0.34635619240514370  0.35384403101144857  0.36218240963047371  0.37166937593316973
  0.38241012250690742  0.39485707319368868  0.41001671772293635  0.42888888375657797
  0.45543461849107592  0.49866531383279405  0.58625266792812991  1.00000000000000000
 -0.00285505530405846  0.01136869956003901  0.02291998638279472  0.03518467028428542
  0.04750113599963941  0.06033418440754484  0.07260938239460721  0.08453425544512995
  0.09680545470516588  0.10868638935400830  0.12064255420499591  0.13269359222232135
  0.14506006982406211  0.15628817530783953  0.16790072722064542  0.17936075139890165
  0.19065615533153740  0.20098003287680472  0.21089291003431571  0.22057845857825248
  0.23010100182475485  0.23972094431091961  0.24895750329526245  0.25849864047380655
  0.26821105981465926  0.27814311323604540  0.28839395874252116  0.29875301851987540
  0.30922752586083169  0.32064384655889888  0.33180994816000914  0.34189839354601881
  0.35142834492463615  0.36087064777747518  0.37035790164975302  0.38011641605362778
  0.38960221333164674  0.39964373782023754  0.41041567393756168  0.42139805267138647
  0.43241810383915841  0.44274583883059410  0.45243969773281628  0.46235035632912291
  0.47265654718486172  0.48288011479252529  0.49282687200633341  0.50282985263214186
  0.51356756940905657  0.52390376069460021  0.53304808121991243  0.54186764192646564
  0.55015410663089148  0.55855927059169130  0.56697261964371548  0.57541508147539755
  0.58414795569195865  0.59392589157882059  0.60357331461750452  0.61310512520287530
  0.62248135332349575  0.63204483045007476  0.64187194382133494  0.65161734963283358
  0.66128318515434215  0.67029977134507335  0.67901218349097425  0.68804731755321791
  0.69776668139606390  0.70758270999157324  0.71778038977656544  0.72861128181178003
  0.74035594636249369  0.75230775532030414  0.76361273927211171  0.77488160597576849
  0.78657223764044015  0.79873802416844197  0.81032106670243575  0.82160875024017477
  0.83292094740507860  0.84380229360363190  0.85477932250371191  0.86558193794567728
  0.87605360377016950  0.88606903581069707  0.89618374496949105  0.90709254633880254
  0.91866948613408872  0.93040475847014192  0.94218271647173335  0.95407376976583180
  0.96649888477866253  0.97857342107571976  0.98957399428968085  1.00000000000000000
 -0.00225442132876895  0.00937048351993410  0.01985827641847024  0.03007733651662165
  0.04027037638718996  0.05040492001333420  0.06085596179241760  0.07105183615004995
  0.08096601885481657  0.09103430258604944  0.10187798499041721  0.11319441006586260
  0.12504538372871379  0.13669613242060663  0.14801130124844292  0.15938948519472323
  0.17055222615361781  0.18170214066802876  0.19277621468122572  0.20400728130850604
  0.21545319725902792  0.22707630161595826  0.23905903530335973  0.25064366487400580
  0.26129672722767122  0.27148022624615364  0.28101417346229246  0.29029994739134818
  0.29912853201548656  0.30747478709841691  0.31563618877061739  0.32410349287589452
  0.33321127832816594  0.34272224198004841  0.35210804596997419  0.36212389510043763
  0.37301313878821601  0.38430105305435880  0.39624501552581115  0.40818436963863292
  0.41947299655181353  0.42990339965646762  0.44050663619357561  0.45123888009195529
  0.46165600961079006  0.47187917656704331  0.48228389592603899  0.49327471044360455
  0.50435571961535519  0.51477034823154111  0.52475245598187970  0.53466704443815705
  0.54459856847141130  0.55438874066006960  0.56412066556376506  0.57445600364523697
  0.58514435690670996  0.59563188596653782  0.60575080821374083  0.61619940792776973
  0.62635742919206061  0.63666284138823037  0.64677963562318230  0.65851319056131741
  0.66946793846182351  0.67995372718856395  0.69046015536836969  0.70083969157623460
  0.71118801786820618  0.72183444197549496  0.73304901730074024  0.74504260529340127
  0.75668126795780388  0.76852222548174876  0.77962902364814457  0.79102428679469483
  0.80238189891426381  0.81353412111826862  0.82347569402518672  0.83371177341072322
  0.84425349852673626  0.85438170496701682  0.86392677112807092  0.87321736594126342
  0.88314174079179353  0.89299012536470423  0.90226484784823757  0.91137753872994931
  0.92114158646415512  0.93165402964569721  0.94235987435015400  0.95312385450979586
  0.96438876400187068  0.97644880710472548  0.98827221804958099  1.00000000000000000
 -0.00251350701580998  0.01068800093961079  0.02161217579382308  0.03153217042826618
  0.04115423949461507  0.05047586311336089  0.05976334080379088  0.06925364246231201
  0.07946312487365342  0.09053265486609977  0.10220123878630051  0.11427399004281795
  0.12640009342875438  0.13813029852989689  0.14890210594087722  0.15858143135168171
  0.16808822093558029  0.17776096364104860  0.18774420925229007  0.19801266448166141
  0.20877136195810211  0.22054100764487486  0.23213335088811279  0.24266576234911258
  0.25298514151090135  0.26302325679733818  0.27294428822865291  0.28299596981044950
  0.29366304906840579  0.30507592660362198  0.31623775393403453  0.32641658965569142
  0.33639012135487945  0.34653157741896801  0.35642164690274386  0.36541204844314801
  0.37466335770498949  0.38430478114278266  0.39400877749268953  0.40350651939975501
  0.41282056013483515  0.42231509096955694  0.43214827607396927  0.44225024225036486
  0.45255891465615355  0.46297598617634594  0.47326340793822858  0.48327444707894779
  0.49326796026224723  0.50330729862043622  0.51331107451648839  0.52315519787968701
  0.53270594022427653  0.54193952134381118  0.55099173397117251  0.56032492876471562
  0.56997990452772618  0.57953606454889772  0.58869119390553948  0.59747790683919544
  0.60612540528196945  0.61485152472574556  0.62385675466490265  0.63380061474183236
  0.64419150499908373  0.65428510150139096  0.66459736226820532  0.67554397843428138
  0.68656174078840471  0.69705268870010395  0.70728426441857162  0.71800621754587157
  0.72926880755471113  0.74081037550874895  0.75249188440491954  0.76326115769300718
  0.77440089211869756  0.78549774331417266  0.79643563768735892  0.80730560708844457
  0.81823545152960520  0.82971328035441194  0.84135137473290156  0.85297926474742636
  0.86479892528265334  0.87693510855923940  0.89021168182332033  0.90266775060156623
  0.91409966300500745  0.92598100895441748  0.93753266623181741  0.94908611027421086
  0.96105728698387904  0.97427292818992406  0.98738461435646296  1.00000000000000000
 -0.00297777244779806  0.01111250103265854  0.02304268604483140  0.03544125888546314
  0.04707784294228187  0.05819838878285640  0.06919188293281683  0.08010124483413451
  0.09059589181432867  0.10071409325626972  0.11074364775308297  0.12090461535074221
  0.13120374202563725  0.14189987975574536  0.15323340260065080  0.16509385855816675
  0.17737610984563412  0.18942342062204401  0.20074552352728281  0.21132132570062265
  0.22132574381207010  0.23141932246117716  0.24172013776166554  0.25229249044992241
  0.26281077033353828  0.27393018378452982  0.28546310016644139  0.29653183245611991
  0.30703283549567706  0.31720742566763710  0.32726214087171912  0.33691337513496400
  0.34615025764554436  0.35555730967721244  0.36538451780355952  0.37534515711763955
  0.38547010927873387  0.39582989938324264  0.40665353472721627  0.41717802874383175
  0.42721186044605131  0.43711750867423349  0.44756589004621328  0.45840200846558171
  0.46985864048738835  0.48107713944321945  0.49242585392579846  0.50356153949104843
  0.51437489445545725  0.52480680931568735  0.53457658275238606  0.54403324073773873
  0.55313104628221976  0.56275577624497786  0.57275148628580985  0.58286634859081532
  0.59313130531802505  0.60325099068629817  0.61382548370692414  0.62427652686045554
  0.63483177419354875  0.64580559313212571  0.65717106930891289  0.66852039502120342
  0.67938117198390879  0.69023080488424671  0.70114707492148032  0.71173892705780517
  0.72223051796156557  0.73239050666798944  0.74234046963875033  0.75189245238923341
  0.76108134311486419  0.77016410817358738  0.77870467651956299  0.78733914114333248
  0.79616771282385701  0.80548091824075208  0.81476981808250715  0.82479252178855711
  0.83495553597449401  0.84538138549356912  0.85614144740662546  0.86665140522235162
  0.87690996485535777  0.88708305190894976  0.89792222587552439  0.91021853328230029
  0.92212388050024041  0.93326262999739240  0.94449449195398938  0.95564055329432651
  0.96635764108621869  0.97665075113760613  0.98796561660989890  1.00000000000000000
 -0.00286783203925143  0.01030030245604993  0.02190956112457116  0.03388401554036537
  0.04453057428953964  0.05460971973923695  0.06451404891096182  0.07477600316822164
  0.08468854325360808  0.09455475210832751  0.10361793742777180  0.11316492086754792
  0.12250257693738849  0.13274847012525795  0.14263682838577935  0.15229921436518012
  0.16181107573205533  0.17191395771806314  0.18221624846489817  0.19311309241536317
  0.20478757778304643  0.21724206472210469  0.22869048673216422  0.23946085536647693
  0.25007454047409117  0.26091747594314924  0.27219772129727032  0.28392169615870516
  0.29553924948173332  0.30653879198767625  0.31728894445356109  0.32756068683560208
  0.33816496531483498  0.34925367871525348  0.36120418189240866  0.37318531697362839
  0.38431677188994251  0.39512211358464400  0.40504172913696657  0.41494889131990248
  0.42480197687800908  0.43464974491017677  0.44475224687014342  0.45511102839599493
  0.46589053149815385  0.47704744038009655  0.48750210958278323  0.49739400181103510
  0.50680833598036756  0.51629057070373896  0.52615335419344189  0.53656292205626266
  0.54704434865679763  0.55763850024065009  0.56800571972607217  0.57795068855531073
  0.58800218474365207  0.59801857300578021  0.60830012812950929  0.61903386358664947
  0.62976782536889264  0.64101930167026466  0.65231077165302853  0.66389216498807180
  0.67408202853199983  0.68379382239148823  0.69347674608777699  0.70306816826395813
  0.71246380449214719  0.72123592934025560  0.72988519865050205  0.73885483092175486
  0.74817553860905095  0.75782261721044475  0.76744270092618860  0.77727713808771748
  0.78758817487401933  0.79857312431327254  0.80984075375799325  0.82099500128158431
  0.83215361008662658  0.84349258349473377  0.85534086688809940  0.86736473981505402
  0.87941918489269910  0.89147889717330930  0.90248898978002967  0.91355883545760419
  0.92504654304756961  0.93618723103455348  0.94635792028386290  0.95639713299178342
  0.96754464999627310  0.97864409511070805  0.98929833358505570  1.00000000000000000
   2.1921167478034858E-008  -1.0000000000000000     
 F F F F F F F F F F F F F F F F F F F F F F F F F F F F F F F F F F F F F F F F F F F F F F F F F F F F F F F F F F F F F F F F F F F F F F F F F F F F F F F F F F F F F F F F F F F F F F F F F F F F F F F F F F F F F F F F F F F F F F F F F F F F F F F F
  <DiscreteSampler_grid>
  grouped_processes
  1 # 1 for a reference and 2 for a running grid.
  10 # Attribute 'min_bin_probing_points' of the grid.
  1 # Attribute 'grid_mode' of the grid. 1=='default',2=='initialization'
  0.0000000000000000 # Attribute 'small_contrib_threshold' of the grid.
  0.5000000000000000 # Attribute 'damping_power' of the grid.
 # binID   n_entries weight   weight_sqr   abs_weight
    10   10   4.439632870150296E+004   3.991708507534253E+009   4.439632870150296E+004
    16   10   4.439632870150295E+004   3.991708507534252E+009   4.439632870150295E+004
  </DiscreteSampler_grid>
