  0.00002982528986278  0.00004945620359064  0.00006587753418691  0.00008243196675021
  0.00009887024503177  0.00011801931946805  0.00014252267591662  0.00017533922514593
  0.00021500113215473  0.00026025302764405  0.00032174787091392  0.00039789336530947
  0.00052458550365782  0.00071046705762897  0.00094104449194224  0.00119742235927529
  0.00149779393927043  0.00187065793383530  0.00238505358544854  0.00306799669717869
  0.00394085619589994  0.00510139205795515  0.00662193515162597  0.00876412918557692
  0.01202406729175351  0.01610447263547191  0.02117241342427589  0.02733143590505167
  0.03571400485913414  0.04703091885216322  0.06179227631390663  0.07776060209271755
  0.09425443751309318  0.11120326264631782  0.12833503807548433  0.14525402742897453
  0.16226808499583087  0.17896543615672011  0.19594668510993374  0.21300683192369912
  0.23029248051970408  0.24739500778885659  0.26472876465615791  0.28243871995472702
  0.30006775218378245  0.31713681920149978  0.33319165709064924  0.34897966435393007
  0.36567465206964900  0.38277729751437445  0.39981036548415017  0.41707755562053717
  0.43440155576104178  0.45163551530684476  0.46878672340529193  0.48585860732760389
  0.50293338202457338  0.52024279785720617  0.53769817216847837  0.55499448550591401
  0.57185076827598025  0.58835514153542456  0.60517131491123755  0.62222189334937761
  0.63942028915880933  0.65669588416956060  0.67391994567309021  0.69082330660083613
  0.70742912448947715  0.72403138335780626  0.74086946528215403  0.75793785159112370
  0.77479274052502800  0.79105702586592863  0.80724704346956944  0.82393238413811332
  0.84010410654406609  0.85554145067937015  0.87078947363743753  0.88568019361745509
  0.90056819716759062  0.91519030346375219  0.92949586285275787  0.94324128452231470
  0.95579571333048730  0.96583336880473214  0.97367573290568898  0.98032540208308883
  0.98577337501958451  0.99003941866102219  0.99309518570056177  0.99520791171185086
  0.99677504215742241  0.99799151550798260  0.99902196781078423  1.00000000000000000
  0.00001946524861897  0.00005638324924991  0.00009330124988084  0.00013855640907704
  0.00018489282699118  0.00024746915631306  0.00031530732781304  0.00039691499479234
  0.00050733725089243  0.00063940016145005  0.00079062713427328  0.00101957531015440
  0.00131271946765351  0.00168667359315422  0.00217019840517907  0.00276303751593754
  0.00349092384636674  0.00431691862772553  0.00519081161599380  0.00638278816266203
  0.00793509004306141  0.01046702122642656  0.01420352427590880  0.01796457883580897
  0.02214148362311050  0.02887202332066461  0.03908404070260690  0.05060062527795160
  0.06390612442988400  0.07897782471520473  0.09449618144115064  0.11030741439519048
  0.12681283689804845  0.14321390874243714  0.15933075492241910  0.17575908853165823
  0.19258836078357919  0.20922696542834873  0.22564749884063010  0.24223139716235387
  0.25897891227507697  0.27561445211402630  0.29221849203755984  0.30891794374067011
  0.32530217601344702  0.34146855363396428  0.35774397180483308  0.37425765594998894
  0.39113619995514470  0.40810460700019191  0.42466842710816188  0.44093017545925772
  0.45726291498301103  0.47356184161382298  0.48995160621843437  0.50631111996751832
  0.52240230295959122  0.53839874028137269  0.55459075991673301  0.57117938983858541
  0.58800739383149792  0.60493036628486629  0.62181141629788605  0.63854513461212559
  0.65502351882056087  0.67128403508340795  0.68759980906579188  0.70395836252228183
  0.72020698899551294  0.73627245395572072  0.75233895258575689  0.76848474959363555
  0.78465172752481471  0.80037552200161965  0.81590782632244585  0.83165160029176644
  0.84735903822543690  0.86259321035304304  0.87753411390407166  0.89230788257060012
  0.90681225795157883  0.92095774576320744  0.93461919262314452  0.94753937524779697
  0.95903134835176940  0.96868274928661913  0.97691424917647607  0.98344486832677425
  0.98813097627775448  0.99152436848687542  0.99395097482712147  0.99574785836178914
  0.99712093915117783  0.99820287566656818  0.99914353283897073  1.00000000000000000
  0.00172177121545495  0.00193178992249378  0.00206795824948663  0.00224967889805399
  0.00248471825980975  0.00272152062167548  0.00294405492908444  0.00316360607469945
  0.00340997257713291  0.00369108400203298  0.00402953418551542  0.00439597257460633
  0.00480297153718607  0.00531338771998834  0.00590562848648182  0.00651253302863755
  0.00711363600374035  0.00772535716245894  0.00835029019425018  0.00897539908195704
  0.00959361704326243  0.01023044257210123  0.01090008816730625  0.01161344876668330
  0.01236035422086137  0.01312562676916291  0.01392523700949306  0.01477230211508142
  0.01565879668504220  0.01658846959212157  0.01753597346925301  0.01850731076300125
  0.01950094471703547  0.02055110144339598  0.02169380417496233  0.02290051966236306
  0.02416635471092807  0.02547083260356638  0.02682511125311061  0.02820952054159825
  0.02961452309849300  0.03105009941568361  0.03254720655938274  0.03414110879299628
  0.03583737468560592  0.03764653637097526  0.03956467288190008  0.04154604887434820
  0.04357367800630490  0.04565793981400892  0.04777030875355217  0.04988050476429323
  0.05205747225362366  0.05448811303882055  0.05725509607816129  0.05997454427405931
  0.06274452050990940  0.06564758254506041  0.06862420532568224  0.07193418437619835
  0.07537163443772393  0.07905397810629232  0.08306506483457345  0.08743725099802166
  0.09211949680900033  0.09698002592332843  0.10212263596096757  0.10753515449969608
  0.11323576646197024  0.11910793087324809  0.12514168183057167  0.13172780172910428
  0.13827347173037458  0.14456157118805366  0.15112921510142890  0.15803645276492170
  0.16585829248573619  0.17517227767090113  0.18494143451714182  0.19481345039810885
  0.20555903238635098  0.21700113009619290  0.22920141448020745  0.24200423120421274
  0.25538398859906419  0.26980751539095482  0.28539873501034152  0.30138746101983760
  0.31859217072475465  0.33741305210576411  0.35865943852996557  0.38500311110157215
  0.41639501778200788  0.46161949437829597  0.60717903742090173  1.00000000000000000
 -0.00281305649680707  0.01066286271020832  0.02139747278359481  0.03221265028194639
  0.04247473109606004  0.05283824647296378  0.06349869759336997  0.07425421863162336
  0.08455015500559653  0.09447832403764117  0.10413487764643557  0.11375077999770226
  0.12344084284704807  0.13272365226365990  0.14154750463110777  0.15011503644202578
  0.15885477132003792  0.16846756151147413  0.17832711548977678  0.18832292677542573
  0.19831530547537513  0.20820704518050143  0.21811646945414448  0.22814914152719290
  0.23837138342087658  0.24884385867198480  0.25925144674703371  0.26995504570380513
  0.28102701590012119  0.29207462665618766  0.30260389140009203  0.31268407986132385
  0.32266498031971580  0.33274172375442473  0.34341584316711604  0.35436805641672220
  0.36550003602829556  0.37626468365763854  0.38671527661656407  0.39740544739148248
  0.40835620557448454  0.41953595513306119  0.42989718325641746  0.44003680953667351
  0.45036956355494068  0.46124707073384591  0.47255163848103726  0.48389373183383771
  0.49532612786039876  0.50682398265899742  0.51853250973992748  0.52838237848814773
  0.53602065172259772  0.54397702084540034  0.55235287885695528  0.56318257777551028
  0.57389149452499288  0.58421190986019866  0.59487906407834290  0.60600342684304653
  0.61728641350293256  0.62868369286369052  0.63972882216077120  0.64920112393296669
  0.65870323362705485  0.66776534280924693  0.67817156807151469  0.69000274496647307
  0.70186160155339294  0.71333208812904569  0.72380088667889819  0.73414270068291743
  0.74457542785339981  0.75584475286168984  0.76704827401418152  0.77808436428701366
  0.78934473505159042  0.80072923948978447  0.81243850807152740  0.82397151906774879
  0.83574772762859861  0.84718671869827999  0.85858712743839560  0.86942232712045708
  0.87983792277538830  0.88926573072430437  0.89887093523548134  0.90842784332664095
  0.91939422313291685  0.93108012701495946  0.94209861647851956  0.95303089402815344
  0.96426036985674723  0.97591698762713963  0.98818628570346878  1.00000000000000000
 -0.00241968479522274  0.00903777643505388  0.01976330786759619  0.03043596392834533
  0.04160083603714132  0.05280704406102088  0.06405270700436076  0.07471346170735424
  0.08502977351027219  0.09568322514132620  0.10688633169759962  0.11810730984553809
  0.12887842708349365  0.13936315866678012  0.14972462793597036  0.16050185510943693
  0.17170469040500988  0.18328455497731311  0.19490223619488858  0.20628950993138556
  0.21671034399394407  0.22689968105826303  0.23754555603937577  0.24791609789824975
  0.25772078419581501  0.26733750456604299  0.27743933324708192  0.28815256075680429
  0.29890168507760440  0.30984462003197477  0.32102721570213039  0.33167930802170886
  0.34160369795457518  0.35151800775195946  0.36144470971972598  0.37289650523663109
  0.38453112540680046  0.39606965438618569  0.40774362735378966  0.41885388417667790
  0.42987678035629928  0.44089315620951958  0.45234153837556013  0.46320641834074155
  0.47342089314905406  0.48352280067657805  0.49369649862697534  0.50243642317863690
  0.51087134700564252  0.51936499359717914  0.52830407965674797  0.53959229587172453
  0.54863557175928912  0.55806535046174488  0.56737237901924908  0.57717237775438623
  0.58818601908656754  0.59963278845325019  0.61086051631127647  0.62205808731861501
  0.63294206625498228  0.64386352110445477  0.65491315055686083  0.66617771310704210
  0.67719581516491933  0.68750254710490721  0.69707919219520942  0.70657667394072543
  0.71626243366750153  0.72615535908176054  0.73605711038044375  0.74557699550939005
  0.75522322623708715  0.76544490007898247  0.77638209556055282  0.78731862729873403
  0.79808086173672110  0.80894862283322011  0.82025659089964054  0.83154260660338197
  0.84209825924108006  0.85252481442628003  0.86296162622413553  0.87371743753142428
  0.88463050815611211  0.89532167283170094  0.90599675937835578  0.91684350391726133
  0.92812160782520403  0.93976966334109580  0.95162700733058081  0.96291304266643263
  0.97268012963294592  0.98181513244903174  0.99086590482071102  1.00000000000000000
 -0.00245268191994981  0.00975521232642815  0.02013500602504406  0.02861181104494188
  0.03715485849830682  0.04594697597555811  0.05583277872670223  0.06623741386076890
  0.07647161887889052  0.08699542629478858  0.09758544752560513  0.10818896545685809
  0.11851376523807640  0.12871151871512321  0.13869659589698113  0.14842779104950229
  0.15766369920447673  0.16675390781128643  0.17592570671759669  0.18534523511791134
  0.19536230735988511  0.20548074441799682  0.21564501008168860  0.22552259021065144
  0.23527880433371950  0.24513086071379150  0.25464920081288639  0.26422176102450112
  0.27372695521904228  0.28372528657798363  0.29420043761359882  0.30468142712786900
  0.31511178619537161  0.32550583405317562  0.33594258899751772  0.34623683496602486
  0.35631325380262990  0.36641558294834342  0.37677759100319735  0.38752527521647545
  0.39851997427769875  0.40966634026790655  0.42087971431524390  0.43200940393799014
  0.44291930652877215  0.45362930843972682  0.46438551265933647  0.47530379052176747
  0.48626226317303650  0.49735676304090898  0.50877955299599242  0.52024270380861581
  0.53144509663796735  0.54262135430317515  0.55366883733825345  0.56375681034354808
  0.57311768545890152  0.58209365503586807  0.59117538050796281  0.60110392441704708
  0.61184618277066127  0.62320989756082590  0.63489579781304695  0.64662802773248862
  0.65825667485945738  0.66980777427521876  0.68139603539274296  0.69313206677134653
  0.70491147796582554  0.71651277835661553  0.72811887062402580  0.73983395979685007
  0.75156702598558522  0.76308542867692875  0.77434851638785596  0.78568297502637285
  0.79729660422454141  0.80907855739963763  0.82081856091104699  0.83263179363271211
  0.84463985122906582  0.85662275465471427  0.86840866865976396  0.87969342660494154
  0.89075747997468913  0.90191743983138128  0.91219054936637289  0.92082611327174257
  0.92934664385853605  0.93788942407008902  0.94754708003735966  0.95782896897221248
  0.96793334968151057  0.97800744726321465  0.98936385729134835  1.00000000000000000
 -0.00249295384513006  0.00955514524080051  0.02012592818428266  0.03151730490188281
  0.04292592822989352  0.05398394051989932  0.06498229317259366  0.07599542960727669
  0.08699410841624861  0.09532593136899180  0.10346351800166223  0.11138094809632673
  0.11921926657864071  0.12878506925778105  0.13861033358765221  0.14885275451764854
  0.15938295152067591  0.17012778349335597  0.18115366764158042  0.19229533079161643
  0.20327280702997055  0.21399745510434914  0.22462356761865979  0.23529265938546792
  0.24603714517863853  0.25679813371582749  0.26764275253119679  0.27857837485891851
  0.28968999369763543  0.30086024191012239  0.31203960247126550  0.32326766247560534
  0.33432687427992114  0.34524349960340961  0.35633606094394504  0.36770732220873836
  0.37900378048918965  0.39013824802124092  0.40104836620596818  0.41200636656567075
  0.42278980896528084  0.43309899923211698  0.44342766522461413  0.45410183421455830
  0.46516467258167971  0.47620239327767133  0.48710784632706644  0.49808911132090811
  0.50834227073051030  0.51800137559162340  0.52741620097602537  0.53729499858224883
  0.54842374650070169  0.56002950555213793  0.57146688648483024  0.58279153122629268
  0.59409444567214509  0.60509289373967046  0.61607552092700235  0.62695068383577757
  0.63771915121980849  0.64821134512137857  0.65908337904052705  0.67011856015972882
  0.68099957848926973  0.69157893831189488  0.70188833243300763  0.71263909658779734
  0.72320684892748577  0.73266121986189214  0.74185986860380038  0.75131356300918639
  0.76176272516376697  0.77279955145218282  0.78354419467848213  0.79402083867964512
  0.80450636727408509  0.81511302517296580  0.82621235493384915  0.83723602601077241
  0.84812639200224627  0.85890336852939742  0.86949172228981819  0.88052718957611342
  0.89113919710229728  0.89975262740742523  0.90892502393031516  0.91745796584786654
  0.92605685448265951  0.93578736924639694  0.94664762969145777  0.95755490601244797
  0.96853924107529510  0.97927774024935788  0.98966116374929247  1.00000000000000000
 -0.00145726022338069  0.00576341224752466  0.01393041007568404  0.02267675557512444
  0.03338543622734622  0.04465311726033370  0.05574091740310865  0.06678585891658424
  0.07747696995946766  0.08768134342959888  0.09783373554688486  0.10844278744844511
  0.11957783036960576  0.13099609296729345  0.14227421988200126  0.15358424101095147
  0.16449087464341283  0.17505321470422838  0.18554976951987218  0.19645585109024621
  0.20763736119371815  0.21912135558137411  0.23036025090977041  0.24152646469716219
  0.25225429096074403  0.26278114319857715  0.27321322384122398  0.28376240393107954
  0.29479804316502212  0.30567604019592898  0.31634264178994786  0.32664180204917448
  0.33710982366257908  0.34795022366904704  0.35934718939533294  0.37064572652588806
  0.38141357197152387  0.39182466754105016  0.40171386097744288  0.41191091318948492
  0.42156453851096748  0.43224487302101500  0.44309970165919482  0.45318077536970308
  0.46149535329125485  0.46979508854719371  0.47838978020916079  0.48781926644005685
  0.49885867773794601  0.50953223137153159  0.52003554983461520  0.53103876365189850
  0.54200778595489985  0.55240074632144565  0.56223303989762874  0.57260961187727244
  0.58339815015850649  0.59433587259657683  0.60497607725332037  0.61577596560756831
  0.62661644094634772  0.63754479176409218  0.64834453406336867  0.65913057793196728
  0.66966101580942361  0.67980593467028672  0.69018266679589413  0.70073051382143581
  0.71127728391447698  0.72180427167819283  0.73271154977538999  0.74422193309112206
  0.75571358599980309  0.76719804350093179  0.77887231218325559  0.78924370062249272
  0.79852654213390151  0.80769215560354635  0.81729702074454569  0.82840437227815800
  0.83997580833393826  0.85098056423649404  0.86155830163807434  0.87192506781322565
  0.88265410448059600  0.89354507450323784  0.90444631333327086  0.91473944758335701
  0.92547480586242870  0.93626347932187692  0.94742646153344101  0.95858290576312721
  0.96996057911837885  0.98068215792024160  0.99065133593264687  1.00000000000000000
   9.3137383910272917E-011  -1.0000000000000000     
 F F F F F F F F F F F F F F F F F F F F F F F F F F F F F F F F F F F F F F F F F F F F F F F F F F F F F F F F F F F F F F F F F F F F F F F F F F F F F F F F F F F F F F F F F F F F F F F F F F F F F F F F F F F F F F F F F F F F F F F F F F F F F F F F
  <DiscreteSampler_grid>
  grouped_processes
  1 # 1 for a reference and 2 for a running grid.
  10 # Attribute 'min_bin_probing_points' of the grid.
  1 # Attribute 'grid_mode' of the grid. 1=='default',2=='initialization'
  0.0000000000000000 # Attribute 'small_contrib_threshold' of the grid.
  0.5000000000000000 # Attribute 'damping_power' of the grid.
 # binID   n_entries weight   weight_sqr   abs_weight
    10   10   1.269462325237925E+001   4.781962297368369E+002   1.269462325237925E+001
    16   10   1.269462325237925E+001   4.781962297368369E+002   1.269462325237925E+001
    22   10   1.269462325237925E+001   4.781962297368371E+002   1.269462325237925E+001
    28   10   1.269462325237925E+001   4.781962297368370E+002   1.269462325237925E+001
  </DiscreteSampler_grid>
