  0.00025901281064746  0.00031402212389525  0.00035182542896852  0.00039144183771180
  0.00044240911733975  0.00055628512376520  0.00085981751035243  0.00130683051969670
  0.00168246142324606  0.00203649284601384  0.00241184373155362  0.00281435987627720
  0.00326978081620663  0.00374218765472834  0.00428852682263145  0.00495450219007819
  0.00577113364517515  0.00674016079174348  0.00785012613199132  0.00908258075063651
  0.01041599578982966  0.01190207571917833  0.01362697071869462  0.01563144215836334
  0.01790680933869085  0.02055588347301281  0.02367463070198628  0.02729301810076289
  0.03127338784993811  0.03553993932403882  0.04006104884079035  0.04496160086484587
  0.04987455367529965  0.05423880929171432  0.05750458721615213  0.05972910208375452
  0.06132495039095619  0.06250601023249819  0.06339574560654307  0.06408373338336654
  0.06462690629302623  0.06506170716819951  0.06541888863512182  0.06572398857262055
  0.06599104678496846  0.06622643998351356  0.06643673091868105  0.06662598231725031
  0.06679686961262234  0.06695609782476532  0.06710665494415106  0.06724907635645835
  0.06738520910855614  0.06751610450353580  0.06764368932087242  0.06776949460641442
  0.06789480504494261  0.06801966098725340  0.06814492536481455  0.06827296440815467
  0.06840404557522775  0.06853920422015561  0.06868061378707309  0.06882980031711405
  0.06898833362930468  0.06915912296620146  0.06934563122708148  0.06955227212370625
  0.06978165680447755  0.07003820520223199  0.07032765988543048  0.07066509272967525
  0.07107864454074751  0.07158345532556429  0.07219452299652609  0.07296766354134235
  0.07396857140574924  0.07527351231830746  0.07710325915941106  0.07982711782168610
  0.08378160190217196  0.08946784547740473  0.09758296076948179  0.10886979008869488
  0.12433771429777669  0.14483618035127255  0.17146582462705467  0.20497371690785632
  0.25072303786718997  0.30925098296088716  0.38021590485513229  0.49315817781004578
  0.60148427964929196  0.69911759604967627  0.79941906473986291  1.00000000000000000
  0.00016764935511913  0.00025829364438138  0.00030616761328526  0.00035243913760378
  0.00040782656841186  0.00050014306661944  0.00075487684819638  0.00121014291902015
  0.00158264923524166  0.00197928440825786  0.00243393932543576  0.00293925097695671
  0.00353830985300502  0.00421633887103944  0.00503068805058099  0.00593481145918784
  0.00691727701000499  0.00809834492921144  0.00953803842780683  0.01119947827497510
  0.01307471779334681  0.01529787635136186  0.01794365891254242  0.02103527378650239
  0.02460785768907088  0.02872334870717456  0.03345923315284530  0.03871037963222764
  0.04418064736860125  0.04953401282597026  0.05421467042746210  0.05766938456489991
  0.06000244782084525  0.06160974032730340  0.06277998049136714  0.06365546854464191
  0.06431701746829054  0.06483141702509293  0.06525407213611958  0.06561084629222529
  0.06590810640199746  0.06616064717259802  0.06638461137357622  0.06658735611118155
  0.06677265312526774  0.06694419521218593  0.06710495156128567  0.06725696259435451
  0.06740169457655493  0.06754056301844749  0.06767533659130980  0.06780781598888523
  0.06793930329360520  0.06807101393149555  0.06820446901491914  0.06834072715985967
  0.06848147986359382  0.06862796385854066  0.06878320081814129  0.06894967522200385
  0.06912957769026021  0.06932573166155248  0.06954147501941509  0.06978140628054898
  0.07005213373796006  0.07036510548179464  0.07074017388128816  0.07119191413587134
  0.07174040713451939  0.07242403049970061  0.07330088629002250  0.07445356639964769
  0.07603143944643960  0.07838787774982763  0.08184947899921696  0.08688685503783941
  0.09448291290369534  0.10548004339606892  0.12076929714204254  0.14107284902296457
  0.16605210705226564  0.19832051619416902  0.24281707269000802  0.30020316990185625
  0.37067358977333520  0.45770854211295947  0.54157748773651171  0.60346743621692911
  0.64594941939336592  0.67917538578184766  0.70808909868865888  0.73891102166155664
  0.78087782497001423  0.83313504311944242  0.89322187892396154  1.00000000000000000
  0.00029379881964684  0.00070971614508638  0.00095960349986820  0.00118294097717151
  0.00142326345680827  0.00168659930765022  0.00197555187414380  0.00229105519988728
  0.00263274953449843  0.00299694297033540  0.00338405489493142  0.00379852611947347
  0.00424911416411758  0.00473971898901643  0.00524736409017764  0.00573291999648999
  0.00619368103119410  0.00664717790282451  0.00708109071846261  0.00751318598937784
  0.00796043749082373  0.00841107779179073  0.00893032313624709  0.00948850072160068
  0.01007351264108556  0.01067895160087530  0.01130559707798020  0.01195799657139048
  0.01265332486506559  0.01339422090847202  0.01416871793024586  0.01497991338334590
  0.01582456394604868  0.01671597668368420  0.01763143998033894  0.01857735360909487
  0.01957411020967801  0.02062434011268328  0.02173776500752928  0.02287489992155901
  0.02404575913836553  0.02528398694777025  0.02662598908691733  0.02806068493588612
  0.02959142867444867  0.03121543985768781  0.03290807104390058  0.03467867196864137
  0.03649968894711952  0.03842996505964896  0.04047028874430610  0.04259608873668547
  0.04465771111023673  0.04682182157488446  0.04905809832599779  0.05152918428032553
  0.05416460227786636  0.05691737844709514  0.05975917420274378  0.06271228494185575
  0.06594372011637931  0.06938101630202781  0.07297491597616446  0.07668172314844408
  0.08048468473976444  0.08443513836714024  0.08860095409534917  0.09310906470962563
  0.09792502593125520  0.10298023872339931  0.10838067181631442  0.11405393379160943
  0.12002317739457911  0.12644432446420714  0.13315816044617265  0.14036729695807343
  0.14845125025850509  0.15727943196031449  0.16685426120359878  0.17719852483135046
  0.18828147640902365  0.20039650479530288  0.21359670637763689  0.22781349518055397
  0.24273882998674590  0.25829113811550214  0.27495893027260593  0.29303122118063035
  0.31253976413218321  0.33340773905898041  0.35597365267177966  0.38176698316774210
  0.41285001481879019  0.45285451115841718  0.52991053738436933  1.00000000000000000
 -0.00198504063745746  0.00795123345704376  0.01770040732327259  0.02773004395403317
  0.03777582307171293  0.04702465705220379  0.05618077639859399  0.06535797329980432
  0.07498858404402928  0.08468081098798318  0.09432375724832368  0.10387335968455901
  0.11361702315670572  0.12338988361821693  0.13284482437320572  0.14274500202535664
  0.15290251768682303  0.16313582903500498  0.17335468883757799  0.18338888254666760
  0.19319439239776584  0.20288872696502100  0.21257619225404184  0.22225069445834814
  0.23182384134818798  0.24143643472514237  0.25126827201546170  0.26135114283071553
  0.27161018081860860  0.28193042371725657  0.29196977971919524  0.30162395464612562
  0.31094088584589219  0.32047984168506222  0.33043421223466679  0.34054222603013262
  0.35089139152817322  0.36140459199118152  0.37221793259058028  0.38319566603117849
  0.39442608975073912  0.40589746634920770  0.41721533860100551  0.42796645949629425
  0.43808418653632447  0.44791490259841665  0.45757520670273588  0.46716282989423064
  0.47689437285920466  0.48782542446272359  0.49806861971266569  0.50887983874511000
  0.52078029333793963  0.53232013849262194  0.54343699896364150  0.55486059288936129
  0.56620111542226736  0.57760163786563989  0.58913023497643169  0.60100307716995449
  0.61273488578322710  0.62438654474628219  0.63580421713243440  0.64698415947136168
  0.65791656076392102  0.66883905701635593  0.68011271859024858  0.69212861553730154
  0.70429389266573428  0.71588965099609736  0.72708249248760182  0.73798132222705604
  0.74891392701505677  0.75986765270567214  0.77096924236705144  0.78140361235159039
  0.79129023149408717  0.80183464804529969  0.81257407432398854  0.82369202378062167
  0.83475508997669645  0.84589142668640360  0.85656083553872808  0.86674317906165232
  0.87701768783021394  0.88726800508455317  0.89824329043420126  0.90955382891722902
  0.92132414993084211  0.93260145881236289  0.94389328426436603  0.95487029185859995
  0.96598078446235724  0.97743980661528906  0.98848422444137718  1.00000000000000000
 -0.00217354455792688  0.00874123089925034  0.01840834535070277  0.02901234680291409
  0.03901669472732897  0.04912864230282614  0.05956024548743676  0.07082848974790651
  0.08203377123245889  0.09330915087034476  0.10418104125243456  0.11465464990253872
  0.12499810472618426  0.13528632841852964  0.14548779159129840  0.15554853254976764
  0.16559186923750926  0.17676362742558699  0.18780723191818380  0.19851089966280969
  0.20892812632923669  0.21925533339704456  0.22993916971770997  0.24062517506679981
  0.25158571486346942  0.26264206641432142  0.27370367055298811  0.28441382849821695
  0.29524069642424366  0.30581240546236699  0.31631575698170694  0.32694915516933093
  0.33775327313958259  0.34856815076488151  0.35920611126181873  0.36973347603870294
  0.38024749962450710  0.39074707898156447  0.40120341833491707  0.41169680119537960
  0.42227562422113368  0.43284731406916299  0.44323606519900116  0.45334908617553982
  0.46369560449301217  0.47424738331356742  0.48490163274416770  0.49534337866682743
  0.50541538910472228  0.51519939610791410  0.52501142337693218  0.53480314203472423
  0.54487322669563221  0.55506331001485776  0.56574655115249062  0.57663944171303738
  0.58710797419328220  0.59760194853424620  0.60820394864696725  0.61904122654529770
  0.62941471491123679  0.63962047917212572  0.65020985001445097  0.66055738706534495
  0.67066709477886255  0.68059455830275684  0.69078435917626957  0.70150238262192677
  0.71249279287187672  0.72331949325721545  0.73417779248990811  0.74493054476362008
  0.75583577567983495  0.76689931927868449  0.77772731534230433  0.78824732009760490
  0.79861720363272448  0.80930054890100211  0.81986198852911629  0.83053058473327623
  0.84118892921046928  0.85178895071632299  0.86206454774544150  0.87258533503380731
  0.88329942760053837  0.89411147523532719  0.90472967978949004  0.91521604260761436
  0.92620503421962619  0.93690953404282484  0.94779227766837826  0.95830859749637054
  0.96858466619629835  0.97878478964442794  0.98923538055722027  1.00000000000000000
 -0.00225359689993361  0.00786973849576641  0.01720455995598016  0.02678355268266716
  0.03645011696357876  0.04614522040597516  0.05554420202717485  0.06458077911945637
  0.07383387258283008  0.08310823346697897  0.09232790154371563  0.10120484154651242
  0.10989476808024702  0.11897238010645327  0.12813028053495359  0.13769840368145833
  0.14740787996727805  0.15711675505311981  0.16683523929655281  0.17588709177412079
  0.18517237156855545  0.19447408338424024  0.20403666356202807  0.21314446088678107
  0.22255375016969686  0.23252141786571578  0.24292710701472686  0.25319115538866255
  0.26326421671226347  0.27333011357992737  0.28362621584402664  0.29410050950568556
  0.30479809795168777  0.31555607939327701  0.32619585631528264  0.33693467498024687
  0.34742196849767559  0.35796287318763415  0.36838195916103539  0.37885385677443101
  0.38982180756497664  0.40076389265714818  0.41202212375180514  0.42309458062273037
  0.43370765959930313  0.44487187133212935  0.45576267763282013  0.46584509785032258
  0.47630120469155851  0.48690460094003474  0.49722003719052721  0.50770580009664312
  0.51799230252261041  0.52845971802814551  0.53915979120479307  0.55012917942155437
  0.56143264279470040  0.57277686408770112  0.58408159292845907  0.59541183605921588
  0.60676558374029743  0.61804975135609519  0.62922251360536596  0.64016502992823976
  0.65097150689569605  0.66190007340503798  0.67317815012610971  0.68464453309110340
  0.69620750405680820  0.70779552371031729  0.71958315325242861  0.73135990086226732
  0.74291762616621659  0.75442354023257918  0.76589973541179701  0.77715951003681039
  0.78815436584683407  0.79969269671149512  0.81111918560372898  0.82208252902519585
  0.83290040808170862  0.84377332011605688  0.85482776004136363  0.86591559339696356
  0.87688443806048844  0.88774157081635063  0.89880779061929494  0.91029656775774526
  0.92158795168430452  0.93239784305967133  0.94314347022532596  0.95401450498810281
  0.96560659631265400  0.97753878399121086  0.98898119959677533  1.00000000000000000
 -0.00206611524504003  0.00798019941993993  0.01862211874618904  0.02808903822979558
  0.03693883127495124  0.04721778986819464  0.05733527590197024  0.06757526592622411
  0.07805402313553972  0.08851812520428906  0.09992483984481691  0.11114885840131443
  0.12103703316017872  0.13224237503375941  0.14285915596965990  0.15393916894212684
  0.16440992138118227  0.17502301841757917  0.18599362541442163  0.19654371761234365
  0.20714093866337821  0.21794133156207554  0.22816463382358920  0.23963442348962963
  0.25053240748995992  0.26089867022109731  0.27155474040085120  0.28204671852999230
  0.29238799005492477  0.30267038824492043  0.31307890225712964  0.32396052547743959
  0.33490700747095836  0.34529342613848873  0.35518025279073251  0.36497244749813201
  0.37518160918875365  0.38591597465669658  0.39588229049011026  0.40552239810054663
  0.41500113966100077  0.42500474485895184  0.43541325886125010  0.44584175664058706
  0.45676185598980890  0.46739965527343119  0.47820897693031705  0.48949103156452461
  0.50066028616580760  0.51160672953250452  0.52239571738743618  0.53316678963525244
  0.54396378232130327  0.55475461168243301  0.56548865658642933  0.57623105769034899
  0.58670127306812048  0.59698774970091795  0.60732293607849186  0.61797791528814483
  0.62883880435983286  0.63953567342224493  0.65003207636801252  0.66078205065868578
  0.67176355585597636  0.68278287059166198  0.69354499460678554  0.70445235518874760
  0.71458240255351868  0.72472175065623290  0.73477252443504681  0.74529413881256656
  0.75603588915276165  0.76729956215363304  0.77879343706378679  0.79008916429433240
  0.80094713406581142  0.81165363055948225  0.82213478706191789  0.83273546804256082
  0.84338817253654441  0.85432742037416454  0.86553757353790228  0.87677344231977850
  0.88801802427228804  0.89873478839484011  0.90910250229561629  0.91944753645131616
  0.92987250043735503  0.94016140635617262  0.95023732435150432  0.96009503592123380
  0.96998233875020989  0.98011442513839586  0.99030780207180824  1.00000000000000000
 -0.00211547790070906  0.00861626641359138  0.01875672188773277  0.02936051973199738
  0.03975903220652905  0.04966435189690175  0.05907191246665541  0.06965059234442386
  0.08009163902593658  0.09104182808627929  0.10171138811863523  0.11237539298824106
  0.12302842360496945  0.13343781016933484  0.14426209258586897  0.15508828351368664
  0.16601530650001248  0.17698114136216614  0.18759629345011142  0.19860381990321926
  0.20959238345376827  0.22047482941059718  0.23126686711987490  0.24194969591781917
  0.25283616065280035  0.26332668547486032  0.27398282039659161  0.28450488502646820
  0.29509345842165974  0.30579744282037463  0.31645137439332649  0.32722165119599589
  0.33805070828641537  0.34882447783809278  0.35950030711647113  0.37013556771787504
  0.38064320087148368  0.39107541461557171  0.40142517949734913  0.41182381734709855
  0.42235606823816807  0.43305114069591605  0.44371622101014968  0.45425983627216510
  0.46472148132346724  0.47519928178817622  0.48557582443867636  0.49604094242874275
  0.50675478047740907  0.51749562501396051  0.52763379950657308  0.53734058683339114
  0.54718550757116402  0.55737433991841834  0.56764156372000785  0.57724332716065285
  0.58714118611633059  0.59834650640642739  0.60947796518053421  0.62019506819155878
  0.63058949568701750  0.64086912076713609  0.65167431085856053  0.66244077245045407
  0.67295316125970928  0.68338987543933261  0.69418319517644123  0.70515587980081507
  0.71606267209810792  0.72675017748146586  0.73755508347681531  0.74841706394676599
  0.75946426205271100  0.77053568516925808  0.78136148756251533  0.79176052661070695
  0.80184841766550541  0.81215089114997219  0.82271827758675631  0.83350384024723145
  0.84456719824194537  0.85565210227281718  0.86648591551745191  0.87752588470188708
  0.88850287242039994  0.89884665415233644  0.90857062111378695  0.91817664797057152
  0.92775220242797662  0.93786014838520382  0.94801037922946563  0.95796523695521396
  0.96834368270415261  0.97844332039659365  0.98925836165651948  1.00000000000000000
   2.3421707408559741E-011  -1.0000000000000000     
 F F F F F F F F F F F F F F F F F F F F F F F F F F F F F F F F F F F F F F F F F F F F F F F F F F F F F F F F F F F F F F F F F F F F F F F F F F F F F F F F F F F F F F F F F F F F F F F F F F F F F F F F F F F F F F F F F F F F F F F F F F F F F F F F
  <DiscreteSampler_grid>
  grouped_processes
  1 # 1 for a reference and 2 for a running grid.
  10 # Attribute 'min_bin_probing_points' of the grid.
  1 # Attribute 'grid_mode' of the grid. 1=='default',2=='initialization'
  0.0000000000000000 # Attribute 'small_contrib_threshold' of the grid.
  0.5000000000000000 # Attribute 'damping_power' of the grid.
 # binID   n_entries weight   weight_sqr   abs_weight
    10   10   1.669276329858076E-002   1.412267304813052E-003   1.669276329858076E-002
    16   10   1.669276329858076E-002   1.412267304813053E-003   1.669276329858076E-002
    22   10   1.669276329858076E-002   1.412267304813053E-003   1.669276329858076E-002
    28   10   1.669276329858076E-002   1.412267304813052E-003   1.669276329858076E-002
  </DiscreteSampler_grid>
