  0.00883875823962859  0.01712000623150862  0.02836728684713572  0.04019793434771845
  0.05048982913183324  0.06016147002886921  0.07056176802132512  0.08097284419449763
  0.09178219079896395  0.10186509132864391  0.11279101615047546  0.12401292248727816
  0.13504672801470122  0.14671182061635718  0.15869215938717635  0.17005919543941281
  0.18065163761182837  0.19104887183150357  0.20149425538498253  0.21212677600082291
  0.22297185141135728  0.23395938674929331  0.24505910105809411  0.25542538152667216
  0.26551407041474762  0.27594628576292068  0.28612907913627850  0.29586675606434948
  0.30535039461084174  0.31535921292644026  0.32558745293152586  0.33555479628986506
  0.34470799779373901  0.35401599510799886  0.36326629860391418  0.37286204865043260
  0.38197918543148923  0.39066468625120587  0.39972907169124205  0.40961341175984772
  0.41999731933094897  0.43083319750780241  0.44212490445240049  0.45379625575651256
  0.46488018364259626  0.47623931858045543  0.48751400073247775  0.49890557856437845
  0.51008041048594865  0.52133805196722938  0.53287486256009486  0.54451280822649728
  0.55614243070043223  0.56738067122844171  0.57848344250880801  0.58943748006255903
  0.60051594465380276  0.61195714691251657  0.62342848388955130  0.63357285250580953
  0.64345214404744944  0.65310360854014315  0.66259948111483191  0.67210341551800767
  0.68161295694736856  0.69095523315075680  0.70046945848282138  0.71005405889267004
  0.71982130029225244  0.72959847837494785  0.73958184749858491  0.74959407983967774
  0.75973296026044801  0.76966833091198683  0.77937237180259500  0.78888830317220315
  0.79868696630512659  0.80887645483664716  0.81970312961440039  0.83094038257289238
  0.84216931862950362  0.85339474436273488  0.86382289993076367  0.87411044574971408
  0.88433323795479168  0.89454310777669466  0.90474322746417224  0.91527651342459049
  0.92608018223858179  0.93695151680414002  0.94737672097851122  0.95783959236910121
  0.96779871956766861  0.97810638265082339  0.98871282851474529  1.00000000000000000
  0.00907245736967897  0.01626343052584435  0.02697185032586127  0.03884566477415309
  0.04971002185903223  0.06107864433834100  0.07272737255556139  0.08441757984427423
  0.09479248141750067  0.10513192116964584  0.11553916742572014  0.12610146951449405
  0.13596545486114026  0.14558386364259382  0.15572873116594682  0.16592286125814470
  0.17633507288221983  0.18647578823399302  0.19704238450486763  0.20762653506788084
  0.21768561890239835  0.22752766311225611  0.23743603478332490  0.24754884788981416
  0.25782695200725836  0.26824939637808665  0.27861172992138222  0.28913280544037606
  0.29968204796765191  0.31006468363145889  0.32003429963144508  0.32967230154363131
  0.34001424219755233  0.35111996695213116  0.36152204687763762  0.37113052230316251
  0.38079177062275066  0.39040878845816490  0.40012865642316242  0.40892580592617656
  0.41813085856926507  0.42809366567246127  0.43851905952327841  0.44908143590869865
  0.46009482275460434  0.47189748873521592  0.48328319476612730  0.49293381209988324
  0.50254321525305712  0.51241856856727552  0.52293771985534665  0.53373235249166284
  0.54427617644472148  0.55461838510787853  0.56459516906533824  0.57386281680381623
  0.58334497432508803  0.59314401070306999  0.60296498533676668  0.61333823359614825
  0.62407642225109328  0.63499187646833299  0.64587398080394087  0.65685282034212078
  0.66759935770369927  0.67803388006154519  0.68845797972606915  0.69921993905724256
  0.71037400266486150  0.72169423508969888  0.73315734589942405  0.74482820598029220
  0.75591561803795160  0.76730699223627485  0.77812211283185972  0.78915984778094506
  0.79904656309723110  0.80857574034463797  0.81793198701493686  0.82767328412750885
  0.83751410068203402  0.84754722881870326  0.85743939062799401  0.86805018104641929
  0.87843471579953114  0.88955393888595335  0.90062813815448561  0.91118847776409917
  0.92203745958724148  0.93248346662310477  0.94322701863717973  0.95313503034156899
  0.96370852020220199  0.97514071374803135  0.98735658657121084  1.00000000000000000
  0.05753986611572165  0.05805392077702066  0.05967598587533708  0.06193223316905758
  0.06459756736082141  0.06851130167757966  0.07234626265496047  0.07609739522349031
  0.07996556849887206  0.08386905288304135  0.08781681312978037  0.09182331066314529
  0.09587549981894788  0.10011440464895290  0.10437333307361638  0.10865415681545021
  0.11314204747221161  0.11770292451013312  0.12235380490055925  0.12719714417136083
  0.13223180742813639  0.13758698563785071  0.14233081384504395  0.14606183099606659
  0.14836033399101176  0.14966835782446725  0.15085000521048697  0.15201110625322423
  0.15391151560821953  0.15641360612758518  0.15879444679020865  0.16118353533418889
  0.16359303346092927  0.16600536719483477  0.16841769885667138  0.17085106497268945
  0.17329187011652553  0.17572956008468743  0.17816028986343080  0.18058585291601059
  0.18304488645942624  0.18556860979538614  0.18816239106542554  0.19078470557563484
  0.19341164947591302  0.19607965120917625  0.19877660649225884  0.20150036737047441
  0.20425066182534818  0.20702729033146847  0.20982701771647053  0.21267405241955367
  0.21556936566870530  0.21848583959316306  0.22141997322810469  0.22440521103131503
  0.22744242703070197  0.23050510366177418  0.23357403419652428  0.23666788393952837
  0.23983751370758288  0.24306703333720220  0.24632572788174723  0.24963870011459779
  0.25303465417639343  0.25649848192161062  0.26004479616111748  0.26365358704553771
  0.26733544025034706  0.27110428475298320  0.27494157208857689  0.27883150341045576
  0.28285058264303431  0.28699943770629244  0.29122228596458849  0.29559099292778523
  0.30011822740038879  0.30484578409906632  0.30975535863335274  0.31494461571860388
  0.32042773115957696  0.32619959075047755  0.33224443401346221  0.33862829223253449
  0.34560971450536659  0.35330549944855039  0.36164039604097753  0.37086273771183403
  0.38130133743853295  0.39343958001596746  0.40819722164931205  0.42662388687839919
  0.45275690931221374  0.49431991512796231  0.58443091364671151  1.00000000000000000
 -0.00250683073594449  0.01059887326960362  0.02160484822556834  0.03229367656341121
  0.04370114311277164  0.05533086731078870  0.06665643964997742  0.07760102320744927
  0.08836837036837257  0.09910399997404745  0.10993843393233736  0.12115424541221720
  0.13249006296089771  0.14350962126784630  0.15419761726331382  0.16453558504567226
  0.17466177646403619  0.18504764329536447  0.19579990539717423  0.20648719175805558
  0.21668241239489724  0.22665735651239222  0.23724144681387757  0.24771275164332771
  0.25783773998221715  0.26771755583058532  0.27759736788690975  0.28735568391773958
  0.29653441158355720  0.30539408360690223  0.31481692890175628  0.32410704886509289
  0.33303751885951816  0.34251213249909990  0.35182775328051868  0.36297493934335318
  0.37453028111041115  0.38559899267147968  0.39633405923248027  0.40681825781152198
  0.41738350932328816  0.42791433830148135  0.43830346622493033  0.44886259593060229
  0.45952136882518801  0.46957508114410812  0.47942991244412636  0.48852985526921061
  0.49729388184478718  0.50605164699608529  0.51502002390619861  0.52436213294653178
  0.53413087394698922  0.54410910022851944  0.55518831815575753  0.56633686482016488
  0.57724537273632592  0.58789462776827972  0.59839627150185459  0.60835750085407425
  0.61779811238584414  0.62745977620729432  0.63719374318500788  0.64705692083226563
  0.65714985376092261  0.66738951707325767  0.67770399121491787  0.68796641467509423
  0.69846683069978310  0.70900254201672952  0.71924869509863232  0.72927435374409166
  0.74006682443256444  0.75114039117888787  0.76242850138429663  0.77354288071135657
  0.78471547441246559  0.79572671956644969  0.80659974979765003  0.81763726500751732
  0.82860064514108056  0.83940023796378771  0.84993390302090088  0.86108881203143317
  0.87250672137087604  0.88317556348302673  0.89321453759065761  0.90364130474248028
  0.91463341612395666  0.92596110113513719  0.93678463423321545  0.94821021313328746
  0.96020840389581796  0.97342986392084940  0.98686536471636932  1.00000000000000000
 -0.00301823162057691  0.01091682260817503  0.02178441014545262  0.03164046962700372
  0.04158666225079091  0.05190207815830324  0.06229233958039644  0.07203694249972345
  0.08215941092550222  0.09182323612420534  0.10202407181667823  0.11204262341123133
  0.12282026889204993  0.13324144623824177  0.14356350773275348  0.15462675153114086
  0.16658347753795405  0.17824447877186847  0.18958068798267325  0.19936718725974567
  0.20952154679936685  0.21977100563497370  0.22993690612683168  0.23889926945412560
  0.24824110462481128  0.25856141728701820  0.27002083871693472  0.28123586079970864
  0.29230416956650840  0.30359412918576872  0.31504166131777739  0.32618883167242252
  0.33762088642353494  0.34945144068736189  0.36153420694780164  0.37336573482609187
  0.38501017925254183  0.39588614566276187  0.40625735612660857  0.41635754723581819
  0.42675967262014719  0.43770689973614574  0.44865180479322786  0.45947032014256967
  0.47043287784177679  0.48126588302115703  0.49117000112991654  0.50146047676916750
  0.51165867871878090  0.52163888950480286  0.53156244847110468  0.54135906902916853
  0.55124976951724025  0.56123621428215953  0.57123351351518881  0.58153263128818600
  0.59169236484498755  0.60215694517067864  0.61375617773710578  0.62627031807461908
  0.63871664574332254  0.65072871998385928  0.66202415886267663  0.67290226818384991
  0.68361937985213761  0.69433117976292758  0.70570744621083159  0.71625469551692378
  0.72656461313875564  0.73650463830287871  0.74619804933019396  0.75590339331981804
  0.76541671500552833  0.77492570682219553  0.78523740715404367  0.79600800072872291
  0.80783595126041863  0.81983975362323047  0.83183713191724495  0.84260291139084087
  0.85301130467421238  0.86314293566703226  0.87306397458576201  0.88256731247180631
  0.89209368736387851  0.90186822310233794  0.91174542031514061  0.92167077560886079
  0.93129378608191471  0.94099588780089660  0.95107709783536187  0.96118700271643331
  0.97116391409541591  0.98107162865353370  0.99056213699644091  1.00000000000000000
 -0.00225972415440276  0.00998816212270990  0.02006348574255747  0.03065925243960627
  0.04171248776081946  0.05327248425943096  0.06477162373032552  0.07607879191145142
  0.08735496581878427  0.09878840034601859  0.11007253235287072  0.12100029368030724
  0.13144797473790770  0.14161009341791161  0.15179777808008604  0.16176150325449223
  0.17136644455870503  0.18075526700077205  0.19077826986444549  0.20125044153853058
  0.21159740868619262  0.22171845040711718  0.23162333387661946  0.24179729663944838
  0.25200338856119475  0.26228606679429023  0.27228410683308024  0.28213766731324730
  0.29213422976009767  0.30225177168165751  0.31213566075430837  0.32170245722372803
  0.33091747651335018  0.33978241971220302  0.34847520621763189  0.35773323723589406
  0.36742088054412614  0.37742498536499502  0.38757394981037313  0.39811796291397084
  0.40906894609800803  0.41991470243037715  0.43073955924117208  0.44175986171270898
  0.45295258654892318  0.46419045300276246  0.47518513787673511  0.48580997246988761
  0.49616617523623063  0.50591288920168620  0.51532466369551666  0.52554021227306691
  0.53619911605841775  0.54624236590488795  0.55561584366028227  0.56478388830511006
  0.57391315555126154  0.58287272703147919  0.59198773366935520  0.60104691487246265
  0.61051769365394393  0.61989973454121949  0.62964382516362694  0.63992905050289317
  0.65015960088499325  0.66008466935524490  0.66995504074761247  0.67981252309406481
  0.68954881467522433  0.69939196030575557  0.70957862311251119  0.72038436942727824
  0.73124670614259668  0.74232988772264097  0.75371164706171589  0.76537827167090733
  0.77706031159573430  0.78894752131257784  0.80102468941598493  0.81286189978299717
  0.82410824975859409  0.83573371470127433  0.84776171568004566  0.85970318626357867
  0.87102133735669218  0.88261203089262508  0.89432797700335120  0.90575582737221416
  0.91754915171007456  0.92963614571205888  0.94188585594757746  0.95405110095014745
  0.96557869701077825  0.97691685513959514  0.98824152354874373  1.00000000000000000
 -0.00205852647778001  0.00866548353123993  0.01773199594039149  0.02761854952825550
  0.03781131086511387  0.04781669163540285  0.05704721457183726  0.06695903570103484
  0.07696962479770894  0.08695028350060351  0.09626849773542923  0.10597281522957384
  0.11625581589452760  0.12628550794882831  0.13665059981536867  0.14741938249063924
  0.15899672789917382  0.17041837460916315  0.18184274504095968  0.19298049662572919
  0.20398789922675439  0.21540922435690704  0.22667717600929754  0.23845623057876400
  0.25024547487803184  0.26229059892079304  0.27358927756370366  0.28473685000938637
  0.29520628849009595  0.30522567132630629  0.31517096300054726  0.32544297019387414
  0.33533321221061996  0.34562457955619691  0.35512618845775246  0.36627432784190389
  0.37712646810189604  0.38824304089321232  0.39977201043046073  0.41164505541766150
  0.42238264516408436  0.43297691898944968  0.44366255735326354  0.45412112253258502
  0.46343934404113413  0.47220517988043281  0.48153258350878431  0.49202226931220383
  0.50216767681913255  0.51181621258652765  0.52163268402469087  0.53201688892282450
  0.54200127233511919  0.55205577660498073  0.56199855420379341  0.57210735721673289
  0.58249492791301183  0.59370792394477123  0.60583806647180249  0.61806086499669144
  0.62961017496261396  0.63977893130849328  0.65000687771243282  0.66025457042397562
  0.67054172433783232  0.68105935636567361  0.69216053791756205  0.70442974239534517
  0.71532149635117404  0.72543773983096127  0.73541253532167661  0.74577775836950688
  0.75546794078164881  0.76464492865902067  0.77437353042409818  0.78469529783542047
  0.79463475297240216  0.80439075479033384  0.81430145656386743  0.82639781247017208
  0.83791797739281382  0.84840047699951215  0.85936958250828788  0.86979283361659054
  0.88016844881900780  0.89017256692074620  0.90048111449181178  0.91150564664148215
  0.92240380775782238  0.93322754410893116  0.94462366434670708  0.95609890394051500
  0.96726674569263027  0.97810832585155683  0.98895219321334171  1.00000000000000000
 -0.00250597182569312  0.00981742266057152  0.02094758264685859  0.03220692603271156
  0.04333101461557278  0.05400306837438685  0.06417606693282385  0.07443061796187998
  0.08456052921245318  0.09428073118624043  0.10399350922949586  0.11388382093812507
  0.12401189704614325  0.13368177645976842  0.14283531599854571  0.15204504527987350
  0.16164888179516099  0.17149687293314406  0.18134801035987486  0.19165663706387792
  0.20228748319589621  0.21270886303894848  0.22304928365974708  0.23331837565257749
  0.24406010936513534  0.25443280829114223  0.26449062703815790  0.27452335748069734
  0.28392554224278410  0.29317837506003264  0.30254381062836805  0.31232751744307996
  0.32250979269717961  0.33263705797463539  0.34254647465728877  0.35252336726489264
  0.36278724814358881  0.37348066834890137  0.38372376007865039  0.39403339867724363
  0.40456498630052901  0.41505361234832988  0.42537991015090859  0.43577965259553919
  0.44666311309305951  0.45771958644700289  0.46849178519986334  0.47892250654077417
  0.48912130667410830  0.49954114009404210  0.51061159337702478  0.52206361563905956
  0.53360472334984543  0.54480818741505610  0.55532630554294715  0.56554273236714070
  0.57569976045952609  0.58596983046283191  0.59597226281210969  0.60655582505395700
  0.61802132337797866  0.62994312611340453  0.64199136777126176  0.65407114872940419
  0.66591636638164142  0.67735157048914452  0.68862911119593107  0.70018357046502733
  0.71226577539468727  0.72441321084252286  0.73646436084173872  0.74825650690620671
  0.75894977031827504  0.76941833163252693  0.77997397590769568  0.79080602657524424
  0.80103062136514314  0.81110293941166123  0.82081528829031869  0.83056110546995787
  0.84027936090322342  0.85001687927423464  0.86036331478948802  0.87108815924519079
  0.88288347848342197  0.89504424020861972  0.90661210289050975  0.91774359990517607
  0.92813645166362613  0.93843556954382623  0.94865926192549077  0.95871326482859143
  0.96854982213870588  0.97810349292427179  0.98867557945869833  1.00000000000000000
   2.2202152028893165E-008  -1.0000000000000000     
 F F F F F F F F F F F F F F F F F F F F F F F F F F F F F F F F F F F F F F F F F F F F F F F F F F F F F F F F F F F F F F F F F F F F F F F F F F F F F F F F F F F F F F F F F F F F F F F F F F F F F F F F F F F F F F F F F F F F F F F F F F F F F F F F
  <DiscreteSampler_grid>
  grouped_processes
  1 # 1 for a reference and 2 for a running grid.
  10 # Attribute 'min_bin_probing_points' of the grid.
  1 # Attribute 'grid_mode' of the grid. 1=='default',2=='initialization'
  0.0000000000000000 # Attribute 'small_contrib_threshold' of the grid.
  0.5000000000000000 # Attribute 'damping_power' of the grid.
 # binID   n_entries weight   weight_sqr   abs_weight
    10   10   2.045870100378630E+004   9.948482231255039E+008   2.045870100378630E+004
    16   10   2.045870100378630E+004   9.948482231255039E+008   2.045870100378630E+004
  </DiscreteSampler_grid>
