  0.00018748312843791  0.00025860329486906  0.00029665028080705  0.00033003418708930
  0.00036667768597141  0.00040846675209123  0.00046323756772341  0.00062394229093607
  0.00103572749260880  0.00148486208837386  0.00185602151520084  0.00225206074879551
  0.00273826444002282  0.00328816337659069  0.00389662227487956  0.00452247710494032
  0.00518781723275530  0.00593837353649374  0.00684839272654050  0.00795098475393080
  0.00923233098387842  0.01064274041278161  0.01224464005736004  0.01411860642046248
  0.01626925619839827  0.01870492349369567  0.02154789354067922  0.02490207412612071
  0.02882575831446587  0.03313191222774583  0.03783641036500113  0.04287782302452236
  0.04806728714506969  0.05284516900811526  0.05664737070008277  0.05931447643153299
  0.06116079274092840  0.06246882706606660  0.06341253034161405  0.06411574110050790
  0.06466226707924687  0.06510407296307956  0.06547102622509976  0.06578168615276364
  0.06604927942761277  0.06628348396006613  0.06649174112355719  0.06667959815586201
  0.06685191242816051  0.06701179642697910  0.06716189842370505  0.06730424014071869
  0.06744034874531273  0.06757189070702069  0.06770054564087966  0.06782759562941312
  0.06795399462457616  0.06808085105583471  0.06820950946997388  0.06834127308855455
  0.06847731110805448  0.06861914767299290  0.06876853230109459  0.06892707350852156
  0.06909655799280909  0.06927980380651982  0.06948046539674423  0.06970379681297535
  0.06995595747261509  0.07024638647917213  0.07058974262618763  0.07100183740141007
  0.07150155147138323  0.07212184437250203  0.07291506313254077  0.07395065170409007
  0.07532193461770210  0.07722317163052275  0.07994332003752293  0.08384832345386617
  0.08950085958835598  0.09770893511747740  0.10924605625128377  0.12477622210075077
  0.14513276569312142  0.17210058924817973  0.20830857257474772  0.25628340481280371
  0.31943423846162289  0.40518416859001422  0.50578896715215649  0.59953848593456427
  0.69145508579620585  0.79827402697837146  0.91075482892088822  1.00000000000000000
  0.00016530655462460  0.00023998829616709  0.00028318415599323  0.00032443872105894
  0.00037232952912068  0.00043006827543242  0.00059666720433726  0.00099493607749024
  0.00152478325064268  0.00199778224878963  0.00245175726603411  0.00292198855167438
  0.00351062673927421  0.00422196105369111  0.00504615017272459  0.00601222013738782
  0.00710891860589762  0.00834962736731072  0.00978216611583866  0.01148745912506526
  0.01353926470840928  0.01589457686588946  0.01845341852538001  0.02123341839984987
  0.02431313380882386  0.02778585970509225  0.03196534103159542  0.03714234248510355
  0.04269211154583625  0.04817791980682978  0.05323486375079574  0.05707560193815982
  0.05965148735627950  0.06144116032138375  0.06270278410346805  0.06361895556145188
  0.06430377800525416  0.06483546242511076  0.06526506370430255  0.06561558922449637
  0.06591221156638766  0.06616992296368343  0.06639903222102311  0.06660486167711746
  0.06679101563534205  0.06696190356097605  0.06712143180238263  0.06727250318165942
  0.06741736862907446  0.06755592237424780  0.06769001463136019  0.06782234004856877
  0.06795446461851119  0.06808745945839181  0.06822217608307234  0.06835963647556609
  0.06850151115828108  0.06864967967620289  0.06880598204839358  0.06897311023686639
  0.06915422453106876  0.06935239995231567  0.06957134571723261  0.06981628162491930
  0.07009409459502954  0.07042159117608615  0.07082160468043679  0.07129210004402239
  0.07188278713569844  0.07263689120106122  0.07363012557926535  0.07498558741100395
  0.07688609974160160  0.07976042218254964  0.08400551017036596  0.09026182939357014
  0.09947324819333882  0.11259926290868984  0.12975549666198541  0.15285345082546015
  0.18356469094705422  0.22358430866053408  0.27403266205803406  0.33933100223650187
  0.42478648896315707  0.51553468623971033  0.58781002098525859  0.63711390306084170
  0.67228261809605361  0.70405425599372395  0.73633052162212898  0.76969599454113757
  0.80550036454849427  0.84958830600606505  0.89058870110086341  1.00000000000000000
  0.00012862071416836  0.00063184947775534  0.00090029653713141  0.00111272839363771
  0.00134328030351428  0.00159960044833272  0.00187980245299693  0.00218629661516284
  0.00252240394256743  0.00288905979277273  0.00328769379483453  0.00372164257096238
  0.00420315659479067  0.00470760631342955  0.00519458800741369  0.00565585845791508
  0.00611302537615660  0.00657138609875464  0.00704885297625448  0.00756112735155666
  0.00808372218868703  0.00862281727636590  0.00917501069107413  0.00974474894116730
  0.01034418327696114  0.01097813604117744  0.01164744292376693  0.01234216863429037
  0.01306628803725388  0.01381996315686434  0.01462107355305591  0.01547375082850362
  0.01636152466122801  0.01722900122638402  0.01814670576870785  0.01911011495066056
  0.02011519112639676  0.02119061778630399  0.02233088611742007  0.02352285974574299
  0.02477017048813128  0.02610143224606561  0.02750971512157506  0.02898762111405939
  0.03053907506535700  0.03217192640050016  0.03387028202549357  0.03564368562160781
  0.03746545186199885  0.03938684107131394  0.04135530638761464  0.04336267117968068
  0.04551137057848299  0.04778201990012028  0.05013795023835546  0.05251798266041556
  0.05508381905671732  0.05772622169201330  0.06064165969622339  0.06375710804418648
  0.06707561824688309  0.07068050816068083  0.07433048961892701  0.07800616846332639
  0.08188133012074862  0.08591416705863961  0.09018181860852670  0.09478282927359320
  0.09974476492563802  0.10504332910041975  0.11064544772794800  0.11658645343806477
  0.12277717647679245  0.12923552708670918  0.13614845779843177  0.14372011327057471
  0.15188448937774210  0.16073929149596236  0.17043474266445524  0.18064234613262378
  0.19129796033976268  0.20250816571267255  0.21457982578210691  0.22764615347662337
  0.24148727604925960  0.25607193164919589  0.27242908889600581  0.29047348507941462
  0.30989590846068671  0.33064348318094222  0.35301138393315662  0.37831870280025326
  0.40898648181590075  0.44921907663562216  0.53587339056544858  1.00000000000000000
 -0.00186259268987227  0.00738948696863021  0.01660226330287857  0.02596695439505248
  0.03524696790772512  0.04475161328396433  0.05427813717616526  0.06374359712005433
  0.07330921024966994  0.08281380920064235  0.09216180164223542  0.10159231467353350
  0.11132387645585808  0.12124672897476796  0.13101976810421945  0.14051485401845171
  0.14980583963286906  0.15925710662618861  0.16894085454448399  0.17895207201810220
  0.18892502300809788  0.19873014990626867  0.20846266845164688  0.21808159095713497
  0.22753527813684701  0.23684132515033290  0.24647002492683770  0.25630328659269969
  0.26631854145833522  0.27659443204872025  0.28689151880578168  0.29749417648136228
  0.30803640913411540  0.31865491268599816  0.32927378970201621  0.33976395508824647
  0.35001025849373013  0.36007065629565732  0.37052548111598732  0.38099447887733390
  0.39094384531281035  0.40113310203565983  0.41176123576477880  0.42269264522481875
  0.43380317197998275  0.44484967944466464  0.45576631315170185  0.46664518378211739
  0.47748001423762509  0.48849118427217969  0.49978440924170348  0.51110327118207599
  0.52218270073730177  0.53319498835002843  0.54442609955612697  0.55594955239671529
  0.56750120100620516  0.57902576951776097  0.59030296817288208  0.60151680622086834
  0.61272104270705374  0.62379342367676804  0.63467852621541765  0.64584756735154825
  0.65729937178097353  0.66860729058621726  0.67950412484284062  0.69035575374963676
  0.70129726690334671  0.71265075897697860  0.72401830108449095  0.73535812115198518
  0.74665921527277024  0.75795770795829309  0.76926634868998023  0.78066048341970717
  0.79204222504871469  0.80337346819684374  0.81472986484195409  0.82614784611216563
  0.83763760382126551  0.84920957095960592  0.86066115219998163  0.87204577340930078
  0.88324343776545944  0.89409659348493464  0.90424340914786028  0.91357887416694816
  0.92263119628777202  0.93201674756562747  0.94248276239795159  0.95419624769994704
  0.96627926946477505  0.97761294915323338  0.98873858964917982  1.00000000000000000
 -0.00206725032794518  0.00820929775528716  0.01913615710969397  0.02969206710542961
  0.04142403294011899  0.05290764577849127  0.06416425179560484  0.07543840363397869
  0.08671335621884224  0.09784542938100270  0.10901493836820134  0.11956730120173799
  0.13023176609238288  0.14088100518662922  0.15192576962917195  0.16293688649104335
  0.17376436979642074  0.18458648122811799  0.19550734929524149  0.20625661852635044
  0.21684504961758344  0.22720089427750165  0.23759312315809375  0.24813351533898265
  0.25861018745801823  0.26871646108998354  0.27840934389030481  0.28813451755076602
  0.29841514493376142  0.30884658980740093  0.31962094260510882  0.32982827308524015
  0.33939702363716312  0.34893317140591795  0.35909276304049875  0.36983891737887276
  0.38069426830866865  0.39139582745640511  0.40226735326176977  0.41314398616346915
  0.42390120925282382  0.43454607079981339  0.44496436633832459  0.45555873281642295
  0.46631266580856345  0.47709149179102650  0.48762203040324326  0.49807631395613911
  0.50863916616756799  0.51906404357167624  0.52950748939459236  0.53987031180074241
  0.55034918875098082  0.56079648825362971  0.57138034587388364  0.58197163758539872
  0.59263977053769346  0.60313830190481343  0.61374342738722742  0.62449288703051709
  0.63519276262840829  0.64582475290747376  0.65656719854574064  0.66746174834772543
  0.67831292640885632  0.68885665824270936  0.69898965719035777  0.70888592724098221
  0.71887905631742732  0.72914007493536970  0.73972865426188994  0.75048571000089115
  0.76136163431701076  0.77219316647950487  0.78282570483065905  0.79336009215565784
  0.80374058250950231  0.81418151899179614  0.82471539297782415  0.83516214432314140
  0.84545909147687581  0.85567579589866194  0.86579485119348032  0.87598540230594590
  0.88593743124730484  0.89571295412046859  0.90526043077121643  0.91493237344739553
  0.92543123034150421  0.93654687059696384  0.94693167783201659  0.95704437906912221
  0.96745952802776891  0.97763744604423897  0.98903014473120765  1.00000000000000000
 -0.00216989161686684  0.00863084512475395  0.01919963985421906  0.02914110627796600
  0.03940302696460262  0.04912906061484743  0.05850839693595283  0.06770503454565173
  0.07683230487140105  0.08612169602683907  0.09577355711685707  0.10554831887007408
  0.11527031461589117  0.12527154637135007  0.13521025885741667  0.14475985402396030
  0.15368915861471855  0.16250074782989987  0.17199705245315464  0.18156123533149046
  0.19085810039201959  0.20014439315462398  0.20977921225839324  0.21958751272450391
  0.22942457099751765  0.23924498917165632  0.24930470822932041  0.25949270129730911
  0.26957575405356116  0.27903778929420087  0.28869636365553869  0.29898269625466478
  0.30913811291269833  0.31937833346168465  0.32950052304664440  0.33993753920346748
  0.35056209999981619  0.36120018520865305  0.37199852375582582  0.38278459316657126
  0.39345292927580722  0.40408504779903759  0.41473686723296976  0.42530607305416418
  0.43587650114790860  0.44667192936802258  0.45759464179453835  0.46848579289120651
  0.47940351640063333  0.49048863700603301  0.50177240704966330  0.51315436534206560
  0.52442751465065673  0.53560830973376894  0.54687011431550203  0.55824445383317134
  0.56967813287917424  0.58097994599702185  0.59222205757717339  0.60338226701184905
  0.61451000300156222  0.62570661424632501  0.63703971769093726  0.64850858350681151
  0.65977633279751191  0.67072594820307430  0.68130292304679885  0.69180562773999921
  0.70257241696237149  0.71382344285601818  0.72544229044861919  0.73704035754454778
  0.74842191611728270  0.75970424747151832  0.77070348151831747  0.78169739347969125
  0.79276493979476970  0.80374870724786263  0.81472462828287762  0.82561362384664849
  0.83654424421815055  0.84749736986784419  0.85843521243155707  0.86888768728299759
  0.87922939254751820  0.88948234913728430  0.90025651638740267  0.91092681535259235
  0.92187670401906430  0.93221419355647728  0.94295536748108166  0.95407165558690932
  0.96514264911110714  0.97708823248416421  0.98877122814952767  1.00000000000000000
 -0.00216681440417515  0.00848983454882325  0.01911128002653095  0.02932599130212147
  0.03970928580952963  0.05071413781627696  0.06170140502906708  0.07210701062807073
  0.08243627133067477  0.09288092998524722  0.10344088378197672  0.11407381289823683
  0.12453171126475480  0.13482624543672408  0.14496184273200582  0.15508900900237443
  0.16538533384148218  0.17605678871327649  0.18680378200486983  0.19752273079112967
  0.20834652137005386  0.21917663740761634  0.22997621425748813  0.24081532204223063
  0.25121237058565504  0.26140166371001938  0.27109225130616282  0.28100821169651119
  0.29129295649431086  0.30182288319160083  0.31216026511689254  0.32225488416730802
  0.33282612325811484  0.34371149384697747  0.35495929944013882  0.36618388168260868
  0.37693868463359748  0.38714140724961449  0.39765899336188726  0.40786122701544547
  0.41767231310861869  0.42729935007087777  0.43745756578051598  0.44836294471878269
  0.45930991211144484  0.47018802544783450  0.48103237773697016  0.49188306773550527
  0.50297012390807627  0.51394220692848791  0.52497382368047241  0.53579103622121504
  0.54668619518357642  0.55755955774698329  0.56850062977156601  0.57935458412343321
  0.59014973847493279  0.60088442795531904  0.61178637104346978  0.62289379118161192
  0.63367050673796854  0.64420528672061717  0.65471811226099652  0.66521760061699942
  0.67571659282409968  0.68621616968359500  0.69663036338435858  0.70709985680699305
  0.71751119694466847  0.72774448059635932  0.73822021673750171  0.74839968300011173
  0.75883640167832800  0.76918149751554088  0.77973925753753104  0.79030201681745826
  0.80093766174185699  0.81166318532465132  0.82248383883411513  0.83296220729790815
  0.84322502111853737  0.85366166169125857  0.86424286620711832  0.87463131989568776
  0.88470852701079417  0.89475901253036805  0.90513818720606709  0.91559949469088775
  0.92581210779645251  0.93577522662612289  0.94648326836090857  0.95780494081175804
  0.96892129605715693  0.97966662400462678  0.98966669932305529  1.00000000000000000
 -0.00204318102186257  0.00783948541875724  0.01880079788724207  0.02816380879246149
  0.03885253292549161  0.04970292891510140  0.06057961642005941  0.07114543470712684
  0.08139785302815457  0.09134121814732622  0.10162465993589581  0.11227399399696190
  0.12292957396598456  0.13364610029456109  0.14439208861055430  0.15534492106394265
  0.16630128477212702  0.17694395629692003  0.18765464114889255  0.19851541644094875
  0.20949914858459756  0.22013711450330620  0.22989612404182649  0.23907304018640535
  0.24810910165146982  0.25758560724558033  0.26778685862190427  0.27793323105605955
  0.28786769480208896  0.29833714525013888  0.30904858105772931  0.31950940286401891
  0.32979327165918587  0.34007284214395062  0.35034899024275845  0.36053177501198491
  0.37072683591149341  0.38111487324984977  0.39162986166889163  0.40240261051473958
  0.41303461612409853  0.42384589046069593  0.43461364856944390  0.44556607098985929
  0.45639146537009451  0.46734602238507239  0.47843423786931921  0.48972970082158729
  0.50086951363766052  0.51206516611346176  0.52302661741676715  0.53381722051452740
  0.54455167039649421  0.55522930508922153  0.56587762103361572  0.57638121714893109
  0.58682534869725145  0.59757722061998164  0.60814081687109101  0.61898573339636986
  0.62985798601910548  0.64090860274699568  0.65186685923078436  0.66279802627979445
  0.67380017697200312  0.68463122207066696  0.69540159528079415  0.70635317416079446
  0.71699437654130593  0.72716759623032834  0.73738573572970989  0.74750326397313893
  0.75827487674370220  0.76902010397976095  0.77989042133376374  0.79059655644760629
  0.80121335677053374  0.81190094511976618  0.82207528825098963  0.83191269305167892
  0.84167222520039475  0.85195461070207090  0.86244431199384963  0.87297048137087274
  0.88351155119740943  0.89436877729222775  0.90468388289147517  0.91519514980890659
  0.92560129789243240  0.93608854702094901  0.94675096682822379  0.95774179308088181
  0.96913876727121484  0.97985376757476350  0.99001830905676635  1.00000000000000000
   1.1967461572026375E-011  -1.0000000000000000     
 F F F F F F F F F F F F F F F F F F F F F F F F F F F F F F F F F F F F F F F F F F F F F F F F F F F F F F F F F F F F F F F F F F F F F F F F F F F F F F F F F F F F F F F F F F F F F F F F F F F F F F F F F F F F F F F F F F F F F F F F F F F F F F F F
  <DiscreteSampler_grid>
  grouped_processes
  1 # 1 for a reference and 2 for a running grid.
  10 # Attribute 'min_bin_probing_points' of the grid.
  1 # Attribute 'grid_mode' of the grid. 1=='default',2=='initialization'
  0.0000000000000000 # Attribute 'small_contrib_threshold' of the grid.
  0.5000000000000000 # Attribute 'damping_power' of the grid.
 # binID   n_entries weight   weight_sqr   abs_weight
    10   10   3.039722040533776E-002   4.222862555855189E-003   3.039722040533776E-002
    16   10   3.039722040533775E-002   4.222862555855187E-003   3.039722040533775E-002
    22   10   3.039722040533775E-002   4.222862555855188E-003   3.039722040533775E-002
    28   10   3.039722040533776E-002   4.222862555855189E-003   3.039722040533776E-002
  </DiscreteSampler_grid>
