  0.00923937557906132  0.01565598960142624  0.02515795695429320  0.03681157978027855
  0.04833134091823064  0.06051779898495765  0.07213998799842122  0.08341552440265781
  0.09504463282813841  0.10627535454373155  0.11701093245493538  0.12717791467697454
  0.13707560313900832  0.14686608238279381  0.15688064735719429  0.16706615716379891
  0.17700318496412315  0.18687225311235817  0.19668984361877656  0.20680138217221930
  0.21698883792615165  0.22719495478481275  0.23709401460010698  0.24711714311437349
  0.25722261630318094  0.26717084022865645  0.27713605452973267  0.28683397243788239
  0.29699874806844234  0.30731332884428303  0.31745841289699633  0.32736736387415033
  0.33738990228395943  0.34729379932293913  0.35787802573495903  0.36860026958982206
  0.37918743303123531  0.38990342325904526  0.40062154991668958  0.41146204058901142
  0.42234010039630454  0.43268863231437488  0.44256458814029881  0.45252734396752786
  0.46279500323376566  0.47307408275802404  0.48318546433020815  0.49291875147132902
  0.50264543332241185  0.51247414565024163  0.52280795129295310  0.53388633403788066
  0.54522376512039905  0.55678647691597694  0.56833721412537797  0.58011791296998383
  0.59174593975933054  0.60322213542213277  0.61446818230524636  0.62533840924878492
  0.63628618374243207  0.64743884814049668  0.65885833645109748  0.67004175299948299
  0.68098189207107529  0.69148892059888700  0.70159595883925019  0.71179896305360757
  0.72211339722739520  0.73194845032864009  0.74118658333061616  0.75039543998404057
  0.75954498157196859  0.76890580703085076  0.77826364267865544  0.78752097529074383
  0.79717271555159885  0.80699853895755225  0.81714879122290096  0.82809822945241240
  0.83940677317882029  0.85065215472061206  0.86089223507667256  0.87047925379686730
  0.88007406235238461  0.89001562815732393  0.90068589137092292  0.91175482040564659
  0.92276371602467266  0.93370431491546335  0.94463128864629720  0.95545400766060962
  0.96600012885372633  0.97657939998811372  0.98770422355194665  1.00000000000000000
  0.00926733045863795  0.01571024875626311  0.02525011780946863  0.03633477142842863
  0.04723777217552885  0.05819101621859379  0.06914058790744687  0.08028369713072332
  0.09202792298053566  0.10350382112575746  0.11508469918765649  0.12663460663984469
  0.13850171222146448  0.15046121142345634  0.16221932338564513  0.17381509875702209
  0.18513576045716065  0.19601467550433355  0.20633844734396956  0.21638207847898383
  0.22635804557249267  0.23658343231106130  0.24725628956319251  0.25843736056877081
  0.26968142378031001  0.28046052668810079  0.29123084572150348  0.30264331887124946
  0.31396665163106086  0.32452516443875185  0.33438563041100988  0.34347953551915672
  0.35250999145252232  0.36168594833053008  0.37126830264865712  0.38136427368768017
  0.39157388945891874  0.40164184622988441  0.41133523354068569  0.42144629799509081
  0.43175248417047363  0.44226347248912207  0.45267889127258526  0.46327937915990547
  0.47436284912063714  0.48551604744877536  0.49679858983247061  0.50752644609592579
  0.51787616519953694  0.52833308574129667  0.53889479180044919  0.54949622720196412
  0.55979280416843424  0.56963475980897849  0.57921040731480278  0.58894868369335873
  0.59892351361207408  0.60886814993524219  0.61857637198551507  0.62848894012669521
  0.63913975337776008  0.64972547375918666  0.66015010063116875  0.67059897837823623
  0.68119918584936923  0.69173011440717924  0.70258496174146079  0.71259539855374188
  0.72250439420372525  0.73261693352215884  0.74262648938452147  0.75270354747232326
  0.76246999416038230  0.77224251345783923  0.78293512636045115  0.79412685555491236
  0.80596310233053015  0.81795669198469401  0.82930981677495630  0.83945715810469201
  0.84914591918975513  0.85932422442161716  0.86987751630359200  0.88063495029847305
  0.89077650238946238  0.90093389721784878  0.91150614649839723  0.92225612237064214
  0.93385790012567005  0.94384526587159179  0.95383904498234207  0.96360029517847168
  0.97350625839534566  0.98343963945126489  0.99112932784142260  1.00000000000000000
  0.05699833356133262  0.06035139515756201  0.06289030071900259  0.06553552365333562
  0.06937306038379538  0.07315175602110456  0.07686228631681291  0.08067583173577707
  0.08455533576604889  0.08864982582636370  0.09275092416140644  0.09685762145912151
  0.10117140603332603  0.10551976235978883  0.10990627179540934  0.11436357015893714
  0.11887822696332248  0.12363674360748395  0.12841799749578053  0.13322049725428928
  0.13854762246724769  0.14376236747943466  0.14845496459800211  0.14895913009055639
  0.15016495156957727  0.15137194222090491  0.15292069018282203  0.15515051733300222
  0.15752000683957434  0.15984786186731367  0.16217462253473658  0.16451736649975390
  0.16686224993043910  0.16920592404704354  0.17153762841987197  0.17390740976075561
  0.17631851802930421  0.17876338494980107  0.18118368010607880  0.18358939437547930
  0.18604170556043309  0.18852921260183284  0.19102045240356111  0.19353524739243627
  0.19608394873252571  0.19869320360936912  0.20133608080164039  0.20401056495044537
  0.20673328424979745  0.20951051698310227  0.21235332706557808  0.21523528359757471
  0.21813169843838587  0.22102756325110259  0.22394269275770920  0.22690219870621539
  0.22988888933682675  0.23290575529535421  0.23598437865162289  0.23913217901281089
  0.24234900967922784  0.24562180781704446  0.24893599073221842  0.25227371323581349
  0.25563371793859491  0.25907018825383132  0.26261073391221479  0.26621323184852530
  0.26983379974838578  0.27350078144714701  0.27728107456686846  0.28117532425274488
  0.28511368547427218  0.28917904619416696  0.29334692758115055  0.29769715583319484
  0.30222255862999342  0.30692184017854934  0.31185512161673429  0.31702474982648970
  0.32239096904007719  0.32797768310547054  0.33393861034036298  0.34031970901506020
  0.34729328038492091  0.35486472561708882  0.36320549532565011  0.37243942891658327
  0.38279900756375856  0.39488113687864568  0.40965508811181173  0.42827640809280898
  0.45488490476610027  0.49750894114877525  0.58485387322870674  1.00000000000000000
 -0.00239990654011298  0.01085875169434323  0.02149562348489369  0.03212734105650822
  0.04259253250944086  0.05354453429467641  0.06476975886737907  0.07615361294636967
  0.08834708032852742  0.10129022851026794  0.11416111256285136  0.12643958132796151
  0.13830048360772018  0.15001579021363948  0.16183396856248400  0.17332185875329753
  0.18399550307297005  0.19425363640934251  0.20411325383518147  0.21430659519788559
  0.22413279447644036  0.23340976292029814  0.24232427743232976  0.25155112022121195
  0.26119148115350155  0.27116462063742691  0.28128980823943572  0.29163205389494462
  0.30232061960750067  0.31274803041571109  0.32259043225711631  0.33232411550824853
  0.34209185419519772  0.35184080484732588  0.36174956712458445  0.37167897078782552
  0.38135802383911704  0.39092330329416214  0.40054840293876326  0.41027179257830643
  0.41992642095303967  0.42934004432990291  0.43891031920963208  0.44901863844093109
  0.45968737513717622  0.47057263529835808  0.48155884129622833  0.49278732969472688
  0.50399490253872969  0.51528444182937783  0.52567849562190061  0.53554805080951262
  0.54522587492654151  0.55474759590027578  0.56417064508353265  0.57356011901135784
  0.58336101028656939  0.59361218438295893  0.60389498935111530  0.61380002227921060
  0.62406721535834242  0.63386939697870059  0.64365378394265993  0.65294548309212208
  0.66247732018706140  0.67196538284614049  0.68151176289548876  0.69139936701898341
  0.70119174590202293  0.71118950553070925  0.72134628622662689  0.73116959142444293
  0.74273435406258892  0.75338182059481806  0.76413168005266408  0.77510791331555351
  0.78601773913870865  0.79644474970798129  0.80642787474965349  0.81676963874629260
  0.82811142915483349  0.83913352398109531  0.85038796071283973  0.86157005787660257
  0.87267066618183742  0.88340100047222148  0.89386213679131787  0.90473785616350832
  0.91543585765445556  0.92720281794355874  0.93918689922102050  0.95256656417332586
  0.96465482758884891  0.97651230519463317  0.98773818828399829  1.00000000000000000
 -0.00202535354607660  0.00880341390894385  0.01787730330844444  0.02744114775127392
  0.03673168728058386  0.04662355565744831  0.05752915176692717  0.06877779354279190
  0.08031449442773637  0.09148616676855433  0.10258040324909191  0.11403632024675141
  0.12554272564465707  0.13706408552323257  0.14846686080353200  0.15911647006464005
  0.16960272793950701  0.18000297387741993  0.19024433811083744  0.20029424486351036
  0.21046583512736863  0.22123900002542587  0.23204955157319918  0.24261785084158513
  0.25342736034383628  0.26442888658957781  0.27493060842893513  0.28497867553562101
  0.29544237608749224  0.30598777892301982  0.31634179204154661  0.32645905274533221
  0.33749631122419854  0.34937991331262425  0.36042533287711931  0.37060506201323556
  0.38092025320307210  0.39122672741452036  0.40146240068103789  0.41176832637085464
  0.42266765773286002  0.43415607466467165  0.44570538281383371  0.45702040611695777
  0.46781458865374625  0.47822711265763068  0.48907796888913602  0.50048921026522186
  0.51235173019079372  0.52422381394795148  0.53520209525484408  0.54550016617184949
  0.55532896051357539  0.56498632837141516  0.57441713432295649  0.58378198829909567
  0.59326776809292636  0.60258634250048926  0.61196996164966921  0.62152443228768772
  0.63124843156001031  0.64139009161136462  0.65127835237098819  0.66130579206557405
  0.67148216749049139  0.68200664132628153  0.69267808736679470  0.70354947073935914
  0.71471543511941338  0.72600901004551033  0.73705567698216645  0.74784759847168747
  0.75893232872796956  0.77016978062334474  0.78154806179376635  0.79318316918516463
  0.80494946975786064  0.81659563595151463  0.82755739605522738  0.83837870878753373
  0.84915765831142942  0.86007001752875956  0.87129222772132886  0.88267595112564456
  0.89409509141650378  0.90535083326175336  0.91639683004054018  0.92726977832545310
  0.93775292256787468  0.94722626393511056  0.95624932770693793  0.96525893258378170
  0.97411285046637286  0.98256314083842966  0.99100921524176033  1.00000000000000000
 -0.00358604659989155  0.01406964933360125  0.02760098599196950  0.03989119552386903
  0.05122754976390572  0.06195215498889336  0.07276706788061410  0.08348362401311601
  0.09428445337044977  0.10482875115252116  0.11502581187721299  0.12564402947183845
  0.13704656257744063  0.14800130479896373  0.15806088715864633  0.16834248845011693
  0.17940587373189096  0.19061397180843148  0.20177892339121409  0.21324259327459552
  0.22497929887105966  0.23639453727626661  0.24785424553225249  0.25868252798979519
  0.26987488822182920  0.28084677907052835  0.29240346623069730  0.30398019182613889
  0.31549015519125267  0.32696666465843843  0.33758945137351903  0.34768005230247284
  0.35773224485430760  0.36786133584672626  0.37769266617515063  0.38694802062626332
  0.39622128809898943  0.40585067177688394  0.41568547423272972  0.42526499493785253
  0.43488415296393879  0.44457736855366015  0.45473520771128118  0.46492073548931012
  0.47494938447498908  0.48501936283545588  0.49483302384110600  0.50528911377053665
  0.51584409801576081  0.52582487418256896  0.53531962627498209  0.54459768431457767
  0.55379763926701198  0.56305666126467246  0.57229396566303525  0.58155410129232088
  0.59116141566524349  0.60108049656381146  0.61121768931969755  0.62149961289051558
  0.63177384531880221  0.64184985632564473  0.65180208602859080  0.66182556235130829
  0.67224937940547969  0.68272716117777166  0.69247116663680042  0.70147153567490117
  0.71013433153715000  0.71870109940976645  0.72741466767170837  0.73645301063605273
  0.74540067998776849  0.75559238818911123  0.76598110159321786  0.77720073593486128
  0.78883103635210239  0.80063633159397518  0.81203352024871300  0.82299596330493663
  0.83346379638147883  0.84343554340767113  0.85337900862105542  0.86350873316566401
  0.87329301377869339  0.88347109943272895  0.89395795391065769  0.90592355920579093
  0.91787827499012775  0.92931708005487712  0.94058478910609755  0.95275559936609233
  0.96483722287762430  0.97670827247137093  0.98845590363050062  1.00000000000000000
 -0.00310351080812037  0.01086647590967323  0.02229493502286344  0.03310768808531196
  0.04362919669144283  0.05429512651525354  0.06501225735498901  0.07576503012724757
  0.08621320171787714  0.09666111458071042  0.10703323907028370  0.11751126466340620
  0.12805967842681948  0.13854973182321439  0.14899992208684271  0.15930527213003218
  0.16912695875954206  0.17816339299065512  0.18762136222766265  0.19739261637772301
  0.20739889955353449  0.21659185165968980  0.22559719746060258  0.23471676811172787
  0.24408576718250768  0.25324794744666745  0.26159962098777173  0.26971300884437355
  0.27836039943061591  0.28740608035726173  0.29677988106878045  0.30644710434153005
  0.31698947332125432  0.32844542584110792  0.33931730437145341  0.34981460683916971
  0.36061093646772524  0.37157754359141237  0.38232499806427500  0.39273781702462823
  0.40303341521616909  0.41295025414689934  0.42245103511081966  0.43196518112954568
  0.44177114948398188  0.45183498366748787  0.46220061055674860  0.47255404983518828
  0.48299119294416398  0.49358435215844421  0.50447266753687925  0.51519235273004460
  0.52564062255632016  0.53577286677636227  0.54599120078667018  0.55587492382403036
  0.56587839924154248  0.57597000195617798  0.58697046349962256  0.59853372048909104
  0.61002573053370335  0.62115344204413203  0.63195364679037780  0.64277660222788624
  0.65328060650682551  0.66379113409017354  0.67440103479070823  0.68498685524160841
  0.69561265374851788  0.70636046460854851  0.71749977525259911  0.72855455757214382
  0.73911780871345367  0.74959765056730199  0.76007002829681425  0.77144025114933557
  0.78331138599506955  0.79552700296013168  0.80750355058280321  0.81950116740792889
  0.83147971317568414  0.84407551959970661  0.85660603150792991  0.86781455403282004
  0.87895269413682520  0.88985825689734022  0.90054686648831050  0.91079377369522085
  0.92147487838569153  0.93279825093258040  0.94390311547377159  0.95451260577474728
  0.96510306196086826  0.97622615279115532  0.98789264440993463  1.00000000000000000
 -0.00272429714808473  0.01075070566810060  0.02184711091336005  0.03266841885030693
  0.04320402178893484  0.05346400074929571  0.06317618843193991  0.07260489892875993
  0.08286398833138733  0.09343830179309207  0.10353796298799570  0.11304987882951761
  0.12268194797464536  0.13348351505682524  0.14487527506116932  0.15604738317195813
  0.16712612481587394  0.17843293333360777  0.18983380505488304  0.20141330535890009
  0.21264245635273035  0.22319010469415890  0.23387211302920730  0.24444801120279250
  0.25512946331849429  0.26565263022370861  0.27654286075305762  0.28735260668019758
  0.29803706641570976  0.30886640380051122  0.31961984804592414  0.32952772678493059
  0.33916678031017805  0.34882772003176810  0.35888121900394243  0.36888459615491709
  0.37924084066217129  0.38961138354093428  0.40007728655049074  0.41041236376940265
  0.42070420167546840  0.43077649263297602  0.44162322500798101  0.45312645627901083
  0.46488566306971146  0.47642892082238236  0.48774026590237857  0.49871581846930857
  0.50941440530258164  0.52007115377718660  0.53063191326082881  0.54118621292742108
  0.55152357286086784  0.56151806382235103  0.57159603272300419  0.58159721652900009
  0.59165818034262740  0.60179432509775233  0.61243538529673491  0.62331083493765604
  0.63360753649442358  0.64357836794356371  0.65378584385507366  0.66404115023469135
  0.67426981443978007  0.68466242519077658  0.69582533628487675  0.70755306443698118
  0.71860612959933556  0.72959509277306311  0.74057629463861352  0.75091757603890485
  0.76090478910051462  0.77097423106351481  0.78154023704368603  0.79229514968134473
  0.80303568643334089  0.81365121339381818  0.82415558063609373  0.83477024477697181
  0.84544383150221925  0.85581826913645698  0.86589515389678118  0.87616260205160723
  0.88701755171552132  0.89765446475607003  0.90782549497966414  0.91776577114108326
  0.92745663021210367  0.93725756051852371  0.94710076321113779  0.95651976515663384
  0.96646525291536922  0.97632041023689009  0.98772239791057082  1.00000000000000000
   2.2683964766424493E-008  -1.0000000000000000     
 F F F F F F F F F F F F F F F F F F F F F F F F F F F F F F F F F F F F F F F F F F F F F F F F F F F F F F F F F F F F F F F F F F F F F F F F F F F F F F F F F F F F F F F F F F F F F F F F F F F F F F F F F F F F F F F F F F F F F F F F F F F F F F F F
  <DiscreteSampler_grid>
  grouped_processes
  1 # 1 for a reference and 2 for a running grid.
  10 # Attribute 'min_bin_probing_points' of the grid.
  1 # Attribute 'grid_mode' of the grid. 1=='default',2=='initialization'
  0.0000000000000000 # Attribute 'small_contrib_threshold' of the grid.
  0.5000000000000000 # Attribute 'damping_power' of the grid.
 # binID   n_entries weight   weight_sqr   abs_weight
    10   10   4.567741633532049E+004   8.238551746912813E+009   4.567741633532049E+004
    16   10   4.567741633532049E+004   8.238551746912813E+009   4.567741633532049E+004
  </DiscreteSampler_grid>
