  0.00001235906645908  0.00004854376869398  0.00007368772785893  0.00009279520266155
  0.00011159705917996  0.00013113885218078  0.00015379694239805  0.00018360357798999
  0.00022279216120457  0.00027117765862317  0.00033059074615396  0.00040420199904486
  0.00049123524058479  0.00059231565469437  0.00069711632742698  0.00081265216649384
  0.00095769356869474  0.00113517150206821  0.00130844074776169  0.00152787095169751
  0.00181438428468446  0.00217559498305631  0.00268670972619069  0.00334562467280591
  0.00417964210558498  0.00527725017048996  0.00679052123414190  0.00900748576523695
  0.01240229034112229  0.01760027674837639  0.02535449751046463  0.03623299343366616
  0.05013590191492574  0.06637408531708926  0.08395022456444319  0.10219877647166403
  0.12057216628660342  0.13909675487639012  0.15796498325061653  0.17672965039547070
  0.19557484723118379  0.21473823790985869  0.23405046345842512  0.25340206871246490
  0.27262587985720182  0.29190270217978048  0.31113512059815607  0.33015234555777978
  0.34898465083723545  0.36809856258271578  0.38729711943292511  0.40632519297384811
  0.42531627525958671  0.44428186201109471  0.46316219341309350  0.48193978210339072
  0.50074674041548684  0.51958183765130450  0.53847643474673779  0.55734183683072325
  0.57618256653268540  0.59499612406380353  0.61390114067159451  0.63276143921463113
  0.65141556577427762  0.66993761046026057  0.68847122025880747  0.70704603220706730
  0.72574888548112293  0.74436176304078017  0.76268477676993074  0.78090850616999419
  0.79910138994910729  0.81696827197463839  0.83468640646099679  0.85240047524149620
  0.86988086016130206  0.88706830844315887  0.90389593143646274  0.92007766612507424
  0.93555618484333392  0.94996241873101628  0.96244801815685121  0.97262301964171372
  0.98041664434177256  0.98598196587117559  0.98994484519268910  0.99277757590801796
  0.99484591469910422  0.99639219267857937  0.99755599727265765  0.99839798014681136
  0.99898202417975024  0.99939753241536355  0.99972139520279535  1.00000000000000000
  0.00022134098660498  0.00028780365647663  0.00032925264362337  0.00036555499824167
  0.00040584744666022  0.00047453420806755  0.00066120665800738  0.00103139858169031
  0.00147464950518756  0.00188601296882626  0.00234610210525260  0.00287555524896967
  0.00355317314305185  0.00436135214041782  0.00528161444866001  0.00636522941850330
  0.00763041734356846  0.00901820055798503  0.01055833233484803  0.01241795093158370
  0.01465721917324465  0.01734071568972044  0.02041132353997854  0.02389597221429968
  0.02784456459800524  0.03272076294718872  0.03831898976686655  0.04406219972100157
  0.04977238435977072  0.05480157668988733  0.05843686182076253  0.06079949859491485
  0.06236206329556106  0.06343376736025845  0.06421423882549404  0.06481426557689861
  0.06528396315181992  0.06566352944430079  0.06598161414652695  0.06625624878166590
  0.06649676939092987  0.06671094012331526  0.06690699143458574  0.06708772812289783
  0.06725512199700472  0.06741370189369469  0.06756742538741310  0.06771718007140766
  0.06786434180913495  0.06801094331057733  0.06816077143731421  0.06831435495692319
  0.06847304165421689  0.06863877331470661  0.06881430583504664  0.06900272391677788
  0.06920757350303229  0.06943406233104465  0.06968921073827837  0.06998068650348040
  0.07031889667889467  0.07072445308917248  0.07122719538571458  0.07185674655904982
  0.07266719353211372  0.07377493683620583  0.07536505607835456  0.07773017941334620
  0.08141294512334048  0.08721588148212815  0.09583687215448429  0.10736291027350416
  0.12206907087074316  0.14207922041634510  0.17030783481178052  0.21002269814797561
  0.25941889132130658  0.32343197287319381  0.41085938133626848  0.50479215351658402
  0.56815436859007362  0.60683323188193994  0.63309768796311505  0.65408651521253325
  0.67193097063602902  0.68969042335901931  0.70877535407175107  0.72733470054938143
  0.74119319936574546  0.75181859410727392  0.76513724728577115  0.78484197815640677
  0.81333225429853340  0.84720539893967506  0.89174342957175201  1.00000000000000000
  0.00052781982628706  0.00095722775199390  0.00121474344465783  0.00144207637541336
  0.00168800314277356  0.00196200585801445  0.00225988559457805  0.00257305372213211
  0.00289745412160955  0.00324967482579210  0.00365667992791037  0.00412037484403436
  0.00462228232007148  0.00514125814134068  0.00565610451808897  0.00615634433101217
  0.00665581783717988  0.00716927672605565  0.00769555479144049  0.00823225214739054
  0.00878165389061737  0.00935297507011832  0.00994687825998320  0.01055793222203094
  0.01118423209156396  0.01183074360690874  0.01250652680897807  0.01321603793947316
  0.01396633602635524  0.01475483999088993  0.01557862823857757  0.01643500390718514
  0.01733038505968790  0.01826459124360297  0.01924402309976582  0.02026341837839948
  0.02132532813984667  0.02241166243571884  0.02355112881948596  0.02475364465719606
  0.02602832918700487  0.02734645253231324  0.02873800190953512  0.03019547595220113
  0.03175716495044481  0.03336225417278448  0.03502705400216732  0.03672105531563787
  0.03851045998043121  0.04042591541861399  0.04249906947409541  0.04468524254472525
  0.04700170409113941  0.04943349276577520  0.05196444904778220  0.05466154928045983
  0.05726118313123558  0.05971400696734760  0.06229022326316200  0.06512098765272475
  0.06818896620727387  0.07155700134845286  0.07515382259157702  0.07895241056053760
  0.08277406325362179  0.08653087255139445  0.09024543348057870  0.09421511134017255
  0.09881711779302396  0.10395244755497944  0.10945817904589636  0.11549620757619611
  0.12208370570507197  0.12900070389295440  0.13617723046874419  0.14374170972524292
  0.15182313721536528  0.16070775781118635  0.16998757971907144  0.17966476160999617
  0.19034839800071915  0.20242205272333819  0.21570914221813856  0.22957756567939977
  0.24390205623483641  0.25918797179111225  0.27582971746731938  0.29396526351129659
  0.31336442361315248  0.33464714872049584  0.35899278953639258  0.38746661110487590
  0.42281596683083877  0.47387189392407214  0.60261480134587342  1.00000000000000000
 -0.00210491897693444  0.00855069540476939  0.01789775695494489  0.02738821682045431
  0.03549582133487879  0.04375142187702461  0.05268653931567447  0.06275710839871354
  0.07286238724681728  0.08239704139841406  0.09173113894742196  0.10132182331425452
  0.11130999775240843  0.12121000341599615  0.12995918185878114  0.13862464292991061
  0.14718844270280027  0.15684787210044771  0.16672852228248822  0.17662690428158087
  0.18644477330886222  0.19649980472818437  0.20652055429763547  0.21643309342956163
  0.22585487618683120  0.23574327150096858  0.24593754602442314  0.25617882004327353
  0.26626831771812598  0.27614140964654171  0.28617703904023656  0.29632989130874476
  0.30717734653409712  0.31778488483723771  0.32843232275771367  0.33861863525244063
  0.34899260237554014  0.35956016155177500  0.37054103214897821  0.38143111245269845
  0.39222561062305333  0.40310993972840448  0.41392666985570586  0.42479768663144069
  0.43568092881788373  0.44656850709203949  0.45756457949351353  0.46862852401453053
  0.47957400716075960  0.49048688783002481  0.50152556254256153  0.51315767735357110
  0.52477567027046013  0.53586877748967443  0.54710821128291309  0.55815321448041200
  0.56935132690989376  0.58074195359404601  0.59228332412059892  0.60384741513870532
  0.61514903773042862  0.62570851203994138  0.63602356815195082  0.64655872214314858
  0.65746073980323716  0.66912418645519001  0.68053571317286987  0.69181598669883371
  0.70328212358266728  0.71486458696772470  0.72625899833875374  0.73732846661879581
  0.74846604503907488  0.75984232410245245  0.77129537355511768  0.78208748649228199
  0.79273913130141160  0.80345659690879956  0.81433322009419007  0.82487621615135365
  0.83561381465902651  0.84677964827584651  0.85851576921136430  0.87037044998002955
  0.88200208942194569  0.89319691144728108  0.90421655527689249  0.91391493618135689
  0.92370205490204915  0.93301382949339662  0.94228097919451625  0.95344600077108788
  0.96489258271149059  0.97652346981909610  0.98815200311545637  1.00000000000000000
 -0.00210817511618884  0.00842886455713529  0.01939500724180878  0.03047189504420332
  0.04198502419719346  0.05321710750876631  0.06412933649930294  0.07470917634507579
  0.08543338920013130  0.09574785809911254  0.10600701322521489  0.11621116390692514
  0.12682075997953132  0.13784177265636299  0.14917453809125952  0.16048457673569100
  0.17148957294922848  0.18180957650665955  0.19198763777375394  0.20201392228410400
  0.21242979199835849  0.22267137956993444  0.23319575100088089  0.24393737850772565
  0.25462607286347710  0.26524738463753716  0.27601517362666605  0.28681123472381143
  0.29748466178570332  0.30800200813221096  0.31854603603287890  0.32935404475081786
  0.34043818851601404  0.35174472008422669  0.36294986445925437  0.37336242008466419
  0.38337223203835713  0.39341018566022262  0.40377034292535469  0.41475061373933386
  0.42572214662300500  0.43652683365217698  0.44701524281046723  0.45749066763557722
  0.46783561212767560  0.47858950745413847  0.48933937260020738  0.50008433885417147
  0.51070727893119239  0.52136975989141843  0.53184680709701249  0.54235639913336353
  0.55309500685237767  0.56372615821833161  0.57368488181816923  0.58348644220894808
  0.59303229215044395  0.60272132389581434  0.61209551795669082  0.62147923784246695
  0.63152157538973341  0.64212542012029428  0.65230682520703753  0.66247268265507897
  0.67294559197036252  0.68371754751235625  0.69429901863655852  0.70467396844835195
  0.71475507809072825  0.72487193235712011  0.73530343747469851  0.74613889894594809
  0.75701595654031817  0.76761308515029580  0.77818639847587256  0.78883740209430153
  0.79983478938812835  0.81035255152076124  0.82095709497815805  0.83123752164725351
  0.84195355045671372  0.85228556096596364  0.86303103688518845  0.87385036785129522
  0.88427677202183397  0.89466331707641078  0.90494300527076266  0.91563709756998823
  0.92601494768637171  0.93603072018253342  0.94675551103260180  0.95817517184857781
  0.96867076832355647  0.97909221513132327  0.98956520428299100  1.00000000000000000
 -0.00177925226152879  0.00735256604272150  0.01684334840316446  0.02626296499735734
  0.03601302646204429  0.04597358954564681  0.05578808774553493  0.06512512656054457
  0.07413069290599365  0.08309327675908995  0.09215108081112486  0.10019507095757399
  0.10791940870856200  0.11549413491791552  0.12431004159060115  0.13382541903701808
  0.14380652756491441  0.15376344508124504  0.16321726698930020  0.17240908955725120
  0.18172658431668848  0.19149583602610351  0.20127131886146110  0.21085685261210182
  0.22058550835079180  0.23058670331743139  0.24089211709129657  0.25115599719265280
  0.26164172483930526  0.27228683956373606  0.28293420004511893  0.29348966566825940
  0.30395329361798268  0.31469440331004039  0.32561890520288517  0.33647963609484455
  0.34715501914947416  0.35789230121150806  0.36859658003857049  0.37933923246408130
  0.38996150918784145  0.40078499382617927  0.41174989748592500  0.42277070091755858
  0.43391410337598374  0.44514679835027349  0.45621444387413101  0.46732431727607199
  0.47859781458206274  0.48899986687928654  0.49905178647936937  0.50891158499023881
  0.51932987016924037  0.53006463832505746  0.54107851767251203  0.55225018350271282
  0.56328093186117112  0.57417375455524888  0.58533312543669835  0.59687353036512580
  0.60842209775245926  0.62008693926138136  0.63181710729891105  0.64361440440396178
  0.65480200927778698  0.66559350689451635  0.67647551906806869  0.68741533438630964
  0.69859326983814396  0.71017227484925649  0.72179932010609715  0.73340595720667978
  0.74507264070580470  0.75655666744516559  0.76812603658125100  0.77956869961603703
  0.79055151933178902  0.80155522154254033  0.81282865779698832  0.82453843057697918
  0.83630759621696626  0.84752832864046779  0.85818947362202203  0.86879927855643502
  0.87948960332178960  0.89014162736479030  0.90070066398205284  0.91142085949832730
  0.92289792829735950  0.93442398196904486  0.94595277016186308  0.95706782200723839
  0.96776011669766782  0.97814448911956764  0.98892327964545057  1.00000000000000000
 -0.00224641272887652  0.00690398446369288  0.01606860949844658  0.02644303296743882
  0.03730333972855387  0.04716457054770951  0.05667617207923285  0.06654764941364688
  0.07702016899719090  0.08714324531043702  0.09708161747099876  0.10682357230468721
  0.11701173410384481  0.12743951190511388  0.13812068684712162  0.14858332184564993
  0.15896789826835780  0.16948681121636935  0.17958907577434852  0.18915011925790298
  0.19901782634347559  0.20983844647886965  0.22071850273241186  0.23165638185812293
  0.24260701720522776  0.25357804764399100  0.26442080871614532  0.27505998676945781
  0.28599583001314000  0.29694912244238780  0.30777125062593053  0.31841955752348067
  0.32905165882798260  0.33946728133372756  0.34994804322960593  0.36048782797132650
  0.37140371781576648  0.38227898368783603  0.39260552676613747  0.40290004115746125
  0.41305739731539909  0.42363966611296555  0.43440513265099051  0.44516005177949863
  0.45595511672993877  0.46665667507658842  0.47690356105279841  0.48722646419338544
  0.49730571362868015  0.50800693702325961  0.51868541992257500  0.52945827584832950
  0.54047081618808512  0.55129738692398966  0.56174325273530867  0.57226920318547403
  0.58284065356269921  0.59353360249615872  0.60427192353952430  0.61455044208717446
  0.62491853289195476  0.63502953186300304  0.64561322309892344  0.65642184867449893
  0.66749634866368335  0.67866501595332507  0.68975465737051445  0.70081468762213228
  0.71185619965244806  0.72273952008906528  0.73373135451442895  0.74469970944976438
  0.75575863453004166  0.76690163867845940  0.77790577048894638  0.78912587848444893
  0.79994414659711111  0.81081314354735368  0.82162951686660879  0.83241488655071261
  0.84303132033852413  0.85349792433949778  0.86417911047109530  0.87412869205446808
  0.88334228732344588  0.89278510628000329  0.90271411171634064  0.91393267104643017
  0.92463932888700806  0.93515436502316096  0.94571640431869386  0.95612814069905661
  0.96639541219122016  0.97758897280840640  0.98805605247727812  1.00000000000000000
 -0.00238601381794870  0.00870685338656231  0.01911981829125100  0.02894110203732270
  0.03902106878032045  0.04927831249688503  0.05937782656465992  0.07018460664450045
  0.08097040418616927  0.09155838987535193  0.10192318937267300  0.11239443842534508
  0.12313232247927333  0.13418578759066252  0.14519996659409753  0.15539724771358895
  0.16549440003438540  0.17550664982648681  0.18541933029257751  0.19531046787797904
  0.20560874151706832  0.21617378405597026  0.22634138784931393  0.23664735130119749
  0.24712205726459499  0.25859113202321959  0.26996841357500440  0.28065564386544667
  0.29152921692380807  0.30243581047453200  0.31354048678943125  0.32455052862193945
  0.33522236594555799  0.34595757633351565  0.35686654234695742  0.36801171608472161
  0.37926206827767867  0.39021173824808503  0.40105458607662470  0.41187436874763889
  0.42273763631586436  0.43354275215940885  0.44426342014437925  0.45498743291298266
  0.46578361029399251  0.47666149271721542  0.48765339824529708  0.49862058333968673
  0.50935305691752797  0.52001870144841511  0.53065026303951635  0.54150303285256940
  0.55252177955408910  0.56335534375981344  0.57341770266298875  0.58267112178905844
  0.59132589413446268  0.60045470529381506  0.61023697842654900  0.62080366782618490
  0.63121309579508955  0.64168170996828289  0.65233633410811298  0.66311938345014321
  0.67380010262769263  0.68450454664018090  0.69517622955402658  0.70619218266038464
  0.71682046909700803  0.72720032111108590  0.73734518360109902  0.74798994006488051
  0.75880600631172923  0.76984850073957578  0.78101523445985266  0.79208272562462789
  0.80259526823992478  0.81296310093127233  0.82300808987545970  0.83337588686103070
  0.84349442730353397  0.85378417226992598  0.86435740129290461  0.87503389846679225
  0.88587126361675661  0.89650657943837075  0.90642809188632500  0.91637074243148453
  0.92691612616481001  0.93751254363058056  0.94785171078503561  0.95796538042539525
  0.96824521259664120  0.97905449767269970  0.98959946585111058  1.00000000000000000
   1.2403941210068406E-011  -1.0000000000000000     
 F F F F F F F F F F F F F F F F F F F F F F F F F F F F F F F F F F F F F F F F F F F F F F F F F F F F F F F F F F F F F F F F F F F F F F F F F F F F F F F F F F F F F F F F F F F F F F F F F F F F F F F F F F F F F F F F F F F F F F F F F F F F F F F F
  <DiscreteSampler_grid>
  grouped_processes
  1 # 1 for a reference and 2 for a running grid.
  10 # Attribute 'min_bin_probing_points' of the grid.
  1 # Attribute 'grid_mode' of the grid. 1=='default',2=='initialization'
  0.0000000000000000 # Attribute 'small_contrib_threshold' of the grid.
  0.5000000000000000 # Attribute 'damping_power' of the grid.
 # binID   n_entries weight   weight_sqr   abs_weight
    10   10   2.288593857494003E+000   3.627262469022166E+001   2.288593857494003E+000
    16   10   2.288593857494003E+000   3.627262469022163E+001   2.288593857494003E+000
    22   10   2.288593857494002E+000   3.627262469022163E+001   2.288593857494002E+000
    28   10   2.288593857494002E+000   3.627262469022163E+001   2.288593857494002E+000
  </DiscreteSampler_grid>
