  0.00896816140424246  0.01660782095811845  0.02776140711201897  0.03998831017731705
  0.05022937639254429  0.06056820259492691  0.06915800981000052  0.07771663766270058
  0.08684197443368577  0.09602219086720397  0.10516567903703607  0.11438900263700132
  0.12389906638683020  0.13391810463501569  0.14394715137359826  0.15370911117691580
  0.16333211756553814  0.17327675643581833  0.18292812018831386  0.19291490786438287
  0.20324897064221431  0.21347080746212144  0.22349319405840856  0.23379049111430242
  0.24448839376450873  0.25540647349788076  0.26635480736928424  0.27697878480046811
  0.28742651807117348  0.29808628426770400  0.30903633215567489  0.31982634261629450
  0.33016683369075245  0.34052565617166219  0.35103563400897070  0.36124096099926500
  0.37092572491776116  0.38052783742652002  0.39023082820035931  0.40024625187614066
  0.41054122803755094  0.42120002498609754  0.43254070298233593  0.44414492552792645
  0.45560569439033294  0.46696911605903163  0.47831283346200432  0.48976846653705136
  0.50148466279497850  0.51331680611282660  0.52525959521119447  0.53742885129282980
  0.54977390548075655  0.56188182831059563  0.57326981281544220  0.58417941758276226
  0.59487534835489464  0.60568804288293931  0.61610382525899632  0.62659687994323598
  0.63699769807091922  0.64744268320539999  0.65766872930240050  0.66744415195085605
  0.67705291568085268  0.68660034127978931  0.69629630912644491  0.70628982043870636
  0.71658868367209994  0.72742487065418404  0.73785803565897889  0.74804773192787744
  0.75851296366758458  0.76898534684552111  0.77926501195069009  0.78926824774320126
  0.80025029698799766  0.81191217675007199  0.82400275699364656  0.83525040877174250
  0.84567254058948282  0.85583357095702828  0.86615462574566371  0.87598237522857259
  0.88538678417878325  0.89486457539431952  0.90502787216972924  0.91584098079240972
  0.92621067964891235  0.93672748536003236  0.94683408606633368  0.95706904539833526
  0.96703183978230567  0.97736413852049020  0.98823492518569100  1.00000000000000000
  0.00888803099329996  0.01753777946823975  0.02772554004571828  0.03844261547308658
  0.04869263765723777  0.05928202228607609  0.06956070075460333  0.08007851525578800
  0.09180082434554947  0.10398200600549182  0.11647133270254345  0.12833732764829420
  0.14005934804783585  0.15157998889317401  0.16295331490965126  0.17361025781837403
  0.18376169007660112  0.19335323297583037  0.20267071598599171  0.21147773625898167
  0.21980365756261735  0.22822069759564464  0.23637636909934601  0.24446770850002852
  0.25253747226801621  0.26171658270581633  0.27061416117295134  0.27966611255152951
  0.28889548001460197  0.29868853476311424  0.30850517621992030  0.31825089537673956
  0.32778999438871953  0.33745578725109199  0.34728605299930787  0.35753302053067454
  0.36837144653380804  0.37902134292526518  0.38864611715396702  0.39839989296974215
  0.40788573672631262  0.41760232887111476  0.42744814623889332  0.43744436456200630
  0.44775614965459909  0.45755457162716279  0.46760448574299129  0.47782733129932375
  0.48852686349379076  0.49885640494209671  0.51054449315796135  0.52259050599869494
  0.53467114824290329  0.54640102664764323  0.55830017748908611  0.57036360359431637
  0.58185086932048902  0.59239397872554778  0.60256384741405933  0.61306859987375728
  0.62365550326443042  0.63368770101808580  0.64340857439861010  0.65336754927143270
  0.66344116210373505  0.67317011687748485  0.68282876060577058  0.69313657179144617
  0.70427272525631979  0.71556782693618315  0.72716485294578059  0.73880264487435521
  0.75104860475695689  0.76322048104635398  0.77506793517295602  0.78663430483743002
  0.79805465843274215  0.80947900312864329  0.82088252910582171  0.83173669358269930
  0.84187168276043067  0.85176673011726900  0.86169234258892269  0.87148511377672599
  0.88083781926450821  0.88993105139155182  0.89907675509965446  0.90886182239971069
  0.91854442891026444  0.92898060329121346  0.93941879958698249  0.94987168802237298
  0.96004267828224044  0.97038320998898020  0.98072253465599168  1.00000000000000000
  0.05713779512008606  0.05797341150237576  0.05981654509648005  0.06181054543039812
  0.06403277078713082  0.06785840623655182  0.07155027379420367  0.07515295235087911
  0.07890349788850948  0.08274794872147458  0.08675850781134410  0.09079316877019811
  0.09487760302829072  0.09915742017633138  0.10352148232630846  0.10794417298652810
  0.11246486795448685  0.11709060846141665  0.12184634949075537  0.12658922594821034
  0.13163333207075650  0.13723256557484151  0.14313831887851319  0.14717652423992050
  0.14856709022854142  0.14988024781271228  0.15108986554169615  0.15238186469274073
  0.15438784113156970  0.15688046485880555  0.15925607948169299  0.16166662663355144
  0.16406853823956885  0.16647816247523786  0.16887975256256602  0.17126858141728951
  0.17368672672344168  0.17612971620318366  0.17859504530365952  0.18107195297969828
  0.18356714256563059  0.18608312296279830  0.18862519486222010  0.19121645087898448
  0.19385431248325913  0.19651135831235145  0.19919709417820528  0.20190311249846665
  0.20463808034369532  0.20742018940476081  0.21024507496995332  0.21309143631412703
  0.21596973096133784  0.21888127116060763  0.22183006758007717  0.22477642600090114
  0.22772751005473707  0.23073365828514095  0.23382239045863026  0.23697880052363440
  0.24018541073456073  0.24344035729051766  0.24674183043563086  0.25009736525242793
  0.25353689107418892  0.25703568324933673  0.26057615333954309  0.26418124568006113
  0.26787825876069232  0.27166483025082161  0.27555892324128523  0.27951737605577737
  0.28351653034705032  0.28759415415910361  0.29182547217767679  0.29619167541197244
  0.30079993861105114  0.30553158655357143  0.31051810493995169  0.31571224948121956
  0.32110623736167382  0.32676285351819095  0.33279711829606751  0.33927204323572269
  0.34622178265966347  0.35379256507741369  0.36208399174974598  0.37139300307263784
  0.38198478016018289  0.39421688160308882  0.40938201390537787  0.42830360215060215
  0.45526196629096610  0.49826291840985221  0.58516571907370818  1.00000000000000000
 -0.00321547382130942  0.01398145715098846  0.02692206409629896  0.03852083409388002
  0.04953893304850258  0.06077022149830584  0.07174428095752008  0.08245115885493301
  0.09353061717760612  0.10518813696017773  0.11713878352785485  0.12906682704194383
  0.14104853588433167  0.15279912198399143  0.16401822160550347  0.17569521323797693
  0.18742066447563346  0.19922865027903078  0.21119964739452418  0.22259890179392039
  0.23279903332185967  0.24224029848659337  0.25223866017591723  0.26265003803001136
  0.27270165382039152  0.28162344785920346  0.29108446295353113  0.30141852329029717
  0.31201287359788005  0.32142906268335336  0.33109961385947112  0.34123053508726436
  0.35149956432591628  0.36162025618153604  0.37116599325605909  0.38067905964183041
  0.39056797348442762  0.40047693452861094  0.40981082927186763  0.41892592195584544
  0.42810098905193739  0.43801526815435421  0.44756616684124179  0.45694820726266427
  0.46682657014720202  0.47693390314124479  0.48680769308586214  0.49644217614530567
  0.50649663442517645  0.51661388981875767  0.52596169209937649  0.53472183749897839
  0.54377849823708468  0.55280493594601010  0.56171158092112561  0.57073438014249245
  0.57961951959444369  0.58895171725753559  0.59871002815242591  0.60940638004470715
  0.62082996781409316  0.63194222167117098  0.64269371798603647  0.65326483038119165
  0.66373680205452878  0.67403764344426709  0.68452709357445074  0.69438178071025924
  0.70372624902638203  0.71276442965547981  0.72186432176709858  0.73091133315169921
  0.73984048466219532  0.74895561800547295  0.75932970431198954  0.77008725900664832
  0.78057568919527176  0.79123383835688399  0.80282505284186889  0.81447913007237949
  0.82605575554168875  0.83717131657342991  0.84776302096614808  0.85847874088795861
  0.86930428507211821  0.88023438406274956  0.89122722351595385  0.90209341443370550
  0.91292243355309910  0.92438639776230813  0.93649721625338023  0.94843716871599659
  0.96029345215515793  0.97327446586451494  0.98656082857387895  1.00000000000000000
 -0.00289182916055594  0.01126232788378473  0.02301141527357577  0.03504065179208451
  0.04565688283435021  0.05539780959440646  0.06491794763106759  0.07429667328377190
  0.08353930217178339  0.09278807039512180  0.10211452618741949  0.11199061383165995
  0.12220743100498607  0.13275196876191370  0.14316018582506576  0.15274099591937665
  0.16178575265618000  0.17124667137340907  0.18115938913715576  0.19126295425093878
  0.20106221191111287  0.21115114941133203  0.22148428900351153  0.23192384249249146
  0.24251190616672455  0.25270006912741316  0.26244404790635412  0.27218065145176773
  0.28206424602555569  0.29206849596405465  0.30219575718769059  0.31251139243378467
  0.32308566216557383  0.33363569153021694  0.34448245707675607  0.35522092308480263
  0.36540863104278559  0.37557199648562478  0.38593995493393035  0.39622961177253002
  0.40618289772011412  0.41619811109042110  0.42676883449857783  0.43734929879056550
  0.44757980968665861  0.45793712891743871  0.46891426207932074  0.48067668577221057
  0.49283410961693686  0.50479860278158395  0.51658147996817316  0.52823536769667112
  0.53983561412501713  0.55149944392828543  0.56293424786703827  0.57391676877050302
  0.58483562997110217  0.59582662365440164  0.60707375732403990  0.61835298091834401
  0.62947770452858465  0.64026846891968869  0.65042353253223062  0.66024718796046622
  0.66991765789608115  0.67956249110688982  0.68919201053582535  0.69815240056911587
  0.70669750123274866  0.71532450860736640  0.72417951445748430  0.73346193830842121
  0.74298136983592211  0.75354861840923948  0.76478509303304509  0.77582265610368595
  0.78701179500277796  0.79852256307761516  0.81030379492166893  0.82179948174750916
  0.83274359425193900  0.84339065522305712  0.85388114491095435  0.86477971712635948
  0.87548200165917844  0.88610681148384218  0.89662328583530648  0.90737948607252306
  0.91859479899660956  0.93056967984349881  0.94299135436686243  0.95531409004251122
  0.96685280161870402  0.97783099682469887  0.98886692961186418  1.00000000000000000
 -0.00324591397387737  0.01169236020647490  0.02467199626043613  0.03790298134107037
  0.05000192117432932  0.06164341040891104  0.07248404453663049  0.08334362946141263
  0.09437772962566660  0.10563573265790928  0.11683708694013845  0.12839181829060034
  0.13987048357314374  0.15118941474751887  0.16232450686347386  0.17316488267033564
  0.18399941696530708  0.19458720100172100  0.20466943479194216  0.21401913794092028
  0.22324716650237181  0.23227600645523902  0.24129130244665892  0.25024127361230514
  0.25987207853346106  0.26988759403859314  0.27960421613528924  0.28986242766849435
  0.30020551050555111  0.31046643309301514  0.32064401186378816  0.33068451368754648
  0.34139017062353894  0.35262309827595367  0.36356102103701143  0.37460789082161150
  0.38566265128066618  0.39679430766353924  0.40819286281966266  0.41893638127181099
  0.42874141521397929  0.43867610615038954  0.44873100502687097  0.45863476107432172
  0.46854248848985269  0.47890096558419692  0.48990835793908794  0.50077882944801544
  0.51097478854103973  0.52102699737518587  0.53106506307454360  0.54117935998790800
  0.55137018829656070  0.56141190816887376  0.57114294992522963  0.58045133398652871
  0.58932528076697532  0.59801690178281941  0.60653330167977959  0.61502743159073303
  0.62434517329646855  0.63461833893696973  0.64511899101376913  0.65542343971921369
  0.66583343096045355  0.67667862505965726  0.68768621718240819  0.69837101950238711
  0.70895539066351465  0.71954240418527826  0.72989539196786668  0.73997269457335912
  0.74983814391721038  0.75974356507081831  0.76951756174954533  0.77927631440643419
  0.78967148051279279  0.80105583064194574  0.81260191578930563  0.82334911246760623
  0.83379416472925960  0.84471424087699820  0.85571211482933540  0.86634678747977389
  0.87693514640506642  0.88770827534438601  0.89825395570797539  0.90824239850161825
  0.91834809428339015  0.92908120576342379  0.94112681625759054  0.95416893626597110
  0.96655205240806708  0.97805489005543489  0.98923771428369789  1.00000000000000000
 -0.00261040173234722  0.00973030088145856  0.02095690568733657  0.03131671721306091
  0.04214343764742036  0.05299535439634842  0.06342292898932524  0.07357624547580999
  0.08385341759767284  0.09433166882247758  0.10470595144381041  0.11502182252886146
  0.12551861869797054  0.13600792861750405  0.14643534164065283  0.15686100344248508
  0.16708223836687996  0.17682034976154432  0.18714989627734421  0.19856789363490121
  0.21017253227084981  0.22130678500518386  0.23203181128059300  0.24202694226790941
  0.25156735108218792  0.26073419443745716  0.26994706329520124  0.27926946805800013
  0.28894849208789491  0.29853039735917120  0.30780746864460856  0.31709167104487035
  0.32663179599018882  0.33653983195932513  0.34659851035045414  0.35713812773890857
  0.36860602283758126  0.38046099134902639  0.39218102044129738  0.40380673014746959
  0.41545838992605688  0.42713702152641281  0.43881807071895290  0.45060399351431657
  0.46118927797009168  0.47033882249665104  0.47981892872548382  0.48974133775276651
  0.49981149774377154  0.51000893721140683  0.51940273760002587  0.53025189915767323
  0.54112072004939793  0.55074181451585946  0.56038204563495109  0.56955307112744458
  0.57892555144648405  0.58858732951469650  0.59888898304386307  0.60911823774693086
  0.61963859378093844  0.63037539629068495  0.64125723069417073  0.65195157059348208
  0.66256570098372591  0.67302799382095257  0.68380911046346715  0.69531779365119317
  0.70665699906938784  0.71735621636508506  0.72771243949438791  0.73840431832883080
  0.74889773510289737  0.75925121591347189  0.77000601637498411  0.78182756175371082
  0.79341866388152305  0.80460928531025389  0.81557935721065111  0.82671146267012463
  0.83827941175300702  0.84991553828136412  0.86062140798710363  0.87096133740161585
  0.88142633489041300  0.89183521209601613  0.90151806709613547  0.91109377952086446
  0.92126453348386572  0.93247454597447654  0.94356570631631831  0.95473400246334761
  0.96607656211605863  0.97757752353783600  0.98896146863651235  1.00000000000000000
 -0.00239404641471346  0.00953126398894528  0.01955103072232542  0.02969849457332123
  0.03998987754234070  0.05079676043433157  0.06178967990231519  0.07225597634121825
  0.08219282639226889  0.09210011294309099  0.10225416237901111  0.11263520587942426
  0.12340781836940065  0.13385982965724708  0.14400922251272216  0.15424879302575875
  0.16452145302560495  0.17485035698150439  0.18549482461720695  0.19664054482615073
  0.20845801386515331  0.21940591805378953  0.23002965028045322  0.24035826277923483
  0.25045713635893624  0.26060796194021241  0.27091297875555886  0.28180827645254680
  0.29287714828065881  0.30405797510336663  0.31571588021318064  0.32801264319867113
  0.34042598095690968  0.35239169310239882  0.36404615864363532  0.37515583635459199
  0.38551131892221474  0.39591426895607390  0.40643466495799135  0.41724853890896252
  0.42776286688146453  0.43815763922357920  0.44936616901691467  0.46138438372950014
  0.47357073304889308  0.48517011272412286  0.49636451333782539  0.50701672779685725
  0.51784301324678117  0.52777789890481119  0.53805455961314841  0.54816684893600265
  0.55787325688263645  0.56781001132387077  0.57776287560591866  0.58768691547853813
  0.59751733280106178  0.60799305181323771  0.61967190332610522  0.63131370053100999
  0.64230970661571762  0.65359880059501407  0.66517208994945376  0.67630290243939306
  0.68733884812192569  0.69870660250957306  0.70972220501059424  0.72006009844786412
  0.72999010913869766  0.73966083390644755  0.74934573873674948  0.75937401223564438
  0.76967428479906941  0.78121461871701137  0.79303906050938755  0.80303464611393882
  0.81322291458099583  0.82280329203438785  0.83223494671332365  0.84151545428436525
  0.85066380238612305  0.86003918289793457  0.86952719341205664  0.87899280367099786
  0.88839699413681383  0.89797040711238030  0.90817016221460467  0.91862820290703506
  0.92910966084198710  0.93914243364303329  0.94883384437839158  0.95895025974402637
  0.96940862048729626  0.97960410164924661  0.98982922727684997  1.00000000000000000
   2.1786385921198617E-008  -1.0000000000000000     
 F F F F F F F F F F F F F F F F F F F F F F F F F F F F F F F F F F F F F F F F F F F F F F F F F F F F F F F F F F F F F F F F F F F F F F F F F F F F F F F F F F F F F F F F F F F F F F F F F F F F F F F F F F F F F F F F F F F F F F F F F F F F F F F F
  <DiscreteSampler_grid>
  grouped_processes
  1 # 1 for a reference and 2 for a running grid.
  10 # Attribute 'min_bin_probing_points' of the grid.
  1 # Attribute 'grid_mode' of the grid. 1=='default',2=='initialization'
  0.0000000000000000 # Attribute 'small_contrib_threshold' of the grid.
  0.5000000000000000 # Attribute 'damping_power' of the grid.
 # binID   n_entries weight   weight_sqr   abs_weight
    10   10   1.441916434763895E+004   1.041432787886681E+009   1.441916434763895E+004
    16   10   1.441916434763895E+004   1.041432787886681E+009   1.441916434763895E+004
  </DiscreteSampler_grid>
