  0.00957841579946190  0.01490953883936898  0.02366380333709691  0.03370388873423880
  0.04411013214982815  0.05513440405975165  0.06597267790513256  0.07604945224604212
  0.08644209498606567  0.09636113630376299  0.10594054225498245  0.11493274337898522
  0.12391778297550428  0.13326639773992249  0.14257861753829104  0.15217337842865447
  0.16168034557012367  0.17122840978217002  0.18133016608715935  0.19188909585165631
  0.20269626585457046  0.21337932765094930  0.22396529436918206  0.23478150255424221
  0.24596113796977531  0.25726737034275982  0.26861979342166975  0.28039965446670972
  0.29183976325304117  0.30253296977960897  0.31268076170521625  0.32257248030095681
  0.33245784876640855  0.34288355349170713  0.35367752068077568  0.36580022259149608
  0.37712940880311735  0.38744404599285931  0.39751067788249811  0.40773619473205808
  0.41732791132476987  0.42604895258940706  0.43476276351498971  0.44419679728023814
  0.45383091106581863  0.46333321072056882  0.47247175927936752  0.48242872882885957
  0.49349508645849721  0.50481371807124609  0.51644698040576487  0.52800428419322043
  0.53928590828368639  0.55008960576421218  0.56075893617788908  0.57169300927744526
  0.58299642370320992  0.59447151049348490  0.60576364653190584  0.61676274522540442
  0.62791182302131043  0.63905520474002075  0.64952519037867718  0.65958113661730688
  0.66990864734678601  0.68079287833370405  0.69116927627280056  0.70076840347880875
  0.71026085398758321  0.71981355783910161  0.72932484062393110  0.73880996668062870
  0.74854025213224096  0.75891675317720664  0.76977861037990924  0.78106966907474640
  0.79215755780224983  0.80269036816477590  0.81325294196427589  0.82400811560898946
  0.83481958120429078  0.84555012870239632  0.85639253188829867  0.86756239880861330
  0.87834460856997720  0.88862363573496372  0.89890360536558800  0.90957943886967785
  0.92076337530843677  0.93195421877675777  0.94310925164806303  0.95440737565276168
  0.96558639285861558  0.97669101486173515  0.98846581576279369  1.00000000000000000
  0.00941956347117640  0.01526490353145430  0.02441845786638576  0.03480654847530226
  0.04533639958876264  0.05593737049291917  0.06656826017858425  0.07756190185354482
  0.08807699768264757  0.09844602385040692  0.10891741938333235  0.11918446816081531
  0.12935576675529173  0.13943621580877907  0.14973927587221317  0.16104857213201662
  0.17218055765534826  0.18338682623734162  0.19377941499520820  0.20352025902573168
  0.21328172471713899  0.22340429256136640  0.23353534457448347  0.24364227263303048
  0.25399140831752781  0.26556752384889576  0.27710959802653373  0.28829687064309967
  0.29929150973281110  0.31000296597871474  0.32049053423486312  0.33115573186484565
  0.34258654338521122  0.35398541442045556  0.36516378528446175  0.37631968451057629
  0.38750675189164052  0.39878784203904366  0.40996415648139706  0.42099815461096046
  0.43218279104242463  0.44298379325959336  0.45334207192420328  0.46349180981427973
  0.47379082724268673  0.48442673083203980  0.49537707743162807  0.50652431762957428
  0.51762650215973560  0.52869006449492761  0.53944043382172302  0.54993075237724565
  0.56048733587769528  0.57180244625394372  0.58341167971696684  0.59505601699276434
  0.60625138874511686  0.61669964816010003  0.62682202347450999  0.63692446054211738
  0.64710681625167210  0.65707744640485588  0.66698144299851347  0.67742873847651608
  0.68804969565617946  0.69848602494154455  0.70888493977771694  0.71978942692979786
  0.73111214009470293  0.74239535760005637  0.75315130857536949  0.76310368780123006
  0.77330533707485827  0.78386042250241728  0.79444798812444839  0.80451957996928236
  0.81444227063408270  0.82466122330826930  0.83485858499724208  0.84498907584517813
  0.85512260634377069  0.86552345800491115  0.87604777762806840  0.88660797374521239
  0.89718031810480792  0.90718279429197313  0.91688879218465824  0.92694518177336127
  0.93677613129148818  0.94585138245532707  0.95452639138640138  0.96394500890799173
  0.97378092640473002  0.98315592902963667  0.99103457035534215  1.00000000000000000
  0.05696610420293451  0.05809913465209338  0.05993953911722513  0.06222613340693541
  0.06494292086835249  0.06887494633418277  0.07269468464974901  0.07642944293613034
  0.08026546487153861  0.08412423261592350  0.08801378005476428  0.09197492016487419
  0.09599211420738819  0.10026979498736130  0.10457644327542304  0.10891336466057122
  0.11339879266267752  0.11794067560531611  0.12255091368377098  0.12734394489028764
  0.13241804912594973  0.13795027507629468  0.14284359516525300  0.14648132149069062
  0.14853320961135455  0.14980148976235047  0.15099834669298046  0.15217787752977893
  0.15422964344413115  0.15670369384453070  0.15905531980684059  0.16141605034911272
  0.16378479022257986  0.16617077860193019  0.16856054514145224  0.17096503806935273
  0.17338839479320273  0.17582188137663668  0.17826512875706568  0.18071908528894251
  0.18320251766406925  0.18570970226642403  0.18824578213381196  0.19081444148377383
  0.19340316107801811  0.19602753949132190  0.19869860109521387  0.20142584489256804
  0.20419502667723419  0.20700676522344025  0.20982713719971899  0.21265665241155943
  0.21549508867226372  0.21838830296641534  0.22132978021554756  0.22429950351339878
  0.22727427747417828  0.23027481327749338  0.23335466483542572  0.23649447582026470
  0.23970974861695069  0.24299053256472414  0.24631040927758474  0.24964856487478598
  0.25302791009313613  0.25649559605443323  0.26003109208966052  0.26362751472640727
  0.26726349307210423  0.27097618990093436  0.27478698752971042  0.27873299435222332
  0.28282280318981567  0.28704911824323764  0.29133451909954455  0.29567888305889628
  0.30023268064651693  0.30496849908507784  0.30991366972619566  0.31506468394533432
  0.32045202305623893  0.32611079605531756  0.33209501295418153  0.33847558868019728
  0.34537466937531475  0.35289123479045387  0.36120383574316656  0.37055695201378408
  0.38112652020976101  0.39334310893878727  0.40823458214090891  0.42676338512711898
  0.45285182521476564  0.49452369284759062  0.58472861358866612  1.00000000000000000
 -0.00252645558939424  0.01086554856092301  0.02237280559169966  0.03391412693064073
  0.04551455453628744  0.05686439534363896  0.06815582334428107  0.07974731677970381
  0.09184758108376852  0.10433930567345570  0.11631781135729824  0.12802634157523957
  0.13951978777950289  0.15076288495157300  0.16171971170562197  0.17270724815291463
  0.18421411487989392  0.19605345148226430  0.20803889317455496  0.21890575592362438
  0.22903366503784042  0.23856066760328118  0.24784393821427084  0.25684289848981984
  0.26597246222722842  0.27515314157704918  0.28416811188226171  0.29302551437837981
  0.30184163996293151  0.31063619180814150  0.31944100696525313  0.32832308120862241
  0.33824856950245452  0.34864324106764266  0.35946546981076716  0.37044127183086634
  0.38121143527816126  0.39184907438627425  0.40247808270065527  0.41315810393474312
  0.42303482383160185  0.43267092428125797  0.44188868713954488  0.45100668465390981
  0.45986597641805360  0.46870674725672051  0.47767265431310946  0.48685534636276445
  0.49579192922146770  0.50489671173545825  0.51425788533758665  0.52388153063970422
  0.53391280518258843  0.54435297245899139  0.55514433362582627  0.56580986217370810
  0.57584485463375501  0.58600576165154705  0.59603819339085617  0.60687788275482391
  0.61818123094253852  0.62929511500069069  0.63954297966769424  0.64943564270388432
  0.65927040862286590  0.66935325481308805  0.67961075892371559  0.68982974291967303
  0.70041378053208692  0.71120975585201063  0.72235143396814472  0.73341906151180003
  0.74328523200201579  0.75364523584507903  0.76373490945642852  0.77338634461283806
  0.78275093596053225  0.79253295508207500  0.80444242076780970  0.81672540631209944
  0.82861701127390686  0.84033856949994601  0.85197035056913351  0.86313142379565111
  0.87437151929135137  0.88540601367966087  0.89658206962204268  0.90746297349912808
  0.91831378308820522  0.92937846546011393  0.94047382188311901  0.95110157961114650
  0.96180041860520415  0.97326140064025990  0.98595423076828292  1.00000000000000000
 -0.00249698916523787  0.00986045765154512  0.01986800458020306  0.03077185747813791
  0.04142444877372887  0.05357837258149443  0.06519044997424189  0.07699878482760868
  0.08906793812877598  0.10075910164294991  0.11222182945899412  0.12317853722840345
  0.13391789823640185  0.14468309567995338  0.15525810419860014  0.16555166263965723
  0.17574203052219509  0.18656057195786444  0.19828992332740811  0.21051297758317739
  0.22254687881320717  0.23352692298374381  0.24354704446832270  0.25317502035015194
  0.26286275833277306  0.27241932397914792  0.28185223083174482  0.29164458125106202
  0.30181488392657485  0.31193869843928851  0.32167822647385919  0.33155148542039531
  0.34164510467017289  0.35103854004782631  0.36111748596431625  0.37174733970632962
  0.38272436293991008  0.39391907359483874  0.40506928308584755  0.41602188671560075
  0.42722435220321636  0.43775964681049245  0.44754299207611631  0.45665731614939331
  0.46575324653790795  0.47482648206751815  0.48395856809035992  0.49326291050998150
  0.50312732960302209  0.51338764609928178  0.52325479187020763  0.53317830777292752
  0.54374767271980562  0.55504191046694440  0.56624655457511919  0.57707312679920009
  0.58805438480436389  0.59938956137748489  0.61136728238858995  0.62331853080029609
  0.63476985311206724  0.64555424660645933  0.65562330789237633  0.66546448656811552
  0.67568742411132732  0.68524884538064357  0.69440488308366022  0.70332014630734307
  0.71326730552306472  0.72412817027007448  0.73459638341556965  0.74476653372758683
  0.75529204007007422  0.76649253293466557  0.77743805473019401  0.78840076035662865
  0.79942124753075061  0.81018246539890570  0.82042836922356999  0.83083228348089244
  0.84120977966968780  0.85092301437618956  0.86041488849671299  0.87019870666049381
  0.88035823697049465  0.89073298466196793  0.90103076446989927  0.91137532780283348
  0.92167462030172254  0.93184691949539145  0.94220668275776720  0.95296309918024513
  0.96421758736065666  0.97574321870488823  0.98798319939728374  1.00000000000000000
 -0.00302191975878545  0.01158553191805461  0.02362880060173796  0.03550158326390455
  0.04648681141472935  0.05658294842754759  0.06624359431908163  0.07537286285103503
  0.08502556634134753  0.09486493067943969  0.10476326392985760  0.11548979953494951
  0.12663773021728664  0.13744511763476197  0.14804943346978264  0.15869614211942681
  0.16894108558257942  0.17843158058042741  0.18809353028884523  0.19863697849613762
  0.20939155078733085  0.22001968727070545  0.23055095617042656  0.24149615110671246
  0.25184335222093540  0.26105530720860226  0.27010380214739227  0.27965803056269689
  0.28950350503415273  0.29951684747756652  0.30910551864801877  0.31899942489356253
  0.32955261589805696  0.33979781037794410  0.34999480968380980  0.36019526328088425
  0.37059467380856581  0.38120228993411681  0.39168282091482393  0.40161708324988282
  0.41173156213070783  0.42195366517596072  0.43267171690203948  0.44308810758185219
  0.45290798459601334  0.46258773283369103  0.47248005612226107  0.48235172620138589
  0.49199793319440244  0.50179547872394770  0.51219269085869712  0.52279918876311859
  0.53311558760183264  0.54328587281919150  0.55326850685187845  0.56305179841846353
  0.57252730624591985  0.58182586307531370  0.59128569462270641  0.60114112141993281
  0.61166341912006139  0.62262786514563728  0.63353066925446333  0.64438670222984951
  0.65547032420040308  0.66647648461853837  0.67713290674620996  0.68745720166812829
  0.69776925990804506  0.70837506679622997  0.71893473412574915  0.72923562962066213
  0.74061248243974998  0.75221413006295279  0.76407044749101394  0.77545595184928495
  0.78590426480976494  0.79599173312144256  0.80599589963201101  0.81611517100438602
  0.82660688366754720  0.83786137619264212  0.84943833350738895  0.86045273072678530
  0.87120717910443801  0.88260986024476440  0.89387335290969983  0.90434960788277252
  0.91456861493967800  0.92584123595572088  0.93708088901747144  0.94849388342907937
  0.96008538171386348  0.97408538996315464  0.98713220399821799  1.00000000000000000
 -0.00224724988549969  0.00874168482301087  0.01831679878682968  0.02825417388834718
  0.03848017576772396  0.04848304238200662  0.05900607682885525  0.06977073162360550
  0.08047682621887466  0.09086212351240425  0.10075935233452474  0.11107119180077139
  0.12216383450212419  0.13338465086078585  0.14465759816526566  0.15590111830191730
  0.16658996013417410  0.17698524377975458  0.18775810817808652  0.19861583025477206
  0.20960891577573806  0.22042473481739080  0.23131072454322463  0.24260215015539316
  0.25420401433417583  0.26581822759016743  0.27744490447155590  0.28919574519105684
  0.30097903408906040  0.31230603996012712  0.32270905768161201  0.33295234454606754
  0.34350737125647762  0.35413203636994250  0.36458129430014757  0.37516246628688310
  0.38611105597502937  0.39733394586213228  0.40773462668414318  0.41844714188120891
  0.42889742111009654  0.43899196668009322  0.44917129061263911  0.46001173069608442
  0.47163075365889423  0.48279748295028474  0.49279169418054231  0.50226987004743207
  0.51169119630660032  0.52161521157917801  0.53206362638379634  0.54274883994015011
  0.55368820446020439  0.56456243602838674  0.57526864897936081  0.58563468208479574
  0.59527476844165539  0.60509390504707705  0.61486214298946951  0.62456166330508278
  0.63425624537382719  0.64411834623337949  0.65450740385588246  0.66509173752031003
  0.67561538234673979  0.68627396330400348  0.69692390009692273  0.70740314369328339
  0.71760398467286179  0.72762631546685730  0.73747909018172475  0.74726055940969816
  0.75694359764885399  0.76606476728501949  0.77518430252618364  0.78424338408532435
  0.79336461110495793  0.80279132093092898  0.81263454444270822  0.82317451366888661
  0.83400230795569419  0.84477061884303939  0.85582032134490083  0.86731256005075619
  0.87869040010994737  0.89001450664895054  0.90140476058384866  0.91308343490810528
  0.92484864056970417  0.93659677832580090  0.94861557151104858  0.95987903694938859
  0.97068580401996973  0.98091584449224067  0.99076525828256046  1.00000000000000000
 -0.00231290433068255  0.00915890198337765  0.01869174300189185  0.02940495809807687
  0.04006855922861114  0.05146713783890271  0.06265936789008515  0.07473315481708852
  0.08618447761110029  0.09783297312879013  0.10938368989659220  0.12143373629644999
  0.13315289229687047  0.14483946530073311  0.15604700472358002  0.16714078960750459
  0.17861505496228111  0.18991958739734174  0.20069312562018282  0.21093411243916774
  0.22056878769382807  0.23011587136827125  0.23929993021688853  0.24842257582232849
  0.25777433982588271  0.26760333760149213  0.27816340394258443  0.28900976796735872
  0.29867912259476903  0.30809477538571772  0.31816863044840576  0.32887610534142181
  0.33927281057812742  0.34908046039985036  0.35879634027048224  0.36885492413957882
  0.37883676965557600  0.38847493719349507  0.39810473725370044  0.40774327606845623
  0.41739523739240825  0.42699730483639214  0.43691520837345088  0.44745454736271789
  0.45815743164291067  0.46864280729897517  0.47897923742446336  0.48913939370339921
  0.49953462718819619  0.51004044015806949  0.52057544128039679  0.53045533408742940
  0.54034975890993919  0.55062703849477956  0.56080385710740699  0.57070685250526287
  0.58101216493457031  0.59261113064074600  0.60442706492256082  0.61555548739061827
  0.62606377910666777  0.63599346035688487  0.64583733626677642  0.65559781347063539
  0.66537850161176981  0.67523108431351042  0.68508317717380740  0.69542709142599224
  0.70612460424247492  0.71683578103114054  0.72751207366446657  0.73862427458658497
  0.74989710853935954  0.76099170901369828  0.77201267734815249  0.78305046152496138
  0.79415619090823908  0.80532904995650456  0.81629129718595017  0.82675634773581108
  0.83691711977288674  0.84708535990244027  0.85762652586948196  0.86810008345242617
  0.87879472199179609  0.88985754732424294  0.90069110765735394  0.91176604829131458
  0.92296851902449450  0.93429775904704182  0.94577339163237550  0.95687361562052187
  0.96773991318867914  0.97835280321353024  0.98905176092108782  1.00000000000000000
   2.2211134055327056E-008  -1.0000000000000000     
 F F F F F F F F F F F F F F F F F F F F F F F F F F F F F F F F F F F F F F F F F F F F F F F F F F F F F F F F F F F F F F F F F F F F F F F F F F F F F F F F F F F F F F F F F F F F F F F F F F F F F F F F F F F F F F F F F F F F F F F F F F F F F F F F
  <DiscreteSampler_grid>
  grouped_processes
  1 # 1 for a reference and 2 for a running grid.
  10 # Attribute 'min_bin_probing_points' of the grid.
  1 # Attribute 'grid_mode' of the grid. 1=='default',2=='initialization'
  0.0000000000000000 # Attribute 'small_contrib_threshold' of the grid.
  0.5000000000000000 # Attribute 'damping_power' of the grid.
 # binID   n_entries weight   weight_sqr   abs_weight
    10   10   2.860271211451160E+004   2.444759859925909E+009   2.860271211451160E+004
    16   10   2.860271211451160E+004   2.444759859925909E+009   2.860271211451160E+004
  </DiscreteSampler_grid>
