  0.00891644035650578  0.01724633195745680  0.02835863018974944  0.03958241526570009
  0.05015645608453755  0.06087764080767567  0.07142386719389848  0.08205967248029283
  0.09347171053031007  0.10450671963366073  0.11567272846305449  0.12624692838431306
  0.13800842296647364  0.14913075980386956  0.16024741898938383  0.17037444995886641
  0.18002367988086090  0.18984995807099297  0.19968561168839957  0.21005384331621418
  0.22043429468840353  0.23144213238027739  0.24295567380455529  0.25461189732309214
  0.26607784001888596  0.27718563564063092  0.28805330713826272  0.29932181652139533
  0.31113674884234011  0.32302018026117318  0.33447513809806423  0.34510018776156381
  0.35558323729653390  0.36583476133535842  0.37591762061129141  0.38568338278017089
  0.39567428792442261  0.40618764574886812  0.41684647725463325  0.42755922835130922
  0.43863555730271125  0.45027898671975125  0.46119118353170457  0.47092704965370269
  0.48051325574596288  0.49042771329200235  0.50053565719983306  0.51059163812293495
  0.52075640480422425  0.53160742439184661  0.54244548764292855  0.55258780809448793
  0.56232069505041471  0.57162141717552550  0.58080205089958392  0.59012093766955076
  0.59959267039909636  0.60905144557102431  0.61851654459531213  0.62778094984519062
  0.63727174839144329  0.64671156845393574  0.65647650318519890  0.66689524599739691
  0.67879355129986485  0.69104611170896812  0.70276665900846058  0.71420186378758999
  0.72573482364777608  0.73747457851972287  0.74932169322761832  0.76083450855953727
  0.77182498177871162  0.78199108759988412  0.79180469553092414  0.80147229994093316
  0.81106014714940300  0.82061216232675815  0.83044011296875120  0.84015258927164538
  0.84989235069336544  0.85934602139956251  0.86869231631458588  0.87752109773443188
  0.88613017823148810  0.89471741746286926  0.90435340549678767  0.91401511999296192
  0.92342986345597744  0.93276488095151833  0.94292163316789668  0.95420558305702385
  0.96562099722005057  0.97710561799052409  0.98856133356858289  1.00000000000000000
  0.00916218707477422  0.01566334366634759  0.02503457080743395  0.03459381662663625
  0.04444428086344675  0.05469623778871121  0.06498603369925014  0.07484145832211311
  0.08458702466477080  0.09499850499219389  0.10488101178649724  0.11471219426004645
  0.12391485946180916  0.13541790603376505  0.14664484284828253  0.15840728431623044
  0.16982377125893292  0.18138700905261304  0.19224888725714878  0.20316318490532315
  0.21360367621638912  0.22362929037123322  0.23321510913790219  0.24239290293645901
  0.25187989220593726  0.26167830442859358  0.27200256000250134  0.28306511353154301
  0.29432424289061460  0.30598214625087627  0.31734192237074560  0.32830916891017270
  0.33902479933418345  0.35015946245211887  0.36078552814023435  0.37121593328356955
  0.38170829259392508  0.39240212398744301  0.40252826646314099  0.41274291223515708
  0.42299024900397403  0.43376157531032544  0.44439388615767883  0.45466007633024513
  0.46487990700710097  0.47469190917709092  0.48542867107964993  0.49661669777534989
  0.50890647784053256  0.52138931162047053  0.53384693472013067  0.54581522606923860
  0.55709904575941571  0.56778379678911750  0.57826277552722039  0.58925602443748137
  0.60050305357404288  0.61071928692315924  0.62052514335877451  0.63074181330824464
  0.64157190348751825  0.65200117349305997  0.66222834776511241  0.67266742934889678
  0.68338478386776802  0.69411224716905540  0.70463827016036640  0.71445810810906030
  0.72459153480184912  0.73435117217469703  0.74366722261535201  0.75268549809623841
  0.76170465125152809  0.77058736208109013  0.78010318331802697  0.79012253305712321
  0.80108652892090471  0.81269971450255407  0.82432843160055702  0.83591867259403330
  0.84718372219097404  0.85855538950975230  0.86998725126734033  0.88046835875919927
  0.89046035890822561  0.90029849088522684  0.90998992889624619  0.91954116061855551
  0.92886367159821059  0.93813949977258293  0.94900484122225659  0.95975425968273853
  0.97165428477586213  0.98179062878517842  0.99131588622090649  1.00000000000000000
  0.05769555229554179  0.05972901253502364  0.06230973675950354  0.06551385215041161
  0.06885708716459035  0.07234828993413737  0.07610196502682808  0.07984928713495724
  0.08361829871141808  0.08756891523398587  0.09157603958194410  0.09563517001683830
  0.09978128217118673  0.10401454147234865  0.10838840895630100  0.11280119464869104
  0.11726214630900290  0.12183579110983152  0.12637402852079815  0.13099277024628384
  0.13610922730421224  0.14173978673159826  0.14690198013099937  0.14860085822239791
  0.14956638686002846  0.15081573242009885  0.15204281734514968  0.15390512062982212
  0.15638416415962361  0.15871229938552489  0.16103544407679327  0.16337665655189920
  0.16573059210701185  0.16810088315999103  0.17045548830485829  0.17281597274604937
  0.17518360646289161  0.17757345613902259  0.17999824036466613  0.18245675503262987
  0.18496424775354728  0.18750808505223993  0.19006067578903960  0.19262956676782755
  0.19521903181252462  0.19783684118387207  0.20049074264492739  0.20317088672226291
  0.20588583235391594  0.20866967144137658  0.21151100583292343  0.21435546472495209
  0.21723775598806605  0.22014644979990811  0.22307888263061970  0.22606320929334314
  0.22905605208247690  0.23207725254632922  0.23513171111215472  0.23822299554730142
  0.24136252392819083  0.24456811963150724  0.24782305448089009  0.25112877270323308
  0.25449320727962316  0.25791863171492169  0.26140333317116082  0.26495330385127297
  0.26858299064249064  0.27232786764372963  0.27614512056056922  0.28004008984863521
  0.28400274903448869  0.28812454833081458  0.29233785363343695  0.29667823159292328
  0.30120109520756327  0.30584674636258796  0.31064785914932669  0.31568123400108350
  0.32100332895666833  0.32664054091526468  0.33265042946945811  0.33910881416106348
  0.34604748976818950  0.35359424806621886  0.36187187486841743  0.37107870221226885
  0.38152132745568429  0.39373944519312321  0.40848822081485037  0.42675500900552010
  0.45221623338491740  0.49324391374113719  0.58415398894609361  1.00000000000000000
 -0.00248237066857289  0.01080580190705210  0.02203550247698553  0.03446022426185430
  0.04629643414148937  0.05690879984331514  0.06770715808053727  0.07888910922547974
  0.08960226730571556  0.10046034624985083  0.11204014217979935  0.12446784800778128
  0.13649703802595131  0.14857394646039482  0.16048740170864792  0.17166414705885713
  0.18163306973307505  0.19176116427026219  0.20184398350793020  0.21188697685852689
  0.22080481365163851  0.22973747874979222  0.23925331656727716  0.24915684293724372
  0.25902894041827912  0.26917787977882301  0.28062609838156771  0.29246653068078088
  0.30282022256177371  0.31262003170476182  0.32255787363282062  0.33252909789339369
  0.34248711992765862  0.35233228813079426  0.36284277097063428  0.37392309181456940
  0.38500023579435388  0.39617311530117594  0.40597671776810218  0.41589455954947746
  0.42541978748330189  0.43496755156031330  0.44415351782602791  0.45362080929521897
  0.46347477779991714  0.47323194835038024  0.48317867001107384  0.49321366089873747
  0.50295229341603553  0.51274625149168518  0.52270728736941641  0.53324192772887558
  0.54426520662666578  0.55510502729625022  0.56598243672061133  0.57648008712808207
  0.58680960089159229  0.59687978603074621  0.60662439631570597  0.61619317113449734
  0.62586120071011375  0.63599504092744175  0.64615740877695693  0.65618585026525622
  0.66625089589817743  0.67645261466127293  0.68667423208999734  0.69703276844428130
  0.70767415037314163  0.71843118607266732  0.72878006719939237  0.73875057204159944
  0.74858859809530698  0.75835808539452132  0.76792660238273147  0.77763521818339387
  0.78710856561012776  0.79664300569113700  0.80653565152293993  0.81688846737793686
  0.82741384648710337  0.83756621082755078  0.84788572005534912  0.85820660918731106
  0.86914708442478728  0.88015873402933442  0.89072402323791433  0.90115909261868155
  0.91210571523403405  0.92377737102111945  0.93575282197598653  0.94842222926865816
  0.96131756643809996  0.97362125420567869  0.98662914443655314  1.00000000000000000
 -0.00295828149202460  0.01076677153664048  0.02214273511782815  0.03242526168011021
  0.04268114088001061  0.05266377700062327  0.06253375686663355  0.07211943944723934
  0.08207837802282758  0.09297745493507650  0.10432430535379572  0.11489630813586996
  0.12539618081501963  0.13588482582104888  0.14641192201388215  0.15623398974652564
  0.16578777588626592  0.17532840939000399  0.18501565657637817  0.19500737677248425
  0.20556659970134383  0.21692249592536997  0.22865201686789610  0.23964270028891307
  0.25007466132818063  0.26031336253970333  0.27051711067253176  0.28086408565409887
  0.29150032421084576  0.30219101845890312  0.31266294960828528  0.32300645645508325
  0.33346931142357333  0.34358006476618963  0.35382631624355021  0.36436105293940446
  0.37494770420995782  0.38468764771807029  0.39408867562221267  0.40335962179880447
  0.41286181767946928  0.42211069946865654  0.43131531669656675  0.44141232371486216
  0.45228662507721845  0.46275468953092419  0.47273122230956660  0.48286304016522896
  0.49297096371289567  0.50313304037366824  0.51307068427142244  0.52314414945850674
  0.53334673510405950  0.54403434894830804  0.55525190571329497  0.56669557835641660
  0.57779331401757794  0.58948926104354993  0.60133358629536315  0.61297518883317026
  0.62402557881706677  0.63437017182435240  0.64443712314088919  0.65452346160723895
  0.66448680050104358  0.67398979142724125  0.68324456481360474  0.69324861855594733
  0.70390848593640432  0.71509731585303371  0.72646633265369442  0.73747186850117707
  0.74824238097169804  0.75906824109269166  0.76995796726401522  0.78109889482932648
  0.79284804173890977  0.80517866002574190  0.81731898228342037  0.82862132718141912
  0.83929284165386120  0.84969382804142790  0.85993577309328861  0.87008642802530356
  0.88012379519137229  0.88991031710374358  0.89969118051668928  0.90974736774662746
  0.92022488697802218  0.93135966395765457  0.94308597321843712  0.95526471795697676
  0.96698966668369413  0.97822720174627786  0.98916875125768267  1.00000000000000000
 -0.00315083830869855  0.01162846964229433  0.02446868345670227  0.03848434798096018
  0.05106308651648801  0.06338832197340619  0.07499974187898346  0.08591697332071849
  0.09661253487404571  0.10719213155393753  0.11833918850715383  0.12881639287638619
  0.13865989445829446  0.14798072996316536  0.15688602006574839  0.16600091809129117
  0.17547055156294045  0.18517348971033684  0.19551999239623408  0.20636177650521328
  0.21728575992999627  0.22844750864517277  0.23969613100395107  0.25045323565200139
  0.26079866400491558  0.27095948830092570  0.28103666899665697  0.29115202890219932
  0.30143373880548702  0.31154710316095219  0.32136539794528352  0.33105035869315924
  0.34101662699276353  0.35176052574796834  0.36209052291217969  0.37233887030620755
  0.38232335415616908  0.39241624471484654  0.40260321866302790  0.41266440689605310
  0.42265804775849825  0.43242959535796044  0.44227195134821801  0.45252755099726699
  0.46255885891493853  0.47200635212051434  0.48170605930709520  0.49159989406689869
  0.50190060717177254  0.51212874306878475  0.52260517195876899  0.53425312354721011
  0.54512138478268901  0.55506400160855640  0.56468191460270745  0.57438318347465200
  0.58441479140028563  0.59471832694626159  0.60479722862328189  0.61576282683743477
  0.62633026322973206  0.63693050469268842  0.64692578816606339  0.65657630106723464
  0.66614933824891565  0.67543153279887136  0.68453694967311773  0.69376414714575685
  0.70310662721240547  0.71272363514965220  0.72215808567599937  0.73145551699555655
  0.74077783699492072  0.75033183711950102  0.76047430291552753  0.77046516506385676
  0.78073893333628674  0.79098810265401276  0.80255615708984396  0.81419379944134640
  0.82524964767503095  0.83620412890586793  0.84713975066772718  0.85765534367075025
  0.86800567802333795  0.87875840614599643  0.88990872074237548  0.90047654341852879
  0.91075796439641676  0.92157578963721620  0.93307306499274878  0.94538121214353121
  0.95765525894989623  0.97177662262193032  0.98547076434857339  1.00000000000000000
 -0.00229653360907775  0.00945985346998321  0.01939499704383843  0.02934175616949564
  0.03938122705203023  0.04990904467076756  0.06056087194110768  0.07079275937187290
  0.08115993634727056  0.09226767344305908  0.10388296369101412  0.11529287395011016
  0.12649561391155673  0.13726304025212532  0.14795623151778642  0.15849017462454079
  0.16951061077921017  0.18078494371527951  0.19142027162390846  0.20084825779115961
  0.21038719517146479  0.22006705913312150  0.22988017722128423  0.23968964677524984
  0.24951028953580098  0.25965597360193765  0.26976514928446244  0.27995485103809298
  0.29000772834302985  0.30003810456736668  0.31040655574529658  0.32152093640338975
  0.33302324666463490  0.34421491600982723  0.35543955807308164  0.36633924383489347
  0.37709749192239406  0.38721312399982721  0.39695578365370332  0.40686053768333591
  0.41729983202931836  0.42803752683345642  0.43912030753378178  0.44954418473534852
  0.46008380961121964  0.47042364687317190  0.48088627499151471  0.49126081671720495
  0.50114604717155087  0.51193372344741472  0.52238004486539213  0.53212517494358735
  0.54170076344389151  0.55172445267096637  0.56197168391135710  0.57283171758965956
  0.58306526900228117  0.59359898488714846  0.60431272738319908  0.61493943346417923
  0.62596903147887528  0.63676419677894491  0.64725260026149933  0.65756788379511111
  0.66804184002992806  0.67855611183269993  0.68871725397685901  0.69882915050265271
  0.70906264830963883  0.71968082109664566  0.73045347355749379  0.74190000176512771
  0.75387609685652091  0.76571053457342619  0.77736550533960314  0.78891181031385971
  0.80009610140800924  0.81097582321700146  0.82180103361160017  0.83304893278560121
  0.84415324634696598  0.85490110255065643  0.86604825280434361  0.87749663135418698
  0.88906539404517460  0.90055146632952821  0.91213411462441552  0.92318950931522925
  0.93410840857644317  0.94393463162940849  0.95348615640652734  0.96292380022976742
  0.97232693466891362  0.98173990755703000  0.99092075045106909  1.00000000000000000
 -0.00208334801540888  0.00901078465227188  0.01787576322335380  0.02739835201218519
  0.03699189589314381  0.04695891109701360  0.05715644996802088  0.06827350303574192
  0.08041201526691411  0.09225537639670514  0.10439645334913221  0.11649564511009351
  0.12805780970493885  0.13908937092390330  0.14993750156726310  0.16091245384510797
  0.17171356420730646  0.18240808600296413  0.19339288510427077  0.20518492931349405
  0.21746249077657837  0.22946574424478880  0.24048892855960405  0.25076495715762309
  0.25999196999421537  0.26893401253230592  0.27812268295872700  0.28752794359096590
  0.29738007128212546  0.30735527264151530  0.31775601111757951  0.32821512336043490
  0.33838488518463944  0.34867057630806375  0.35873505219433049  0.36865184443618848
  0.37903245603571994  0.39045997975318192  0.40178513249202036  0.41283658576993582
  0.42325824945930562  0.43324520867256489  0.44290902881511790  0.45242993669226178
  0.46213255081328136  0.47183587043689346  0.48140918190709375  0.49161996020991849
  0.50214338973486172  0.51429727462641406  0.52529159610406617  0.53526261505772821
  0.54495103219404717  0.55438388365630287  0.56378482303768729  0.57289225169874292
  0.58198083168996506  0.59135594915756351  0.60118120698703337  0.61161177931322452
  0.62219271913605068  0.63273254617452568  0.64317354473240440  0.65365078254489761
  0.66427265422901527  0.67505106495530054  0.68558051617908788  0.69586750776859108
  0.70601040777383883  0.71636370272416605  0.72707276623928796  0.73790700726664171
  0.74852538666365254  0.75888817686151844  0.76922505288481979  0.77968380424964734
  0.79044534462037463  0.80152105422341891  0.81274996015022449  0.82359508703246287
  0.83401050496262330  0.84459565830778704  0.85561921559964860  0.86670659582896348
  0.87782290925313544  0.88935235511596744  0.90064628572270133  0.91178282417802592
  0.92281785362241153  0.93353899280324526  0.94422012503137043  0.95492562355804156
  0.96566501658690385  0.97663386077243408  0.98802947058615620  1.00000000000000000
   2.2032565734989877E-008  -1.0000000000000000     
 F F F F F F F F F F F F F F F F F F F F F F F F F F F F F F F F F F F F F F F F F F F F F F F F F F F F F F F F F F F F F F F F F F F F F F F F F F F F F F F F F F F F F F F F F F F F F F F F F F F F F F F F F F F F F F F F F F F F F F F F F F F F F F F F
  <DiscreteSampler_grid>
  grouped_processes
  1 # 1 for a reference and 2 for a running grid.
  10 # Attribute 'min_bin_probing_points' of the grid.
  1 # Attribute 'grid_mode' of the grid. 1=='default',2=='initialization'
  0.0000000000000000 # Attribute 'small_contrib_threshold' of the grid.
  0.5000000000000000 # Attribute 'damping_power' of the grid.
 # binID   n_entries weight   weight_sqr   abs_weight
    10   10   8.212357867073031E+004   2.153787977186162E+010   8.212357867073031E+004
    16   10   8.212357867073031E+004   2.153787977186162E+010   8.212357867073031E+004
  </DiscreteSampler_grid>
