  0.00022050948642968  0.00027149784378113  0.00030719081194482  0.00033954260415686
  0.00037344575471497  0.00041134625951948  0.00046023215416207  0.00056882359498146
  0.00085603109838044  0.00129441020921415  0.00167049018798090  0.00198982913936504
  0.00234309493725461  0.00277074559969016  0.00328782645672007  0.00391517310731268
  0.00463131246211693  0.00543623709665030  0.00634034110808468  0.00740467985792873
  0.00858663152057550  0.00987417101033933  0.01133977425561894  0.01308512659749662
  0.01506895661112280  0.01721198293558556  0.01962679635457050  0.02250141666929043
  0.02586047352323811  0.02957303959047128  0.03368809956509054  0.03829248715487175
  0.04344794582029589  0.04864416483062037  0.05325940495135993  0.05682888889213780
  0.05935707513632513  0.06113222305799954  0.06241533565550984  0.06335306996874099
  0.06405244031979802  0.06459468898776942  0.06503738340010171  0.06540845261393273
  0.06572207045800824  0.06599162242768332  0.06622816900294790  0.06643944136493683
  0.06662918268117202  0.06680117677999248  0.06696015751682788  0.06710959949000590
  0.06725155245535451  0.06738750322834743  0.06751911476073943  0.06764762279107414
  0.06777359768166749  0.06789815162716792  0.06802286201089637  0.06814871372464312
  0.06827670500164046  0.06840859741952474  0.06854599886335190  0.06868930051847960
  0.06883831852287906  0.06899501917750313  0.06916418208083989  0.06934937673302292
  0.06955369485785454  0.06978094711378310  0.07003771883754024  0.07033731217076220
  0.07069344431244053  0.07111849518384938  0.07162512845949114  0.07225724446872521
  0.07308238087536392  0.07418434448079698  0.07570195485565413  0.07790950606359277
  0.08110367096732678  0.08578377622418661  0.09257435715638496  0.10232117336287451
  0.11579430971144386  0.13414549741627257  0.15806839735569361  0.18993075862004832
  0.23084195838841673  0.28874228434943350  0.37286579770691192  0.49745084702177278
  0.61647047327651716  0.70577864098043941  0.79428323987568417  1.00000000000000000
 -0.00000017352276247  0.00004198996906595  0.00010020396039564  0.00017519692782509
  0.00029207588160508  0.00041978795764683  0.00058058644751478  0.00087499011275590
  0.00121392358018574  0.00164109126808140  0.00225386922655526  0.00309117057911334
  0.00413024457438166  0.00552894596135640  0.00755037116777275  0.01050012679096600
  0.01496814369495861  0.02149902576150554  0.03040610992224248  0.04189423110073080
  0.05535310150804260  0.07001392344866193  0.08556044820267723  0.10190042200791845
  0.11847128650664145  0.13520280726969822  0.15204486292480157  0.16884935906586576
  0.18560328846808963  0.20232250118791956  0.21918240925044097  0.23608118103093656
  0.25296777951682575  0.26995919209207858  0.28694955003191536  0.30385579739467639
  0.32055674307587562  0.33716714469706938  0.35383739972285094  0.37056521133745240
  0.38743399679455204  0.40429566446060411  0.42104008345936383  0.43780458029347857
  0.45459621570747882  0.47139942781539579  0.48818559593824856  0.50478119964943913
  0.52123387772532315  0.53781878537144034  0.55431814065622265  0.57084249608386994
  0.58737524587456513  0.60386478412094824  0.62043670218351721  0.63702844726842067
  0.65358282869443962  0.67009765752862682  0.68651187461944119  0.70278227829051820
  0.71910833279076281  0.73553420340540232  0.75177918271875066  0.76763785175257349
  0.78335941783090834  0.79907731881397592  0.81475345603153826  0.83048971736312105
  0.84617180742986009  0.86168623924728738  0.87687569254289999  0.89176008485330682
  0.90645991960052696  0.92076753050541060  0.93439061385503808  0.94695555828742872
  0.95822407924663144  0.96763432675867644  0.97554373554313822  0.98186163757783818
  0.98652311500765077  0.98991858055785065  0.99244609322500510  0.99434702706860933
  0.99579966746805304  0.99693789300862701  0.99783126213971496  0.99849832053962806
  0.99897524394718373  0.99927811308218661  0.99947195982268799  0.99960922529265883
  0.99971166734355277  0.99981053924927388  0.99990669059672188  1.00000000000000000
  0.00053523314883035  0.00077493070983626  0.00093951973662231  0.00111364199296036
  0.00129944769950036  0.00149749412434476  0.00171071940388637  0.00193721998362932
  0.00216965531291978  0.00241510679914108  0.00268660864958696  0.00297726820895096
  0.00329896282241641  0.00367163288088502  0.00409246436409121  0.00455492810148084
  0.00506104952971395  0.00559579813045547  0.00612405724642194  0.00664239271689103
  0.00717310868538943  0.00772410098280335  0.00829550644022802  0.00888670146371297
  0.00948969466759231  0.01008477002097683  0.01068833607169123  0.01132913087382241
  0.01203216597962874  0.01278426628996731  0.01355423199945847  0.01431321508519960
  0.01509629628823090  0.01592178866465778  0.01681132491174387  0.01774553225622208
  0.01872701921058037  0.01974380908687011  0.02079618170532804  0.02189781164802354
  0.02304685666060511  0.02423614319164618  0.02549137511672179  0.02675792869187362
  0.02806749131571734  0.02947107637122011  0.03092978718660724  0.03254510868155431
  0.03421366840294168  0.03598134651454407  0.03777078139291328  0.03970500666461117
  0.04164137010816752  0.04369680858383003  0.04586963028780545  0.04820973236674646
  0.05068816113549258  0.05329919856108657  0.05608286111336428  0.05900028369441973
  0.06202637249002382  0.06500627510355379  0.06812759894285650  0.07142688943820369
  0.07513183449253182  0.07908840023403040  0.08336182443545652  0.08791560753929270
  0.09279269432294079  0.09749584576957587  0.10235210132038876  0.10740216559489518
  0.11281732354208596  0.11904583781483852  0.12542056243197447  0.13272003750384684
  0.14037363075589504  0.14891481895535175  0.15841258204025555  0.16893616846523077
  0.18022972358813386  0.19200749219574378  0.20459465133081012  0.21799254549483518
  0.23252643115131649  0.24804905894016538  0.26442428498178466  0.28151983911584677
  0.29998912688150475  0.32057397634701135  0.34390160929355867  0.37047774822423829
  0.40211812987789963  0.44369338183184359  0.52513830478608314  1.00000000000000000
 -0.00192197513654052  0.00738149832944425  0.01611157817710590  0.02462228162832371
  0.03300692072876765  0.04199848550932746  0.05173080988815681  0.06131385155383400
  0.07108857311945363  0.08093115741673679  0.09074655733058415  0.10046935881471396
  0.11022092259780837  0.11989018707614285  0.12914458636819720  0.13844658391007889
  0.14826376765490965  0.15785581760053155  0.16718023533379681  0.17654562583498862
  0.18625383285734035  0.19606218382788382  0.20564037999481230  0.21558739248328398
  0.22577151878853588  0.23608592116429777  0.24640003492750920  0.25670484111445263
  0.26719145170634434  0.27756621848753094  0.28796322966607574  0.29852165067270708
  0.30943839203595530  0.31996095231591110  0.33029272286549854  0.34082798456793362
  0.35141498682455796  0.36181610160310257  0.37205238265517809  0.38219916867049364
  0.39210062952603569  0.40211575601733518  0.41244857010794522  0.42284075049526798
  0.43319317726150636  0.44379915878103676  0.45476105735211869  0.46594822858358087
  0.47707702123331164  0.48810620727376647  0.49900424695555778  0.50978452083060033
  0.52080238524988043  0.53202389999478017  0.54305486896029942  0.55389784532536979
  0.56483100021982924  0.57597593020525384  0.58727883921085500  0.59867696362207434
  0.61005863210726508  0.62146437594236015  0.63261047935379899  0.64355268979593239
  0.65456342186133354  0.66579820435009096  0.67743315933993065  0.68909774747849029
  0.70068616410739659  0.71228364522581755  0.72403526658268391  0.73582534446346359
  0.74754061370886504  0.75917268038644670  0.77078036660257643  0.78231071769884364
  0.79370543151461648  0.80491962932802952  0.81571182560463895  0.82627912103751333
  0.83663846401359099  0.84739062565507384  0.85830843477153473  0.86920884671238341
  0.88028281726409230  0.89155741019547308  0.90279970890109151  0.91354728809834718
  0.92417569885880047  0.93495813176976095  0.94570338340227966  0.95610448452135111
  0.96701756735281819  0.97799540727073564  0.98922275574602159  1.00000000000000000
 -0.00223420221393363  0.00875349813572022  0.01963185322121551  0.03012551460783110
  0.04125974741213982  0.05148572288079936  0.06214597724407610  0.07231282294152216
  0.08254448476532456  0.09283460769732735  0.10350346706830149  0.11420931112847169
  0.12528749925254179  0.13625272198039931  0.14734371650377567  0.15848474089321585
  0.16962223000572529  0.18050825440078072  0.19138911175112830  0.20233720034238167
  0.21325758411776516  0.22389360522351245  0.23440262224615735  0.24458433671132854
  0.25485642905004191  0.26535714958632695  0.27613351273783660  0.28638693711660274
  0.29649412304632045  0.30672018765770759  0.31738588455953631  0.32813860622824925
  0.33884030934577281  0.34974150635349549  0.36041177456714429  0.37104342812015595
  0.38160519104181856  0.39236339196501807  0.40295452962271117  0.41343860350612566
  0.42423534334851831  0.43462221943674689  0.44448824173568208  0.45463898649389611
  0.46436255303225837  0.47423541285647952  0.48443804313633249  0.49478237986942947
  0.50532420405633782  0.51609276263442527  0.52703688041775376  0.53792548669829132
  0.54839635504014594  0.55862585861195024  0.56858925622070322  0.57895013321049316
  0.58917045234114662  0.59980878477203547  0.61013140414560052  0.62076478846199756
  0.63135156195414388  0.64228813513935856  0.65308393460992131  0.66402858847357271
  0.67462572811066157  0.68547754860925425  0.69638606045010099  0.70741314390690357
  0.71817366640081004  0.72880292998408391  0.73931097167020332  0.74977636096653999
  0.76043604058640379  0.77097037540871605  0.78167799085658685  0.79228516996909970
  0.80305743063923596  0.81321494325790611  0.82304514446551802  0.83244398314276435
  0.84266243118544792  0.85186894265864432  0.86235883906466970  0.87243457919359724
  0.88326662538828504  0.89359791900420260  0.90408160497167356  0.91457441727131950
  0.92486795492012863  0.93533642434692243  0.94622926184766898  0.95699882482133170
  0.96786766988296391  0.97831116312472088  0.98913355228648348  1.00000000000000000
 -0.00199939551624270  0.00810445048142242  0.01773175670729649  0.02710697115989831
  0.03655216910291704  0.04604813929500116  0.05550571542505679  0.06498012642832084
  0.07439420384515817  0.08394841349930939  0.09325636692223326  0.10275063331974275
  0.11181622620823581  0.12093971989513913  0.13056962273058795  0.13960207344250786
  0.14863955142548466  0.15737779641346944  0.16709864314063125  0.17690963001479193
  0.18676578813282704  0.19615369060740689  0.20557574616243782  0.21538635291438832
  0.22511471898008092  0.23501599075304030  0.24470638684383372  0.25463009290224503
  0.26466961820971169  0.27500999542689802  0.28542260912439155  0.29600273190337167
  0.30670835677395225  0.31711325998483886  0.32704660240376288  0.33695911464107092
  0.34721420652742607  0.35781817551010259  0.36838230548796080  0.37884376255903041
  0.38929184373494763  0.39961973601083428  0.41016357322391755  0.42108728931860473
  0.43187270220680701  0.44256506186436262  0.45312993994264500  0.46384482356815393
  0.47454748604233599  0.48528097566383516  0.49603575394014016  0.50697059280349710
  0.51790918107730233  0.52905743665239835  0.54020684528694740  0.55150834915070679
  0.56269256473103857  0.57407882042282099  0.58527716659334161  0.59636186313838724
  0.60724711035825651  0.61818180038016146  0.62947805569797388  0.64051257801906003
  0.65139339941627350  0.66208532658412567  0.67314542535597044  0.68474110470295035
  0.69629118277777702  0.70769966882760982  0.71894653354330196  0.73027738948907683
  0.74140085914971876  0.75251442839753502  0.76401381762434906  0.77576227884261995
  0.78747030172962773  0.79852041875950408  0.80924791156895926  0.81987328802900439
  0.83102427067349982  0.84238679752897005  0.85347865206221196  0.86295767410612956
  0.87422525748324864  0.88487511081916548  0.89609018117375105  0.90766830016718991
  0.91955153010853330  0.93144229145797275  0.94370202299246186  0.95514670754919939
  0.96657198391434218  0.97764248626181371  0.98866689014451758  1.00000000000000000
 -0.00240158272852204  0.00958820278896849  0.01941431107748932  0.03006818832979044
  0.04092698823347361  0.05159014767891718  0.06224601704823043  0.07226116578292403
  0.08246721644876658  0.09252911786076265  0.10319255288987964  0.11385464168459260
  0.12450040055383139  0.13517007595627928  0.14555929981957591  0.15616128470991728
  0.16677397219767573  0.17748910439832577  0.18824977362014481  0.19896836100661724
  0.20972326350903989  0.22064839821408772  0.23159867938678594  0.24253713868408575
  0.25349263180243098  0.26420118330752967  0.27500897466927771  0.28558992279393247
  0.29646810993979134  0.30707921150324535  0.31735494356474397  0.32747478704231331
  0.33751492053434085  0.34799741984191657  0.35832798420656103  0.36885433990968386
  0.37922554736625486  0.38993641489827641  0.40094809440600732  0.41171617236751540
  0.42176709494545539  0.43203294654356628  0.44230667726902195  0.45254157176755205
  0.46354244514325188  0.47438916021230987  0.48484996313576245  0.49522385855314860
  0.50552412661537394  0.51562882255400888  0.52573626096460402  0.53607813899677514
  0.54680662362104315  0.55757781815578189  0.56833408974495847  0.57839251185214202
  0.58862663453433839  0.59869913777790584  0.60901135468149870  0.61928291557404791
  0.62954251201677081  0.63968671439737890  0.65003656903988638  0.66042290249079227
  0.67106166946607915  0.68182904024958113  0.69264187430115931  0.70375271134801265
  0.71468070154211316  0.72545246951659903  0.73637481135793115  0.74698522279478108
  0.75747628788135590  0.76821726854133576  0.77870539413050532  0.78937965994572545
  0.80015647464623885  0.81095772453636561  0.82230563535996970  0.83308347923780290
  0.84399162578084741  0.85436216637231299  0.86464452892557042  0.87475490759485142
  0.88505586678020920  0.89579856479135511  0.90656712490150315  0.91733610964143331
  0.92781957427412975  0.93795209186757134  0.94822308171160130  0.95855109204486655
  0.96912310752972686  0.97880740502649488  0.98955379135063359  1.00000000000000000
 -0.00234506802246320  0.00938670831217659  0.01960274153324313  0.03022368444769390
  0.04086529616255060  0.05107826161558481  0.06160438660230707  0.07202969212321322
  0.08225103070286260  0.09240171778294580  0.10294177730589264  0.11318322776568789
  0.12328042791480644  0.13364600463270399  0.14492563540226835  0.15631098963010534
  0.16746195682750392  0.17857035216633124  0.18921144402776852  0.19991992916185317
  0.21025170347424829  0.22010770188612139  0.23052873969166537  0.24068956472298983
  0.25105740299226609  0.26170936336490730  0.27222063973076793  0.28295621868844639
  0.29367291539819163  0.30428671578347244  0.31502902772833868  0.32590412627259890
  0.33666183408444506  0.34714211914385390  0.35759395585108417  0.36818809850565121
  0.37915629890172331  0.38997431238852026  0.40076567557199555  0.41137860221463374
  0.42178253910792840  0.43233251142917473  0.44326708373055806  0.45429132781323889
  0.46494458507574743  0.47513748038458103  0.48503387107550877  0.49512461290605286
  0.50550311772110446  0.51604599000002005  0.52649334742419462  0.53705696925529678
  0.54795658402391434  0.55896072697561894  0.56978143975801010  0.58027995966217394
  0.59109437066829518  0.60205167589099584  0.61296820742003189  0.62352596632831336
  0.63384275108282229  0.64396875073243010  0.65372900578498017  0.66366877433809013
  0.67375230239663475  0.68400519136808224  0.69414597262556821  0.70429407627455964
  0.71524399592922783  0.72585835290963296  0.73604715984151192  0.74609345065520272
  0.75671728354252643  0.76765154799613988  0.77857863878064282  0.78942136639459026
  0.80040666343324052  0.81151567965546378  0.82241936498287938  0.83311928380839217
  0.84351985241746597  0.85393585603303546  0.86449063319526265  0.87518679908392805
  0.88567916697491700  0.89568302386253185  0.90602624925563058  0.91587631697341121
  0.92620619653181013  0.93642590026407202  0.94728480051948416  0.95772865486676173
  0.96789886213682186  0.97854075462053136  0.98835354583767854  1.00000000000000000
   1.2233010706643705E-011  -1.0000000000000000     
 F F F F F F F F F F F F F F F F F F F F F F F F F F F F F F F F F F F F F F F F F F F F F F F F F F F F F F F F F F F F F F F F F F F F F F F F F F F F F F F F F F F F F F F F F F F F F F F F F F F F F F F F F F F F F F F F F F F F F F F F F F F F F F F F
  <DiscreteSampler_grid>
  grouped_processes
  1 # 1 for a reference and 2 for a running grid.
  10 # Attribute 'min_bin_probing_points' of the grid.
  1 # Attribute 'grid_mode' of the grid. 1=='default',2=='initialization'
  0.0000000000000000 # Attribute 'small_contrib_threshold' of the grid.
  0.5000000000000000 # Attribute 'damping_power' of the grid.
 # binID   n_entries weight   weight_sqr   abs_weight
    10   10   5.575959669668128E+000   1.587834301197122E+002   5.575959669668128E+000
    16   10   5.575959669668128E+000   1.587834301197122E+002   5.575959669668128E+000
    22   10   5.575959669668126E+000   1.587834301197121E+002   5.575959669668126E+000
    28   10   5.575959669668127E+000   1.587834301197121E+002   5.575959669668127E+000
  </DiscreteSampler_grid>
