  0.00911524191911930  0.01676906208085864  0.02752411715237153  0.03970884040919631
  0.05062763536964363  0.06196412910527790  0.07311438425985026  0.08424389004439427
  0.09287401008245379  0.10183502086789789  0.11080445643857748  0.12069622558357257
  0.13131728683961255  0.14174293166408608  0.15175375898124985  0.16165967584492497
  0.17145939474879357  0.18138260159871483  0.19137908704144349  0.20119994705870911
  0.21121531660712387  0.22157665537718835  0.23224891933414243  0.24321263843973548
  0.25391834870880892  0.26492309556041965  0.27626950593331140  0.28702978610608570
  0.29708972843316017  0.30712305307997800  0.31722746294986898  0.32763933250566935
  0.33795056394629430  0.34823040878695904  0.35837273226462557  0.36861407777389649
  0.37932874000258393  0.39020011800670568  0.40042966348100567  0.41039401906545647
  0.42047712134302867  0.43057233006668111  0.44068200655035772  0.45062598151602196
  0.46041210995131776  0.47038253372738476  0.48068892295395355  0.49143970003648135
  0.50172460021267218  0.51153702897429065  0.52161870954593670  0.53210685113625089
  0.54228271886202706  0.55168644123843402  0.56092018689087952  0.57101989305253731
  0.58187500768926137  0.59213326525609833  0.60201520372902351  0.61148388435663503
  0.62109025348881353  0.63119934220438156  0.64189271592081287  0.65367216700809816
  0.66519684627844888  0.67646605561702311  0.68742302889367479  0.69803350304954748
  0.70856715838806672  0.71917317635790212  0.72971802870642388  0.73992650601301446
  0.74979759976423566  0.75959686968091467  0.76935244416940807  0.77875817013499016
  0.78773798467259182  0.79754904633627499  0.80792164206659367  0.81872414940942195
  0.82909925576504195  0.84060006561512202  0.85241937813354307  0.86472881322421424
  0.87693118313711615  0.88909389669981898  0.90085275386338426  0.91220858164240015
  0.92320459618872619  0.93398809337504152  0.94499839778699324  0.95611519587376692
  0.96710525326701013  0.97775788444055711  0.98889641161671804  1.00000000000000000
  0.00909777822772849  0.01715566174258016  0.02761520884844075  0.03792462750903424
  0.04796561186117396  0.05800386669921972  0.06840755823211445  0.07879044059140504
  0.08962193718791236  0.10080777077487335  0.11191736086775471  0.12300120904507002
  0.13366951722964829  0.14392610998939398  0.15425500798317662  0.16456660473452944
  0.17534402136691232  0.18594135333437084  0.19735159297103635  0.20852182801621527
  0.21919098921590302  0.22937421945022143  0.23940245969886542  0.24940187937726777
  0.25972531721992487  0.26996773142048691  0.28017111555832502  0.28953269416148736
  0.29898670600995314  0.30799386251408511  0.31728171853687015  0.32675448683731595
  0.33789142962239671  0.35037182311087317  0.36191101062724373  0.37296323844591805
  0.38397375313075233  0.39495336085676486  0.40538697771420973  0.41608814897273905
  0.42714375098213986  0.43812977684023474  0.44885293637693296  0.45975751874663245
  0.47153294818679781  0.48270359160586834  0.49362428898074301  0.50369851633578588
  0.51301734402412336  0.52222785148147077  0.53166605740681627  0.54098208938806391
  0.55064696365937194  0.56010403787434471  0.57098381492927197  0.58124510038989985
  0.59144596303112262  0.60133402888832255  0.61213584880382865  0.62308065693703218
  0.63319891446634435  0.64324809523212068  0.65311773103483761  0.66298324085127736
  0.67308143916769503  0.68360186911391363  0.69453085767900580  0.70541574609864632
  0.71644276842614640  0.72724596493578320  0.73676782604087998  0.74626395634660703
  0.75646171908677695  0.76723114125556446  0.77773014357785120  0.78774357244531412
  0.79889452704541375  0.81021724556860375  0.82210991994892380  0.83325594448505602
  0.84361603239341976  0.85354120881950535  0.86346614955619516  0.87316634245253844
  0.88263303721946407  0.89193366023941278  0.90191435725293123  0.91239108452808182
  0.92264151389971960  0.93283995967890709  0.94338493866451334  0.95407136350891297
  0.96499281163300299  0.97568293759705860  0.98772315063716998  1.00000000000000000
  0.05732429795991829  0.05860147658229960  0.06053695082757096  0.06300235653753226
  0.06598604643081896  0.06964166403791706  0.07360036369389124  0.07747587855138953
  0.08140023297787272  0.08541861675505304  0.08954865625062425  0.09373367394074932
  0.09796573429017240  0.10227421522614542  0.10665386017221541  0.11105593148317069
  0.11554093366632069  0.12015348962422225  0.12476003341464893  0.12949685473815994
  0.13448343762612336  0.14009220124676322  0.14515166253548795  0.14853507401629309
  0.14916446794659571  0.15042825893143141  0.15162532194226613  0.15324763055526075
  0.15566254965445420  0.15805727272568795  0.16045812491734604  0.16287409958923030
  0.16528087010544906  0.16770935192916592  0.17013010511495311  0.17255598460501906
  0.17497838058483864  0.17740467164155771  0.17986105515233367  0.18232809773035222
  0.18481602067269423  0.18732460342429655  0.18985575098525470  0.19240519694254987
  0.19498966642958779  0.19761503359592586  0.20029955826774054  0.20300659128511445
  0.20572898590853325  0.20850687831995512  0.21128372002950171  0.21408774549795939
  0.21693716099288018  0.21985895492657950  0.22280464235710973  0.22577990075436430
  0.22875512620254501  0.23176095980821923  0.23484071406402326  0.23798580020882637
  0.24118096506941886  0.24443430756424145  0.24772273092514649  0.25103197844596681
  0.25438691318093554  0.25780181439028210  0.26127713155476834  0.26481994967005712
  0.26843821780502575  0.27214740029960699  0.27596549207906701  0.27986422303608433
  0.28387722903663964  0.28799707218490350  0.29221848912951748  0.29653128099865561
  0.30106993411711985  0.30577724117684718  0.31069775377620718  0.31585049575037255
  0.32124498432595672  0.32692751974908862  0.33297977993271510  0.33940367659907889
  0.34624654096764140  0.35374082904569565  0.36211377076293710  0.37148046493539338
  0.38202966061772659  0.39427120231459367  0.40941577591288875  0.42823797905483746
  0.45505144031000305  0.49820237572027548  0.58482472739155289  1.00000000000000000
 -0.00271483910628179  0.01032650252207930  0.02206971285823418  0.03439195498261567
  0.04586963170112662  0.05663900966744797  0.06739479328029759  0.07854070891872771
  0.09008925349840249  0.10166668873574129  0.11389917854965699  0.12591315634355846
  0.13842557050478912  0.15042968451344185  0.16238844979626199  0.17419134589832000
  0.18601195935987694  0.19789207363822869  0.20859571078382444  0.21828542981428561
  0.22809569192791943  0.23780200473028443  0.24690212386896399  0.25555683142662589
  0.26450316195656742  0.27354403392764387  0.28607984244485285  0.29718463582998439
  0.30854822347491034  0.31953413771085798  0.33043243108101544  0.34131930634031765
  0.35207056116011537  0.36318278015584238  0.37440304387117379  0.38537599406622569
  0.39573074157464921  0.40542526984821092  0.41481584809241501  0.42361459839900428
  0.43196012712801957  0.44018132468856197  0.44872483901391058  0.45718049215136486
  0.46607029807508304  0.47462125698144397  0.48366009221705092  0.49280880962310530
  0.50168112638295814  0.51072661715500234  0.52019921987566708  0.53076200968558240
  0.54123611631719071  0.55113102304596373  0.56067707742855333  0.56937083688710732
  0.57794844268608692  0.58632699749073958  0.59453416718388830  0.60267512802780110
  0.61139784869448177  0.62039350636117085  0.62984868604786337  0.63942095653106357
  0.64867177042824631  0.65805319823761566  0.66783230743406385  0.67798389682176363
  0.68825203618703623  0.69919276768056560  0.71048310518613178  0.72209188338404162
  0.73362061521165478  0.74526555329792821  0.75651967515990060  0.76753426266883351
  0.77846044662892833  0.78976759961492893  0.80127874256584564  0.81304690997144591
  0.82478781852965144  0.83657840527990901  0.84828893657591187  0.86003556688511107
  0.87188477570955947  0.88348406697244497  0.89484717858671403  0.90633310697233760
  0.91804393305002807  0.92976432200533699  0.94170970597549430  0.95362718012254333
  0.96458532053077639  0.97558251060059242  0.98737505699464589  1.00000000000000000
 -0.00265615843043538  0.01036321935877643  0.02149554943479495  0.03178181114953144
  0.04197650852589573  0.05194626102213198  0.06183173244961102  0.07027465812373548
  0.07898285302060196  0.08839504547849063  0.09837638776492513  0.10781372750870821
  0.11703409079185433  0.12674515720664090  0.13714549070448914  0.14764331264557859
  0.15829743004681046  0.16899634940717423  0.17994661056667066  0.19090665588711145
  0.20247462943465225  0.21352200899022752  0.22423724061441058  0.23463012446425760
  0.24510141682099512  0.25591937396617548  0.26716086978970627  0.27810390976841626
  0.28862114313447573  0.29871983716746442  0.30862989011776254  0.31846425347648327
  0.32782549029973052  0.33693660223617133  0.34610162916008186  0.35558255129490751
  0.36561714454841260  0.37605291769779947  0.38665992338610722  0.39748645259363607
  0.40866064649272149  0.41938667606947883  0.42942453960534416  0.43944120596229413
  0.44941748588871877  0.45891202037493906  0.46795503379426556  0.47686495233603488
  0.48670673071064396  0.49637859058985750  0.50573207737972248  0.51501923456676502
  0.52555855631547554  0.53622276799750745  0.54627135496875656  0.55594036470599750
  0.56610314145108298  0.57679248353490553  0.58705842436080857  0.59741269907560468
  0.60792959235860833  0.61889554176970907  0.63002547038033729  0.64171152903508177
  0.65320048886206539  0.66466369888253785  0.67538854369776335  0.68611737965777175
  0.69708725865617360  0.70817300893331803  0.71912379554030603  0.73028521814807756
  0.74218747223923320  0.75456361938414562  0.76699696506296700  0.77928734630344043
  0.79099106448819034  0.80202454909868859  0.81276691949056423  0.82352024318852379
  0.83442695261377553  0.84561328048719175  0.85725528947603302  0.86922033286588063
  0.88035101251563785  0.89052970085620597  0.90083119935082323  0.91081569616518110
  0.92070889032147663  0.93041783025202618  0.94040018294893046  0.95164619190898203
  0.96315980258572031  0.97536251781803263  0.98767730036681456  1.00000000000000000
 -0.00312278391188000  0.01265271064739283  0.02487396230379145  0.03595292722138391
  0.04709902179037136  0.05727907156594583  0.06701426811399472  0.07674225486229988
  0.08734540519055714  0.09882967327912125  0.10962208039443401  0.11953662340158115
  0.12952820827258835  0.13931206119890355  0.14936728483102862  0.15931480593559713
  0.16984617300074054  0.18144907567097168  0.19316732588671764  0.20488275910418216
  0.21667413255408249  0.22840485506171335  0.24001394718586930  0.25125276920198741
  0.26178857180845816  0.27220775177472911  0.28258694492032549  0.29281727286624837
  0.30308025091384183  0.31311085632427349  0.32406431731570778  0.33468388957133244
  0.34559625980925512  0.35600382258177199  0.36654156418597683  0.37712102669163050
  0.38771157068698847  0.39840399489349743  0.40900245447853706  0.41914830745049525
  0.42841672167369416  0.43764944051871779  0.44679136421890264  0.45616818639051659
  0.46577568195327163  0.47577287915143079  0.48621848625211711  0.49684386623757787
  0.50726822453270692  0.51756109547050311  0.52779014727185791  0.53795228509149162
  0.54814972226088776  0.55856366038991589  0.56855204803771253  0.57803022120590286
  0.58759726853783134  0.59708681033408284  0.60664511870779747  0.61621682562690838
  0.62609681897997382  0.63652006160502139  0.64718528208850423  0.65790627805562596
  0.66849198462920689  0.67885187060906838  0.68922426942733228  0.69985145739343935
  0.71022327426891185  0.71965913136408133  0.72878711351423675  0.73806594979405815
  0.74746303725326224  0.75643584356651139  0.76506356306087175  0.77389339775327493
  0.78300282581873726  0.79246718483840550  0.80237690602448064  0.81288226662706231
  0.82424862173792268  0.83636670137187163  0.84920373931203208  0.86216004547097758
  0.87473979368436405  0.88716719511569520  0.90010822817462111  0.91314438744943005
  0.92499073930413422  0.93568583362566426  0.94582385669692959  0.95594720075597295
  0.96645988539626537  0.97722595788207856  0.98863301058797681  1.00000000000000000
 -0.00232038696636593  0.00944848505674529  0.01908848730042281  0.02902387240272256
  0.03885824817933371  0.04891426811151685  0.05947612168247546  0.07078353981752759
  0.08203335003953238  0.09197514745271412  0.10141841101872312  0.11157958972783291
  0.12230262417991176  0.13292056016564133  0.14304798721872386  0.15407140438394423
  0.16579771815480382  0.17740902631440059  0.18854777392568531  0.19927845188110510
  0.21013739564052730  0.22107741235565193  0.23230362952264533  0.24366416696689294
  0.25413256369459813  0.26402495112090274  0.27397348694904505  0.28438183774859144
  0.29464860590359720  0.30436906919978379  0.31401293139620917  0.32501879207194911
  0.33555169952015723  0.34545291613961410  0.35529655680865818  0.36502868767030172
  0.37480194506855402  0.38459659548959646  0.39430927236111407  0.40466068486455109
  0.41482494900092731  0.42623571536962085  0.43704368642710745  0.44665045478336191
  0.45602717488300709  0.46606553719259736  0.47660887045571448  0.48696207323624024
  0.49710804634819400  0.50747987361884306  0.51785930738178099  0.52791399221487556
  0.53777287159735632  0.54773960491737128  0.55818252059328510  0.56892905723629894
  0.57981974489487964  0.59025912320637108  0.60085578586957034  0.61204708008659436
  0.62380149432464727  0.63487805295251409  0.64572402525730865  0.65663614053541819
  0.66778261750776846  0.67827868922982892  0.68829709052736621  0.69781219860743338
  0.70721594360052609  0.71667970926105606  0.72645509926822260  0.73699627898177711
  0.74779358641944171  0.75879581933835605  0.76973077412993973  0.78076091518821766
  0.79202029259446860  0.80359235841958676  0.81516804120779440  0.82650255254175642
  0.83792310364927058  0.84932130079336565  0.86084832645215370  0.87252985061739119
  0.88449932388153174  0.89635696955017352  0.90702498431320500  0.91742011166024340
  0.92781922856139776  0.93814628984911108  0.94825371780548628  0.95810866389534988
  0.96876307392506833  0.97926834547501818  0.98970680310131176  1.00000000000000000
 -0.00210304085125813  0.00876694505979309  0.01787490587655269  0.02774276584982276
  0.03786373055152980  0.04875471061308697  0.06113584163689385  0.07301942491885996
  0.08459945443720814  0.09520828634437652  0.10586866106437641  0.11663040555788161
  0.12709629584642917  0.13773357699485975  0.14810991339957191  0.15873234316387022
  0.16926070130317714  0.18013252618671002  0.19083712967033489  0.20163706263748463
  0.21207995952155978  0.22242834235582964  0.23271932019217498  0.24335432975056756
  0.25439717381200327  0.26562231970104777  0.27691664221667223  0.28812808674786616
  0.29916324205808054  0.31015933860330519  0.32051517375109806  0.33065773714322866
  0.34055030020757088  0.35057943883563031  0.36023907494701901  0.36957246633228658
  0.37899229172884907  0.38830121536945644  0.39790314342748323  0.40775847745741944
  0.41791676679187012  0.42826450551955025  0.43875261477957861  0.44924866667583907
  0.45969842290621665  0.47025843322813304  0.48039441685259388  0.48964876082559411
  0.49890236967813112  0.50877194568890860  0.51880021843541113  0.52841054364751994
  0.53778071931406690  0.54808359046264921  0.55940911055292464  0.57071947979184545
  0.58193677906557950  0.59293455641309489  0.60374275905177199  0.61411396076642200
  0.62394144690853104  0.63356347314419725  0.64293069660990620  0.65266389676250891
  0.66267737824138173  0.67361328279539445  0.68468275288371272  0.69557195603790134
  0.70629431377865759  0.71706136387311736  0.72795860744459517  0.73900612500562701
  0.75022689248523267  0.76151823793977058  0.77309748165469583  0.78509915582828560
  0.79683771964622685  0.80780490393822568  0.81847468751311947  0.82901764356071239
  0.83938891396979320  0.84950151852102340  0.85944035864151413  0.86901659767622985
  0.87858147493206340  0.88820492495300485  0.89822675068141333  0.90868942615549397
  0.91969779268243612  0.93155773156363597  0.94393681710553279  0.95649124491978244
  0.96837073752344915  0.97945976611562424  0.98990807820777971  1.00000000000000000
   2.1716031825835839E-008  -1.0000000000000000     
 F F F F F F F F F F F F F F F F F F F F F F F F F F F F F F F F F F F F F F F F F F F F F F F F F F F F F F F F F F F F F F F F F F F F F F F F F F F F F F F F F F F F F F F F F F F F F F F F F F F F F F F F F F F F F F F F F F F F F F F F F F F F F F F F
  <DiscreteSampler_grid>
  grouped_processes
  1 # 1 for a reference and 2 for a running grid.
  10 # Attribute 'min_bin_probing_points' of the grid.
  1 # Attribute 'grid_mode' of the grid. 1=='default',2=='initialization'
  0.0000000000000000 # Attribute 'small_contrib_threshold' of the grid.
  0.5000000000000000 # Attribute 'damping_power' of the grid.
 # binID   n_entries weight   weight_sqr   abs_weight
    10   10   7.724597035057205E+004   1.340364706882302E+010   7.724597035057205E+004
    16   10   7.724597035057205E+004   1.340364706882302E+010   7.724597035057205E+004
  </DiscreteSampler_grid>
