  0.00015356735733109  0.00021997920545267  0.00026925951843829  0.00031379175588655
  0.00035598951270444  0.00039831023018852  0.00045415938177822  0.00059328841837511
  0.00094198671578454  0.00140850022768647  0.00179657692724880  0.00217836586596361
  0.00264079984875341  0.00315372695468963  0.00357680864663484  0.00397543982419906
  0.00443608677174558  0.00496947162167490  0.00578706882064889  0.00674844175109475
  0.00777497641109615  0.00895412962607739  0.01028592076369193  0.01182129582084404
  0.01359370780214029  0.01559483215583066  0.01779403413404452  0.02017910153520858
  0.02295462179568635  0.02633052067315492  0.03051054636891729  0.03551465879286214
  0.04082154753719489  0.04607530278889469  0.05100916735739731  0.05517425710254827
  0.05824974087833325  0.06038294270572673  0.06190501486502999  0.06301001389582001
  0.06382686199260620  0.06445157108555108  0.06494499393576432  0.06534295737349306
  0.06567398662214323  0.06595858564908733  0.06620643735966848  0.06642395945407809
  0.06662014405041532  0.06680092206620425  0.06696799627246848  0.06712356445576408
  0.06727010937933184  0.06741006542163118  0.06754546601058646  0.06767742076212224
  0.06780721837626710  0.06793622945248995  0.06806601846146150  0.06819755206961739
  0.06833076971916867  0.06846910067955705  0.06861499006601880  0.06876907434654632
  0.06893214187737021  0.06910620909270186  0.06929573060850594  0.06950449010056983
  0.06973630962180208  0.06999831046078739  0.07030226244976424  0.07066404415451187
  0.07110078525210663  0.07163291249801228  0.07229546372913385  0.07315005042227207
  0.07428853045949188  0.07586922106783606  0.07820117708843474  0.08172959681502327
  0.08707352072716554  0.09517933661559241  0.10715222127875913  0.12398770796470002
  0.14551157944025078  0.17141627947675997  0.20358250267516215  0.24914873358641976
  0.31673849165079104  0.41168786401379609  0.52550417102185965  0.63247301963894365
  0.71428417173170389  0.81246899000723305  0.90818340766378669  1.00000000000000000
  0.00001458800242724  0.00003691781598847  0.00007223982473909  0.00010873859314074
  0.00014780672157694  0.00019075772305737  0.00024354503226854  0.00033258873353805
  0.00044541216403892  0.00058304498268236  0.00075001795948993  0.00095191111490634
  0.00121032129295051  0.00160992336994174  0.00208249932786593  0.00266861197157640
  0.00340609932275348  0.00443712719779030  0.00587192595555221  0.00791718473746305
  0.01099400306433496  0.01569943904715512  0.02265288025767153  0.03228485778400780
  0.04519265794029453  0.06087117381283558  0.07774990373936816  0.09546539247584715
  0.11358094441221868  0.13195302167261036  0.15050323113259853  0.16923853879701439
  0.18789938699859118  0.20642953761476002  0.22507303061974937  0.24376109137088769
  0.26230754352861924  0.28082277895766861  0.29945438648693751  0.31816751499365825
  0.33702561163165229  0.35575370845885124  0.37424679248712700  0.39279872559664963
  0.41147865898954117  0.43002851435240785  0.44854676544602740  0.46722303461758863
  0.48583450780284881  0.50418208826783761  0.52244469416288464  0.54073120302622035
  0.55904397135441630  0.57740836809377416  0.59582367564146954  0.61426773988534933
  0.63270500484130077  0.65111183027217001  0.66940762396591746  0.68766925281437685
  0.70582322023175803  0.72394477769788446  0.74197652373151979  0.75993049849191863
  0.77776839844219148  0.79554722460183047  0.81315551006360798  0.83039110567751739
  0.84770934292515676  0.86490971628355795  0.88173059881210170  0.89815267757586692
  0.91401444964514789  0.92910293513139397  0.94319581302845135  0.95596838903382819
  0.96696516960780121  0.97593218296703244  0.98276134277483873  0.98764637831939694
  0.99095964431924377  0.99339569932029426  0.99517837737613646  0.99656986621083188
  0.99764764306636911  0.99834998298141442  0.99880693501977436  0.99918212857025424
  0.99939592373771724  0.99953287191337925  0.99963085092111315  0.99970885918630126
  0.99978216070847248  0.99985463045154788  0.99992859583823590  1.00000000000000000
  0.00041267160100950  0.00072271345949450  0.00089842020275577  0.00106640905700411
  0.00124816271729482  0.00144759255762742  0.00166628227812630  0.00190779056367219
  0.00217274514493704  0.00246132123075134  0.00276636847358422  0.00308413239452763
  0.00342341696278167  0.00380990234394117  0.00424765573153466  0.00472376483107863
  0.00522468000645919  0.00572981516731664  0.00623674883732552  0.00676346943338006
  0.00729078684599170  0.00780138709229601  0.00832669218639587  0.00884986281048448
  0.00940467986164899  0.01000159265156007  0.01063324945121336  0.01128950649137030
  0.01197004906916419  0.01266931850967759  0.01339178325315488  0.01415528306596960
  0.01496791855619957  0.01582132797643737  0.01672541670430187  0.01767589207329528
  0.01868961524435588  0.01975956788551736  0.02086546545465581  0.02200060963097461
  0.02310672896078881  0.02427948265828847  0.02554579971612279  0.02687095676580628
  0.02826092125069771  0.02974474083097244  0.03126447842082296  0.03280835194230539
  0.03441936812979972  0.03605625182846270  0.03779784717005567  0.03966237047271447
  0.04169797808800353  0.04367892456333457  0.04535136124811940  0.04710378931921393
  0.04892332750725630  0.05100600449688748  0.05362936604512992  0.05642222309908466
  0.05938324980469460  0.06244483503584349  0.06562217085978730  0.06894180654366668
  0.07245111832083602  0.07622499351836927  0.08023239869923768  0.08468148589811701
  0.08941674450259537  0.09454539206132630  0.09979056466460677  0.10522183231605253
  0.11085719772883711  0.11677332275090672  0.12346461350063870  0.13081055518454049
  0.13898076451296715  0.14772805055806359  0.15735003119935229  0.16762864279135994
  0.17902291513182264  0.19116109419854169  0.20407970017425014  0.21774439424438671
  0.23231559248581590  0.24805981317743894  0.26498008103211418  0.28329517231691415
  0.30315194225853392  0.32373549002391194  0.34573544885783380  0.37076930781170497
  0.40171919430074360  0.44368383369268477  0.53752261495706766  1.00000000000000000
 -0.00241350799519848  0.00802683476479550  0.01785363816206657  0.02754173503310518
  0.03749317246312633  0.04702259519431477  0.05625258922231228  0.06554759757995424
  0.07527219180640395  0.08504537896727556  0.09438424692041988  0.10325052069997148
  0.11192004665408729  0.12094699918429283  0.13033770226935384  0.14016783310082018
  0.15003727630639443  0.15965946362965172  0.16902634060779193  0.17850076325345104
  0.18815429876654721  0.19796522290466698  0.20795305867979930  0.21812944888725197
  0.22839116310568575  0.23844923820258754  0.24830652574466114  0.25819621220409322
  0.26836733183172323  0.27824651145360113  0.28749503742327154  0.29667560604122545
  0.30625758619169502  0.31664167721608077  0.32734969896011457  0.33800301851764003
  0.34850760091100386  0.35884935357875380  0.36923843144946755  0.37983390407019402
  0.39060890469126608  0.40162289165677401  0.41274121395491559  0.42389999540995432
  0.43511429838576249  0.44636879321403011  0.45776861331786178  0.46923219808862920
  0.48068799710775401  0.49214985022590857  0.50353030795740072  0.51490328238008631
  0.52632984861678711  0.53796122498387999  0.54950723633819898  0.56094347314096782
  0.57231829996879569  0.58381477961828532  0.59539335684579398  0.60694145406704525
  0.61804984067883051  0.62928369508769688  0.64067401730201790  0.65246150491464694
  0.66428557154905910  0.67598167479279858  0.68742942336326385  0.69877376446261397
  0.71003629263450363  0.72156601318311198  0.73320081038679541  0.74456258581478163
  0.75557171927500333  0.76656132200221139  0.77815328777604520  0.78966419784520492
  0.79902014059268178  0.80769114248974661  0.81611473893542319  0.82437558001470990
  0.83522472940242443  0.84643282640866979  0.85710571040439421  0.86849401811028126
  0.87961317600356737  0.89072004157694540  0.90173061516748965  0.91253207739695763
  0.92325555411459381  0.93349637831511934  0.94409747334493943  0.95484889994199906
  0.96602035170234646  0.97778646764927735  0.98806495360085589  1.00000000000000000
 -0.00260357854232470  0.00952279736646514  0.01993638217031419  0.03121401244287738
  0.04225834396477417  0.05358480110399756  0.06462796842004090  0.07542954238578194
  0.08614436856176104  0.09721102441171510  0.10823703707144076  0.11645158310362690
  0.12428584022175568  0.13310358913864695  0.14168482872484650  0.15125772462697393
  0.16189430629041168  0.17256315695525390  0.18290200978674864  0.19305768550424368
  0.20334412228692814  0.21411797284446588  0.22507224689485544  0.23596188379217051
  0.24670812762949254  0.25723699646549048  0.26772907490747733  0.27829062134919219
  0.28895630748172280  0.29944602822402455  0.30983890998166735  0.32038602477717787
  0.33133585067645804  0.34259732469395004  0.35360976675669736  0.36424565216400900
  0.37481065550951348  0.38548081360145425  0.39634940276507280  0.40731958317139849
  0.41813866248855830  0.42896843907543974  0.43963689078058393  0.44989066512364750
  0.45984427895733243  0.46999605917163778  0.48061017072686196  0.49148812131570918
  0.50192558994479686  0.51220832634065505  0.52264969134511641  0.53357044267162312
  0.54445352981393236  0.55493075343716425  0.56523886346178620  0.57567420517987855
  0.58649198492582044  0.59757999181710508  0.60876335466797882  0.61974676537020645
  0.63063971338035774  0.64144268261316595  0.65240898384385737  0.66324046882537391
  0.67408381602005796  0.68480100782406306  0.69560174505701222  0.70640274841431405
  0.71727317568705551  0.72820250545843412  0.73904904283689032  0.74979921754153844
  0.76005831681563252  0.77004336073473034  0.78000879802617018  0.79027938008079113
  0.80112744698970650  0.81200318533542371  0.82284713147661248  0.83354454880609019
  0.84366894063823661  0.85388153410128331  0.86385075533727163  0.87398857576045075
  0.88390449553598460  0.89397910008128456  0.90460976764433221  0.91561163756354147
  0.92674903074554571  0.93713611207491421  0.94701867239340909  0.95725366507671739
  0.96763497787878194  0.97827315233732615  0.98904914948492284  1.00000000000000000
 -0.00221314160689937  0.00814816505759760  0.01844447799901213  0.02843143913282487
  0.03922362612025889  0.04679745131735904  0.05468849680700599  0.06226886090558807
  0.06959017234570875  0.07891715482420336  0.08846514447427364  0.09770305354799745
  0.10701588119874798  0.11683376875898431  0.12675512644762457  0.13653415091203519
  0.14631168834760649  0.15614095084290730  0.16595186932649628  0.17568386240901734
  0.18511147321959129  0.19445625934502969  0.20396095721930302  0.21375019315993815
  0.22359734462026376  0.23358036422075210  0.24375914628209883  0.25406640424586469
  0.26441015097922699  0.27433604185858662  0.28432115552669862  0.29438031599463560
  0.30499900308168909  0.31583276345647998  0.32626651981213106  0.33644019409159870
  0.34674924749079755  0.35759901546169143  0.36869022628004872  0.37962813215127672
  0.39037818893273390  0.40111532488617058  0.41211015545083274  0.42307863194337691
  0.43375299156790853  0.44443701535496372  0.45533556470955011  0.46672158534248365
  0.47825492706894029  0.48969957556547439  0.50094277122120001  0.51197580617594984
  0.52300892719190084  0.53379468944382813  0.54454809876214516  0.55538356820644086
  0.56637395487971642  0.57754294258069583  0.58854733776391899  0.59924711425599897
  0.61005405106974009  0.62111978931054168  0.63259008826010954  0.64432926608798136
  0.65570512126581226  0.66709317619874087  0.67858343499828011  0.69016540579875907
  0.70153801988114972  0.71288575304207202  0.72447983015697703  0.73645123895797593
  0.74831114286365108  0.75983859957358801  0.77057558303490170  0.78148700663464354
  0.79212648081783554  0.80338791013725719  0.81475524043094627  0.82629780365117556
  0.83780820561098246  0.84956088248059014  0.86113221923755856  0.87189576602867547
  0.88205038415911763  0.89206543785941073  0.90329709653590673  0.91435499859847769
  0.92512072790502942  0.93596555984186769  0.94675883085614587  0.95755465040598009
  0.96808830862997519  0.97893125067707709  0.98929347308399529  1.00000000000000000
 -0.00226394273357184  0.00909714580018979  0.01896188231828360  0.02934537734327403
  0.03985788888495687  0.04996182526446270  0.06019823430737442  0.07044411875396638
  0.08141261145118281  0.09215735808643302  0.10339037516855934  0.11379632176440138
  0.12433866468952602  0.13435930772742963  0.14440781091232574  0.15458133569141064
  0.16490812159165560  0.17573753843005790  0.18674542766691982  0.19782770416426143
  0.20862653650652510  0.21912439333237696  0.22956259988561442  0.23989829310912691
  0.25019374138912065  0.26001975346639511  0.26742674081068124  0.27566964410200490
  0.28402776164770416  0.29355446047953127  0.30435027427615724  0.31521756919000216
  0.32612827537137995  0.33700665241632927  0.34771467208030654  0.35816738419917887
  0.36840326027202963  0.37861567707747223  0.38906639614873867  0.39989704414063015
  0.41090868894602373  0.42190601161737579  0.43262650280032861  0.44309808746325424
  0.45361439796798092  0.46423963300448923  0.47481873946948744  0.48518632504319992
  0.49543447759320580  0.50565396742281143  0.51569039391902982  0.52561216166286440
  0.53576773030593294  0.54631065071992846  0.55749960235569151  0.56821038185681016
  0.57824847796367651  0.58833102591034170  0.59860157140886294  0.60923391371013158
  0.61975996093539010  0.63010962013512839  0.64063945868218020  0.65153281729979495
  0.66269478490349232  0.67412771064376742  0.68557859010437239  0.69679680926442011
  0.70786080898819925  0.71903674063888590  0.73006881578380167  0.74047108784656024
  0.75079673609996322  0.76144360503138253  0.77268396936567973  0.78376924417998062
  0.79477472439498642  0.80588935522566829  0.81655271774960991  0.82676445388631203
  0.83697877774585439  0.84752913355969983  0.85838751399201263  0.86945004860741693
  0.88039565035972478  0.89132205691283373  0.90213305238219432  0.91313544901343358
  0.92416849372323184  0.93531413437012012  0.94641462559875056  0.95750389656773938
  0.96851272026845980  0.97928368635594565  0.98980408798811459  1.00000000000000000
 -0.00221131630699011  0.00836848225823383  0.01973191474228130  0.02958026862154753
  0.04019199364491479  0.05070500532240688  0.06174217295142467  0.07263610982922508
  0.08288705697246612  0.09280516969319091  0.10297141407067126  0.11352697450461739
  0.12461535719730285  0.13594174604445519  0.14718241311972124  0.15831852091302198
  0.16909775194999874  0.17965979669992302  0.18996547298914723  0.20020554791659012
  0.21026012203702310  0.22047964045869942  0.23056482160259384  0.24089409988481711
  0.25145569058895073  0.26240801736133390  0.27352969399568811  0.28454686303035259
  0.29545773024581501  0.30627545756859242  0.31668141783827253  0.32704114198600831
  0.33750840075985383  0.34837206654096892  0.35952463701663168  0.36941596559899814
  0.37804716324841325  0.38667498410643980  0.39532311374635493  0.40396575449744776
  0.41587837845435188  0.42651618703996175  0.43682931965667771  0.44669623674860864
  0.45598592547451600  0.46604129227810542  0.47629053059669219  0.48724874286741821
  0.49831363527311084  0.50937869658916890  0.51974806122785966  0.52960814716224347
  0.53957930913823571  0.55004611310938878  0.56116088677824250  0.57236620265869642
  0.58349408357055466  0.59459543102429713  0.60575654655074962  0.61661412100188773
  0.62766567322117151  0.63866466591321913  0.64984495435981049  0.66081894813199971
  0.67164361070615097  0.68246909242486187  0.69302040000151111  0.70344473864351220
  0.71327109579699044  0.72330132477647446  0.73317641839132008  0.74334589978013177
  0.75357880929838839  0.76405803264147942  0.77444508279416358  0.78458658522586233
  0.79523049315592154  0.80655023248427182  0.81757546392733071  0.82789729135210754
  0.83815377383234990  0.84858378156748149  0.85931525302403211  0.87004012242815465
  0.88092496527371622  0.89182531431923184  0.90271330100022662  0.91349999287249395
  0.92452936983677536  0.93583242562497126  0.94701762657850752  0.95756696728477286
  0.96809730271054373  0.97878929513421187  0.98958208311546958  1.00000000000000000
   1.2216691292762209E-011  -1.0000000000000000     
 F F F F F F F F F F F F F F F F F F F F F F F F F F F F F F F F F F F F F F F F F F F F F F F F F F F F F F F F F F F F F F F F F F F F F F F F F F F F F F F F F F F F F F F F F F F F F F F F F F F F F F F F F F F F F F F F F F F F F F F F F F F F F F F F
  <DiscreteSampler_grid>
  grouped_processes
  1 # 1 for a reference and 2 for a running grid.
  10 # Attribute 'min_bin_probing_points' of the grid.
  1 # Attribute 'grid_mode' of the grid. 1=='default',2=='initialization'
  0.0000000000000000 # Attribute 'small_contrib_threshold' of the grid.
  0.5000000000000000 # Attribute 'damping_power' of the grid.
 # binID   n_entries weight   weight_sqr   abs_weight
    10   10   1.927499354834020E-001   1.551341633313930E-001   1.927499354834020E-001
    16   10   1.927499354834020E-001   1.551341633313930E-001   1.927499354834020E-001
    22   10   1.927499354834020E-001   1.551341633313930E-001   1.927499354834020E-001
    28   10   1.927499354834020E-001   1.551341633313930E-001   1.927499354834020E-001
  </DiscreteSampler_grid>
