  0.00937720050579654  0.01588378322585934  0.02539278741822035  0.03567220614612714
  0.04569307951458959  0.05573679758031665  0.06604300470363550  0.07696974221289636
  0.08794687993030997  0.09900228453552870  0.11003953670113815  0.12129227656944873
  0.13203333373386142  0.14277414724666798  0.15319286261537093  0.16363675386103543
  0.17410797615047519  0.18405420462915933  0.19391446496898146  0.20388030682570915
  0.21343878127955096  0.22316640544110977  0.23308451543397782  0.24358091461489889
  0.25416711933775848  0.26454312791479007  0.27482149076146362  0.28564981923996152
  0.29640561604179716  0.30720315048784369  0.31792456703433047  0.32860380030708081
  0.33929583516297623  0.34989650862641869  0.36044593556601817  0.37105265636153467
  0.38190576085821487  0.39264589708012715  0.40328260035216651  0.41352642958273816
  0.42389632145706024  0.43406331732154313  0.44428680107808283  0.45475782848524626
  0.46435525120852339  0.47402107223929096  0.48383838251250150  0.49363077485115037
  0.50350177535181062  0.51325481544628693  0.52334206928169880  0.53452813219945483
  0.54529037805491953  0.55547953755465163  0.56589299018437522  0.57659979758938196
  0.58708331428397942  0.59746486393460607  0.60814008772384109  0.61922917969981717
  0.63023093724309143  0.64111521638438695  0.65189050478254273  0.66258809858909606
  0.67318132264702801  0.68386934676251376  0.69408209310558378  0.70390668540322510
  0.71420680172031825  0.72473220590562526  0.73486592025618247  0.74484686105591813
  0.75517511470352605  0.76630010419333205  0.77739317363864713  0.78842511388035630
  0.79930654593136863  0.81006852638759885  0.82055911262337378  0.83104883289749587
  0.84157346960710011  0.85202433783000775  0.86256521453969992  0.87302980672656827
  0.88325749491669492  0.89344774733534160  0.90377609559046934  0.91386087045359954
  0.92380560114291188  0.93363866458023292  0.94383608642155503  0.95435666613509973
  0.96497974260263231  0.97592637615018141  0.98764109179741377  1.00000000000000000
  0.00885947279969663  0.01723923307245970  0.02821593659457061  0.04002233781306260
  0.05107503998598300  0.06169887086836823  0.07192873359823471  0.08212387358672865
  0.09221578866197326  0.10216280132388354  0.11256836417871470  0.12310992787840624
  0.13399059422803306  0.14479352438904483  0.15446544746697830  0.16412411172008248
  0.17398115009007045  0.18376932417863076  0.19377615152487282  0.20397012300817940
  0.21427436054799287  0.22464292856364670  0.23493572633276744  0.24544513271738222
  0.25620992794938940  0.26710115697844572  0.27837915937870372  0.28985779462486805
  0.30080376986054480  0.31175135912020818  0.32276650293658660  0.33379360203796404
  0.34463997349031000  0.35497034424526663  0.36524949972190057  0.37531114612883815
  0.38553128307062962  0.39595506584739854  0.40652772445422941  0.41702842449894401
  0.42740592910002867  0.43765300315630890  0.44802413161160831  0.45831470002908958
  0.46863297839891332  0.47909371253762717  0.48971517396250863  0.50067445687340839
  0.51172319620423246  0.52245345551636790  0.53276318103466958  0.54326094506512046
  0.55433682558351771  0.56514598937845373  0.57518808800638221  0.58513348154273515
  0.59532300079224676  0.60571387564116086  0.61610042711409896  0.62680462404696269
  0.63786433789415586  0.64868242339431492  0.65936568715831012  0.67033832733168219
  0.68135647379328335  0.69244629116382272  0.70341648514435839  0.71439528963789389
  0.72537580960055359  0.73630007537772901  0.74705820844444248  0.75748934657015343
  0.76770131460068003  0.77752844797304932  0.78719389371515702  0.79681376517873770
  0.80624470143468641  0.81553305509343188  0.82505572485258061  0.83537189657549338
  0.84639920224100706  0.85719413099600394  0.86708379840453298  0.87709189188330849
  0.88689229180599649  0.89695698665233847  0.90732586540154359  0.91720707807791324
  0.92835285032135273  0.93930699776913129  0.95091592346985820  0.96213170603921894
  0.97304175924044622  0.98302506817679636  0.99112300187464963  1.00000000000000000
  0.05691720487027276  0.05776168427956332  0.05953559367820801  0.06176965863873023
  0.06389068448685052  0.06633216439961244  0.06907765909014525  0.07199628770229981
  0.07485663391211309  0.07774821296410708  0.08067739487197029  0.08364353710140481
  0.08675341815911899  0.08990699685868531  0.09308781884745110  0.09628408388964685
  0.09960264609708673  0.10298327342945741  0.10641823522269457  0.10990099146443132
  0.11344953123735617  0.11702838053714318  0.12068985250974838  0.12445491013223381
  0.12823006823234140  0.13201658654745166  0.13590134793665837  0.13988320694096809
  0.14389675124750712  0.14803115215334917  0.14904009399353238  0.15056868124882011
  0.15216646765491143  0.15431258194534278  0.15680195340171121  0.15929178786161796
  0.16177769343654544  0.16428525756349852  0.16681471708481801  0.16935927420219513
  0.17190818350116749  0.17443517169050679  0.17696052875699453  0.17950666956992975
  0.18208483608634882  0.18470975171372317  0.18737693681540107  0.19007936432375927
  0.19283574224637909  0.19561914347529799  0.19840421483776799  0.20120278560502969
  0.20403964433195804  0.20691398033919983  0.20983113967186642  0.21279336702398380
  0.21578021202105499  0.21877637624521221  0.22179391518550848  0.22487667114320986
  0.22802969516240504  0.23120521943551797  0.23441533039004381  0.23767960191381149
  0.24100132511661468  0.24441909950343732  0.24791209135839790  0.25144900425986128
  0.25503582755595405  0.25869202248555473  0.26243556603782237  0.26627922780927626
  0.27019931435822547  0.27420589598822570  0.27832467026383267  0.28256767254619963
  0.28697784047455827  0.29155461117994802  0.29629124652389260  0.30120274054676732
  0.30628032395923155  0.31159937959195982  0.31728593360712382  0.32334975109300640
  0.32986691515849814  0.33692105975002007  0.34460045230010755  0.35314285682740743
  0.36280783149121087  0.37419563290884705  0.38781513232542036  0.40495264135893283
  0.42792202716375399  0.47329034540711390  0.59534425507843913  1.00000000000000000
 -0.00273342418405942  0.01102760940845887  0.02342888151491426  0.03602826886186731
  0.04869597945233220  0.06034378671015634  0.07141563002513623  0.08198700025633779
  0.09271514480485103  0.10336055700987874  0.11431175982600389  0.12560609699391620
  0.13706227505063012  0.14852152999453563  0.15982685775057268  0.17110546307428631
  0.18237378332089735  0.19360126473319356  0.20459237223809751  0.21537777342435993
  0.22586655352722676  0.23636072750374007  0.24642482666171686  0.25637699505720785
  0.26635955930940197  0.27659990974494780  0.28685887040417729  0.29728726549099632
  0.30775046834663916  0.31766093842886090  0.32691071757797313  0.33598759196595274
  0.34517499333297424  0.35431856644521281  0.36337189991697205  0.37251957241588557
  0.38215246919772272  0.39213265903597166  0.40180775313581252  0.41101770909106933
  0.42006818950045127  0.42923860803483960  0.43867064394687783  0.44835284790776503
  0.45826728862246791  0.46846235088279198  0.47875562609092776  0.48897779032139393
  0.49913082408048182  0.50916668571191281  0.51927778388544965  0.52942615956894323
  0.53952677424567630  0.54947730477754619  0.55925469711348652  0.56895292337455750
  0.57850785308207731  0.58857681551887353  0.59856318216605786  0.60822766080276647
  0.61791612681997421  0.62732892109518323  0.63735834577898431  0.64741316407255056
  0.65730889588073638  0.66765853928944674  0.67781474199136527  0.68857619438774087
  0.69911609795537866  0.70981015966603100  0.72039601688028410  0.73118659133855013
  0.74181824510344119  0.75223502612777970  0.76269370978247097  0.77336904039942411
  0.78432095807795887  0.79516256301015908  0.80568536568366667  0.81607541151841778
  0.82657724780489106  0.83704921023269685  0.84786634383063386  0.85923703747063351
  0.87088915128757871  0.88208668034873616  0.89302760930900826  0.90407054513524576
  0.91532672729440567  0.92670098991985272  0.93835051505590072  0.95065047723015239
  0.96253821269303508  0.97433813576157635  0.98679438048070411  1.00000000000000000
 -0.00225814242139084  0.00890670140665672  0.01845860515123258  0.02892917921781731
  0.03931628783134131  0.04982523011987224  0.06011141730010286  0.07126806293574213
  0.08196469141357300  0.09280404623115633  0.10307104750719437  0.11373964201794777
  0.12427014683264556  0.13529951292578529  0.14628318802763626  0.15723607677285048
  0.16799566142336006  0.17920942036816478  0.18998310190183798  0.20034348272002189
  0.21042539129771282  0.22027409406606180  0.23004608223664777  0.23991273753657913
  0.24969967304290946  0.26039467631252428  0.27124869313139843  0.28213158342695527
  0.29300038169667841  0.30425762690061714  0.31498808726473188  0.32547933591838413
  0.33607757420658430  0.34674743847204448  0.35738413148648102  0.36791093111193351
  0.37846500080423845  0.38873370274448776  0.39916638669397791  0.40953637322254882
  0.41981233511343374  0.42988678504330330  0.43968188365997218  0.44985457627919401
  0.45993983204010863  0.47054536655178125  0.48113467461670223  0.49235168946523661
  0.50337747555869128  0.51417827240220126  0.52468325271400251  0.53500628192247723
  0.54530732916349778  0.55591316122037948  0.56615922910104111  0.57722464937931495
  0.58785518720258101  0.59923144349189639  0.61002414794198212  0.62116186835441245
  0.63222645452655180  0.64346192521381085  0.65478262876077331  0.66584933159231430
  0.67674800136684399  0.68752569831451849  0.69826694595417982  0.70903721936916453
  0.71967629007372103  0.73030671245880741  0.74111701523163709  0.75176356982106995
  0.76245744014272943  0.77254305452715266  0.78247036437200013  0.79271273862240954
  0.80278778024366215  0.81280779318998375  0.82267218080468019  0.83290203555652309
  0.84369202216601025  0.85462829494912906  0.86489973597648584  0.87486088718057475
  0.88472686738376505  0.89514950234627166  0.90530998896905546  0.91517995984623668
  0.92528431008105383  0.93537002048525297  0.94536443325253405  0.95530595030363508
  0.96559559813767959  0.97687330401503814  0.98822063774084545  1.00000000000000000
 -0.00284573840622729  0.01136444369448490  0.02316853665690857  0.03556908412295239
  0.04764483761468315  0.05940385441960040  0.07141694016039850  0.08326111796302736
  0.09483748470419801  0.10587570005198162  0.11706771004739290  0.12867235635455213
  0.14052842579023933  0.15231408723584333  0.16347587853533530  0.17470220809436654
  0.18601332637187229  0.19652510662463266  0.20631469726185039  0.21563671022859160
  0.22501087775701165  0.23478406970674193  0.24417108055848019  0.25357925305091739
  0.26334635176433374  0.27362775781575138  0.28438875483577492  0.29532379031990286
  0.30603430307531476  0.31659974199790736  0.32705516717940059  0.33716283042596801
  0.34720844598295475  0.35719381713454745  0.36712264114888254  0.37704768522689147
  0.38669557981044572  0.39645464186077756  0.40674649651060735  0.41716938228848088
  0.42730591235147480  0.43723773646603392  0.44722242043484978  0.45713503799994898
  0.46675754632948363  0.47625313675552822  0.48518759244020970  0.49439045599011400
  0.50382767233606374  0.51300166056148222  0.52208884763732777  0.53085397370964127
  0.53961661158234520  0.54837112433354496  0.55762070416279585  0.56689399473027480
  0.57640036358907554  0.58574087562910704  0.59515950262362960  0.60456008102701786
  0.61430842877628022  0.62430978858326158  0.63448814396638142  0.64471109542567029
  0.65497352175957413  0.66532474811296971  0.67591780630224330  0.68664044350012909
  0.69724338222641979  0.70761087908795273  0.71795317990478102  0.72866593112674616
  0.73966564973818505  0.75075225497592679  0.76132217402599256  0.77207418652466764
  0.78288691327174931  0.79363898024366208  0.80454373858951433  0.81542093300209484
  0.82609117850048142  0.83639579020867338  0.84660357552098031  0.85701654647156778
  0.86764175061697268  0.87844486748054540  0.89013022869459535  0.90177769246301731
  0.91341116821589652  0.92555263608817662  0.93708446830711345  0.94932703263669493
  0.96166460564421241  0.97431856021978558  0.98722829881869800  1.00000000000000000
 -0.00212197010430838  0.00849106460783234  0.01779158282647400  0.02793950017971251
  0.03801629260615390  0.04815732564404876  0.05783775166726991  0.06783728840378835
  0.07786399627143838  0.08765508223095064  0.09786660997461727  0.10819648028381378
  0.11888753371052220  0.12950081578922223  0.13963739456972946  0.14995903019196832
  0.16008296638829916  0.17020841685105009  0.18040779854976682  0.19053044250306511
  0.20087620427779959  0.21172339741581750  0.22319214385485109  0.23514541797656952
  0.24648954342610732  0.25707455395280954  0.26770260331341661  0.27864479913781692
  0.28995161362684452  0.30068396332029779  0.31157856000064982  0.32219619783009090
  0.33274815517560846  0.34243993813352719  0.35211620662631621  0.36230649086228317
  0.37240528796000333  0.38233806627196598  0.39208616614434305  0.40233568686792348
  0.41292446192277887  0.42347314582656387  0.43403383959449460  0.44492349727512948
  0.45592998150347364  0.46642154576789113  0.47683023168840560  0.48727952776897854
  0.49842497118281259  0.50943684736818262  0.52065176870800201  0.53208819240301664
  0.54346204079899607  0.55444598875812334  0.56524088339666179  0.57555499340574057
  0.58633756118794422  0.59678324682958706  0.60679739471006566  0.61612559277980161
  0.62536417864688332  0.63543339673708421  0.64540548344566584  0.65557533655889866
  0.66583868324705264  0.67631943675438866  0.68655141259376107  0.69675189568603735
  0.70694773996538873  0.71711176667314414  0.72736226771163182  0.73808725748287518
  0.74943104542628547  0.76036783267178110  0.77139558701543931  0.78243193452543058
  0.79354901323251326  0.80470361955773395  0.81601827715375908  0.82727785191931402
  0.83773552320771372  0.84781958626641629  0.85803990601039859  0.86901397971359673
  0.88003201537972697  0.89079296348050496  0.90138922983503267  0.91191336909586007
  0.92202779178142324  0.93198911458776701  0.94261474338493378  0.95395041874000130
  0.96557882220743341  0.97706806548489744  0.98857247308203455  1.00000000000000000
 -0.00247993266957078  0.00953880039313473  0.02027164685859401  0.03100780371701595
  0.04150758309849762  0.05137308055953642  0.06138737245192102  0.07155641749401981
  0.08158491054318356  0.09132392536110845  0.10068468421125118  0.11091449402959908
  0.12118302864663537  0.13130912913537057  0.14111285666940288  0.15165521721205125
  0.16264065961594357  0.17373783518213690  0.18494376501914345  0.19646342781255954
  0.20766007228500527  0.21882039456503083  0.23001420094625610  0.24101935802576357
  0.25171389726677174  0.26205667613053035  0.27254678681212824  0.28340905957703683
  0.29442642119299578  0.30529319564596052  0.31585387887233213  0.32617811431523774
  0.33652251409418127  0.34672732781542892  0.35696892365179900  0.36729632413312979
  0.37770858002631835  0.38786649286403091  0.39791856387523600  0.40792630257376666
  0.41800346179999431  0.42825969645166728  0.43857550624927061  0.44921161584674779
  0.45967374227222985  0.47039249459747506  0.48075463190430989  0.49093385003405376
  0.50115616003410923  0.51162842363649419  0.52173831071617283  0.53165904636369687
  0.54144150080701769  0.55246467539543020  0.56360333075836488  0.57473305911029560
  0.58545453698079597  0.59581506286039565  0.60622819975158182  0.61672065794370479
  0.62749938010483619  0.63858231575625601  0.64933046759793234  0.65965752063557015
  0.66992431906754368  0.68028541280805610  0.69080692359422291  0.70149855776664027
  0.71265305691378533  0.72419730125318793  0.73561680666450591  0.74715544154817093
  0.75867016493113526  0.76981618233188054  0.78073627233614518  0.79165924091345496
  0.80274933374314827  0.81380621081515103  0.82487325936846789  0.83585128773346684
  0.84706812625794825  0.85781367870488656  0.86826739077504378  0.87870098292062981
  0.88902396302885001  0.89952067031207150  0.91029992748170330  0.92065389332333136
  0.93043377851034670  0.94000020004784735  0.94945527395659579  0.95902190220215122
  0.96878167307765217  0.97821018002428473  0.98914565571465785  1.00000000000000000
   1.1058911948184502E-008  -1.0000000000000000     
 F F F F F F F F F F F F F F F F F F F F F F F F F F F F F F F F F F F F F F F F F F F F F F F F F F F F F F F F F F F F F F F F F F F F F F F F F F F F F F F F F F F F F F F F F F F F F F F F F F F F F F F F F F F F F F F F F F F F F F F F F F F F F F F F
  <DiscreteSampler_grid>
  grouped_processes
  1 # 1 for a reference and 2 for a running grid.
  10 # Attribute 'min_bin_probing_points' of the grid.
  1 # Attribute 'grid_mode' of the grid. 1=='default',2=='initialization'
  0.0000000000000000 # Attribute 'small_contrib_threshold' of the grid.
  0.5000000000000000 # Attribute 'damping_power' of the grid.
 # binID   n_entries weight   weight_sqr   abs_weight
    10   10   8.099277316986032E+004   2.539594895882541E+010   8.099277316986032E+004
    16   10   8.099277316986032E+004   2.539594895882541E+010   8.099277316986032E+004
  </DiscreteSampler_grid>
