  0.00015530102226518  0.00024361554124945  0.00030034121304818  0.00033578617023022
  0.00036846474364460  0.00041067344543168  0.00047018827016432  0.00061661989654131
  0.00097447014288398  0.00136350742138681  0.00166585877312570  0.00199480022181280
  0.00238240311919348  0.00282033108135126  0.00328996749086562  0.00380273046316524
  0.00440319413889746  0.00510524711676097  0.00589916824403294  0.00671896975000995
  0.00755720487020093  0.00848661398223450  0.00961671633756355  0.01097212035768335
  0.01250440138661114  0.01412554328221282  0.01587481270637290  0.01792915154965094
  0.02050493900689660  0.02354467088573894  0.02696193214300863  0.03081834175086234
  0.03495322070131679  0.03919572442177396  0.04329910449329946  0.04754071102408558
  0.05192346702649792  0.05588775437252255  0.05867338593913850  0.06056214146257019
  0.06195083896860056  0.06298946690654912  0.06378282885778921  0.06440800015762492
  0.06492355638818709  0.06536605292817559  0.06570105276165281  0.06599669180477603
  0.06625999786235670  0.06649989547840167  0.06671624456017798  0.06691211181910767
  0.06709419440403777  0.06726961509230571  0.06743771407581831  0.06759658776875442
  0.06775118388287200  0.06790469746610339  0.06805889531030926  0.06821483707177697
  0.06837570821222735  0.06854192497487401  0.06871365275189049  0.06888969442104184
  0.06908637699460118  0.06931122502253526  0.06955120621898078  0.06981329302783042
  0.07011845748529999  0.07047851308119606  0.07088903402785310  0.07138001884174526
  0.07199297496361126  0.07275896642615833  0.07370883718166518  0.07496416287560496
  0.07674918279179593  0.07931999162665122  0.08306150094820718  0.08842910990327660
  0.09619293476494278  0.10740054150615606  0.12277179096821085  0.14215032810320080
  0.16532337282485290  0.19440260486571384  0.23202500412742444  0.27717275893004140
  0.32825979635285663  0.39105328285432783  0.46969329071846938  0.57104585394474616
  0.68402483310101136  0.79185571267593047  0.89819377354459584  1.00000000000000000
  0.00017570205480417  0.00023731295730347  0.00028104250928023  0.00032899502289088
  0.00038167285222548  0.00044856386989557  0.00059587001229743  0.00096941474915479
  0.00144626185467984  0.00184672407227042  0.00225146511909569  0.00272136888159626
  0.00328435227493077  0.00391646162915563  0.00457407681865426  0.00524522107670067
  0.00602447612282290  0.00700025056494621  0.00810919924296132  0.00913972131415634
  0.01026130927857209  0.01141309022088792  0.01307158908818748  0.01502821216026482
  0.01724061978121244  0.01980068574043508  0.02267673415472022  0.02582218295719481
  0.02961796707340575  0.03399024462781888  0.03882149709494834  0.04406008330903918
  0.04921166264361333  0.05362959355276868  0.05709414976990571  0.05950207542221313
  0.06122589025588186  0.06243420185795982  0.06336909124529766  0.06407416544801661
  0.06464666444959476  0.06514369354097831  0.06554978860032103  0.06586649220019601
  0.06614999049280013  0.06639995235162549  0.06662481971841797  0.06683122757426327
  0.06702274597811998  0.06719980558497800  0.06736666856794116  0.06752794188925498
  0.06768405544359425  0.06783706251590810  0.06799286155266748  0.06814981652427608
  0.06830818996011349  0.06847050123081636  0.06864009461936063  0.06881928280258232
  0.06900783801710333  0.06920246684247748  0.06944333836907525  0.06971427712614967
  0.07000965125657042  0.07033809412813945  0.07071327676326669  0.07114600554655651
  0.07169736171339758  0.07242426648448451  0.07330964637868964  0.07444999605474181
  0.07600568473071578  0.07819777628012438  0.08120638493862534  0.08540216915664231
  0.09165701817571557  0.10052967816773592  0.11241234388202746  0.12800640119305617
  0.14636684735842481  0.16811707695176112  0.19460877278564834  0.22837694807170392
  0.27439695987088075  0.33680831414613699  0.41264843149112368  0.49325816378559867
  0.55878857222471778  0.61158178243703853  0.66054400699362137  0.70998145635650500
  0.76324076412673303  0.82679244598498092  0.89442379383672166  1.00000000000000000
  0.00057081455326610  0.00086130568996114  0.00111096517194722  0.00139669352892352
  0.00167741132387336  0.00199103109686161  0.00234559699866440  0.00272985375160241
  0.00312220963001229  0.00353072695706078  0.00397296331378063  0.00444167738355047
  0.00493275604867146  0.00540603422231127  0.00581661148300280  0.00620994626425261
  0.00663851719816110  0.00708708034373574  0.00754161616680237  0.00800549279980096
  0.00847811510265565  0.00894304069960592  0.00940564601472095  0.00988463955964745
  0.01043230361291211  0.01105341908996724  0.01169357168651009  0.01231342028483362
  0.01294656937322413  0.01360725042988066  0.01429717127991781  0.01504067760600382
  0.01585054549108629  0.01671950476107480  0.01763219789723198  0.01856969127081326
  0.01952778985782658  0.02051967850234912  0.02157512526148099  0.02273032688655118
  0.02400653647528930  0.02529957219179191  0.02664501425274080  0.02811360639712555
  0.02966582803663945  0.03132091551434830  0.03309469379045581  0.03494065118125674
  0.03686527166492570  0.03897807575768265  0.04116026258543152  0.04337447622056989
  0.04562691661220194  0.04795055706977689  0.05042774539732241  0.05312589071927058
  0.05597163835406817  0.05892056680265129  0.06197377438939997  0.06523966438660071
  0.06880261342646335  0.07256935346746694  0.07644770311760636  0.08047098391206277
  0.08471853929694598  0.08919518172303960  0.09380174081731688  0.09857988658216002
  0.10373824987563127  0.10945186279427140  0.11557933549510681  0.12187749869704742
  0.12849833403049710  0.13564331764118268  0.14318955736764835  0.15084555845032765
  0.15864592439386771  0.16687214959081950  0.17574946495651017  0.18611072117524471
  0.19814244675673717  0.21062981517212523  0.22301285579701785  0.23597235359803473
  0.25027270316751749  0.26598289477176246  0.28242807907743883  0.29945054810135335
  0.31780467769543319  0.33878741111387378  0.36218867821407225  0.38828195159962903
  0.41947776030758932  0.46315628470085962  0.55712378428358877  1.00000000000000000
 -0.00243162530342444  0.00838833732316299  0.01817092659028988  0.02740271788695544
  0.03724168994517985  0.04723207503152863  0.05711651273393693  0.06702154175884181
  0.07694775622602500  0.08701022468222425  0.09720923408587265  0.10704872235476387
  0.11634415582656371  0.12539499513520580  0.13486559867926343  0.14504402014555787
  0.15573298062011401  0.16626235920478841  0.17616991186323092  0.18541944851130315
  0.19440553529930590  0.20373747645302856  0.21328753203724737  0.22255343647261194
  0.23152048528813537  0.24051766785119821  0.24961053220879767  0.25887708590984515
  0.26864748521809989  0.27913546983305138  0.28933894792426296  0.29863705612411107
  0.30774835936486439  0.31744338737405581  0.32780274481526406  0.33787118803434962
  0.34785880450064360  0.35811898067443859  0.36733159120081604  0.37694847149873784
  0.38769432763478878  0.39923729408384923  0.41121745378774055  0.42282004042153948
  0.43418258757830946  0.44517369891585662  0.45611174158807261  0.46732015098965846
  0.47908780999044159  0.49113142799299281  0.50295591980688881  0.51438636978158137
  0.52535348493184764  0.53600840416966944  0.54657095180900928  0.55778119265535375
  0.56960749512116848  0.58116778362667532  0.59214452877028623  0.60299323477107125
  0.61423045438833024  0.62569857309927868  0.63702217743696465  0.64826308045034908
  0.65922350396024576  0.67006156156690477  0.68099312789541311  0.69246448214288592
  0.70440145438896751  0.71591065215876781  0.72691161778440760  0.73777546005960859
  0.74863617383114844  0.75899723139423669  0.76927267538821353  0.77929603667847691
  0.78949516226868610  0.79998934068048155  0.81076098861418300  0.82132811310063913
  0.83182538922493865  0.84286223309062358  0.85414181010827595  0.86536289841600078
  0.87658475043522155  0.88849086100600305  0.90025905230280745  0.91132908175475580
  0.92188673611078176  0.93218890246289554  0.94313611570751654  0.95445584065843248
  0.96598100674304954  0.97648685669973934  0.98827448266693507  1.00000000000000000
 -0.00242995239237341  0.00938052205060812  0.02052722299060111  0.03220424567418527
  0.04400843248873542  0.05514425286184622  0.06704701158524848  0.07799289785869568
  0.08805211158676678  0.09768028980596954  0.10728064856198036  0.11746470917721653
  0.12793930395197853  0.13839873809566794  0.14903176726575157  0.16005461500956666
  0.17131839480067254  0.18220015317954372  0.19304578167197922  0.20370162322778665
  0.21449542308721301  0.22543719068387635  0.23623710471074630  0.24710453511094085
  0.25783767270125857  0.26845861226480261  0.27905389583991658  0.28953201640238246
  0.29974256881261691  0.30991398766108802  0.32038122432398097  0.33048524695025172
  0.33992782491664758  0.34894515695003520  0.35931416291141755  0.36999268401332897
  0.38050121455399444  0.39081501023685744  0.40141738180701692  0.41208446728906889
  0.42203377583183604  0.43182950039696372  0.44150258659991959  0.45174505107112500
  0.46205304807657666  0.47271664252105561  0.48380220165355586  0.49510289408257313
  0.50671070921829275  0.51750467430827840  0.52797125860776650  0.53820068363234919
  0.54838934505701054  0.55920902308055709  0.57006157215715914  0.58103784568210604
  0.59146064909069718  0.60159588203102277  0.61190096715855002  0.62241887988200806
  0.63268903572885793  0.64309028422074133  0.65398878870388899  0.66507227245393474
  0.67590583205954724  0.68675676752585113  0.69780860669368761  0.70883622724422524
  0.71963298367927098  0.73013106718460208  0.74041973885421619  0.75023775003426929
  0.76040077436756115  0.77084005277292000  0.78078929868913216  0.79065728450201000
  0.80103753839097691  0.81221921447307199  0.82329411011336195  0.83372567615055682
  0.84277846848055715  0.85160338242791866  0.86053620220719851  0.87087253082980665
  0.88237262880450840  0.89414707630059020  0.90491882890825026  0.91553115581666977
  0.92536169979307037  0.93548338612177129  0.94582449255051226  0.95633387783952173
  0.96730251100598885  0.97860982022758791  0.98939155406704948  1.00000000000000000
 -0.00212759977463226  0.00791636206571653  0.01746366228474610  0.02715706665226285
  0.03738408926639250  0.04753155458546809  0.05764401824300292  0.06818042369935637
  0.07871123388218369  0.08898884297554412  0.09885439941530767  0.10855963773511437
  0.11826406479429191  0.12792323847994266  0.13774761515666550  0.14762156993715214
  0.15754871300503226  0.16743129832177062  0.17721738187637842  0.18695061006889532
  0.19653085049320615  0.20577544022933411  0.21490668476412519  0.22425177249302150
  0.23374630321820747  0.24315196663401617  0.25266022618534428  0.26266212864861965
  0.27313458100869770  0.28390370789369618  0.29458897676520629  0.30484461769219712
  0.31462588021957805  0.32439027669795822  0.33470493594818757  0.34546887307008795
  0.35591350077138828  0.36584748815491885  0.37523388477882763  0.38506245475562040
  0.39516442103677907  0.40626737301616728  0.41800496865336034  0.42954563305232935
  0.44073937781941841  0.45180544251600452  0.46310215117099113  0.47441410313386356
  0.48575200883275982  0.49705190722257730  0.50824109758732705  0.51927409842836281
  0.53026481624640576  0.54146880377739204  0.55277640155263552  0.56399527321788123
  0.57525436693754539  0.58686603824407590  0.59882431025307270  0.61079437307043305
  0.62237489721226824  0.63378393376560960  0.64529689171218929  0.65696038836185322
  0.66896138772630875  0.68152510540408473  0.69265267395034402  0.70313797820823787
  0.71382468573456215  0.72402390597548694  0.73398064797970541  0.74381225027004294
  0.75359329565073607  0.76346967491094286  0.77409229858744688  0.78525558384299299
  0.79658180731290429  0.80764845979084321  0.81815644736030890  0.82867613253795147
  0.83864468427821415  0.84876035165469987  0.85954689028394582  0.87023098107460206
  0.88075167844555968  0.89155958828002468  0.90341689240283685  0.91536737790952949
  0.92628835358406625  0.93690136835417903  0.94786407515717519  0.95928129853066746
  0.96910426038988595  0.97895195719967576  0.98867181347003252  1.00000000000000000
 -0.00183268202807453  0.00782142296427093  0.01780694020489470  0.02816823031109376
  0.03919226088557919  0.05037741995991184  0.06123728780563976  0.07175306128374642
  0.08175321962928099  0.09155453936121737  0.10157141731688714  0.11225037364328298
  0.12323695041089955  0.13423788163048442  0.14560358349404512  0.15720134082522480
  0.16862645598777889  0.17926245277400835  0.18985415313187129  0.20086927212170011
  0.21183498221452041  0.22266366259306550  0.23338469754926097  0.24371471127132008
  0.25408540085046077  0.26449172324531522  0.27489632780427697  0.28532927374748851
  0.29575015102470670  0.30691033361263786  0.31810013652186508  0.32934485450578999
  0.34040812117794556  0.35099694856669317  0.36143316788622465  0.37198261603928445
  0.38290212288046171  0.39438392515744880  0.40581005128456421  0.41645886658930514
  0.42623139348308686  0.43581538687075538  0.44588141659929054  0.45648755481943293
  0.46716754847783393  0.47787011865054424  0.48887312939898958  0.50004506764119216
  0.51114499726942542  0.52204549958044844  0.53250168425942879  0.54260526852373636
  0.55261189231725838  0.56312477800861938  0.57431097089296035  0.58572848567328151
  0.59706279986010569  0.60842824074557911  0.61977008159425462  0.63073234072593187
  0.64103061189994492  0.65082546486053072  0.66025141997184500  0.66914099235498214
  0.67869789062953345  0.68800796808467957  0.69876770108380570  0.70951655034698580
  0.72040559967303008  0.73127563590845701  0.74236580912361749  0.75314162806214346
  0.76433153245520213  0.77558994598408226  0.78698910774693209  0.79761610869693711
  0.80775378493432282  0.81779212431351600  0.82771665834008845  0.83670247930250563
  0.84590696045153635  0.85486118893692808  0.86515477531880025  0.87594881705445427
  0.88709788261451161  0.89763587355812058  0.90799421050784890  0.91850956766507597
  0.92949765984212251  0.94053213572120586  0.95118988754662170  0.96163041100348434
  0.97180308731160669  0.98130921217251410  0.99062755035843919  1.00000000000000000
 -0.00211100057547180  0.00882552235582573  0.01898301226726178  0.02921442618721388
  0.04016118267270367  0.05089140165291816  0.06166883696491371  0.07160441671479342
  0.08159961035279321  0.09138414147702045  0.10168833224100576  0.11275022062770090
  0.12396874904954269  0.13472205525594669  0.14528302796941600  0.15567261757153683
  0.16632459303412619  0.17694236207498518  0.18748583753215214  0.19811721008606992
  0.20871910464272880  0.21926660965605937  0.22923334787258118  0.23914600288693072
  0.24924308303579717  0.25975231345353073  0.26993943464687231  0.27989175512372455
  0.28982191828381665  0.30119858952380146  0.31352035869644457  0.32384804747347723
  0.33432454532926992  0.34463092198865147  0.35516877554933152  0.36570441207808191
  0.37652597190225345  0.38778032342368041  0.39890639047990828  0.40946807657722034
  0.41987428670815047  0.43030576881498844  0.44050948813650498  0.45034681346609740
  0.46005749904563376  0.47041755709824645  0.48123161349649113  0.49166084867001325
  0.50172982960174195  0.51177520422655098  0.52199474638450916  0.53254453624629017
  0.54339524096080594  0.55471597712671061  0.56594058692200588  0.57709047714409212
  0.58783536763623112  0.59822000412317611  0.60876225858553645  0.61977112200640927
  0.63056613051819377  0.64057711776218595  0.65011602719803152  0.66000354832909502
  0.67016698863420276  0.68005188719211740  0.69007909441630677  0.70018793096012277
  0.71115201257600658  0.72164144041317013  0.73228459693971848  0.74286108709481025
  0.75372296708553754  0.76388134865036039  0.77361573537707973  0.78381748925931782
  0.79421140839530124  0.80479161369246599  0.81542169427175148  0.82629848031966069
  0.83736305331285865  0.84833296819685344  0.85912210104279874  0.86994943150792148
  0.88091283465660120  0.89176861325187617  0.90200709558038283  0.91213130974232937
  0.92241186941988895  0.93300005915615181  0.94444679804850795  0.95529709384993911
  0.96644545712547814  0.97760327293136751  0.98876172713005273  1.00000000000000000
   9.2665250500952947E-011  -1.0000000000000000     
 F F F F F F F F F F F F F F F F F F F F F F F F F F F F F F F F F F F F F F F F F F F F F F F F F F F F F F F F F F F F F F F F F F F F F F F F F F F F F F F F F F F F F F F F F F F F F F F F F F F F F F F F F F F F F F F F F F F F F F F F F F F F F F F F
  <DiscreteSampler_grid>
  grouped_processes
  1 # 1 for a reference and 2 for a running grid.
  10 # Attribute 'min_bin_probing_points' of the grid.
  1 # Attribute 'grid_mode' of the grid. 1=='default',2=='initialization'
  0.0000000000000000 # Attribute 'small_contrib_threshold' of the grid.
  0.5000000000000000 # Attribute 'damping_power' of the grid.
 # binID   n_entries weight   weight_sqr   abs_weight
    10   10   1.868684312318095E-002   8.617728956130386E-004   1.868684312318095E-002
    16   10   1.868684312318095E-002   8.617728956130385E-004   1.868684312318095E-002
    22   10   1.868684312318095E-002   8.617728956130386E-004   1.868684312318095E-002
    28   10   1.868684312318095E-002   8.617728956130385E-004   1.868684312318095E-002
  </DiscreteSampler_grid>
