  0.00958726153790565  0.01513419130845699  0.02394291650329693  0.03411868233555954
  0.04472580759063861  0.05604488887068359  0.06773472216186822  0.07930168380651129
  0.09075260016498286  0.10194753135926811  0.11304163159215561  0.12391025005512545
  0.13492945470721643  0.14600812446879596  0.15689869868526696  0.16756172252307067
  0.17784688824144443  0.18815577009303355  0.19853738902230469  0.20898006480650008
  0.21874156890522906  0.22828341338005417  0.23808981913329491  0.24782913355295044
  0.25826566241033766  0.26903676302027518  0.28092767586709527  0.29343085709120059
  0.30542247156165619  0.31657012661944151  0.32723911372348474  0.33766998065699938
  0.34817116926008157  0.35868012297222507  0.36877329842931439  0.37903652162988244
  0.38957945201468969  0.40027532380406888  0.41216562867457057  0.42302946608425446
  0.43357133463598008  0.44377761515290121  0.45415446592094333  0.46416689043681325
  0.47399536740218218  0.48469830610202830  0.49599864748468847  0.50722207188601298
  0.51829986050271515  0.52912562794578688  0.54017080982967780  0.55137457930429945
  0.56238719135579440  0.57258364282383256  0.58254816754742711  0.59295902193130390
  0.60357723341859670  0.61365740408523450  0.62308279461337202  0.63351284909046846
  0.64395821664976061  0.65434965282882973  0.66481904082322341  0.67641615736652871
  0.68804665936774356  0.69792170123902608  0.70789590890723031  0.71702188582373594
  0.72638668163864550  0.73573549214340628  0.74491118191810446  0.75459467818941395
  0.76551111137550476  0.77648312204307002  0.78814033055538713  0.79884022928776532
  0.80928851829757065  0.81996156289716315  0.83084761328303580  0.84162314621973322
  0.85211712414718277  0.86164966873168625  0.87135938534020352  0.88119289921281618
  0.89096719460637441  0.90044473434801242  0.90994037950717721  0.91970407449438130
  0.93069627533086419  0.94114551696961291  0.95135403094111060  0.96119220240307535
  0.97174761142712429  0.98177221723380070  0.99147926789600138  1.00000000000000000
  0.00920970485250233  0.01657719663433916  0.02522140668849983  0.03436462989077991
  0.04353467243452983  0.05298766681039900  0.06274360260276471  0.07258060984957510
  0.08258242435824116  0.09339472931824211  0.10458762500761493  0.11547704095546164
  0.12638087262085665  0.13755655738090239  0.14838175519278449  0.15877471868893861
  0.16930921638212493  0.18029278668169990  0.19072501354001473  0.20020949278938158
  0.20964544596065499  0.22004456897880487  0.23054254057999041  0.24077917538703678
  0.25092469353966329  0.26233698758093238  0.27370981613568357  0.28543963823181090
  0.29707396453970997  0.30945903366521016  0.32099654893310975  0.33247124162668185
  0.34232428013825666  0.35309494786925577  0.36314384652956561  0.37336296076662018
  0.38277983442236713  0.39230527418983607  0.40226687125188354  0.41240185033513060
  0.42270404721413768  0.43254249703804015  0.44240294409900860  0.45264425669183828
  0.46300115259024310  0.47360693148026911  0.48464523423424094  0.49634741609758071
  0.50768441998516645  0.51892678651482860  0.52914447843134516  0.53928990060541371
  0.54976736724526343  0.55992725160995849  0.57007989055404751  0.58023717716885514
  0.59093966420387822  0.60152610126695361  0.61213172213401623  0.62262641595968837
  0.63251534255980391  0.64236889511255912  0.65315277826287566  0.66432790173105227
  0.67524967512634970  0.68606555690561022  0.69749721787482910  0.70952409971359620
  0.72136406931264063  0.73258202519877469  0.74374833193160206  0.75474784729885747
  0.76600326310055622  0.77743492365924838  0.78803578175150124  0.79867239936618539
  0.80862502366063593  0.81901334217385580  0.82960756714932915  0.83994960865275770
  0.85012009198736238  0.85975085211785485  0.86916728208833260  0.87909769401897819
  0.88926797809141633  0.89915795178811597  0.90861786302551817  0.91820612939147994
  0.92764641742561260  0.93717071814811093  0.94629667379003135  0.95587440140012969
  0.96599145477219683  0.97665786496645823  0.98818919508203262  1.00000000000000000
  0.05633893592046747  0.05875085084635717  0.06130212349129482  0.06398097111278565
  0.06681373160923482  0.07019837479579052  0.07396055412205604  0.07764708882553588
  0.08139044289635081  0.08521505705367549  0.08918474357942485  0.09318581209667283
  0.09718134461048820  0.10136338204803631  0.10563855585657167  0.10992395901164664
  0.11429987707160712  0.11874858669848577  0.12332210482801574  0.12798589835482038
  0.13274340389253980  0.13833007758647659  0.14347878555285659  0.14755949051103065
  0.14881691008874845  0.15000171736506973  0.15120571610607728  0.15251326294242426
  0.15467093739813698  0.15711261108994934  0.15952674151688717  0.16194069394203342
  0.16434376365227579  0.16674841611242661  0.16914645901666323  0.17154480124397523
  0.17396500029688552  0.17639628781276057  0.17885829274099971  0.18133237165591340
  0.18383592548286976  0.18636869936088984  0.18891740776022450  0.19150868352372763
  0.19413109615358246  0.19678010522164149  0.19945171075579454  0.20215790974481010
  0.20487008283975980  0.20762736263860535  0.21041859039281025  0.21324061064856323
  0.21611619808704863  0.21901788444326328  0.22194151629853656  0.22491463079309609
  0.22791126233933243  0.23095743225526832  0.23404362090792977  0.23720981004006256
  0.24043512322956556  0.24368096075397264  0.24696127454285255  0.25031661557358797
  0.25377192704680479  0.25728448413658572  0.26082496406015526  0.26441871492401670
  0.26806808887497724  0.27179273811680021  0.27564690059902763  0.27961281758717099
  0.28364722980685819  0.28772612055995000  0.29191772461851839  0.29624643254898902
  0.30079070275895364  0.30546069173564760  0.31031674882853366  0.31542116254931002
  0.32079265508276611  0.32647688771971511  0.33256746966725825  0.33911033996534989
  0.34608711112572654  0.35366729163222071  0.36204401234660100  0.37142525856208719
  0.38198477197418468  0.39417890297544372  0.40926574050276132  0.42796077151680501
  0.45452642402185739  0.49782231132068905  0.58474317936786901  1.00000000000000000
 -0.00270206491349883  0.01153926015509213  0.02366829937457873  0.03556304555738726
  0.04736769013350429  0.05913298556089251  0.07064185330898881  0.08132202178139833
  0.09200582466297930  0.10292295464259844  0.11397143283968066  0.12558750834397336
  0.13789432073020297  0.15038545900532668  0.16275923397172465  0.17447060654017355
  0.18569347148560167  0.19619460277103601  0.20674015329548351  0.21662959742900942
  0.22716660694070842  0.23746297377412942  0.24790537567294485  0.25852724362538626
  0.26927819560709160  0.27956837990459887  0.28930169076222961  0.29925000941308144
  0.30930066560593461  0.31878868788268916  0.32767552503444919  0.33716173028416974
  0.34701858135669356  0.35692879204546490  0.36660247659691370  0.37670034195327717
  0.38727877991786447  0.39705312671852250  0.40591116609060512  0.41480530573540814
  0.42430374930286363  0.43366330571419714  0.44250389615987468  0.45092006245128624
  0.45967611831244676  0.46929579851214404  0.47894015996943534  0.48842522422340423
  0.49819569179813622  0.50895581061914275  0.52009611457117577  0.53107165500170728
  0.54161545919958554  0.55144312879629753  0.56129989562339988  0.57150050566911637
  0.58185692992336624  0.59206342576439885  0.60215456933914768  0.61232025322680472
  0.62271203590834323  0.63329369374214717  0.64433247060523124  0.65569660884665071
  0.66703071702495098  0.67805221469575039  0.68882856000331238  0.69982427204927056
  0.71081691336926223  0.72156100483126329  0.73200969484700185  0.74195212450685821
  0.75206212622880986  0.76206993029315684  0.77213949528679915  0.78233898582575134
  0.79260337528716562  0.80311273806448247  0.81396519961687486  0.82472582116788595
  0.83490828085104674  0.84460132086889872  0.85464820478287273  0.86525617942386068
  0.87577078791739094  0.88648053328082288  0.89759644022433904  0.90885352763436544
  0.92007730444587532  0.93095443495627561  0.94213906608149411  0.95371908381172499
  0.96533849553174722  0.97702043200147137  0.98846320491363582  1.00000000000000000
 -0.00178543675285694  0.00786632125750797  0.01613513962579824  0.02507459546992753
  0.03473876013406883  0.04429149819893280  0.05406641258727862  0.06400230352874965
  0.07466071503813657  0.08543639693920854  0.09524078104528796  0.10566128193049623
  0.11597132527666681  0.12617386307002570  0.13601576079980354  0.14607247514023927
  0.15663367691283059  0.16724771465925109  0.17771156958498083  0.18843272163842462
  0.19952710553214195  0.21066635697970545  0.22151675441543367  0.23252086644257874
  0.24438746584768775  0.25598347943006394  0.26681152359266969  0.27748257487164329
  0.28809451352940785  0.29899093628134660  0.31006672514921296  0.32125575313546700
  0.33210618629067634  0.34243344052886965  0.35283888627695925  0.36351124386405148
  0.37526034303423045  0.38679035819446250  0.39783491439536023  0.40854145216730281
  0.41880514828247317  0.42806089304803518  0.43732080932158102  0.44660274429274877
  0.45625342125772039  0.46631525069642638  0.47655036564147074  0.48759052227629196
  0.49871196493943881  0.51002319633570092  0.52153154379826705  0.53298423438459708
  0.54445253217120881  0.55583030752098506  0.56715021154290990  0.57852789228794377
  0.58972311968253854  0.60127295598791330  0.61180870490448658  0.62239279238653411
  0.63289645215861412  0.64351116157730448  0.65425877716144332  0.66513847914966950
  0.67616185686480468  0.68686372206307122  0.69699209168516685  0.70702510200869317
  0.71719319302050055  0.72716456041130439  0.73705601845647650  0.74684969188416550
  0.75666648429397088  0.76638099282284877  0.77602687061412245  0.78537113761958288
  0.79458771966590569  0.80391042105483757  0.81354786291356029  0.82407262203315645
  0.83461995860433502  0.84453185358056748  0.85485134761273573  0.86579738177208221
  0.87688755537230811  0.88734647477718753  0.89822701331680943  0.90944858338478285
  0.92046829338958336  0.93103245174333360  0.94185501055126108  0.95369179101408663
  0.96570970697602532  0.97745290812207941  0.98889817579006878  1.00000000000000000
 -0.00231818791733654  0.01056222749082350  0.02135863614772504  0.03291458536212527
  0.04456890505389611  0.05554407358016459  0.06640616089126891  0.07795724382176716
  0.08988157255245417  0.10176150720005239  0.11351594595560424  0.12504653595647380
  0.13612366030921974  0.14711318036154511  0.15828944570919773  0.16918973149473809
  0.17954806566735412  0.18992542253138106  0.20077188553211989  0.21188805748655429
  0.22306800212656594  0.23365493894353939  0.24353980877484818  0.25342101623081703
  0.26293811314941989  0.27219963183259077  0.28136516356150387  0.29100855951760823
  0.30149735314017795  0.31198839509629822  0.32247355388152710  0.33290860936450689
  0.34344628338227867  0.35445500182409129  0.36588751081249116  0.37758123931507309
  0.38923056119363786  0.40048716874874785  0.41070374804170040  0.42111196287738439
  0.43125022151392256  0.44108917928045238  0.45062825723045519  0.46039826857776395
  0.47035871112169814  0.48019516685924640  0.48973909351354133  0.49948761025878363
  0.50978448840356738  0.52011405966286617  0.53034795098526433  0.54055307577984835
  0.55066786255836431  0.56011449883719855  0.56885822015805554  0.57748870672640229
  0.58657452158404066  0.59606116420493638  0.60541590052156435  0.61447439381460001
  0.62349950998202142  0.63319384075874030  0.64310767648256084  0.65310026417551381
  0.66360117540941854  0.67500409559181274  0.68657317364949000  0.69720395479565389
  0.70724829606468975  0.71710334285823607  0.72681111423403366  0.73645153752140902
  0.74618975460236736  0.75666362968874301  0.76781652343258711  0.77903775137844233
  0.79049213159826304  0.80206530578418278  0.81346614596166844  0.82451150827518804
  0.83525085861694770  0.84575556956557985  0.85606753398968072  0.86632859859034606
  0.87662746515060497  0.88684195154543732  0.89699577707631373  0.90728795142621688
  0.91857238786092876  0.93102319561578206  0.94367712944750426  0.95568990562731926
  0.96726620745549985  0.97829656289341949  0.98913763009556721  1.00000000000000000
 -0.00275904012834788  0.00986622740748022  0.02120680497115318  0.03250428595557838
  0.04399590042596022  0.05549034387469853  0.06671961855592605  0.07771674940785257
  0.08856885453695564  0.09965972021578939  0.11045730753325293  0.12037256070350223
  0.13005851617421926  0.14008891526354111  0.15084258715777094  0.16186043515047291
  0.17312616414320758  0.18444622974870001  0.19514128168447009  0.20548719643515451
  0.21637124827096371  0.22731199399022689  0.23741089740612509  0.24696384804084673
  0.25671903420949066  0.26711367213608372  0.27739377530804005  0.28717401325637398
  0.29689782584308672  0.30670804662919582  0.31627487799200282  0.32568608360080042
  0.33520440991207318  0.34543387551593796  0.35547693113210088  0.36480145590090091
  0.37396186780587887  0.38407473194968167  0.39409064476537253  0.40412550396429492
  0.41372165827451346  0.42523137818709394  0.43700012091495000  0.44832466174438329
  0.45924326531430060  0.46990286034621526  0.48050925324585869  0.49083876965121098
  0.50123980218386210  0.51110626543968474  0.52098231033793263  0.53095745903355462
  0.54126040070340875  0.55156603271038140  0.56179129279779860  0.57235080135943173
  0.58329939754919902  0.59455175748088329  0.60575282670405861  0.61695032382382198
  0.62792416814188723  0.63895312895575929  0.64950237206233075  0.65891474942749506
  0.66873393265494252  0.67852128404427869  0.68848977882478568  0.69814619691092017
  0.70726327500234898  0.71718548776792734  0.72746168985761095  0.73726144501928070
  0.74716566025771647  0.75735139387238182  0.76742026715088230  0.77698200575045961
  0.78584599077046202  0.79526245983942723  0.80581920145877517  0.81601364898552609
  0.82561945239009216  0.83560418476508602  0.84622499726804856  0.85724273041353072
  0.86828629549055913  0.87994731955252425  0.89223429127112641  0.90433982524889867
  0.91648594899245706  0.92883534555029235  0.94146906673375808  0.95413041288619782
  0.96619910551012411  0.97760348686566279  0.98897426931342436  1.00000000000000000
 -0.00247640658313493  0.00980601121725470  0.01985883132169308  0.03095339265123362
  0.04161533744506749  0.05233177363621115  0.06296038751919707  0.07295933655622512
  0.08333382841140340  0.09330942624031077  0.10353614568721753  0.11371550300615446
  0.12426020619307397  0.13646542978412030  0.14787450539123012  0.15848024232979713
  0.16882413403300700  0.17919160760565761  0.18957159177272065  0.19936487352479770
  0.20900589422949056  0.21893965249815986  0.22917083962008969  0.23961470536069801
  0.25059189229016282  0.26234614951974172  0.27369757477971085  0.28402800939539219
  0.29422233104570500  0.30368820758667464  0.31307114189687840  0.32234323398737685
  0.33175540244152923  0.34163512901050191  0.35168812880952677  0.36235285031009995
  0.37324363438682329  0.38369265534121899  0.39442050655264016  0.40585265820367661
  0.41715592077329339  0.42800954316137824  0.43876704546342193  0.44987066913931156
  0.46084483559846767  0.47107498356245847  0.48087509231861270  0.49059184599170297
  0.50065791058516973  0.51112479069839600  0.52183552859678872  0.53259495163845660
  0.54325225030444013  0.55359695581855484  0.56371238003889867  0.57381095240975466
  0.58345103757620054  0.59303094445642879  0.60238070912745911  0.61209849664816185
  0.62221856633941830  0.63322535152269754  0.64453183027518623  0.65521385541167265
  0.66523530308975809  0.67502858024331114  0.68476509315767609  0.69405054542529443
  0.70294591385024818  0.71224632599089233  0.72202125128325667  0.73231878702155240
  0.74317950318592596  0.75461924684110504  0.76654681311300221  0.77777361044620097
  0.78898877165020875  0.80060292547877332  0.81270020993056102  0.82394136571965415
  0.83500663888723359  0.84602219860086192  0.85729960131403671  0.86824530024169400
  0.87896816492158558  0.88993278128553188  0.90076011665467681  0.91159063795380768
  0.92228093543590650  0.93276770344831417  0.94311461943761532  0.95304192665828691
  0.96408879040202988  0.97565147840500521  0.98765893660283799  1.00000000000000000
   2.2050269144935846E-008  -1.0000000000000000     
 F F F F F F F F F F F F F F F F F F F F F F F F F F F F F F F F F F F F F F F F F F F F F F F F F F F F F F F F F F F F F F F F F F F F F F F F F F F F F F F F F F F F F F F F F F F F F F F F F F F F F F F F F F F F F F F F F F F F F F F F F F F F F F F F
  <DiscreteSampler_grid>
  grouped_processes
  1 # 1 for a reference and 2 for a running grid.
  10 # Attribute 'min_bin_probing_points' of the grid.
  1 # Attribute 'grid_mode' of the grid. 1=='default',2=='initialization'
  0.0000000000000000 # Attribute 'small_contrib_threshold' of the grid.
  0.5000000000000000 # Attribute 'damping_power' of the grid.
 # binID   n_entries weight   weight_sqr   abs_weight
    10   10   3.849864938515983E+004   5.458647009695799E+009   3.849864938515983E+004
    16   10   3.849864938515982E+004   5.458647009695796E+009   3.849864938515982E+004
  </DiscreteSampler_grid>
