  0.00932921880597760  0.01584684926007203  0.02529687119437089  0.03557675157036501
  0.04612078914364530  0.05792309234880828  0.06989410665242865  0.08122841122676341
  0.09244304965635011  0.10365014015047637  0.11497732712493322  0.12594548151924323
  0.13645275427511394  0.14676874288927735  0.15637625218221779  0.16631732391499765
  0.17629419600539248  0.18620046287938138  0.19586210362387532  0.20580352042793099
  0.21632239994770791  0.22675727318889957  0.23672779851270698  0.24645147001625059
  0.25668038162784340  0.26713462353203193  0.27738107808947815  0.28756609834390096
  0.29761788851352999  0.30780140882042795  0.31821935581781430  0.32879502269969507
  0.33888560283459457  0.34836176075111014  0.35774170867912752  0.36725845184002787
  0.37699734096518811  0.38685543117237392  0.39656987667646387  0.40655753900332176
  0.41683463485448313  0.42761887189073572  0.43827889617853616  0.44803586712075233
  0.45748983896094764  0.46706507501665734  0.47684190050517927  0.48761829739953055
  0.49837990979373625  0.51033122700131184  0.52170903162943827  0.53212225814407077
  0.54235062232203224  0.55242682488903327  0.56274218537203813  0.57298453491105206
  0.58310417521419877  0.59320472554544534  0.60325200967662307  0.61388360451179547
  0.62457484398294627  0.63504218905063348  0.64528571002966173  0.65512005530558548
  0.66501294261853805  0.67478532368907063  0.68465667330910718  0.69485287956048669
  0.70543287834818713  0.71663082821947932  0.72840444273702221  0.73997887446143518
  0.75151651986829426  0.76287208522123029  0.77382362734944066  0.78433822004673781
  0.79459115243019174  0.80463036049668901  0.81457887370226612  0.82482688315789066
  0.83586019581251614  0.84756478038241101  0.85882493830417195  0.86929482135230673
  0.87958288840442089  0.89004282666020573  0.90063735169446479  0.91138479658849691
  0.92208403732515487  0.93281630468848897  0.94333097432616009  0.95402770759470523
  0.96532021680452917  0.97700964887746056  0.98860127771898065  1.00000000000000000
  0.00920817662617419  0.01564538846661237  0.02527617508683472  0.03658635244528768
  0.04786109381831635  0.05940177482577629  0.07093767471934501  0.08248299509927447
  0.09276057673001854  0.10277850198507678  0.11244184407194296  0.12222876032766378
  0.13224849019550911  0.14188704586343068  0.15288259151911640  0.16408618520822812
  0.17604334117740419  0.18750715345098684  0.19821712106413319  0.20840596687721452
  0.21877805922421753  0.22876484776289552  0.23889712842223779  0.24849938888528489
  0.25895712144979083  0.26912075051217815  0.27916438926479054  0.28945869610817648
  0.29973211937889704  0.30961300997433155  0.32028562808786365  0.33126784454886243
  0.34234447346953700  0.35363752385880626  0.36513309688065371  0.37603585100991621
  0.38644450025843452  0.39674205720181344  0.40696922886892556  0.41694176170961816
  0.42675327949426428  0.43665855683598576  0.44705438070351355  0.45761320837042502
  0.46901837047398581  0.48072711504141385  0.49245928941004513  0.50415061150676710
  0.51554547524804983  0.52681508644527641  0.53817645510234335  0.54939840247847049
  0.56038208787746935  0.57115091278581498  0.58174398944679817  0.59251741958695081
  0.60347165445956175  0.61484330309345214  0.62613896042570194  0.63711218529262359
  0.64785854922192831  0.65811827846712634  0.66850014430430649  0.67902345726499813
  0.68968498178557813  0.70018402314043837  0.71050370528388485  0.72035688647502960
  0.73026667223429242  0.74057668422409539  0.75125539257187435  0.76159877953303423
  0.77164096435605334  0.78133242941293923  0.79087961408938634  0.80023678052075520
  0.80934969251123035  0.81880060097395868  0.82848159688460576  0.83822948009730114
  0.84774769651619164  0.85763368171665388  0.86673832163202269  0.87552793288971054
  0.88527816588373975  0.89540467790132827  0.90727407419360850  0.91934077649411183
  0.93024148268268569  0.94138943933165253  0.95162166526052194  0.96142794659511643
  0.97083798353780382  0.98076766471605481  0.99145569513346266  1.00000000000000000
  0.05667923382114129  0.05882757185386129  0.06126205871784554  0.06395016617444313
  0.06692582611187124  0.07056417945763714  0.07444573743130678  0.07822100632455181
  0.08206438541839281  0.08596981174394043  0.08993314183976014  0.09392842920817861
  0.09798444517986316  0.10220589663188795  0.10650205342880774  0.11084859364891747
  0.11527966550595505  0.11977539923818870  0.12431522066457087  0.12903223301732256
  0.13395868344791509  0.13958184420364270  0.14435154789784144  0.14755949384459580
  0.14909314446818489  0.15021292444436796  0.15142276259842777  0.15272631664669631
  0.15512359185300192  0.15750402147300432  0.15990525529628805  0.16230586352915680
  0.16472868029761423  0.16716683784280775  0.16959800399166119  0.17205580625726555
  0.17452363200724083  0.17697677723850630  0.17942526023115712  0.18189779275792717
  0.18441319990160235  0.18694610434006095  0.18949074392776735  0.19207119216574503
  0.19467707839109927  0.19728732884459582  0.19991038987477405  0.20254475159422294
  0.20521386301427480  0.20793653028911835  0.21070060572769242  0.21346960770311590
  0.21627838016161588  0.21913477835273731  0.22206361122721729  0.22505375150583212
  0.22807378473564252  0.23112276346761942  0.23421760161604682  0.23735219053919462
  0.24054925252888776  0.24380027834573628  0.24708515735513883  0.25041212090876874
  0.25380811338932285  0.25727592217480411  0.26079919197706852  0.26436175116881006
  0.26798944751190656  0.27170112395469698  0.27554437824220357  0.27946348814323790
  0.28347652326632206  0.28763586915116224  0.29194954245120297  0.29642343357365819
  0.30106783064172732  0.30582434260484503  0.31072430260081096  0.31584319708371328
  0.32124117653607820  0.32696767650936159  0.33302545040702886  0.33947624437510898
  0.34643481755974886  0.35405072390545067  0.36238642512150582  0.37172381581170072
  0.38240502884290634  0.39475911425917920  0.40987750413324642  0.42880413845880311
  0.45535128762963339  0.49830765342526312  0.58476813024594232  1.00000000000000000
 -0.00296597430737926  0.01285280630638611  0.02471665741949995  0.03585586074209703
  0.04659536692419859  0.05709797779188570  0.06807287405209639  0.07907826380962159
  0.09011113116498044  0.10115026202009117  0.11256179535147091  0.12413071937123438
  0.13596917890378901  0.14824218058682392  0.16089188753779457  0.17352019593284576
  0.18569778444411089  0.19756031258339060  0.20885065114729598  0.21945853832421719
  0.22976548561124641  0.24041029149306389  0.25092025216021885  0.26148984017733440
  0.27161368388112667  0.28191766260010737  0.29213781376736420  0.30208452432764016
  0.31202280722193476  0.32180115502854550  0.33150775049166864  0.34153684885762303
  0.35193612504968602  0.36291049299987937  0.37384575785749868  0.38422304534326546
  0.39384168048377827  0.40215827481781735  0.40985564371911842  0.41759790138482139
  0.42570229466250298  0.43417077267709947  0.44270701848927518  0.45108672728404958
  0.45953512654503126  0.46961947612391586  0.47941245143544775  0.49004801560195094
  0.50084782007188022  0.51170287973571316  0.52261223194197071  0.53386055450451275
  0.54486519726067562  0.55531762088555214  0.56500810537490698  0.57411527274333496
  0.58318965861829009  0.59224555711470572  0.60138636449409721  0.61054911477697282
  0.62004467688233822  0.62936752018236330  0.63854318262556542  0.64809906981728294
  0.65681158976645848  0.66574000648371401  0.67427924533367578  0.68267626329924336
  0.69130734671639571  0.70018981393125113  0.70941622963426632  0.71938586247752589
  0.72978149053808039  0.73987071375205427  0.75002645096896892  0.76041422238676726
  0.77064738456321569  0.78072054015388526  0.79111186636095143  0.80286810002076903
  0.81505372339277793  0.82696451240871904  0.83861839109697323  0.85025276243102677
  0.86215961222584092  0.87468880406680627  0.88752349949364329  0.90032692021546323
  0.91255709258256135  0.92447830496352779  0.93649544645032112  0.94957569357592997
  0.96266858502566710  0.97539268179333316  0.98775832686607201  1.00000000000000000
 -0.00253375747287877  0.00995040019171878  0.01971369378352742  0.03056363920622191
  0.04095629407214146  0.05162027302116584  0.06225491574937214  0.07326054922333365
  0.08454756163621510  0.09589030259105175  0.10698012149707757  0.11808480694731452
  0.12934814084818863  0.14113214938716764  0.15214769892893676  0.16271230407982473
  0.17341754810088247  0.18437822479257754  0.19507391373584285  0.20568316644900783
  0.21673432127365502  0.22812713861641731  0.23958336105328587  0.25082694170772918
  0.26182911191648922  0.27290334531473587  0.28416299273662809  0.29528108158426747
  0.30603543386431248  0.31704495868019794  0.32852946051748055  0.33957514923524423
  0.34995176345386192  0.36027736555541173  0.37066681652151356  0.38076218811066714
  0.39073434242717431  0.40125718089987195  0.41169049616712977  0.42173941106337698
  0.43165498571303501  0.44193226715948031  0.45259383692741306  0.46292767423184239
  0.47262468113986672  0.48199436702834103  0.49135844069149703  0.50127822936691413
  0.51177556228483279  0.52302618230505638  0.53450922068872142  0.54584254889417705
  0.55703871161899643  0.56795645435702713  0.57859608299630771  0.58888807637679197
  0.59886033416835072  0.60860397823112167  0.61852097106889870  0.62833478457698411
  0.63775053073261834  0.64671400706346505  0.65570531347017513  0.66477506938304354
  0.67432524354180756  0.68384222673821482  0.69410095407094741  0.70590377339244093
  0.71700288408551272  0.72809580847947464  0.73854644057761720  0.74882576120272926
  0.75898981633258422  0.76904135774267091  0.77906154934446414  0.78903135650284906
  0.79948362804024664  0.81020796879459078  0.82114322691628183  0.83161260891339861
  0.84189442034398232  0.85185082025748426  0.86178956805760976  0.87181798192507953
  0.88256428395728626  0.89308102148043267  0.90352367478465023  0.91376392737690493
  0.92454701049829358  0.93630128835130566  0.94798944221556003  0.95977454239287419
  0.96987628793523672  0.98012869479548381  0.99004858172804433  1.00000000000000000
 -0.00333241513470101  0.01146096892875435  0.02437544187549682  0.03754504359583218
  0.04968328064629361  0.06109685302623932  0.07225951647565722  0.08328398090308925
  0.09461108152065556  0.10590457954314564  0.11740797061489641  0.12861469970166783
  0.14016691752990348  0.15120124769961937  0.16249001478577982  0.17291865274907089
  0.18320748184985880  0.19340387716404114  0.20386152747451269  0.21362715128316240
  0.22270610667858545  0.23228684058525079  0.24265827263186346  0.25293855781379276
  0.26274451082629269  0.27245859235731218  0.28358372237347285  0.29435886717228577
  0.30527144576688736  0.31565213833828432  0.32594019579339828  0.33606619088460676
  0.34584216396287082  0.35534212544090005  0.36480374287980116  0.37477826492415678
  0.38568763775883114  0.39711967958749372  0.40833980549728766  0.41888374141638490
  0.42941803144658230  0.43925005191312022  0.44894037268351478  0.45859512339626596
  0.46774415287097482  0.47661171591004964  0.48557529195305732  0.49515916968443707
  0.50569753589987099  0.51618754407820611  0.52608290212742548  0.53602236178425788
  0.54574192207972860  0.55554427005690499  0.56478838170821033  0.57332221735235778
  0.58187997053746365  0.59050712118867943  0.59930918506719633  0.60832327867611991
  0.61748977049460418  0.62709477982584483  0.63749633171023301  0.64779464710203571
  0.65880049651191008  0.66927595531479622  0.67894618064725509  0.68857867863897082
  0.69867709250790466  0.70871209847815053  0.71855326345547499  0.72815174015977280
  0.73826917221895993  0.74920893386986587  0.76028089983141567  0.77176883220623727
  0.78302086094057854  0.79424543155933136  0.80564723889149403  0.81704849808382851
  0.82804998858549561  0.83888078529176102  0.84967523898397290  0.86017714550863777
  0.87036936685640842  0.88123110275633576  0.89202134994158111  0.90301105992470787
  0.91322852251058628  0.92461553891237680  0.93598339976035938  0.94851816973544179
  0.96097785336640107  0.97361940900090194  0.98645664775716879  1.00000000000000000
 -0.00276194204439317  0.00972762260488185  0.02051422753603914  0.03108952931852652
  0.04136473127612371  0.05153009260136390  0.06181949354447755  0.07251911540897411
  0.08336972772310761  0.09423468613201864  0.10528352111907860  0.11641584569562609
  0.12705840516901779  0.13738210824036101  0.14808827148872225  0.15929327786045805
  0.17086302895988117  0.18211163494848706  0.19309037426573281  0.20387775293031077
  0.21428693640995569  0.22458144028751825  0.23456166636368136  0.24422860696700868
  0.25413470587098247  0.26458784154800080  0.27571161248550274  0.28678642898384188
  0.29775237238813113  0.30890629534798503  0.32021639137994745  0.33160040433766741
  0.34311011266753166  0.35460064927844631  0.36587678086103359  0.37706768571585109
  0.38823774647014003  0.39914353720484930  0.40955043217626647  0.41964718855810540
  0.42918740527106453  0.43889807260514313  0.44879444778198779  0.45841123761951774
  0.46735919974395362  0.47628553610570978  0.48619600868749530  0.49663720889540325
  0.50639044895541829  0.51596942679270308  0.52571512359138639  0.53652476436739627
  0.54782768661190451  0.55907487947433110  0.57018822711499728  0.58106898229165149
  0.59202233652735436  0.60270673073804693  0.61312665837488856  0.62341884720266050
  0.63349299598965192  0.64331480010368935  0.65408148450366332  0.66472288716489303
  0.67568851610434311  0.68656411580987298  0.69721902280134729  0.70727106330416645
  0.71758279872290665  0.72784591589900005  0.73845691222903809  0.74846217279545235
  0.75968371206361296  0.77134075807908653  0.78325821567472853  0.79472693984124965
  0.80574051510459266  0.81679353300561752  0.82791229778669517  0.83853352648109669
  0.84848793332528605  0.85794045327651014  0.86662214035876906  0.87528843901448983
  0.88391582246155542  0.89257933332417927  0.90148156083025932  0.91083548970966388
  0.92100247287051817  0.93244451961250829  0.94368328037309390  0.95530237953921771
  0.96630424542569060  0.97764715283476855  0.98872699912362427  1.00000000000000000
 -0.00260023312626783  0.00933182658140665  0.01995118528584599  0.03041104095583576
  0.04089010882665736  0.05119452894521373  0.06092026091984977  0.07041936355129866
  0.07976777355987189  0.08992961553878985  0.10079706038557004  0.11232983323080054
  0.12397050487119995  0.13483121336235529  0.14540364410950213  0.15536633485074983
  0.16507037433368715  0.17433636774547084  0.18331564037178855  0.19279928525343454
  0.20302656897523597  0.21428442170602480  0.22608720916687791  0.23765480726372928
  0.24904044095962324  0.25899951316016295  0.26875691785663702  0.27785449937426410
  0.28712420149616269  0.29681456708606552  0.30656047718407298  0.31658497609237851
  0.32717364273372973  0.33784571338852193  0.34865608775316737  0.35965217317835768
  0.37122659665264585  0.38290286807439017  0.39459010442853126  0.40617227958841523
  0.41760666402476510  0.42874504275268693  0.43978203905337010  0.45065660863365731
  0.46176325059874745  0.47323802673536669  0.48409680404946326  0.49463747838785777
  0.50448250477814560  0.51398128728175463  0.52348008020829839  0.53300676358722399
  0.54272394534914670  0.55267433150474354  0.56225018220314626  0.57192236845376709
  0.58207512652768423  0.59307613708770590  0.60454851920888464  0.61574476185066773
  0.62660112762298614  0.63668589232253392  0.64626646000032462  0.65535909504829692
  0.66461078316211475  0.67408117548911461  0.68410102510439152  0.69450135546456404
  0.70574208215278955  0.71709722820487698  0.72842837902851765  0.73990129110875569
  0.75087665844999485  0.76250750436256376  0.77407137535010762  0.78574287196742254
  0.79695109468425140  0.80764118341954005  0.81815226773931982  0.82926693305952814
  0.84125553499770167  0.85362151273599096  0.86528836436415879  0.87651722066683391
  0.88692443263045539  0.89770134035065874  0.90813977535739676  0.91862989515162952
  0.92876114693627543  0.93950260478742020  0.95097160605970521  0.96145293259779840
  0.97112280755743940  0.98105909322238005  0.99069738588643985  1.00000000000000000
   2.2094831557263912E-008  -1.0000000000000000     
 F F F F F F F F F F F F F F F F F F F F F F F F F F F F F F F F F F F F F F F F F F F F F F F F F F F F F F F F F F F F F F F F F F F F F F F F F F F F F F F F F F F F F F F F F F F F F F F F F F F F F F F F F F F F F F F F F F F F F F F F F F F F F F F F
  <DiscreteSampler_grid>
  grouped_processes
  1 # 1 for a reference and 2 for a running grid.
  10 # Attribute 'min_bin_probing_points' of the grid.
  1 # Attribute 'grid_mode' of the grid. 1=='default',2=='initialization'
  0.0000000000000000 # Attribute 'small_contrib_threshold' of the grid.
  0.5000000000000000 # Attribute 'damping_power' of the grid.
 # binID   n_entries weight   weight_sqr   abs_weight
    10   10   3.116677344990771E+004   2.104061948008179E+009   3.116677344990771E+004
    16   10   3.116677344990771E+004   2.104061948008179E+009   3.116677344990771E+004
  </DiscreteSampler_grid>
