  0.00914400020186782  0.01642670148708244  0.02698512444917030  0.03813196498202692
  0.04847833810626880  0.05864446900539354  0.06921355235980398  0.08026340140975566
  0.09122134920429989  0.10150345525618236  0.11166287400866561  0.12168248949182681
  0.13141175630761098  0.14086730294142885  0.15097388629119762  0.16167206169507645
  0.17210906121514005  0.18192439695597198  0.19203128239322453  0.20256386737723867
  0.21323621818562288  0.22371594677987794  0.23417308774174020  0.24486140964767394
  0.25530088443672749  0.26580219012807882  0.27627089946756445  0.28677335793627101
  0.29726942231797876  0.30787471617735884  0.31866298054913728  0.32944872542472858
  0.34000554781148323  0.35047226519617564  0.36081820582871266  0.37112903565928573
  0.38136930723124163  0.39185958104048613  0.40250079399470717  0.41322544452627302
  0.42400601164009266  0.43494499051812235  0.44576604205605125  0.45622371274417273
  0.46639254161190852  0.47693525466064951  0.48787592718447736  0.49853255640211003
  0.50872546691686116  0.51884456470099016  0.52947409349358998  0.54021588808802357
  0.55069366256884400  0.56102406993508314  0.57155716347005503  0.58199189046921895
  0.59190196351754421  0.60165096728224299  0.61186595447269032  0.62241616990230964
  0.63255115513367377  0.64247245442935352  0.65211727187710156  0.66193422837458005
  0.67136251506584543  0.68096464303076742  0.69084752912243808  0.70128730558775088
  0.71178530584915589  0.72253637630634526  0.73328538063909410  0.74428771179393038
  0.75524273149008192  0.76644460696133843  0.77820028534402086  0.79009533287481526
  0.80093333078140783  0.81164649308165959  0.82215333064878893  0.83229852534638660
  0.84235884699736863  0.85187552541726996  0.86212567498817860  0.87229518451528021
  0.88302517328974850  0.89501661725128390  0.90477957441910317  0.91515324214086236
  0.92548633668735936  0.93591816746329071  0.94569274946572257  0.95559701020057464
  0.96619982509734281  0.97795018929949895  0.98899715844967839  1.00000000000000000
  0.00930089762880468  0.01600346428833264  0.02555645411988652  0.03578803279291784
  0.04602880981100785  0.05609236369556241  0.06638342200408841  0.07730842424796885
  0.08852333570717956  0.09941662171291862  0.11063625941464444  0.12116419072797274
  0.13145691217573349  0.14139892985285354  0.15164545612218555  0.16199083941514886
  0.17270783995275604  0.18360926260097729  0.19419626700350595  0.20457919187798548
  0.21482745371369361  0.22520609057089622  0.23547290721948724  0.24528674823529240
  0.25486012388928320  0.26428140713634235  0.27405427513581332  0.28405217432773538
  0.29393798519623254  0.30402326626783299  0.31400422285598495  0.32423416593479010
  0.33495616294115482  0.34622164468523603  0.35768369801580735  0.36895425319466441
  0.38012680732760057  0.39173174227264357  0.40301324858846271  0.41439085655435692
  0.42531672859163500  0.43538452268247457  0.44556285332074042  0.45577783812981731
  0.46599623673415558  0.47596130798105490  0.48627386958261892  0.49716631760021157
  0.50764579507018182  0.51769436321741280  0.52806847772482657  0.53849615871010115
  0.54841905260817081  0.55805517769343294  0.56789411477308505  0.57766195639823481
  0.58714796266756719  0.59654398799186870  0.60635971530181376  0.61679307032184028
  0.62750451071819258  0.63822199420949943  0.64893263515576394  0.65968579305983377
  0.67059219352604171  0.68150170731137627  0.69209041361246060  0.70237205988505935
  0.71251082010765709  0.72255230540879378  0.73272333734090722  0.74310067576745065
  0.75356893646726064  0.76405822716477845  0.77480168724313869  0.78577736416208621
  0.79661583231916866  0.80733150778336449  0.81814290633693099  0.82902092631409074
  0.83962444516948054  0.84992779405357777  0.86040040313399124  0.87114754310430653
  0.88192557439542707  0.89249137057267003  0.90296980774826263  0.91376719774282300
  0.92450877053352498  0.93514023697207493  0.94564342268333201  0.95597262622226753
  0.96626767585742745  0.97667577584493614  0.98795930848454994  1.00000000000000000
  0.05765508712162640  0.05827200403526504  0.06009201057133078  0.06219320196309789
  0.06417327958884700  0.06675904718275236  0.06967553157943578  0.07255613099697081
  0.07539424783077198  0.07829046745792533  0.08123959061260892  0.08422741628552531
  0.08733072264302609  0.09045232532487454  0.09358633200601477  0.09673503699017422
  0.10000250107694925  0.10329594900828783  0.10662185185776686  0.10998890047739950
  0.11342393086095605  0.11693300191658068  0.12060015982203499  0.12439600708295008
  0.12818900846488751  0.13199025786934770  0.13590838555947327  0.13999601230663841
  0.14426220507574261  0.14838527447224836  0.14914526091575758  0.15068558957218056
  0.15229062948463951  0.15445988237977445  0.15694216077420445  0.15941055874411827
  0.16188294169653947  0.16437332232561391  0.16687582754609440  0.16939291212592192
  0.17192489855862200  0.17446688982659916  0.17702929349416510  0.17959960073945727
  0.18218659350778407  0.18479754704571832  0.18743835175123416  0.19011526648448723
  0.19282239343891497  0.19556515340102010  0.19834114550167531  0.20116256366165725
  0.20402067534805265  0.20690126563742658  0.20979764839162543  0.21272200883281786
  0.21567943502321885  0.21870794512331032  0.22178678566445123  0.22491301675629430
  0.22808403092190527  0.23129512256488943  0.23457804659820644  0.23789330494288746
  0.24126242732802997  0.24467809446731392  0.24812967681745426  0.25164868349269059
  0.25526990736497274  0.25899074818962481  0.26277789818011882  0.26662994350319624
  0.27056352287613328  0.27460067023235785  0.27870726136718538  0.28292342374805002
  0.28730892031727173  0.29187689928480337  0.29655442944604293  0.30146768598083451
  0.30659382589786560  0.31194685955074936  0.31760434816225536  0.32363323047207010
  0.33011001533725809  0.33709529939499516  0.34468706244137148  0.35315736657131769
  0.36278167080245272  0.37400800774611637  0.38742113061341993  0.40466642921694401
  0.42805475531050058  0.47382053468952345  0.59574325452244592  1.00000000000000000
 -0.00248699360104428  0.01094751039812933  0.02196773147920615  0.03416910545071552
  0.04605407643207417  0.05799658530505580  0.06993798311076486  0.08205590162895571
  0.09354130422932050  0.10475434553264357  0.11606460563931997  0.12712135503070382
  0.13726289886192250  0.14729420016176065  0.15745881174002577  0.16790170424411532
  0.17806068788723448  0.18796432007575864  0.19787097114161581  0.20785808738964012
  0.21812273823933279  0.22834494282803711  0.23833063423112197  0.24839241175858826
  0.25838159578985337  0.26804430168843035  0.27752669128059665  0.28701807650650524
  0.29661010513802749  0.30582521096176496  0.31554523876472040  0.32584621523704982
  0.33616350808336959  0.34652301828087689  0.35712273343715506  0.36801533314987395
  0.37882533868925811  0.38918967157452838  0.39918704206861844  0.40896673926093119
  0.41863189650950139  0.42827298466121477  0.43793790745740835  0.44776326823528917
  0.45770895530604289  0.46775949144368617  0.47813862373871824  0.48892298233023246
  0.49987311627826242  0.51067838719207947  0.52081974679312382  0.53101372460638585
  0.54128627508991778  0.55185673291191151  0.56256314594009371  0.57313925065807980
  0.58368148599579106  0.59432684540081648  0.60504568813699133  0.61577494936132648
  0.62615274817035382  0.63621885938669565  0.64625650578574434  0.65588516527303198
  0.66521178321867569  0.67438876438114193  0.68318214495827800  0.69200091317813228
  0.70122490776160762  0.71133019071021086  0.72188618838567831  0.73249393327151024
  0.74300491659755030  0.75369019274104532  0.76425666144602789  0.77495799923837561
  0.78584052216925482  0.79678095444671349  0.80772214926120833  0.81876615322700008
  0.83007826762121306  0.84147133100337757  0.85262001754864536  0.86357250505784533
  0.87427329229869044  0.88480632762400757  0.89571939529086875  0.90719478862306990
  0.91842855943002966  0.92883588746701862  0.93963587551307004  0.95150860847380025
  0.96316201467120510  0.97407986761410603  0.98631713560931111  1.00000000000000000
 -0.00222943160983549  0.00917143941624320  0.01916054857362928  0.02980998422419281
  0.04068618359411637  0.05123230215167007  0.06121921007295344  0.07114266052471827
  0.08113727141131347  0.09136790253471160  0.10200042244588896  0.11305853514487033
  0.12462531010715665  0.13639376894211780  0.14816941007890294  0.15947767712248037
  0.17035869351349991  0.18094160972752985  0.19131625107891312  0.20180167123507145
  0.21240689030934956  0.22325510008816049  0.23398189318219970  0.24426653046116273
  0.25423069519145652  0.26413117634351641  0.27452310711709932  0.28526895821109782
  0.29635777207375247  0.30749805651368484  0.31836955477066903  0.32905193603789884
  0.33981340537482713  0.35091215200483972  0.36217999840028126  0.37320084227073047
  0.38360448275558939  0.39371216399959807  0.40387803550523527  0.41404047931502524
  0.42424335517145495  0.43461668726681035  0.44476202929140790  0.45441888749656517
  0.46403149192409288  0.47393132276997435  0.48452942971441126  0.49505445092250516
  0.50664869972758331  0.51823651643908486  0.52893172772340113  0.53952748227062730
  0.54960626298944248  0.55974302187643199  0.57005345545739483  0.58050296047298700
  0.59088329908814585  0.60102617631220989  0.61162107460786785  0.62247884836228207
  0.63307954044658288  0.64353603069898735  0.65442781259772775  0.66563621440766896
  0.67713467056641619  0.68817679847914093  0.69875811870151394  0.70910081592792995
  0.71899368894577476  0.72874546142146646  0.73825336209149539  0.74801157556779196
  0.75795072439225908  0.76780479253006262  0.77774826837802036  0.78808845183271581
  0.79840893060538454  0.80901520894703594  0.81958950847783896  0.83023293023130273
  0.84116126020409254  0.85218750405338928  0.86303751606303081  0.87425635146419312
  0.88571790912981574  0.89713995592323037  0.90810097284265201  0.91897153808458321
  0.92980171118604837  0.94038575380060130  0.95081636244436474  0.96079517199070763
  0.97038815949861734  0.97984656088771627  0.98976475444187229  1.00000000000000000
 -0.00263048894353736  0.01065727225772518  0.02198265240340811  0.03444679741500012
  0.04642518186922804  0.05895711150181186  0.07119435901146462  0.08306437229697113
  0.09484961911849052  0.10628909395480524  0.11742071384880853  0.12845630471824834
  0.13963539871817290  0.15075120038615339  0.16183486693085133  0.17318831444298718
  0.18496774158659404  0.19600653737634474  0.20688171841806408  0.21800200797882105
  0.22888193388114483  0.23907560272866787  0.24904136378936303  0.25927188931516104
  0.26933873035938199  0.27898630451937417  0.28845905632733365  0.29854535186740544
  0.30859048558632429  0.31841104447952778  0.32824193167328536  0.33865092706502681
  0.34925851572237127  0.35964328786216515  0.37010013334857139  0.37990173190819526
  0.38925315800562788  0.39917855213896880  0.40916252548059789  0.41903349045532651
  0.42859869289273866  0.43809947927508536  0.44855491481911569  0.45863707542008098
  0.46851108398365360  0.47835883788397349  0.48825930367854253  0.49827629777769938
  0.50829289672201194  0.51836396137445329  0.52856353616903029  0.53875966804224973
  0.54870585249033232  0.55847170125379542  0.56829430157798855  0.57816768591735335
  0.58798020661202910  0.59767502817101337  0.60753044854076932  0.61772404277090520
  0.62791319577899007  0.63789915325896918  0.64795850537747846  0.65818799701516062
  0.66857391442660363  0.67900304821448143  0.68937845104571871  0.69978879696786545
  0.71003897268678839  0.71992860198859288  0.72938622387158469  0.73878195652209067
  0.74819320142852541  0.75772240751576758  0.76737239393460976  0.77734055782579015
  0.78779719241636226  0.79851201884181555  0.80924068914314884  0.81982060444774241
  0.83042106151777717  0.84137712504588902  0.85241944867050101  0.86325622483024611
  0.87406836816437206  0.88511959286489827  0.89635755179135901  0.90772708713956218
  0.91912840574808075  0.93070125989109276  0.94235843169414324  0.95405663387754425
  0.96539790914351387  0.97671948223724370  0.98830268735576154  1.00000000000000000
 -0.00210152413591841  0.00851591177253394  0.01772805862996326  0.02758760038223411
  0.03765778163404350  0.04796420198493066  0.05776085062379076  0.06777298752735608
  0.07749058011624420  0.08688761862266578  0.09640760433603035  0.10651204363231939
  0.11749518076666070  0.12862895844063799  0.13947552785142203  0.15026327068685616
  0.16091731252332361  0.17157470360799990  0.18220007939481661  0.19320563878848568
  0.20383366008272205  0.21445923917512971  0.22514110463283207  0.23632684232692266
  0.24763311126837426  0.25787506605737570  0.26790775602594713  0.27758870747936959
  0.28716658343784751  0.29701509612935884  0.30697550204455609  0.31741504940551024
  0.32815302676368957  0.33875581913985392  0.34942919165835196  0.36006667822390637
  0.37077283440596237  0.38124790116935597  0.39166394915091934  0.40220313385477074
  0.41262686868313753  0.42282662213013800  0.43296068935797916  0.44346856633103449
  0.45467826462077365  0.46609217528135649  0.47740243551717693  0.48858111159961021
  0.49959146583025538  0.51044718141964707  0.52128903185991804  0.53243867551203539
  0.54337197148511340  0.55390990764529935  0.56476505479113037  0.57661528309882315
  0.58781300604588849  0.59845292833153241  0.60924768490962444  0.61998458640007115
  0.63036864285759586  0.64035522209331497  0.65072663371744988  0.66188753397670508
  0.67305350988920498  0.68411651491961867  0.69465450731103950  0.70483755626915690
  0.71482756130315672  0.72488840960138823  0.73501345692338815  0.74488056334382180
  0.75480389870885078  0.76529053509876288  0.77613078511949940  0.78675994357990686
  0.79755048438717890  0.80821476466944997  0.81929133505487661  0.83036517565403145
  0.84139631998505227  0.85209863762824023  0.86248494313739477  0.87247674457544000
  0.88203029053805504  0.89176743555912019  0.90241157916597514  0.91249345952333694
  0.92309704351520627  0.93412247250152269  0.94543243848221659  0.95665633445159026
  0.96764932377905089  0.97902919781842690  0.98937986802946776  1.00000000000000000
 -0.00258125762536840  0.00943484544372353  0.02021390737103518  0.03148640947632589
  0.04254618656886647  0.05369522707787427  0.06494045338963984  0.07614582042966578
  0.08690461512969848  0.09727092887362589  0.10770243845575225  0.11849602114974958
  0.12897512431339381  0.13917818824901698  0.14926769665244957  0.15922981127506913
  0.16956532456048828  0.18011759154208579  0.19160534749206132  0.20325428406105275
  0.21427296310929461  0.22493028714793004  0.23544971440605789  0.24612924555675800
  0.25682300943175113  0.26784041487186205  0.27918967878037060  0.29030757907725241
  0.30079057990428942  0.31103866550408493  0.32126950987162872  0.33139186345288996
  0.34152502981345356  0.35187086569432569  0.36249209423381973  0.37291385119208892
  0.38316300516615537  0.39317835596806394  0.40331729939450062  0.41354511488955209
  0.42421515068865873  0.43510166490313112  0.44581128814400300  0.45620787457497264
  0.46672360395835982  0.47720174636272544  0.48744404165471711  0.49747924053352999
  0.50778292184590945  0.51799107716846082  0.52851275209488935  0.53880704797650503
  0.54909531546007173  0.55922086560597539  0.56914715046817077  0.57954141130537862
  0.58958653796382532  0.60013496363909413  0.61036304512549155  0.62070821113478936
  0.63097999406332395  0.64141625374151201  0.65227335335797687  0.66302863164727255
  0.67354260992300252  0.68404118596993757  0.69455728548310891  0.70519359329602194
  0.71551171821157455  0.72549367181622892  0.73561541521999618  0.74564930898797988
  0.75591120712646032  0.76640970346157022  0.77723885274016435  0.78860325849780111
  0.79984545965024723  0.81081511442543641  0.82173025498030472  0.83275171395907244
  0.84402411543098566  0.85532605143625906  0.86659030930857339  0.87711061060891693
  0.88699916518698330  0.89684888905462523  0.90677691168040830  0.91661462961636586
  0.92642946080335209  0.93639997309949086  0.94766013837613283  0.95944642099980315
  0.96943874977895150  0.97967825603882075  0.98978306891335921  1.00000000000000000
   1.1106569860773069E-008  -1.0000000000000000     
 F F F F F F F F F F F F F F F F F F F F F F F F F F F F F F F F F F F F F F F F F F F F F F F F F F F F F F F F F F F F F F F F F F F F F F F F F F F F F F F F F F F F F F F F F F F F F F F F F F F F F F F F F F F F F F F F F F F F F F F F F F F F F F F F
  <DiscreteSampler_grid>
  grouped_processes
  1 # 1 for a reference and 2 for a running grid.
  10 # Attribute 'min_bin_probing_points' of the grid.
  1 # Attribute 'grid_mode' of the grid. 1=='default',2=='initialization'
  0.0000000000000000 # Attribute 'small_contrib_threshold' of the grid.
  0.5000000000000000 # Attribute 'damping_power' of the grid.
 # binID   n_entries weight   weight_sqr   abs_weight
    10   10   6.504897197424529E+004   2.078521677073368E+010   6.504897197424529E+004
    16   10   6.504897197424529E+004   2.078521677073368E+010   6.504897197424529E+004
  </DiscreteSampler_grid>
