  0.00901007055479147  0.01621795182507881  0.02578075686685928  0.03634450363271696
  0.04647905236500148  0.05658046493140647  0.06631783537878627  0.07579548178506944
  0.08573933851934085  0.09605366518897325  0.10600814143590628  0.11598354247732921
  0.12590748805174162  0.13636651520655169  0.14679497190983817  0.15723284211462990
  0.16720998221928471  0.17765691819940266  0.18823720261897020  0.19902118504762517
  0.20972540738856227  0.22039640421176804  0.23134240598120157  0.24211141617837123
  0.25279875755643966  0.26402023581096989  0.27452746799897726  0.28516182413301572
  0.29619440160159349  0.30752815151958257  0.31927419563043302  0.33075470943449509
  0.34149428164333540  0.35164820234406285  0.36165842839766998  0.37177070075422375
  0.38183158144451695  0.39174353061452405  0.40175791695896462  0.41168560067896681
  0.42125322279680705  0.43040297423233725  0.43959225042870997  0.44857575413488865
  0.45767908593195167  0.46695030773983698  0.47666552118950056  0.48731520035298259
  0.49781728235041145  0.50935542720185678  0.52095741497469295  0.53211221721925017
  0.54262835403015797  0.55245525900513148  0.56213825267852102  0.57190036366566566
  0.58154372042008362  0.59105592553642983  0.60064259824859423  0.61077975101271509
  0.62094381409624422  0.63125343008179902  0.64153806588224405  0.65237281812587256
  0.66328319484922893  0.67354498628589365  0.68374111745050037  0.69451464953152986
  0.70550257136847438  0.71621129640732040  0.72661291413939888  0.73690943395387853
  0.74741987547956712  0.75818423280317981  0.76884041242284118  0.77926626864282256
  0.78951552983623974  0.79995967856744354  0.81065510834855659  0.82149040255133166
  0.83231591873961819  0.84287761877502265  0.85332306883792142  0.86411104368841274
  0.87510099721974732  0.88581861331861489  0.89600580138634434  0.90641839175601968
  0.91670299296893110  0.92774889235908842  0.93895451268081986  0.94971293892588637
  0.96015759013832636  0.97047952559539852  0.98107758929947042  1.00000000000000000
  0.00951332295713628  0.01549722139181179  0.02477506381403052  0.03512932702135420
  0.04567547439789284  0.05600652224186858  0.06615723603639763  0.07629414035942883
  0.08694306425519326  0.09809503893347016  0.10908374879559149  0.11986522154609038
  0.13029026854305090  0.14036742687033102  0.15074852530638999  0.16079523462585588
  0.17109585604024136  0.18140255158511515  0.19181259873818163  0.20268802264830316
  0.21303380174178416  0.22293729059085779  0.23269767599290656  0.24221765577319679
  0.25185899350848984  0.26135852038388740  0.27107051682080524  0.28183317775161559
  0.29248321146451273  0.30288376089182306  0.31323425889153350  0.32365159012375710
  0.33440871676597123  0.34530506734806782  0.35632297719357531  0.36662362913060514
  0.37680700824498448  0.38719006329780969  0.39743365646805856  0.40719174695240312
  0.41678358908983587  0.42694039947919216  0.43764947933560039  0.44787427810978508
  0.45802871575717652  0.46810800997493035  0.47822220544801330  0.48819661825323057
  0.49770337774495760  0.50753842718583297  0.51714498901667449  0.52717427512168535
  0.53777527414371862  0.54838746462655152  0.55874946013807114  0.56879264967391696
  0.57875536246703274  0.58919412139925464  0.59992755542258902  0.61069013215516699
  0.62145555895910765  0.63231179930516335  0.64296464349254356  0.65322693727129821
  0.66349444869013463  0.67404995153175773  0.68437541461040052  0.69442988901615132
  0.70456902707813551  0.71537283269776630  0.72649618154764839  0.73717020490562613
  0.74747528606766023  0.75779188978775314  0.76830883603265665  0.77898313236804440
  0.78982506041323830  0.80125455869974305  0.81294922885852050  0.82471082033517640
  0.83594223952456603  0.84660878105103698  0.85689031396419679  0.86695278022419142
  0.87706466068022126  0.88713604404752366  0.89688510184799930  0.90702835065989129
  0.91738789892923311  0.92857077979090863  0.94008388555856470  0.95202541797379925
  0.96447379423552393  0.97667527599457782  0.98857925221719956  1.00000000000000000
  0.05654714244750532  0.05814197503325001  0.06039684987125933  0.06299383937672001
  0.06548271071122116  0.06916799612543267  0.07316076298464999  0.07703049822255538
  0.08092087743401920  0.08482406987293353  0.08904910713776919  0.09327678757477767
  0.09750559773610692  0.10188510169512942  0.10633123291633939  0.11087145158265899
  0.11542433899633081  0.11998609385723004  0.12500849669186856  0.13009123602058209
  0.13526037201382565  0.13978245602585015  0.14438135027769769  0.14863319301755670
  0.14929899843448741  0.15052130262679927  0.15175721501994455  0.15346869619423120
  0.15594169169339886  0.15835098396174943  0.16073078334552907  0.16307539697921150
  0.16543665177104444  0.16779498661670469  0.17017258545368677  0.17255242858698672
  0.17497929182333519  0.17740080257784716  0.17982790620684624  0.18226522415810620
  0.18473566679367628  0.18724906776027678  0.18979482927541164  0.19234813317639127
  0.19491287382062050  0.19751505474143333  0.20016350946910777  0.20285311125954128
  0.20557156919538322  0.20832882918985926  0.21112042806366607  0.21394093302731471
  0.21678153887489984  0.21967549493220365  0.22259782050933713  0.22556426097011451
  0.22856631110390394  0.23160946068320398  0.23469180984116039  0.23781525232040082
  0.24097668211722692  0.24418092261950222  0.24743775093191281  0.25074201361254861
  0.25410270077721181  0.25753705291970236  0.26105171563879453  0.26462994087889907
  0.26828223196347911  0.27203004782517670  0.27587607714304840  0.27979787841712495
  0.28380271922274386  0.28791049549919134  0.29214250068122255  0.29647149283185625
  0.30104846325041645  0.30581262563283967  0.31075272374307483  0.31591118001427609
  0.32133089966289480  0.32705714479617132  0.33313559697928918  0.33959659964433964
  0.34651593980025586  0.35403847935882815  0.36233073721432446  0.37160567935330369
  0.38219960601629777  0.39452432032103996  0.40968197689268909  0.42851380586172561
  0.45551839788144560  0.49893885639108587  0.58527597541161103  1.00000000000000000
 -0.00269728039606847  0.01121291091639943  0.02248486820125996  0.03389115525410397
  0.04490582788159891  0.05641182569852744  0.06855118566892453  0.08122426120206938
  0.09400277349158752  0.10633984964897787  0.11748230569841125  0.12826225868960001
  0.13907843669676356  0.14949939593838146  0.15965610117990298  0.17049333128861380
  0.18243540243486750  0.19431451998421984  0.20541828268313508  0.21665082512858747
  0.22796468192229455  0.23943583156126882  0.25100976023540678  0.26248134461340134
  0.27360149308398496  0.28480869802936176  0.29494367611533800  0.30479992151847712
  0.31432263675322675  0.32363679537233681  0.33271521290165440  0.34233311036524283
  0.35185096924489750  0.36186052916044403  0.37213157197250230  0.38299906996935212
  0.39401972118306333  0.40415663656426870  0.41376971699931275  0.42292446398303057
  0.43191206468544185  0.44112706233346755  0.44992638178055461  0.45866037781817465
  0.46793517002039597  0.47754814797145051  0.48728660440958516  0.49694289160049393
  0.50653015494074016  0.51637454811429861  0.52661791115523093  0.53746993771552254
  0.54832317762942184  0.55874983515844867  0.56884603370312081  0.57879649621839413
  0.58845564928095695  0.59796445798369591  0.60742168067225488  0.61697129506251880
  0.62657426196330368  0.63610676192821070  0.64600129662097316  0.65624115296344898
  0.66612693297707681  0.67529141769439194  0.68424207114655933  0.69357785861941179
  0.70357432966614786  0.71391717982780034  0.72417277648248646  0.73429633104986691
  0.74440029359047633  0.75457432534134072  0.76460695518915622  0.77467412211767717
  0.78501459116692418  0.79641496620564878  0.80829986589865510  0.81934893608656634
  0.82978094196750873  0.84033882286951622  0.85115102631816497  0.86184457976721440
  0.87268451053407181  0.88435673951180060  0.89639919529456624  0.90825283962532355
  0.91993326817059307  0.93121339202048015  0.94240795941582645  0.95369334307773690
  0.96554315579334871  0.97688106977430589  0.98840566940607855  1.00000000000000000
 -0.00220130960036764  0.00850555308414079  0.01779833315950368  0.02748271715382414
  0.03718177733186186  0.04720828146131864  0.05784384258753549  0.06833381597598671
  0.07857957064134968  0.08906897661619899  0.09901894994156515  0.10890249373405439
  0.11886899306670590  0.12980961990275000  0.14108465224296199  0.15204471373145306
  0.16300105387776631  0.17460787864977559  0.18678330255950129  0.19866809190062565
  0.21017457407423429  0.22129914300088607  0.23253692962829270  0.24439124976777249
  0.25536701572269294  0.26597531588171358  0.27571384842022129  0.28535789100119863
  0.29539640862758343  0.30618007379898809  0.31639312036483103  0.32580942031228405
  0.33510716509578942  0.34485372749985149  0.35429481218341891  0.36305145364390451
  0.37144286517623737  0.38108598694848977  0.39186517813445332  0.40326320368210938
  0.41471795057042349  0.42589187073983809  0.43639094202016981  0.44591017978646663
  0.45541432724150754  0.46520776910106709  0.47521017659169607  0.48539356632520680
  0.49566049494089853  0.50668936926487840  0.51747089183455275  0.52745776485132745
  0.53743372470075734  0.54740575037228489  0.55803051209574617  0.56903983871084773
  0.58021212374017461  0.59169289433103289  0.60301743695603738  0.61337841795483272
  0.62334669873407855  0.63382669674938608  0.64493168947526192  0.65610941245577359
  0.66621965571597563  0.67756292421923048  0.68871310490994719  0.69939600078410036
  0.71024576500395675  0.72125974518745495  0.73189038885535140  0.74173964167077400
  0.75138576581593464  0.76139372944547346  0.77134651629288531  0.78175403224627271
  0.79204252849312407  0.80256421026307567  0.81317714067469371  0.82421539692785417
  0.83534787460858473  0.84605598048586417  0.85655906465388676  0.86716952150494764
  0.87846255119272654  0.89033807544641885  0.90188386628752881  0.91305645902111388
  0.92381108172940329  0.93499775546343566  0.94597530744175018  0.95714176542523977
  0.96791356149576568  0.97858263961628911  0.98915167224453127  1.00000000000000000
 -0.00255070649234939  0.01058373609688786  0.02209733130822050  0.03381556462287707
  0.04598908109152182  0.05825456464587133  0.07033837896034047  0.08157681500881300
  0.09304220973074366  0.10444218304455324  0.11574378230076825  0.12688455488535819
  0.13747163857776673  0.14833183239014813  0.15922598357850459  0.16946022361158403
  0.17936558276325720  0.18921413167689083  0.19932546363518147  0.20943620670357393
  0.21936500215304097  0.22951278956735516  0.23955781387721126  0.24958788629120371
  0.25983513250491630  0.27022060685862853  0.28067884897015999  0.29146205313356038
  0.30252498995318478  0.31362920739548145  0.32453265933705278  0.33473540749030906
  0.34455343701381802  0.35421103448240371  0.36412654767055119  0.37382928998437809
  0.38312464241424515  0.39223179343433451  0.40106439936127652  0.41006410055704939
  0.41953867968599051  0.42945497775899394  0.43942214545754066  0.44898971832051793
  0.45833516047600142  0.46822346384331870  0.47887218186543717  0.48945033651608050
  0.50008064738742475  0.51020711836899890  0.52052051137650690  0.53049672041481821
  0.54077986622139440  0.55119785515118103  0.56159771155004923  0.57161823840132286
  0.58146700320542877  0.59115664300715653  0.60076434161246028  0.61036297068328438
  0.62032253454465502  0.63070614036387440  0.64122168561068704  0.65174692977967053
  0.66227598066651638  0.67239054907840023  0.68219729132663420  0.69211558073137625
  0.70233495942078894  0.71228693254508924  0.72194276973105820  0.73220550322018219
  0.74323926115195105  0.75367448576826079  0.76358753775383326  0.77319685196469490
  0.78249741669835737  0.79176887476645985  0.80151380078075019  0.81147106554187409
  0.82183247965134676  0.83211369948276825  0.84386797125304025  0.85568791426607471
  0.86783915889545238  0.87936476189356139  0.89118964068558526  0.90268823004966414
  0.91443333530412119  0.92578829665375850  0.93741549952160952  0.94969370955051591
  0.96207610361095341  0.97422261381581954  0.98700490918710027  1.00000000000000000
 -0.00263437939186700  0.00961408878592768  0.02001657327485986  0.03056229464401383
  0.04112391419606817  0.05145728544918789  0.06206762396586216  0.07288863727318326
  0.08390079368296331  0.09475486291748206  0.10526357652070378  0.11593054731840832
  0.12621149740013027  0.13595559235150528  0.14544951813072668  0.15514745661419210
  0.16528176792780469  0.17625693578609361  0.18725804627612516  0.19851965540612274
  0.20939301605373659  0.22035423618245273  0.23163411563468639  0.24309708309615591
  0.25426587945249035  0.26547407098039333  0.27613448068213259  0.28694794956888076
  0.29794607726507000  0.30887534851701792  0.31885547855226959  0.32851536572365142
  0.33890426350490938  0.35027752230013687  0.36125626402502964  0.37240122271597070
  0.38328417995879416  0.39403567130470063  0.40436445267984433  0.41454140411721929
  0.42505930942835335  0.43542041385511665  0.44627975182493296  0.45719126914021052
  0.46820386575118556  0.47889644072541637  0.48927957536683186  0.49976382606951814
  0.50982855241876146  0.51936413044438090  0.52858433727738774  0.53755793832356447
  0.54686220731080071  0.55654214638777877  0.56645195077284183  0.57707978685554384
  0.58765999464267016  0.59812128037543799  0.60868857451389158  0.61948254099980182
  0.62999180376622421  0.64010960077600043  0.65100475607151920  0.66145459530086270
  0.67152575842128215  0.68091206924041270  0.69042799561238410  0.70065953781414747
  0.71150431772880551  0.72312593039113615  0.73494313668265410  0.74681847335158658
  0.75800201893041064  0.76925205079323589  0.78057537868732363  0.79180423340892547
  0.80196565534975706  0.81138041586649556  0.82067534285184918  0.83041787665418287
  0.84067468982044313  0.85128045722752099  0.86254853987419822  0.87443796288349895
  0.88671974802638909  0.89786683451908555  0.90813716022611790  0.91827559454153351
  0.92799777614856005  0.93751372261439125  0.94721393598821824  0.95720793510740898
  0.96783355168838259  0.97834078820849180  0.98906091080952996  1.00000000000000000
 -0.00202670325414256  0.00823448678273386  0.01692754071362898  0.02617577942732926
  0.03594539913702131  0.04556759047881427  0.05580762419188236  0.06624045235315257
  0.07758645644141293  0.08882891495497046  0.09943340379601714  0.10968465548429307
  0.11973854694884045  0.13038379755858040  0.14217604918547605  0.15431501636897882
  0.16618701403046998  0.17677195797188092  0.18683504894860831  0.19710303246027952
  0.20711554451468309  0.21688182105701759  0.22696668380199403  0.23777258243154137
  0.24976753668383481  0.26038331368777889  0.27115433557399260  0.28209920909392810
  0.29242948864993684  0.30212896902471353  0.31168837048586079  0.32167974222490142
  0.33161306034687049  0.34104214032102814  0.34977604015538516  0.35862538865870713
  0.36790140789615738  0.37748291718512406  0.38710498986772285  0.39679209877640315
  0.40658861964865345  0.41622285854589564  0.42631337469922853  0.43720246740610924
  0.44894925221958454  0.46094234131895379  0.47303658820504602  0.48508160479722529
  0.49678288499329371  0.50760976607762121  0.51803925638206416  0.52863261004771311
  0.53920977590386832  0.54962623802279531  0.55977382376121987  0.57033653617738267
  0.58142721024363797  0.59268628373295085  0.60393058505745922  0.61441542689488282
  0.62414877521542678  0.63390806875296779  0.64398573629017286  0.65477024068577860
  0.66562374543842717  0.67657684355751324  0.68743260663499606  0.69816219957813974
  0.70904270939993097  0.71883949071859765  0.72857312908123373  0.73850248310626798
  0.74904403378726736  0.75943196584922701  0.76974767520002818  0.78050296944173847
  0.79157672532175494  0.80190381500589558  0.81199309401917652  0.82239811819973330
  0.83320132982344564  0.84419844787350296  0.85552767178279165  0.86706339852108671
  0.87877605213776278  0.89038175117994811  0.90165192396570970  0.91261863274070409
  0.92331056177076443  0.93394261967606940  0.94479576988292435  0.95547324723306548
  0.96617581391980800  0.97705032089242971  0.98841774232485302  1.00000000000000000
   2.2003735896213776E-008  -1.0000000000000000     
 F F F F F F F F F F F F F F F F F F F F F F F F F F F F F F F F F F F F F F F F F F F F F F F F F F F F F F F F F F F F F F F F F F F F F F F F F F F F F F F F F F F F F F F F F F F F F F F F F F F F F F F F F F F F F F F F F F F F F F F F F F F F F F F F
  <DiscreteSampler_grid>
  grouped_processes
  1 # 1 for a reference and 2 for a running grid.
  10 # Attribute 'min_bin_probing_points' of the grid.
  1 # Attribute 'grid_mode' of the grid. 1=='default',2=='initialization'
  0.0000000000000000 # Attribute 'small_contrib_threshold' of the grid.
  0.5000000000000000 # Attribute 'damping_power' of the grid.
 # binID   n_entries weight   weight_sqr   abs_weight
    10   10   4.020717510063857E+004   3.960970707004894E+009   4.020717510063857E+004
    16   10   4.020717510063857E+004   3.960970707004893E+009   4.020717510063857E+004
  </DiscreteSampler_grid>
