  0.01012228000374213  0.01311864102804034  0.02011377419286340  0.02849627662091826
  0.03720868168499299  0.04661783222981904  0.05571188463975160  0.06552594339113534
  0.07632850513278810  0.08790296928325439  0.09912495121179901  0.11036478249607462
  0.12151527362055392  0.13205375208906839  0.14214077445856643  0.15233698720096256
  0.16262577929536853  0.17247672341643241  0.18195542871529974  0.19219191530782043
  0.20337848916611462  0.21468918539054704  0.22601281487381716  0.23732064042821160
  0.24824528554357495  0.25819073559346523  0.26789735015588706  0.27750858588202792
  0.28710831681131899  0.29668307769514568  0.30595038308443828  0.31562245354064838
  0.32567637442643238  0.33629170941074876  0.34693796859323628  0.35728824322033270
  0.36808659984697983  0.37874389973958167  0.39001908049849549  0.40104124955413883
  0.41198503873176689  0.42317661732710882  0.43427881912097610  0.44507236938285089
  0.45626615896509298  0.46597205727224061  0.47527477666742513  0.48435594948597394
  0.49360178468666460  0.50317671798494479  0.51245345212906224  0.52201737164901196
  0.53269340454711445  0.54372513680587831  0.55510269388191513  0.56653628032244463
  0.57834754875743788  0.58974034690602073  0.60063151688925243  0.61131545542536081
  0.62143503173099612  0.63142276487355387  0.64120614137872589  0.65138271248827928
  0.66157501363294691  0.67201992902111674  0.68254611206110916  0.69334472558762861
  0.70430579642518731  0.71589361203856161  0.72788962146082536  0.73943717271467657
  0.75038864137728800  0.76089142725716208  0.77112048472787931  0.78104591504732757
  0.79143880502540476  0.80268020641006355  0.81438719409914750  0.82615970379803927
  0.83731841929352346  0.84817544841236392  0.85866523518873550  0.86909570104120792
  0.87954208739712858  0.88985527574859424  0.90112899952624947  0.91243414870585537
  0.92314936071312803  0.93338016512703781  0.94371934903092014  0.95470907079671175
  0.96545579058947839  0.97656887445377394  0.98787520686818853  1.00000000000000000
  0.00945470111043173  0.01543758782781930  0.02432516961183531  0.03379815930654471
  0.04354290996429856  0.05407955504080279  0.06469898810022469  0.07525127377694724
  0.08602409165589757  0.09725895140315245  0.10875700558712167  0.12030882695937258
  0.13151663931147750  0.14256688737669415  0.15392777054352597  0.16539945622962063
  0.17677261862586585  0.18788234432790590  0.19923083322559401  0.21062180775349174
  0.22178615044906461  0.23257898022272561  0.24256304618385596  0.25333285970598446
  0.26439172776602221  0.27485036596086143  0.28529168445574737  0.29604229901925727
  0.30668310971423834  0.31715474072468347  0.32734661587295705  0.33748600702525539
  0.34743652283983678  0.35761858657404327  0.36841245737935169  0.37914455091796428
  0.39030941723353385  0.40187459757976240  0.41318908903071000  0.42398543925848475
  0.43461193864233411  0.44551005570672919  0.45656826881975388  0.46727223239833154
  0.47746444724583287  0.48745127208036865  0.49712439223026833  0.50608193864787088
  0.51461206359783651  0.52371142404272775  0.53316559941359198  0.54255047853864058
  0.55116507272125914  0.55982245560600674  0.56914397783755577  0.57906649919533348
  0.58847216994020590  0.59769587533897517  0.60780045847156627  0.61891286941827939
  0.63016044781250802  0.64144709657393140  0.65263843533804355  0.66364781786071880
  0.67432977237798175  0.68520406377100396  0.69583981476069745  0.70635056005961050
  0.71701174223363029  0.72807392929389059  0.73887910802482948  0.74979093278693898
  0.76086047755849562  0.77196381279806625  0.78183603708907923  0.79195412277318378
  0.80163236523132242  0.81185256968079444  0.82179863265804676  0.83175019342862444
  0.84297220541651441  0.85381953264602117  0.86538454630660988  0.87674478327812255
  0.88832141251143004  0.90001550594508117  0.91136635223094586  0.92154914399742360
  0.93130456475511492  0.94157674172070638  0.95144920430866320  0.96115222093084052
  0.97079524077939916  0.98062533546726616  0.99149088217395842  1.00000000000000000
  0.05714560328532955  0.05931879969125804  0.06187892407464734  0.06527010177172707
  0.06872876704492771  0.07222341743217477  0.07591328764559079  0.07961592657439620
  0.08334068464921332  0.08722862937888116  0.09118892640469428  0.09523949266757559
  0.09934078987159030  0.10348387369804665  0.10782723819873720  0.11219562668676938
  0.11658974463355878  0.12119072882302961  0.12577989190893593  0.13035028910200919
  0.13549313291968387  0.14102424256106605  0.14670079186860738  0.14848153743781786
  0.14941455941055096  0.15066946043161647  0.15188532726884021  0.15363698264401759
  0.15605006214749115  0.15843161490026306  0.16082519590073507  0.16319798818676956
  0.16558296844302395  0.16795097559325403  0.17032632482431731  0.17271228274976858
  0.17512237437091707  0.17754900633415013  0.17997268236765826  0.18240775532518547
  0.18487423009606568  0.18737792199263567  0.18989687885067041  0.19244297862545703
  0.19502399564920747  0.19764536115862349  0.20030271459155824  0.20298792260383894
  0.20572613586105826  0.20852084662767167  0.21131471707673480  0.21408786194303789
  0.21689961291455598  0.21979394871649588  0.22273954869696402  0.22573914781387833
  0.22876355869682566  0.23182224492075271  0.23490554984754514  0.23800388743435291
  0.24114445999605860  0.24434465500420433  0.24760515513270798  0.25092020166444362
  0.25429832606738395  0.25774153772941155  0.26125649850431504  0.26483409000302327
  0.26845571395396173  0.27214261343703927  0.27594875967855653  0.27985649276831459
  0.28388002298797999  0.28800677429799093  0.29227703511591852  0.29667375976919341
  0.30127382962200994  0.30604900474213842  0.31101293650225387  0.31621718068336846
  0.32165926357391261  0.32736010861647646  0.33339830089761963  0.33986718069021965
  0.34683482034517793  0.35443740823675168  0.36275468838590857  0.37201969140979718
  0.38251333105577595  0.39474537800406800  0.40985562003739756  0.42852137180950461
  0.45494687088107111  0.49789716470867151  0.58398837270515291  1.00000000000000000
 -0.00231517404111761  0.00969629899668837  0.02013525354446304  0.03143715437996204
  0.04240448462566791  0.05273952910131917  0.06288462829798519  0.07351044213381205
  0.08469608369877489  0.09630983634846851  0.10812000935518229  0.12005650874768388
  0.13172955994741928  0.14294362333128960  0.15328924111652761  0.16281767386598722
  0.17190383806440443  0.18092336434883008  0.19045489187598003  0.20013839084390739
  0.21002570203295981  0.22054049190191605  0.23112579256334254  0.24145168561025929
  0.25216909025288470  0.26293619839806220  0.27378068097247216  0.28414585072201332
  0.29436553209497152  0.30464707612897224  0.31481452018218076  0.32529140798135747
  0.33550087308277066  0.34514118726129139  0.35483625719679185  0.36471012823655785
  0.37461011947779377  0.38478772505915598  0.39477745795626479  0.40474279100875921
  0.41470840730338515  0.42496231882187907  0.43546319514884724  0.44580457393379236
  0.45617254135983498  0.46695216733660849  0.47781516478568442  0.48803753054661453
  0.49785968445588102  0.50779608096963313  0.51764584057231133  0.52746556174052217
  0.53736034465303273  0.54764930584417482  0.55815655587149804  0.56854830374875143
  0.57910691509937062  0.58958595553911419  0.60056536978402686  0.61145916823810476
  0.62298647315572797  0.63297865797419028  0.64283631148287856  0.65195149468243552
  0.66122411974828355  0.67030820513215539  0.67917768788120803  0.68827015311702733
  0.69771955034634947  0.70717849405844502  0.71719656120060737  0.72742078498715412
  0.73812553538295134  0.74931648066904277  0.76070403645218676  0.77179078912984156
  0.78245363363812925  0.79327850541896461  0.80476682700507041  0.81700995324719672
  0.82903447408268927  0.84022957132956999  0.85058935499185506  0.86074896429273684
  0.87177334785186322  0.88267643076224167  0.89373997325052534  0.90572232937939556
  0.91802440213800107  0.92944772886752813  0.94098587554270707  0.95264082443980791
  0.96438399685582210  0.97602498414933070  0.98786329997053801  1.00000000000000000
 -0.00215522670632924  0.00943996193049466  0.01968473714509323  0.03016786908342063
  0.04048576585007979  0.05115908323922073  0.06184226907565270  0.07304120895915545
  0.08349174486870725  0.09339473361284738  0.10359239434090282  0.11418996153946151
  0.12500717323810459  0.13473269184505710  0.14450197642993029  0.15451311282474781
  0.16432287655183014  0.17344608654367002  0.18227770964017653  0.19138501502986210
  0.20024436475598920  0.20862797961431001  0.21656272137050256  0.22488391769420341
  0.23392977846570948  0.24330945277765942  0.25232362257330471  0.26162059094915685
  0.27094824843825471  0.28013894195151967  0.28898173140882383  0.29820388011928789
  0.30796322660411107  0.31820407734255651  0.32871319201618449  0.33856743926544308
  0.34796469861377077  0.35724449018712090  0.36671288761400295  0.37653821623919054
  0.38649028725640633  0.39674739296325878  0.40782465065765899  0.41913672884713832
  0.43038536141678679  0.44172094823365260  0.45309450860581102  0.46498548096254849
  0.47708818390898472  0.48948652635931955  0.50179045101164776  0.51335417517169202
  0.52431405035989587  0.53414810543081970  0.54454414370667636  0.55488104582102649
  0.56519736351343597  0.57565385194437380  0.58610591973736359  0.59770542867592336
  0.60917611990661336  0.62093263498576312  0.63288429601442286  0.64464374509573386
  0.65642501263591191  0.66830188707937488  0.68024119326627885  0.69208072406841670
  0.70339458068031790  0.71420261743033842  0.72485530938899145  0.73561546578757542
  0.74661380332462568  0.75788604113777969  0.76938321856046843  0.78107891957625464
  0.79307106270270744  0.80478715828184111  0.81607711460115051  0.82600575698298528
  0.83581158632452957  0.84577834090691795  0.85610711040128518  0.86678291902382287
  0.87746689109976161  0.88863447407317353  0.89956763478697732  0.91069175271432024
  0.92242193745260948  0.93459673171110724  0.94659818867953172  0.95830434971451350
  0.96897568612357010  0.97944063244191093  0.98970099257033017  1.00000000000000000
 -0.00212220893581845  0.00987277861410671  0.02008854140372334  0.03122793386242237
  0.04269658713508612  0.05543705583586699  0.06765063221689858  0.07965199903776488
  0.09139520246669615  0.10322769319259036  0.11520624108733246  0.12717103596545207
  0.13900833672774215  0.15034707566990940  0.16125764016528779  0.17222874787248230
  0.18335132540773250  0.19400884475363706  0.20432021760888164  0.21479633734223313
  0.22565027502653087  0.23666680839656662  0.24772824991761974  0.25896072645942542
  0.26977767910048928  0.28028493836809548  0.29082851114749525  0.30196223535771316
  0.31325562140447033  0.32462921396238070  0.33532191669268385  0.34570458540171384
  0.35622834960522870  0.36698554422137647  0.37691433231999649  0.38601246258970018
  0.39535639465230826  0.40509804113548747  0.41457173606078557  0.42356094909137554
  0.43259090316984700  0.44205452023035996  0.45181684178915604  0.46129996847426780
  0.47089367275280153  0.48084791014090811  0.49049179594073594  0.49968836037201203
  0.50887151974332079  0.51792872676698132  0.52676400621079944  0.53570261395372665
  0.54507562846970781  0.55463066799097782  0.56419751005705254  0.57372740556506840
  0.58310749943265772  0.59250050599421855  0.60186356155154253  0.61105112191645727
  0.62050313723793371  0.63000667092972029  0.63948264426563184  0.64896527385804048
  0.65847956742321223  0.66797884146714770  0.67689737312843024  0.68559508158286653
  0.69505822452578758  0.70441442574484903  0.71392282898381931  0.72291849349168402
  0.73271750127414537  0.74317979636381892  0.75328893293262777  0.76319346217561790
  0.77321949530764600  0.78372922587369820  0.79476808510745411  0.80687179323128755
  0.81917598104085765  0.83156921522380034  0.84306905494811679  0.85417692705617665
  0.86520355782065261  0.87652514020531924  0.88806419368226819  0.90052821170208519
  0.91307470730731877  0.92559297034602495  0.93840955400789827  0.95138194786626196
  0.96377533878231836  0.97583797278137596  0.98775302869793025  1.00000000000000000
 -0.00263487938239468  0.00926853882380448  0.02011182161161460  0.03111577977325252
  0.04287765640414547  0.05537597029992342  0.06608428453704725  0.07554652450973841
  0.08506878596091257  0.09465775620293498  0.10391414299247068  0.11293757007591489
  0.12243117320804330  0.13318828843293792  0.14512722457964836  0.15677624200106918
  0.16830196706874428  0.17945681479822775  0.19005280762599389  0.20008219267767513
  0.20989078005943043  0.21958120518677834  0.22907196591941109  0.23850264398512716
  0.24851032216100188  0.25918794347053636  0.26996514508855424  0.28010112162249018
  0.29035412200618849  0.30108374373829933  0.31210061514829213  0.32323009551795590
  0.33423703956417805  0.34488721563740549  0.35496042674150763  0.36424272263940666
  0.37342717233943101  0.38281985891713022  0.39233769296621140  0.40263017807677842
  0.41323471574305259  0.42337761783749184  0.43304902497609421  0.44255693990543982
  0.45212441459857305  0.46174243119681257  0.47136570768693448  0.48101476154665329
  0.49060084963981831  0.50002450297490830  0.50971186061687679  0.51957993736708508
  0.52932419940426234  0.53922613811443354  0.55037301009047868  0.56206745153563276
  0.57289688946192563  0.58304274051289673  0.59275589735807965  0.60223173266758445
  0.61195151701393691  0.62204943336438656  0.63257112716553254  0.64349716036705251
  0.65476993605822087  0.66611696866951520  0.67751769760263036  0.68902692166604063
  0.70051796628200969  0.71162001820278464  0.72215189590184081  0.73274536241287402
  0.74370071214077715  0.75487124746892043  0.76608549539113135  0.77716413182139632
  0.78838922488017660  0.79909508100803572  0.81006219882602926  0.82147814581545775
  0.83302720489785065  0.84482154638742657  0.85636606012032979  0.86788811494491558
  0.87909366869217243  0.89038700898125278  0.90160531187516901  0.91284905142365114
  0.92395540755955752  0.93467142408600834  0.94555648304202700  0.95632378312178279
  0.96754537833967647  0.97860115665581515  0.98946983117883369  1.00000000000000000
 -0.00264728836994228  0.00972589939451426  0.02118913144723783  0.03303419286067673
  0.04468776043388251  0.05574559463422393  0.06640874547373747  0.07711245411486400
  0.08817809746994279  0.09974994433868059  0.11168361068610359  0.12344153248448467
  0.13455609897274423  0.14524087836556168  0.15591210411199738  0.16667355626633390
  0.17768437899615108  0.18888076961395547  0.19976918635190080  0.21050524150008543
  0.22091158779198905  0.23104504671703677  0.24103191903909252  0.25115706612748001
  0.26162781823805670  0.27228579796899216  0.28315602557173430  0.29439086624667959
  0.30531435592712186  0.31666940155519990  0.32857925191928117  0.34086838546602444
  0.35331068018272355  0.36504214828686238  0.37621076587440738  0.38725154647181503
  0.39846009369498370  0.41041665785060910  0.42207860166015287  0.43311641245527904
  0.44377941375016089  0.45448544314399603  0.46547651732870871  0.47672849386313076
  0.48861000260460308  0.50026459014538860  0.51144139964077207  0.52245227167193520
  0.53326044288640828  0.54401936770007886  0.55492164349646689  0.56582126019269963
  0.57635599956191419  0.58626990933042133  0.59541767945882040  0.60446359122480542
  0.61367064129018634  0.62305217383237199  0.63300132395633690  0.64239078267748961
  0.65294365009079947  0.66375186808848596  0.67435114979525745  0.68455432338845246
  0.69514479296771536  0.70589664947773434  0.71628889236961046  0.72638280362864782
  0.73646012357842072  0.74652639203597060  0.75656829188452412  0.76647927854317022
  0.77665828031583439  0.78682729055344014  0.79673181566926043  0.80659499478192509
  0.81659358711461172  0.82635839975011349  0.83590938235812529  0.84531205085432570
  0.85477321937868600  0.86444430896683422  0.87427319013802118  0.88401848965225005
  0.89363526918084546  0.90320433433598291  0.91239826299904103  0.92170536844047002
  0.93134390208132412  0.94120591866024883  0.95120435640880330  0.96111004971225644
  0.97096225860702212  0.98061276598547842  0.99021885017995970  1.00000000000000000
   2.2491888121626743E-008  -1.0000000000000000     
 F F F F F F F F F F F F F F F F F F F F F F F F F F F F F F F F F F F F F F F F F F F F F F F F F F F F F F F F F F F F F F F F F F F F F F F F F F F F F F F F F F F F F F F F F F F F F F F F F F F F F F F F F F F F F F F F F F F F F F F F F F F F F F F F
  <DiscreteSampler_grid>
  grouped_processes
  1 # 1 for a reference and 2 for a running grid.
  10 # Attribute 'min_bin_probing_points' of the grid.
  1 # Attribute 'grid_mode' of the grid. 1=='default',2=='initialization'
  0.0000000000000000 # Attribute 'small_contrib_threshold' of the grid.
  0.5000000000000000 # Attribute 'damping_power' of the grid.
 # binID   n_entries weight   weight_sqr   abs_weight
    10   10   5.938851236052236E+004   1.113922167130903E+010   5.938851236052236E+004
    16   10   5.938851236052236E+004   1.113922167130903E+010   5.938851236052236E+004
  </DiscreteSampler_grid>
