  0.00898184876982189  0.01614280111728194  0.02704785384752323  0.03999800081567696
  0.05072277882712806  0.06202744943103741  0.07213489946158236  0.08214705821045935
  0.09159143870314421  0.10111579484347989  0.11151545816208733  0.12230035711486509
  0.13362895384828488  0.14505887446663679  0.15607558341473560  0.16694597558080959
  0.17775668841098627  0.18831066983625147  0.19841904960850790  0.20828041247266388
  0.21991580073972827  0.23223186836645834  0.24458769540650954  0.25613816600782352
  0.26698182915491464  0.27776381472295347  0.28853839445862456  0.29892843843163625
  0.30919214534509332  0.31986794089679144  0.33090711767382214  0.34189101140663070
  0.35279665102014462  0.36413035984343328  0.37555945467036306  0.38641665032450156
  0.39686894613850882  0.40678405981736621  0.41627678443359012  0.42542761440763388
  0.43475123678085953  0.44464203867667679  0.45473378652717522  0.46463737766774676
  0.47450636167000720  0.48480325227747295  0.49528769608607343  0.50578035683322498
  0.51628152059457366  0.52695237302774611  0.53780315456878436  0.54837584392461580
  0.55847298752456920  0.56827931254564923  0.57802961508855000  0.58798359993098381
  0.59785198434495079  0.60733630957253293  0.61686118909113608  0.62650405194761272
  0.63648709034238982  0.64688558833512044  0.65785417396406731  0.66912974985575824
  0.67962475986833704  0.68973631661853463  0.70036629590650934  0.71109425502596868
  0.72227596457640975  0.73287253824989917  0.74278627414240828  0.75305580173434739
  0.76342576134111861  0.77361784995997129  0.78359448283495781  0.79401915920463717
  0.80540466385357212  0.81685884749231263  0.82811034582254517  0.83864669446050766
  0.84817782827006938  0.85829924155275150  0.86759707365405869  0.87737430029252872
  0.88657024583067479  0.89625304649577453  0.90637475474986495  0.91685182496054629
  0.92723931061981146  0.93778200304862835  0.94855929398800565  0.95931794511843371
  0.97003038945582609  0.98015636202571110  0.99030366547942961  1.00000000000000000
  0.00991928247245738  0.01403674567982731  0.02097340652496835  0.02896991611906530
  0.03738298099236270  0.04698679857825281  0.05659440438565153  0.06668853048321176
  0.07735302475464716  0.08771188771184261  0.09733206123348523  0.10711603487160880
  0.11710710561326318  0.12740573171613348  0.13778241419684664  0.14821336109654829
  0.15827266487689745  0.16862319741602708  0.17919677873213294  0.18998102893696442
  0.20042440208412773  0.21132581626986088  0.22249069984673542  0.23333650705872458
  0.24436359640534258  0.25597344115315912  0.26782445627614049  0.27934641383009146
  0.29085563410267046  0.30206892177347971  0.31319621357658300  0.32429697072446539
  0.33506411637948008  0.34554449148905420  0.35602021079951268  0.36639377022197134
  0.37648424972005462  0.38666602523508004  0.39669667694621541  0.40626847354770557
  0.41557194783264517  0.42498295356347648  0.43451068788626179  0.44419884404160009
  0.45428200433684401  0.46539834597131891  0.47715087239225001  0.48880329196705241
  0.50032300381367401  0.51192281761763969  0.52344353420134548  0.53464343117539825
  0.54564545268389897  0.55601991969751507  0.56657748969413169  0.57646270767808228
  0.58722117136026841  0.59838556549634514  0.60925642453379703  0.61968072804073704
  0.63038752876059545  0.64109396281901754  0.65168493681578665  0.66197202833234925
  0.67254457607012952  0.68375052241806800  0.69498959227534940  0.70555641497752597
  0.71589610765466927  0.72577373215701813  0.73615552184596522  0.74605910957890276
  0.75645814034649805  0.76663676212320742  0.77774753902979132  0.78931427739209237
  0.80107821768685905  0.81231137751430138  0.82178507397688672  0.83171759910359844
  0.84261226350754470  0.85337220809558378  0.86323958883661633  0.87304863482902095
  0.88276712405579827  0.89263410215745653  0.90190854747096116  0.91127500027743491
  0.92121578550363326  0.93123807478081833  0.94139055276799610  0.95196623618812160
  0.96264544404114549  0.97498400409018005  0.98726222881553882  1.00000000000000000
  0.05753333339928626  0.05888615626229916  0.06100860878876131  0.06387916578153394
  0.06689490883598467  0.07027938711094193  0.07409584447698961  0.07788447879482202
  0.08169921536221046  0.08560010058546955  0.08959589429728707  0.09363888176735725
  0.09766986531777719  0.10184447603024040  0.10616580472188342  0.11057856595029876
  0.11505993109577027  0.11964257456789038  0.12434502639040898  0.12909473284151599
  0.13389627663481532  0.13921911976494289  0.14433667305384801  0.14849781820518024
  0.14907755699658265  0.15033310825414381  0.15153041590243752  0.15316647581994838
  0.15553040289108147  0.15795118584430531  0.16033641063296999  0.16271721821875190
  0.16511048917631685  0.16753089607349256  0.16995347305485403  0.17236590089847140
  0.17478259597382059  0.17718347089711325  0.17961161288910824  0.18208333846697256
  0.18460144696697345  0.18713048947490962  0.18965672495812499  0.19219566851166517
  0.19479112076551278  0.19743021554845633  0.20009128586213348  0.20281213620034028
  0.20559039646361515  0.20837478860382119  0.21114649749615030  0.21395491193459995
  0.21684642958665537  0.21978544436839562  0.22272956079549128  0.22568212736867552
  0.22867161236727246  0.23169154576000880  0.23474669519395358  0.23782726467724488
  0.24095612341590744  0.24416466811628848  0.24746931349837600  0.25081429921620552
  0.25419624103530414  0.25760149617732664  0.26105159972630498  0.26460504612577251
  0.26824546386422143  0.27195736736529891  0.27577855689318403  0.27969976620105425
  0.28370158849990718  0.28782734827407580  0.29209869075069333  0.29652545130223579
  0.30115698470716107  0.30588263745651534  0.31074207171022278  0.31584568465222324
  0.32126010158194751  0.32696992787406648  0.33297676788385699  0.33942879324896524
  0.34642265012667572  0.35408669817308058  0.36249190774771056  0.37186650317659142
  0.38238188075649815  0.39462336351810656  0.40979100365805554  0.42845546671640172
  0.45510023912102499  0.49810205586408124  0.58441771596464698  1.00000000000000000
 -0.00301002933516437  0.01164657762792156  0.02497402777250563  0.03854032802804808
  0.05127212812739174  0.06281045978964767  0.07415895252982085  0.08524921034439228
  0.09621551780163480  0.10680536632576483  0.11758152717850938  0.12837873046864870
  0.13954252577022788  0.15076660834292177  0.16246108597833575  0.17361066902168851
  0.18520973925846454  0.19743769189157928  0.20965678523630593  0.21949923809942998
  0.22980045118099393  0.23955218490748981  0.24975271066324101  0.25991797949722495
  0.26995383203006568  0.27975880644485535  0.28932637498322789  0.29879320818773974
  0.30850205952003157  0.31807847099164765  0.32757980006232490  0.33765566466774871
  0.34768403985198471  0.35773420538161715  0.36763509053800036  0.37775881305834169
  0.38786505993129128  0.39745864897838706  0.40676813859230032  0.41666393084039133
  0.42696489059648696  0.43746117363096282  0.44764510279551978  0.45840752438518634
  0.46980971212973094  0.48073849956674353  0.49056359828545482  0.50024747335342601
  0.50997522530485306  0.51968019104232199  0.52931035208504917  0.53867655445255147
  0.54902995579092617  0.55986751479370855  0.57042819182164828  0.58044674487187031
  0.58953268751461563  0.59803965850396390  0.60672973973590216  0.61574330248164200
  0.62493868982949308  0.63415278123335139  0.64373321679898932  0.65388778158166938
  0.66413356547166569  0.67410130246371691  0.68431436818483105  0.69516799367929938
  0.70598388213095031  0.71624253470163912  0.72624370179644138  0.73684249780881950
  0.74748014288815812  0.75795137597172046  0.76863238853146409  0.78004737862936702
  0.79203062736830110  0.80388669729904327  0.81530395618860829  0.82625065995664193
  0.83670348443968146  0.84677680895462482  0.85653202616905633  0.86613292962958333
  0.87624114078094639  0.88681330011917625  0.89761838729693966  0.90894098469184381
  0.92020890902641628  0.93117890550833149  0.94197935521967313  0.95289647808721512
  0.96459047890423921  0.97580667424877465  0.98798682765520462  1.00000000000000000
 -0.00189724468819288  0.00801235727393253  0.01698564798896050  0.02674305312160805
  0.03632902095184957  0.04580951097865284  0.05553048416063249  0.06515582668206601
  0.07498980220990673  0.08549047384058257  0.09663574589693538  0.10742353521687595
  0.11720328252316113  0.12658689928050018  0.13612267906223297  0.14592201913332500
  0.15560618640002755  0.16539636810738836  0.17498841481989272  0.18436701364964733
  0.19384660068295351  0.20346275997559649  0.21334337657722710  0.22367272933121113
  0.23442001100888329  0.24556301620326598  0.25681626269108804  0.26802063509492874
  0.27970925691305515  0.29163957796019857  0.30344281837456999  0.31556003262974686
  0.32779612305352190  0.33935018235638220  0.35027906709602658  0.36102126835378662
  0.37176367519848608  0.38234966865550907  0.39276239694070209  0.40298889004555521
  0.41310972617374003  0.42322427497853354  0.43324457964440782  0.44313052354627164
  0.45296495415650118  0.46346475794047315  0.47452645495879481  0.48537622700583816
  0.49575488137852630  0.50666311246724671  0.51787599925378147  0.52935111548756020
  0.54070694943482522  0.55183014278662168  0.56286670111195081  0.57348993326773701
  0.58397050552005292  0.59418262486749052  0.60429879879230897  0.61437942001217427
  0.62446060068092146  0.63551296683867298  0.64696125556490680  0.65877901151181995
  0.67040835771348672  0.68112519143729200  0.69138392194985221  0.70190123796866688
  0.71288587211599153  0.72404390462736123  0.73562328245731401  0.74797568962475103
  0.76009389397844818  0.77173652741561416  0.78282453459666990  0.79354102933122261
  0.80306736096153297  0.81325782731868002  0.82327326716501448  0.83312728140084269
  0.84313181405254634  0.85315641804098719  0.86387757542656129  0.87436729616226005
  0.88486270787679489  0.89506377601292653  0.90570816305377377  0.91634253515961350
  0.92766268617187253  0.93854486081438548  0.94933287579976788  0.95986283612622181
  0.97035976425523862  0.98050364567248460  0.99037210865332903  1.00000000000000000
 -0.00276046703009375  0.01174445399954023  0.02376105583308375  0.03608628026432091
  0.04855343002544284  0.06135906829887268  0.07298111290674850  0.08424262537356444
  0.09498325681737245  0.10595262511178997  0.11736244012912438  0.12896889009460341
  0.14110196703081193  0.15308882118574282  0.16548636544792475  0.17833085847023308
  0.19080716162053629  0.20316697305727446  0.21514310884496324  0.22656997311661725
  0.23783083515012510  0.24871899122740770  0.25977431970382148  0.27101849380335180
  0.28223368003717231  0.29284438055544271  0.30290836871501897  0.31265825148482990
  0.32231366995511945  0.33208903869266332  0.34149746270149356  0.35071763369136694
  0.35990823455116178  0.36890968567802762  0.37805796636265315  0.38760157464010719
  0.39767362533366030  0.40818658985526957  0.41839828738969242  0.42777931395604601
  0.43669535592626035  0.44550013086518125  0.45441658941780122  0.46357690592855971
  0.47299034431801523  0.48251508070812321  0.49233671531285395  0.50204436874343050
  0.51157658600574119  0.52136012308417690  0.53104787436389478  0.54042990808121416
  0.54988114137888444  0.55948743613244711  0.56937017491919395  0.57937294459626765
  0.58899543416373634  0.59819451784345445  0.60742791620946068  0.61703018893354311
  0.62676655952728089  0.63728845987580252  0.64794315304710626  0.65926011773609905
  0.67010529651417672  0.68024626846641578  0.69033760607937067  0.70063426395198336
  0.71064025834120481  0.72031345721486628  0.73017033913616169  0.74037527586968233
  0.75086292028590873  0.76149453094162112  0.77224408835939862  0.78263271053858940
  0.79257210305119186  0.80251697637507013  0.81246671677321347  0.82193252584710341
  0.83140214499044229  0.84119701463323659  0.85160477941683821  0.86265382664994716
  0.87391608139694710  0.88526846355644462  0.89681152636154005  0.90842424747936334
  0.91956380408557514  0.93010311736806950  0.94102245483616564  0.95289088747166528
  0.96429906385682962  0.97533266665968477  0.98736320875186245  1.00000000000000000
 -0.00266825370973260  0.00981538759613811  0.02065895481631832  0.03041997433052314
  0.04059712024178169  0.04987967468009311  0.05866678172403652  0.06750234436499988
  0.07625214148250643  0.08518333584886348  0.09509843521846952  0.10567578219931741
  0.11664825736639302  0.12738658239760067  0.13780326904618509  0.14852018506687389
  0.15882411215504880  0.16969963286112963  0.18023462137433352  0.19071785492765955
  0.20066102750503820  0.21039881270116056  0.22005448013719123  0.22943205525961352
  0.23918756331882526  0.24976307471990233  0.26122635742204675  0.27297629470913964
  0.28497859712813262  0.29579821387490013  0.30559189224605882  0.31528118930676546
  0.32468219750454169  0.33410635969650154  0.34298136628384740  0.35177554255702198
  0.36141133196246661  0.37151253316150362  0.38171131581354256  0.39219028825255636
  0.40370786045689250  0.41640925372396786  0.42892650694751833  0.44102059970302682
  0.45244404882279721  0.46351896189766534  0.47388990996220703  0.48414994556037971
  0.49409212485651188  0.50433982652436526  0.51527740741799688  0.52707739505538964
  0.53959481040604129  0.55066066444223805  0.56139257901737016  0.57255241941015400
  0.58351665033218836  0.59338074020759068  0.60319058419193816  0.61379380356753632
  0.62466451541772616  0.63538861764033572  0.64598259092773380  0.65736986582866774
  0.66920197740875698  0.68156672109143823  0.69439475087097591  0.70704772457922982
  0.71894536933561293  0.73023130630488231  0.74108436790965959  0.75202996739578687
  0.76276253518480142  0.77382170083960267  0.78502728574138259  0.79578459169247551
  0.80599829414831159  0.81574292433499140  0.82563934478016676  0.83565178034783039
  0.84561973351728426  0.85554633863467033  0.86604075137515713  0.87699341969445355
  0.88849539308596137  0.90036364316933726  0.91226674238439109  0.92412343764743343
  0.93559446353540010  0.94553127934241665  0.95476063356920327  0.96402113295151437
  0.97335826133985359  0.98236012277399143  0.99104027983614207  1.00000000000000000
 -0.00347336259196765  0.01283695643233712  0.02637489451927211  0.03936167518056880
  0.05036051410235229  0.06059041163048227  0.07070317164735879  0.08092120271523368
  0.09120082447216853  0.10190356347700022  0.11296273612580698  0.12348753764724356
  0.13334028428716665  0.14290913469478897  0.15290661449589735  0.16267639578165813
  0.17218667270557847  0.18176695429551795  0.19178560377147452  0.20267197451061988
  0.21318646968166630  0.22402486616229922  0.23537460754255402  0.24651875668716999
  0.25650971019283231  0.26595459696419427  0.27592103417386432  0.28628566692153123
  0.29665222927253049  0.30654131821889508  0.31634927140252200  0.32594148493016500
  0.33582698434937941  0.34604541702007763  0.35672573364937321  0.36804703459495330
  0.38000227813982385  0.39215207897560378  0.40349595904656982  0.41406221666943399
  0.42426017567746355  0.43420158758555838  0.44412607741893545  0.45439719598726469
  0.46533784876341111  0.47657566414754493  0.48737563184853655  0.49773864811518259
  0.50797169838185374  0.51828823264243440  0.52896879092601268  0.54001701637620247
  0.55180700563862495  0.56392270297845759  0.57558744599526546  0.58656423800820068
  0.59694598722133885  0.60722798683906354  0.61767505267467493  0.62814211769541117
  0.63872783784257570  0.64943969739923513  0.66022866636518240  0.67037631799868069
  0.67979241470421869  0.68903869173759191  0.69811028188785951  0.70707913361029728
  0.71635982009097887  0.72516896316881807  0.73538419471404726  0.74552683067806791
  0.75674019349105026  0.76780827804401619  0.77851132524291622  0.78917058773582338
  0.80006408935332396  0.81096377349479010  0.82125452625427975  0.83156744286201756
  0.84222363921116250  0.85317257160399895  0.86402710327488785  0.87504004606281738
  0.88636919504454692  0.89766227163436252  0.90871620000932218  0.91960684022837980
  0.93099404240925665  0.94168456721143456  0.95189929451640676  0.96197334187152761
  0.97188788303181739  0.98129698047937342  0.99055032449961589  1.00000000000000000
   2.1984635480704559E-008  -1.0000000000000000     
 F F F F F F F F F F F F F F F F F F F F F F F F F F F F F F F F F F F F F F F F F F F F F F F F F F F F F F F F F F F F F F F F F F F F F F F F F F F F F F F F F F F F F F F F F F F F F F F F F F F F F F F F F F F F F F F F F F F F F F F F F F F F F F F F
  <DiscreteSampler_grid>
  grouped_processes
  1 # 1 for a reference and 2 for a running grid.
  10 # Attribute 'min_bin_probing_points' of the grid.
  1 # Attribute 'grid_mode' of the grid. 1=='default',2=='initialization'
  0.0000000000000000 # Attribute 'small_contrib_threshold' of the grid.
  0.5000000000000000 # Attribute 'damping_power' of the grid.
 # binID   n_entries weight   weight_sqr   abs_weight
    10   10   5.227034857680979E+004   5.805600930954690E+009   5.227034857680979E+004
    16   10   5.227034857680979E+004   5.805600930954691E+009   5.227034857680979E+004
  </DiscreteSampler_grid>
