  0.00931382384106564  0.01566000784688187  0.02533600726215090  0.03647672824590005
  0.04761268354618148  0.05941724155633955  0.07050119501759222  0.08153520803985359
  0.09185589520033557  0.10223907396274065  0.11250866289529231  0.12273289739651018
  0.13373668841647268  0.14494287338676773  0.15632125278984454  0.16802401482259799
  0.17993050636433996  0.19143092753139296  0.20220047032566890  0.21264865966320035
  0.22299686983512576  0.23283664703033469  0.24262089651506591  0.25240527407984092
  0.26287200128775551  0.27273500823041841  0.28196601989546760  0.29145862344345086
  0.30110317599472369  0.31065242905042428  0.32029773138401568  0.32993306711818793
  0.34002817695985627  0.35073378335102173  0.36106801004056921  0.37135826287759532
  0.38171202009755262  0.39214466278620486  0.40235004797411411  0.41233626915388816
  0.42266969360311968  0.43336307004698621  0.44379184487630352  0.45424080550267470
  0.46508347682779194  0.47683355110765757  0.48803242569046523  0.49924487514724547
  0.50887927941235944  0.51903095747062555  0.52997663513275262  0.54042215858257547
  0.55023629155257292  0.56003493060883214  0.57122998228752209  0.58351202816817815
  0.59426071071632725  0.60510507371340305  0.61527935072100581  0.62502410161308730
  0.63471009465140393  0.64460756993638446  0.65532412328928602  0.66589797872576517
  0.67613590664987178  0.68613688245727200  0.69638612472389982  0.70696592647239442
  0.71717934701864494  0.72695183378820694  0.73643613924643891  0.74586103951014693
  0.75536561996073237  0.76500901216581296  0.77527193770432390  0.78661846303443517
  0.79845687143365263  0.80996727273086599  0.82107857080325686  0.83188454982657178
  0.84268328062811049  0.85321013152060288  0.86416287854442619  0.87505391684527067
  0.88555369741679113  0.89637016766684452  0.90682205904435231  0.91808617161071893
  0.92813698214258866  0.93832345899498737  0.94815373166666295  0.95790956755381629
  0.96822718891327519  0.97804485898654414  0.98915255323790596  1.00000000000000000
  0.00907753796775354  0.01647721773771482  0.02657138483312457  0.03744612825170288
  0.04797277631312775  0.05898442667211817  0.06996476683661544  0.08121674777820115
  0.09259492660476071  0.10400479705559701  0.11495463702492052  0.12556169854003330
  0.13566934112502077  0.14585077175418459  0.15631391110881268  0.16674807043459283
  0.17700444946973595  0.18717045932186105  0.19811140836031152  0.20934565588415385
  0.22011396304602307  0.23101736270254233  0.24167693993764713  0.25233260083219811
  0.26293368537467693  0.27366165008644766  0.28477751595816925  0.29584710711583317
  0.30639889409358334  0.31666344333963087  0.32669097064662467  0.33673543407982109
  0.34673602967913320  0.35655589556076062  0.36638712469894386  0.37635342124403254
  0.38656250304452727  0.39708173129148427  0.40732909220926478  0.41720022375154725
  0.42663162647770458  0.43605129329390824  0.44553636562180521  0.45495215806915018
  0.46465246051270503  0.47489455894495991  0.48562035392779535  0.49645443047315535
  0.50697317228017602  0.51712538244901274  0.52709018757442672  0.53735564414592363
  0.54841900135508614  0.55994964160461647  0.57104453717822956  0.58146787142791889
  0.59164638783505474  0.60184265416426275  0.61229428958506005  0.62302331842206515
  0.63397622040253421  0.64521293604343655  0.65593746307870893  0.66649334492494483
  0.67700525732887018  0.68792269931727834  0.69935528865460450  0.71122298720198007
  0.72314315082438396  0.73457289837171102  0.74515165804359507  0.75576650831739167
  0.76611300382102032  0.77606884126329168  0.78573631716004821  0.79618727719904236
  0.80727961527148984  0.81807516806977754  0.82830269264803680  0.83882780784635558
  0.84926945037989121  0.86001874351343610  0.87077793239800805  0.88205698580310066
  0.89248559735359811  0.90353673213329444  0.91451051011945828  0.92531011835181154
  0.93602260567098228  0.94574502503083357  0.95504416887237487  0.96404846605264405
  0.97334849122342071  0.98286539698500452  0.99116891766957338  1.00000000000000000
  0.05710150005471851  0.05884531059659588  0.06109454279308288  0.06390763182936643
  0.06685065315402651  0.07010237388983187  0.07388741932273601  0.07765033118911605
  0.08143150336316199  0.08535150354422009  0.08935921473551681  0.09343836405465228
  0.09754296653727335  0.10178537392349196  0.10627088881117998  0.11075680093105504
  0.11527702926961114  0.11990971130628073  0.12459964724597293  0.12935142204718000
  0.13436605022194048  0.13983341572930905  0.14527546505762279  0.14833710990397631
  0.14917779048912169  0.15046037488822850  0.15163956886008245  0.15330514392738340
  0.15568661927457592  0.15806950936246053  0.16043586762612341  0.16280379219769159
  0.16517952492593205  0.16756053482382435  0.16997696162572981  0.17239413319789826
  0.17483346943340819  0.17727408992982752  0.17971313641543421  0.18215310907538496
  0.18460612231933854  0.18710623404890592  0.18965205757052578  0.19223660227558154
  0.19481484823288439  0.19739304704234464  0.20000123392603533  0.20266990672080523
  0.20537614062669651  0.20812698892166076  0.21091317104370644  0.21371775157780487
  0.21657631350184878  0.21947074669761907  0.22239404421553455  0.22534708807817963
  0.22832891855009843  0.23134016742669286  0.23443754416935522  0.23758534968412179
  0.24079659100569656  0.24406388969772227  0.24738664263222188  0.25071252741695182
  0.25406372626803247  0.25746977287897993  0.26096860648157050  0.26454644509860575
  0.26816910467293154  0.27186451192718336  0.27569036361933813  0.27963956717029631
  0.28367660045740056  0.28778588414893219  0.29200717297756784  0.29639085962060507
  0.30100407366818777  0.30579518657377275  0.31074255071894180  0.31589106638598463
  0.32128312534670361  0.32697386726302319  0.33305737985842271  0.33956066145774688
  0.34649423795979578  0.35403789184353707  0.36241123698127087  0.37182017569602249
  0.38244138205621520  0.39456359817662440  0.40952170263467458  0.42841459391614994
  0.45506058957210138  0.49844504260305711  0.58557154641305897  1.00000000000000000
 -0.00297092567897151  0.01137471551921338  0.02355710324237542  0.03596661225898420
  0.04877274901635500  0.06127571519143000  0.07356915819271791  0.08519382239584000
  0.09675513088459145  0.10850069414229639  0.12086816323078899  0.13342555550873586
  0.14549875813556293  0.15723862052236734  0.16883282890114207  0.18031419007020696
  0.19157431547566622  0.20254735147971450  0.21312316675073623  0.22358369792296112
  0.23413577577807299  0.24457142393639608  0.25459604237490319  0.26441043203783438
  0.27445235105904431  0.28470411846109200  0.29464718709131782  0.30406504451412891
  0.31373348581873295  0.32421171654932096  0.33536492139569268  0.34611198586407338
  0.35630536704599525  0.36625830215320859  0.37624072795862035  0.38595050130316033
  0.39551687692983845  0.40518430016879348  0.41483419481497708  0.42473627812859965
  0.43427484301252250  0.44435466342260094  0.45417466402507850  0.46400345949167482
  0.47346486445844588  0.48368458359246119  0.49435661864278663  0.50524669223776852
  0.51587004852420215  0.52580439810537172  0.53534833931240677  0.54479947573993104
  0.55440267779063057  0.56378248163460754  0.57250201685843649  0.58083334949448384
  0.58989860773665304  0.59908843035110582  0.60806958523406462  0.61709650693743967
  0.62679941707686848  0.63763014508266658  0.64899348843662752  0.66020380071508677
  0.67120994167241110  0.68221387888967278  0.69365751163385014  0.70548751393150089
  0.71650838527211913  0.72694470642145270  0.73744193597090002  0.74797480896730051
  0.75802063981166978  0.76788280560729649  0.77758613070254390  0.78733770970098205
  0.79699138924044299  0.80642792126245888  0.81609846787146378  0.82603480603600477
  0.83611636683667612  0.84666003153742053  0.85759998983922914  0.86945369506374370
  0.88158748728724790  0.89343919557270157  0.90433939775249439  0.91463839679064829
  0.92494841163272168  0.93471975760842230  0.94423376747071430  0.95413084677733795
  0.96541241521222987  0.97691432873733441  0.98850507228638196  1.00000000000000000
 -0.00165793601128364  0.00742305681267141  0.01617004958505272  0.02570496751980885
  0.03556523490100553  0.04557014078114007  0.05673888261214126  0.06795348188437034
  0.07905035464158347  0.09022064582151008  0.10137948711754076  0.11288076007251432
  0.12410853579601577  0.13395464802504495  0.14327063408953844  0.15296660700423337
  0.16294203868021578  0.17290998696087237  0.18257597731034939  0.19315096153455530
  0.20440110316502491  0.21580592468181950  0.22667244246148863  0.23760656504669878
  0.24868628283052707  0.26018674474512504  0.27163735007482309  0.28243125317248591
  0.29335138509784109  0.30308736906750955  0.31282932570379807  0.32230910518910061
  0.33197823902829188  0.34140824443008433  0.35092311056589753  0.36100415475990250
  0.37114026590706778  0.38116299109859292  0.39122239465014869  0.40189133939198196
  0.41247709630170293  0.42294451692878055  0.43341429378019158  0.44365030208885842
  0.45370132791275181  0.46462703523046089  0.47530067298922829  0.48576504358907507
  0.49632534262732542  0.50804724546411295  0.52028890607519995  0.53199119048996479
  0.54392626698990842  0.55607338168716203  0.56860702936473551  0.58006477886368535
  0.59067002404240621  0.60087506276114822  0.61140707747400502  0.62222176222726411
  0.63311603281630491  0.64378836177083887  0.65458981995779897  0.66542426894817408
  0.67669205483385175  0.68797735532980975  0.69849529215871420  0.70846393595584944
  0.71793473382911555  0.72761340146629527  0.73761877610985360  0.74796623539286267
  0.75824689931204159  0.76846860031609832  0.77884560142393733  0.78918325955951640
  0.79965299428567638  0.81006139609352146  0.82182928060012750  0.83420917883650514
  0.84603495289660768  0.85732705212840865  0.86768343171328011  0.87823750774056952
  0.88875000659605596  0.89920162372376022  0.90956698536543301  0.91966020004380811
  0.92924831623051141  0.93894185808415820  0.94884094389096818  0.95904439139770026
  0.96899705772543687  0.97865848856687498  0.98943291409837009  1.00000000000000000
 -0.00291072037309115  0.01151192713110912  0.02383678298224920  0.03694940636208429
  0.04889740861517076  0.06019215794170309  0.07145527937072617  0.08308126076754653
  0.09401584627049078  0.10500272290013958  0.11566651995844787  0.12609818310397469
  0.13625518796311292  0.14618796846020710  0.15617360635434602  0.16634519211734677
  0.17692601377330863  0.18743885283469794  0.19771943523696736  0.20810257736614690
  0.21896900960886775  0.22981200498680485  0.24042430435243925  0.25112568856888318
  0.26258599092238988  0.27421907144007907  0.28614069282111776  0.29693339845313194
  0.30803377152295747  0.31721089058004237  0.32613833699879552  0.33553963496560535
  0.34460033103073712  0.35341998925321710  0.36167755367697424  0.37004149429117111
  0.37864341462959766  0.38847595471005619  0.39790831194821397  0.40712687893765298
  0.41648856806266915  0.42630555216861199  0.43624891118856063  0.44624107299423682
  0.45611738672435820  0.46616497547797092  0.47628010305557716  0.48619218520937940
  0.49632695280019518  0.50670799948812495  0.51710450841777111  0.52759640050114787
  0.53825439654966600  0.54867129142423054  0.55911044188897396  0.56933349844979919
  0.57934450167547658  0.58916404908980213  0.59892703177018181  0.60859709676495544
  0.61838189099814733  0.62843881898007281  0.63829551969969411  0.64814461866218998
  0.65785705147714846  0.66766154252091403  0.67854791391200964  0.68913258138266564
  0.69983986748076576  0.70994324977040379  0.71986331561142480  0.72991507807634137
  0.73974773470503608  0.74957048255136149  0.75927336602718709  0.76920337572184383
  0.78008764878359071  0.79128722208630098  0.80286082070974174  0.81381075919595602
  0.82451577519940134  0.83517320033610443  0.84569987756287845  0.85596747048835720
  0.86610697351994714  0.87695193199464772  0.88844726148958197  0.90040656803274721
  0.91260948779040629  0.92488984540831387  0.93673645036996545  0.94798636992411889
  0.95914290149182735  0.97209121455184366  0.98551376909162858  1.00000000000000000
 -0.00287227054761710  0.01065553490762584  0.02212781533561865  0.03285323244156071
  0.04309285090323320  0.05284538878735095  0.06285661436948878  0.07297845928687824
  0.08286139064147624  0.09325208227118159  0.10370156730728647  0.11477439478947464
  0.12545794801178986  0.13514375430407591  0.14434452776548437  0.15329978182808424
  0.16228134629342564  0.17179675966324864  0.18118087614653036  0.19045815703043409
  0.20020849663589851  0.21015795338314702  0.22042858892510414  0.23085140726210887
  0.24238742373288763  0.25427384501989719  0.26570941633235617  0.27712351589109607
  0.28820949364999870  0.29867716893953516  0.30856536828044528  0.31867813742341777
  0.32928250144345522  0.33983251150655291  0.35045237326155421  0.36126378253519925
  0.37258684981290702  0.38414868308081190  0.39591681352005331  0.40605375541146599
  0.41618523940772278  0.42610912995852285  0.43630203880218549  0.44624015597156463
  0.45627119658075266  0.46697902308098849  0.47849445060789275  0.48962693151854092
  0.50027980423784524  0.51052771062606861  0.52065145009041369  0.53105342895304564
  0.54213586159416938  0.55389194736136438  0.56587488596714142  0.57727216714191487
  0.58830314137875594  0.59942490204389320  0.61097332031753426  0.62364541052192968
  0.63510484946202006  0.64597677657004626  0.65590996678565638  0.66586422051184924
  0.67613912500118334  0.68626897976583912  0.69642092892401397  0.70673150703343046
  0.71682260012949850  0.72697505695218445  0.73714325176582196  0.74750823813687040
  0.75792489866811719  0.76883968552022075  0.77968149342153792  0.79066415284394165
  0.80142151240728932  0.81198250236062552  0.82215573561843913  0.83203260114126243
  0.84172161087429120  0.85127323814079525  0.86124321499595091  0.87150193934523423
  0.88168774532924366  0.89140580051471918  0.90134883563948542  0.91169277246845826
  0.92245513762855658  0.93332059808307433  0.94388638427156524  0.95458756983842474
  0.96578766875853950  0.97737538694804538  0.98873956276353636  1.00000000000000000
 -0.00254433168671719  0.00920944148952224  0.01977131269846914  0.03031931794106259
  0.04080895577018885  0.05130203482828644  0.06189151898826387  0.07284651655859892
  0.08404308628267980  0.09444780403031383  0.10452299549875808  0.11420699353539199
  0.12446725586002114  0.13404156261625366  0.14374166794218127  0.15439007113924685
  0.16538998464096402  0.17626421494477612  0.18739714679694588  0.19879757020558037
  0.20983402385959479  0.22072304725119282  0.23141578510587557  0.24121761182544441
  0.25107215386514253  0.26077981091512364  0.27032171655617598  0.28014777933397855
  0.29020461208242687  0.30327700626179899  0.31534255712049841  0.32642957972798053
  0.33686700752984589  0.34693317419548109  0.35675677489507923  0.36640490096020184
  0.37640376288547739  0.38647795324049899  0.39697219252410060  0.40822860709952385
  0.41912712331712293  0.42932905134273330  0.43931061607196731  0.44875830916263265
  0.45823555527305088  0.46801569063238685  0.47783114016455464  0.48900171433137840
  0.49958656352984304  0.50943215593526914  0.51946243620048149  0.52936138959102919
  0.53968101364271637  0.54966956552215174  0.55929294768353333  0.56909274140303046
  0.57933188926162038  0.58973616014656727  0.60063584820696392  0.61176082997315862
  0.62354768640776737  0.63537349753841543  0.64684306401647373  0.65802750569440194
  0.66879705367941977  0.67994828435687216  0.69141286281468661  0.70358179967879519
  0.71509755817083043  0.72640962497212491  0.73694643802163884  0.74746994428936253
  0.75774194780172854  0.76768249846688463  0.77768874111323338  0.78807415981565687
  0.79931745914866736  0.81101719998106092  0.82253769626266271  0.83389384331699368
  0.84467658207618590  0.85530822339958090  0.86597843039838396  0.87666288602935583
  0.88728317627336062  0.89748821971884174  0.90761862860561859  0.91785038003123287
  0.92802691603347276  0.93815125357005447  0.94891677298682375  0.95944372727089600
  0.96904804728946825  0.97893533570056179  0.98931133480803168  1.00000000000000000
   2.1799302082032080E-008  -1.0000000000000000     
 F F F F F F F F F F F F F F F F F F F F F F F F F F F F F F F F F F F F F F F F F F F F F F F F F F F F F F F F F F F F F F F F F F F F F F F F F F F F F F F F F F F F F F F F F F F F F F F F F F F F F F F F F F F F F F F F F F F F F F F F F F F F F F F F
  <DiscreteSampler_grid>
  grouped_processes
  1 # 1 for a reference and 2 for a running grid.
  10 # Attribute 'min_bin_probing_points' of the grid.
  1 # Attribute 'grid_mode' of the grid. 1=='default',2=='initialization'
  0.0000000000000000 # Attribute 'small_contrib_threshold' of the grid.
  0.5000000000000000 # Attribute 'damping_power' of the grid.
 # binID   n_entries weight   weight_sqr   abs_weight
    10   10   4.428463207688696E+004   1.049510279091381E+010   4.428463207688696E+004
    16   10   4.428463207688696E+004   1.049510279091381E+010   4.428463207688696E+004
  </DiscreteSampler_grid>
