  0.00027659202345243  0.00034403729287310  0.00037960058338027  0.00041513757566788
  0.00045761887019093  0.00052295934663994  0.00077253846321535  0.00122162267133082
  0.00159525991038545  0.00193796658395370  0.00230158858631452  0.00267577492428890
  0.00311766875678845  0.00370711004559543  0.00436076533208594  0.00510438964208222
  0.00591292621442412  0.00683884681596794  0.00788721770179750  0.00908785344544106
  0.01047697530675798  0.01205606041179057  0.01388586150845587  0.01594379774973720
  0.01825318458505724  0.02085214037051550  0.02380692759107401  0.02730998709570568
  0.03145136858728709  0.03634625538423057  0.04162510302611409  0.04677474418930833
  0.05133442941574218  0.05521801529307719  0.05822902732780831  0.06039690353750869
  0.06191982507172766  0.06300289783767132  0.06380066370588849  0.06441588100018207
  0.06490383561162483  0.06529875061277025  0.06562685283879029  0.06590766717403812
  0.06615409034023535  0.06637437207157285  0.06657135286194099  0.06674847227012931
  0.06691203253593679  0.06706593123556411  0.06721119281648318  0.06734947078842590
  0.06748203531438925  0.06761077297598690  0.06773697600679084  0.06786159179850196
  0.06798481285007836  0.06810910960254699  0.06823547953048235  0.06836485862460695
  0.06849849241048002  0.06863703869387623  0.06878358304929266  0.06893963590804196
  0.06910644632023033  0.06928714563912193  0.06948574002067708  0.06970659625629803
  0.06995543487469971  0.07023954885343947  0.07057040577089549  0.07096421454585723
  0.07144182122596042  0.07202961716149757  0.07277013251920349  0.07373701741250825
  0.07504614415361083  0.07688681436142954  0.07953377969707302  0.08334270841443472
  0.08895512972550515  0.09709376005004694  0.10843080791296510  0.12412999878792436
  0.14526576613650780  0.17313095568225173  0.20960640513697470  0.25688766583520489
  0.31506859661597664  0.38914242700293017  0.49453558684339105  0.59716223618270070
  0.69305382777329894  0.79479593344909905  0.90598323538830405  1.00000000000000000
  0.00001588879569246  0.00003779877093400  0.00006986624021028  0.00010308012184081
  0.00013992206839927  0.00018244722968475  0.00023570186588850  0.00030731287877832
  0.00040218937460671  0.00052919789075384  0.00068748637568360  0.00087948671528971
  0.00110424922975830  0.00139346899908003  0.00179546899419681  0.00232937068696449
  0.00300125166501816  0.00385043808855849  0.00497709987371154  0.00652451040242135
  0.00865353742610945  0.01165915282824334  0.01642608541128039  0.02401890937193473
  0.03451987172714166  0.04779929830318824  0.06324345399407187  0.07999717464434379
  0.09742915057830911  0.11539314330488973  0.13369249923539586  0.15207417423766911
  0.17031684936677599  0.18870531797355583  0.20720221979708270  0.22562855957045558
  0.24407515662491852  0.26265421870598177  0.28095330903353272  0.29923160766390261
  0.31762566521801661  0.33595890736000050  0.35426999211506205  0.37269833900671595
  0.39114156685077117  0.40949368499730732  0.42777803005997489  0.44578462195894275
  0.46389926677714816  0.48228576575476106  0.50062023115193799  0.51875967894644803
  0.53692702622187627  0.55511035823354982  0.57314470615573854  0.59107285139532750
  0.60883849761006470  0.62662607435011852  0.64458226162714582  0.66238286524028289
  0.68021966201962158  0.69811683692340920  0.71591548657404092  0.73368669051352153
  0.75143883088915353  0.76915617809158643  0.78675652761442039  0.80426804487063264
  0.82184197258088931  0.83928505230446848  0.85638456422206144  0.87302197498984702
  0.88935280784584236  0.90531205119048785  0.92061309139648018  0.93510185845307958
  0.94844328828461610  0.96034885454322672  0.97042582811407363  0.97836711501414964
  0.98438624341428649  0.98882114979018954  0.99197651892113570  0.99418062986698630
  0.99583463020531415  0.99704520264726626  0.99793758766360130  0.99856057916153074
  0.99902100619039047  0.99932159357517225  0.99949040698763936  0.99961511650351298
  0.99971953648896905  0.99981340196517210  0.99990690137478000  1.00000000000000000
  0.00033732345709821  0.00071596104029965  0.00091939386564182  0.00109029824163017
  0.00127178047489337  0.00147435102972610  0.00169670507745479  0.00193664187817647
  0.00219771740791581  0.00248142856835343  0.00279080746662870  0.00312795071688995
  0.00349629937014915  0.00390596323254951  0.00436064921350959  0.00485000800896654
  0.00536268633274227  0.00588405445594628  0.00640309431285967  0.00693109941846478
  0.00747826349859563  0.00804432044643029  0.00862416466210185  0.00921904187220503
  0.00983478805413937  0.01047647788870813  0.01114491463977764  0.01183640307772134
  0.01255633781298708  0.01329830924793718  0.01406775148221255  0.01487854192722840
  0.01574454003548709  0.01666373029246525  0.01760751561052158  0.01858909584970293
  0.01958353297912864  0.02061265145588249  0.02168032009888030  0.02280339153603724
  0.02400562603185899  0.02526716409424436  0.02660206157280197  0.02795213110172769
  0.02933666753390372  0.03077686613761676  0.03225829109973578  0.03378886218771424
  0.03537066634102529  0.03704834396270996  0.03882026022288203  0.04072542188582631
  0.04285056093725252  0.04509118810172203  0.04741786338177400  0.04984233691786445
  0.05225270002182162  0.05464863446878576  0.05717669579901775  0.05977182840818124
  0.06242656490499509  0.06517188685016041  0.06824773265029098  0.07164789830618146
  0.07534041445922872  0.07914502787886600  0.08322492891806527  0.08746571859041233
  0.09191977080519739  0.09660845644156964  0.10152432495948649  0.10689160669637243
  0.11277565685866997  0.11935952224358051  0.12639575706660663  0.13380928404563300
  0.14182877502555494  0.15046251201745786  0.16010879260183269  0.17064300036517707
  0.18193041271616198  0.19392772267878117  0.20660909840304684  0.21975140435961513
  0.23345718374142121  0.24822459767318802  0.26455983103279312  0.28261893282557721
  0.30223056800178183  0.32322261554369758  0.34629228847419852  0.37150557956245189
  0.40193628844251972  0.44297594845655192  0.52739081384256603  1.00000000000000000
 -0.00217304522384398  0.00853819433542958  0.01874497536914298  0.02938801653598980
  0.04056385191095073  0.04975452760942171  0.05860640997157844  0.06757427574964689
  0.07679272184553362  0.08623503650565163  0.09582830503782613  0.10488505707200541
  0.11453610405189280  0.12432900488093598  0.13433852895135912  0.14426024937063964
  0.15389884513031432  0.16320625116806681  0.17252319541600034  0.18207289628355725
  0.19147452329950060  0.20209269717246989  0.21220873842724883  0.22239919747818607
  0.23209134476399301  0.24163522431565246  0.25147314882928046  0.26138798384037093
  0.27152797280320834  0.28082051628861265  0.29029111444185557  0.30016052549696765
  0.31051103770094801  0.32076529274130483  0.33116473287092218  0.34155918734317819
  0.35207523714450123  0.36243992814095310  0.37284266451899883  0.38332995523294705
  0.39395918789161044  0.40486296661337495  0.41586305428554349  0.42703542421238427
  0.43813914498878026  0.44925172753446513  0.46044506059041546  0.47166139522748207
  0.48287495410677850  0.49410445276572718  0.50527623893479456  0.51617098039322329
  0.52691931224698019  0.53773925688987878  0.54897585667767212  0.56063075563790365
  0.57239174796741521  0.58395276170553967  0.59527727964197363  0.60649892026740726
  0.61814545208869232  0.62929896723272016  0.63972521548945183  0.64995405929549932
  0.66061255790459594  0.67202903409759596  0.68320250696008977  0.69465495340340133
  0.70642434501256401  0.71806929687908327  0.72925389812615660  0.74033655425633393
  0.75145914568045469  0.76275950243926183  0.77367479511325132  0.78423403336245334
  0.79490622765804742  0.80532144563502972  0.81610848578235684  0.82636275939537562
  0.83721969110821526  0.84821152601222849  0.85947853207987979  0.87075218725885384
  0.88192613614327842  0.89299199419975905  0.90334965371856002  0.91408730500090263
  0.92451018358126014  0.93502298110124471  0.94552926375991109  0.95505558667108592
  0.96625558602646033  0.97688282776256696  0.98851088221934014  1.00000000000000000
 -0.00238724390327361  0.00919624644217709  0.01966457349858831  0.03034219791032922
  0.04113423181743414  0.05161385412786650  0.06172777840630540  0.07216743037688607
  0.08238925881499341  0.09259956848505284  0.10307466094541409  0.11384693050691325
  0.12493920655482046  0.13591764915100613  0.14647081119440453  0.15638691064298610
  0.16641837653422903  0.17590499703401502  0.18593250908781953  0.19594735231683125
  0.20663182021459089  0.21813211665776036  0.22952202194370250  0.24062232869884334
  0.25153967043072140  0.26249827918993013  0.27361854639389616  0.28453594524594333
  0.29524577623801884  0.30565030313927133  0.31612824934764699  0.32688768274701985
  0.33773641408240646  0.34864422195402006  0.35919900299161306  0.36961383988157154
  0.38026071038263071  0.39103724440254894  0.40161704561277878  0.41204705901951511
  0.42242950258927442  0.43319266109970678  0.44420894288643420  0.45526164216756032
  0.46634634357066074  0.47724493292405551  0.48808358847225347  0.49865013089526294
  0.50911905731629770  0.51967831471823001  0.53040222847702301  0.54130330523093162
  0.55222644306507629  0.56286474027926148  0.57273987162030116  0.58241674737540661
  0.59236060793446432  0.60311183407397340  0.61365193941214391  0.62410651789506144
  0.63469366773410307  0.64550000173581434  0.65647107321252418  0.66729676200077903
  0.67769919987439631  0.68788708523177355  0.69821812678417616  0.70912794251866518
  0.71991930686593375  0.73068883466508738  0.74143864631871736  0.75224544896311485
  0.76294687391461180  0.77386186845760996  0.78410045381780513  0.79416988868466165
  0.80437047595310462  0.81494706244682391  0.82522301204168325  0.83518039018686807
  0.84508836903959983  0.85536967062156022  0.86593427044065607  0.87621030596734217
  0.88648214055856678  0.89699158208003538  0.90801427470158691  0.91892263097645133
  0.92969210530119351  0.93944452840903692  0.94925983908721467  0.95870044548209332
  0.96935486372419799  0.97980125287107778  0.99019814925958172  1.00000000000000000
 -0.00196581865596433  0.00786493078596195  0.01732830158165798  0.02609313668193051
  0.03500516685950491  0.04436292291739306  0.05371180921383180  0.06316134834379714
  0.07287312700707600  0.08242494255189188  0.09203913204792863  0.10182644873817537
  0.11182947188691689  0.12143116367060371  0.13088324642748253  0.14048880949751996
  0.15013791569708393  0.15972712828568986  0.16907366390148565  0.17864063742599479
  0.18846546789231486  0.19798865023971685  0.20737087444661564  0.21697817189246399
  0.22655737899113063  0.23616252450806161  0.24572197087211148  0.25563554459085924
  0.26573150542992419  0.27572016178641334  0.28547877665632182  0.29530028857399937
  0.30521861397801142  0.31563280407816036  0.32626830539139007  0.33696007302135939
  0.34725747717067607  0.35763496486182300  0.36813184584713937  0.37902629893229706
  0.38972600571264954  0.40054189101487109  0.41157666371279283  0.42283701914723532
  0.43403832651931662  0.44499897242389130  0.45569253342629340  0.46647943819964527
  0.47737919406574114  0.48855105972794699  0.49958610791576308  0.51063009262024561
  0.52180897492033884  0.53304593373272791  0.54420576260765474  0.55539647520077384
  0.56684524248311918  0.57848940392922654  0.59004287715503301  0.60151428415305919
  0.61291207522118840  0.62428819445920647  0.63571056731663866  0.64732556066465197
  0.65892529509552933  0.67040796812737868  0.68153331613932944  0.69272491668120639
  0.70387940512136604  0.71538988338764342  0.72668459599222268  0.73759293029301354
  0.74894853661668970  0.76068746179512003  0.77249811599473461  0.78399133823983713
  0.79520290641123015  0.80610304384594322  0.81662092983840995  0.82702125885054578
  0.83781792783546483  0.84904443204292868  0.86068132704822264  0.87220164308883708
  0.88349766001073748  0.89449878476764610  0.90546699429042310  0.91622309177342309
  0.92614706563391402  0.93517406525024083  0.94434045267333311  0.95369805880957081
  0.96555527603072766  0.97759028048720964  0.98904409296046103  1.00000000000000000
 -0.00256965565099955  0.01039620381100556  0.01976826986197530  0.03046522091662898
  0.04069326532737752  0.05122063453279888  0.06214370028168420  0.07292293009538847
  0.08302378239608912  0.09321681015113616  0.10374550424097791  0.11475801914601312
  0.12551650047222571  0.13581376404542242  0.14640501029834027  0.15731025997952444
  0.16807159762483198  0.17861751209636201  0.18809994915072450  0.19819161728905862
  0.20778628205473759  0.21811253829761501  0.22860094720689753  0.23955501564544526
  0.25054578207999051  0.26127414368466378  0.27179507079578652  0.28200565863327931
  0.29233267117334261  0.30274043519889748  0.31382524798987749  0.32422448208642313
  0.33455015715717112  0.34455199694051192  0.35448740503082010  0.36498670406907030
  0.37557784494939261  0.38618774179389503  0.39683089748399597  0.40699857744446999
  0.41724166776679228  0.42767867243030511  0.43850966759372628  0.44942151537125624
  0.46003951322097059  0.47023546803643623  0.48022063667100084  0.49044505931004467
  0.50087270916872628  0.51111992970522979  0.52144185622417238  0.53196546725837179
  0.54271041278649657  0.55344066984081675  0.56379362251091325  0.57402328401737057
  0.58426564858150176  0.59483256607781820  0.60559293614619536  0.61641555406491511
  0.62700487086196666  0.63726885943069855  0.64704363585497626  0.65697070457401208
  0.66690603413296101  0.67747873860186414  0.68822879267833015  0.69920854302601798
  0.71010384019204031  0.72112410688864514  0.73215313686340777  0.74317321320123220
  0.75409668046123246  0.76487943801572300  0.77571028339464920  0.78640063219447820
  0.79714870098599133  0.80799339242676238  0.81852082468147946  0.82914510491554716
  0.83982542596532450  0.85082464422098825  0.86160720244519484  0.87193938548317207
  0.88211765970014422  0.89233625225497626  0.90328975566215219  0.91416041169122453
  0.92484955589013396  0.93531699410213653  0.94580479018285879  0.95685828254760119
  0.96764822589021782  0.97849091305858871  0.98948051135006920  1.00000000000000000
 -0.00240515734106729  0.00891991168186659  0.01860371367371706  0.02898450620692567
  0.03981878557832939  0.04950485537379320  0.05962484252950154  0.06955075886509433
  0.07979660444480226  0.09060342620182894  0.10166533335919302  0.11250066712840874
  0.12298442099987376  0.13349562824006170  0.14416591845278517  0.15517917858711236
  0.16635763388857039  0.17712897428924651  0.18784723653024113  0.19857038513610975
  0.20907516673743265  0.21921916796106364  0.22918053736140773  0.23951158394307615
  0.25012514608569136  0.26059355757163288  0.27097623054713021  0.28119812274912920
  0.29152256736778986  0.30172940572322676  0.31218645341856360  0.32301584161360031
  0.33392534631887144  0.34490104606583832  0.35516313986864517  0.36532083143874228
  0.37571491999937989  0.38658067321701417  0.39762956218021012  0.40829385756676573
  0.41892188178358281  0.42931375423762386  0.43989239637586841  0.45051036099577990
  0.46146270210274942  0.47231276220433366  0.48328007469194884  0.49431992044101153
  0.50544182454014919  0.51648173172163314  0.52738501159375140  0.53834714453765398
  0.54920691050742920  0.55978456177761404  0.57010487187317482  0.58033966384060809
  0.59081854504833009  0.60148003951458928  0.61225188296742183  0.62308414923358524
  0.63400035736291982  0.64489598174612905  0.65524218918241595  0.66504600534196179
  0.67515243559943827  0.68538417714516375  0.69555940114366688  0.70577597585884122
  0.71663879761873461  0.72760742024704106  0.73843759843668433  0.74926724730479244
  0.76050524076019932  0.77150138904485599  0.78170786210228449  0.79142289662466836
  0.80091416169939877  0.81084874740810964  0.82129575502604857  0.83200737510887934
  0.84273102281217915  0.85311386606540618  0.86350952201663289  0.87410439769046611
  0.88504701141381314  0.89584633936018587  0.90661909488252435  0.91707656020595341
  0.92728080268053326  0.93723014446643571  0.94722851535488062  0.95759220065512174
  0.96790096352336641  0.97841624482567147  0.98887109824991393  1.00000000000000000
   1.2291549663345963E-011  -1.0000000000000000     
 F F F F F F F F F F F F F F F F F F F F F F F F F F F F F F F F F F F F F F F F F F F F F F F F F F F F F F F F F F F F F F F F F F F F F F F F F F F F F F F F F F F F F F F F F F F F F F F F F F F F F F F F F F F F F F F F F F F F F F F F F F F F F F F F
  <DiscreteSampler_grid>
  grouped_processes
  1 # 1 for a reference and 2 for a running grid.
  10 # Attribute 'min_bin_probing_points' of the grid.
  1 # Attribute 'grid_mode' of the grid. 1=='default',2=='initialization'
  0.0000000000000000 # Attribute 'small_contrib_threshold' of the grid.
  0.5000000000000000 # Attribute 'damping_power' of the grid.
 # binID   n_entries weight   weight_sqr   abs_weight
    10   10   2.500984073084245E+000   2.646371559994919E+001   2.500984073084245E+000
    16   10   2.500984073084245E+000   2.646371559994919E+001   2.500984073084245E+000
    22   10   2.500984073084245E+000   2.646371559994919E+001   2.500984073084245E+000
    28   10   2.500984073084245E+000   2.646371559994919E+001   2.500984073084245E+000
  </DiscreteSampler_grid>
