  0.00002273991550929  0.00004502391951998  0.00006186210304893  0.00007638423589705
  0.00009059482310709  0.00010686381572523  0.00012494452437321  0.00014652669267519
  0.00017215939892915  0.00020372713753512  0.00024275417609564  0.00029075801855543
  0.00035386201735595  0.00043273393300313  0.00052107324098615  0.00062668993055874
  0.00076016093290350  0.00092120411657166  0.00111415595425242  0.00132822615563839
  0.00161843587793806  0.00195975569045977  0.00238519425923637  0.00291145694715096
  0.00361472077306055  0.00457940719364811  0.00581824533258761  0.00746464804230465
  0.00988865470966122  0.01380892318547097  0.01966859978566765  0.02792838218610887
  0.03863371475236200  0.05254747657649017  0.06910414516071754  0.08648134899987284
  0.10417796329821380  0.12275135273328522  0.14175685194236687  0.16092727135657478
  0.18019143531885784  0.19943716391403113  0.21886444562670448  0.23838523921793836
  0.25792354594216843  0.27731009383317495  0.29659537038036971  0.31600291640626910
  0.33545249253202358  0.35473728906821717  0.37394081509788640  0.39317254791699968
  0.41243790760117283  0.43182342188759748  0.45119651712318848  0.47034987209049606
  0.48950365255547867  0.50871721168328066  0.52771969441768796  0.54674808804388553
  0.56594031756525454  0.58511073218362253  0.60424683274452806  0.62332023767599554
  0.64231499131102054  0.66120482618958154  0.68008549773148608  0.69903631554827805
  0.71800873387822961  0.73683387988644522  0.75544983595535953  0.77397137908783364
  0.79249716817974136  0.81101697509837956  0.82927593066711947  0.84730063264241828
  0.86515780867050229  0.88280288726737199  0.90006584491610231  0.91673008876468609
  0.93252806413750577  0.94724105319058527  0.96023036211951562  0.97088536208292653
  0.97922820391680632  0.98547216772911139  0.98992925625275563  0.99304639173181186
  0.99525601542735909  0.99676696747733584  0.99776114152530193  0.99848098308634270
  0.99901112140168091  0.99939077553615241  0.99970688299614552  1.00000000000000000
  0.00002298817236186  0.00005503666287488  0.00007002952599948  0.00008509782140388
  0.00009987189482697  0.00011575089792913  0.00013319502279835  0.00015378861977159
  0.00018054220072578  0.00021754022925280  0.00026619910730149  0.00032493229624669
  0.00040333714805946  0.00051050762325925  0.00064672500917406  0.00080721596540512
  0.00099473776490844  0.00123657918983950  0.00154907606656966  0.00192973373241746
  0.00240899835056509  0.00299486462643001  0.00366987638186548  0.00451127019541347
  0.00557178051653740  0.00701808775291847  0.00911704863754714  0.01249720671372609
  0.01831885381251584  0.02713154462137589  0.03918353921723135  0.05423097456316688
  0.07153404848263020  0.09006483621284841  0.10932916480035479  0.12890990429883400
  0.14850134397462228  0.16828964406167615  0.18818545929734570  0.20825427248160230
  0.22837394563381377  0.24840417437901707  0.26837253069521383  0.28839586912259713
  0.30845894095030513  0.32844240798618707  0.34839521057659767  0.36829006092625716
  0.38811132190444952  0.40809557854304523  0.42814320168520897  0.44815243501046720
  0.46810116165818888  0.48794520641362221  0.50787010015655676  0.52782585427610029
  0.54768675269989453  0.56727222819465850  0.58673906405380905  0.60644989880336764
  0.62598569524478664  0.64519448269351631  0.66442907224872905  0.68368567974036298
  0.70299200955586860  0.72228037850913507  0.74144005864910922  0.76041177826455719
  0.77934919673486602  0.79840301755260135  0.81747112546510259  0.83628395705100012
  0.85485368127804129  0.87313066536755590  0.89097825572401224  0.90849743255102378
  0.92534032583696157  0.94091527992897361  0.95479286620602466  0.96647484029292807
  0.97591952783860003  0.98296372932945342  0.98797765251593528  0.99158765480413369
  0.99421618908303711  0.99600682268703944  0.99723835751387069  0.99813785459021709
  0.99878883128238694  0.99917837894271166  0.99939731401921961  0.99956463526148254
  0.99968404631088326  0.99979667975329189  0.99989833987664600  1.00000000000000000
  0.00102137244940981  0.00140685094465463  0.00159626457999472  0.00179937960797846
  0.00201572807221659  0.00220773469753707  0.00246442466887397  0.00273375945415211
  0.00302384048865945  0.00334663910142255  0.00370157850410405  0.00408232572638624
  0.00450006342305176  0.00498524506689711  0.00554070995840019  0.00613605012763137
  0.00674152522369030  0.00735088170777030  0.00797249290859736  0.00860788857728040
  0.00925186109711402  0.00990185712044499  0.01056306127535076  0.01125170914672395
  0.01196604570975720  0.01271179702105032  0.01348677534804982  0.01430183854297012
  0.01515438045596731  0.01604391824813616  0.01696632630766650  0.01791932598053698
  0.01889971923825919  0.01989549388359534  0.02092843985101112  0.02201831142272993
  0.02317981065001241  0.02440849667064530  0.02567247200089852  0.02695098454191687
  0.02825858932617386  0.02952095802726098  0.03076355932316466  0.03208050690939383
  0.03351340915893702  0.03511879372943355  0.03678507390303341  0.03847494899762992
  0.04021859414172904  0.04210111121037517  0.04414295066450678  0.04631256068748897
  0.04852965583612033  0.05085130748413604  0.05324013186080481  0.05580932127568512
  0.05848444704901005  0.06126797783689872  0.06410291894259974  0.06705512244046030
  0.07017660893332249  0.07355926737311756  0.07720564013657805  0.08104742670466217
  0.08505718780361964  0.08918196527930367  0.09348276303377362  0.09796280102093757
  0.10267135535577372  0.10757890171916978  0.11281128470320267  0.11844091109634490
  0.12444930512061197  0.13091301425391977  0.13773110990523788  0.14502562486129369
  0.15273044247733283  0.16067648417304684  0.16930564468355874  0.17853576056868264
  0.18883318427533372  0.19996151051559347  0.21174174014435226  0.22433851348017159
  0.23822715094337141  0.25348321895461801  0.27000259384213698  0.28739239045810616
  0.30618203348196055  0.32687354932462837  0.35002512365430505  0.37531831461661519
  0.40466908760119835  0.44131298673658442  0.57261725425278998  1.00000000000000000
 -0.00239723759832052  0.00949921616048652  0.01929247493179459  0.02985122650861817
  0.04034259513250658  0.05056394461369462  0.06014278798866986  0.06894250955630904
  0.07846810551608599  0.08755039523292814  0.09696903960836138  0.10595747785419714
  0.11524652391052785  0.12460309827943768  0.13438403112369937  0.14391878984597928
  0.15353885265517375  0.16315475377497471  0.17316194011868760  0.18332439505594939
  0.19332217522108902  0.20323803774888641  0.21302587311033813  0.22283918262088537
  0.23244771092636243  0.24199743577426613  0.25168661667124487  0.26186428482348106
  0.27195545035564950  0.28198116171589765  0.29182224418028857  0.30176809857842768
  0.31205572720389346  0.32256119689029716  0.33322718010579677  0.34381741832727752
  0.35429630165479037  0.36477122433689685  0.37522159889638629  0.38605481565336464
  0.39713051770205365  0.40822842963015926  0.41935654713187615  0.43051792981349285
  0.44124961681228053  0.45098206204222840  0.46087463576294502  0.47127279088961477
  0.48263016689366162  0.49394367855505056  0.50510247867207581  0.51629552211747498
  0.52748044825248985  0.53859960978759303  0.54942252804546099  0.56047549072263503
  0.57178173036165969  0.58333775000021493  0.59475043876961153  0.60627555573784431
  0.61777247051926898  0.62932658803301511  0.64099669111031576  0.65252182251817503
  0.66388395818157220  0.67522759816923894  0.68689514162657805  0.69891562141295993
  0.71011549036108623  0.72037995650817543  0.73070719480355995  0.74143364903200126
  0.75247466458673851  0.76347702186041133  0.77418815562228738  0.78433228746645323
  0.79388308521273820  0.80383378620851087  0.81402748064038832  0.82475132254860151
  0.83578000666881047  0.84622970187542290  0.85693577796345366  0.86798760087950999
  0.87945471400223985  0.89078282289049104  0.90186494056259159  0.91294839131255279
  0.92425939044495675  0.93560157358878415  0.94679088059199179  0.95771375921338797
  0.96865691574366253  0.97944899020574538  0.98996198987549644  1.00000000000000000
 -0.00212282608405387  0.00857840166234604  0.01903209479296538  0.02942738536684562
  0.04041342070539673  0.05108358396062337  0.06186958377106067  0.07260683677685983
  0.08305970587817754  0.09336022510057918  0.10388101766264146  0.11445626855384489
  0.12521509331161693  0.13602241529357670  0.14697253254861939  0.15799015831777521
  0.16842327853238323  0.17861644765469364  0.18891417842929467  0.19962913985717226
  0.21041425100113936  0.22107319308129880  0.23174272075604474  0.24259268180267651
  0.25319072088850153  0.26349866439363184  0.27413315701131946  0.28513547882127283
  0.29621700705832998  0.30692800900877687  0.31748239901524750  0.32814118642825052
  0.33902460621768443  0.34992852815438286  0.36062596057271307  0.37139486080531969
  0.38234450649875384  0.39334625524011113  0.40412012494130917  0.41493113127899706
  0.42537123524161402  0.43477005887371695  0.44412957126890312  0.45349000039495357
  0.46373479602093487  0.47489084316844560  0.48585517017612795  0.49701773515275527
  0.50809006772095755  0.51922165190332459  0.52999989329019281  0.54076429911187252
  0.55133166628806884  0.56205294861419663  0.57285534031016483  0.58361641489691696
  0.59414206678375325  0.60462586737949220  0.61541057264929910  0.62613692853360159
  0.63574250772581731  0.64510099615945204  0.65454869483903155  0.66543717455028251
  0.67625233548964414  0.68695295804903511  0.69763409952490008  0.70752488048103412
  0.71746052896305734  0.72710406530061733  0.73724990163676085  0.74742644794586321
  0.75762312637769380  0.76799638906034418  0.77803847243453639  0.78827667276759195
  0.79822701103021443  0.80848430763577794  0.81893436215305726  0.82932422421859731
  0.83987537981487836  0.85053720011135925  0.86145058438775712  0.87263082467172093
  0.88369256174179900  0.89439522203108246  0.90516359481956343  0.91596183625814609
  0.92682066802928309  0.93757583812310841  0.94812742489527335  0.95871314951449893
  0.96957748356443052  0.97960304830421829  0.99017923595770641  1.00000000000000000
 -0.00206444445417995  0.00797857776570472  0.01805373715894929  0.02841021212672744
  0.03862194404553647  0.04871051079277251  0.05820184087645720  0.06767218348339277
  0.07690070214189765  0.08635514992797672  0.09593218229681444  0.10566642552564207
  0.11501352736008703  0.12413358063823181  0.13323800676978972  0.14249121372536208
  0.15202824404058257  0.16184624103292802  0.17182573777055982  0.18175881404205085
  0.19104844338382881  0.19969057161537490  0.20822104424868548  0.21721230292706362
  0.22701558373949732  0.23715853047883634  0.24685405573748034  0.25627507165052255
  0.26590818405000399  0.27598041496297759  0.28632453070074537  0.29685063729130229
  0.30721202936968650  0.31698342897900167  0.32673434409923124  0.33602251003567862
  0.34617652566068402  0.35654627051933263  0.36712871555208404  0.37757011967943144
  0.38823517746068475  0.39907759009059351  0.40996316105931097  0.42107411876562945
  0.43186565713482050  0.44247097884159647  0.45298209311516369  0.46368864740763610
  0.47485283913208370  0.48597802609278101  0.49705751601900738  0.50824163831820546
  0.51958472819914336  0.53108949531926053  0.54226402464447720  0.55251017110907674
  0.56285440007292342  0.57320405847658973  0.58460719885287660  0.59603132774222223
  0.60741960296025765  0.61906588260722351  0.63081086987993351  0.64269102599742634
  0.65378898487374226  0.66471755480997941  0.67556291307789529  0.68697690576187809
  0.69852007474419053  0.71006140706229870  0.72163917897295482  0.73318524031001819
  0.74480651914214135  0.75614416497167447  0.76736677287559285  0.77844149492730341
  0.78958395065863263  0.80076004402055267  0.81158038416456535  0.82255710786432723
  0.83358758707665925  0.84464527383641708  0.85586013693984009  0.86705703037104775
  0.87839461025552557  0.88922966437597073  0.89950717556634341  0.90985142183118484
  0.92052607094154315  0.93195030396832113  0.94344933555062593  0.95446231337942844
  0.96553514584312983  0.97645627265639501  0.98788861849138521  1.00000000000000000
 -0.00214362850319892  0.00882674885668444  0.01970967015547792  0.03021521007257260
  0.04117054401100614  0.05178379066751257  0.06266493936161738  0.07343478179762113
  0.08431232576387818  0.09557314520710290  0.10642107068974897  0.11556125670929411
  0.12498085664185965  0.13431772967784042  0.14417527102145977  0.15475846786035075
  0.16513050299926044  0.17559239139502375  0.18615488104724404  0.19684473780250680
  0.20724286079857737  0.21669666137078555  0.22575463614462782  0.23532738494806046
  0.24607383008862097  0.25651218634901307  0.26644185178416591  0.27651064968485073
  0.28688499302704218  0.29761570437940116  0.30823759667410433  0.31872628666953778
  0.32931528824399325  0.33986409433524695  0.35043619563156453  0.36125873598096570
  0.37212381188358401  0.38278213564869340  0.39337262264559109  0.40403829902703353
  0.41476847026183922  0.42525905981746048  0.43524877569507331  0.44535785472536371
  0.45531104436797981  0.46561715311365204  0.47602683564024945  0.48668354656501595
  0.49712302859535468  0.50764313058096455  0.51821142633860096  0.52948443471875872
  0.54032887709952826  0.55137050476386762  0.56231859746303081  0.57318777942564592
  0.58410959031955523  0.59491231435851843  0.60567355884593010  0.61663162099015001
  0.62771769237193442  0.63878251640254491  0.64963188999329990  0.66038076821022396
  0.67121515661042830  0.68193883143848177  0.69233361994600129  0.70178979861740520
  0.71143506175918825  0.72132221972572463  0.73225888594670052  0.74340379985725646
  0.75426470073228513  0.76497718085669952  0.77544088339100903  0.78622243169427319
  0.79699769444559954  0.80763203939336370  0.81812848121645143  0.82868935719525993
  0.83972629980612623  0.85036969521856876  0.86066870610879709  0.87119546091918787
  0.88185774453283294  0.89247240785614124  0.90266781991591427  0.91352812517045656
  0.92447192783677601  0.93541291954484740  0.94620785803132756  0.95703026821024162
  0.96801015281623803  0.97858571428605834  0.98946365085626120  1.00000000000000000
 -0.00218435356512006  0.00900130870902121  0.01914085544246006  0.02985228890818555
  0.04048122081235255  0.05120724897390556  0.06210747428935076  0.07285797740958019
  0.08245384497807770  0.09224827168733682  0.10195553044590248  0.11272299416975956
  0.12367754077997725  0.13453547412016953  0.14523273119273958  0.15610730423176739
  0.16722079148410582  0.17847855650987307  0.18936750797597166  0.20002578187701209
  0.21058372540255493  0.22144763945169671  0.23237653197573030  0.24339653120284099
  0.25420285079909466  0.26506449072343052  0.27597329038377405  0.28694327541242165
  0.29744645648339263  0.30771443428418699  0.31788104740469564  0.32824150318238654
  0.33883999487019667  0.34956803074983162  0.36042194243285092  0.37117895874547224
  0.38183154678947778  0.39243447262686598  0.40323788859842802  0.41410948104021028
  0.42506379519327042  0.43613861516227004  0.44689117994987115  0.45743364608923376
  0.46747187110174815  0.47744827920562050  0.48757090226793359  0.49816440448866545
  0.50881499692028231  0.51926221103952097  0.52949926563169136  0.53997873550528919
  0.55071510965526527  0.56172341956050709  0.57270870508964322  0.58330153229736970
  0.59366321583980730  0.60326817024914769  0.61279476238526942  0.62229108681605616
  0.63200075925434440  0.64278873569772499  0.65317799432338064  0.66260409976091528
  0.67232053712495188  0.68223498401472438  0.69269053143551318  0.70352882016187401
  0.71419966181001138  0.72471186241034458  0.73509437500802899  0.74553866025555793
  0.75616843280438029  0.76679717019723137  0.77741315732255745  0.78799807121193366
  0.79866915321200616  0.80920893335906596  0.81923251592020507  0.82929010752137600
  0.83959716832293330  0.85051075262231457  0.86139198966527308  0.87234042938172029
  0.88300046831700474  0.89344675267703844  0.90386359352966061  0.91466206814959805
  0.92615759565615463  0.93692110040805177  0.94749945521833834  0.95779147048591384
  0.96790052360258028  0.97820147016517933  0.98857854497797415  1.00000000000000000
   1.2338399917072849E-011  -1.0000000000000000     
 F F F F F F F F F F F F F F F F F F F F F F F F F F F F F F F F F F F F F F F F F F F F F F F F F F F F F F F F F F F F F F F F F F F F F F F F F F F F F F F F F F F F F F F F F F F F F F F F F F F F F F F F F F F F F F F F F F F F F F F F F F F F F F F F
  <DiscreteSampler_grid>
  grouped_processes
  1 # 1 for a reference and 2 for a running grid.
  10 # Attribute 'min_bin_probing_points' of the grid.
  1 # Attribute 'grid_mode' of the grid. 1=='default',2=='initialization'
  0.0000000000000000 # Attribute 'small_contrib_threshold' of the grid.
  0.5000000000000000 # Attribute 'damping_power' of the grid.
 # binID   n_entries weight   weight_sqr   abs_weight
    10   10   3.343498943376274E+001   3.520471424583171E+003   3.343498943376274E+001
    16   10   3.343498943376274E+001   3.520471424583170E+003   3.343498943376274E+001
    22   10   3.343498943376274E+001   3.520471424583172E+003   3.343498943376274E+001
    28   10   3.343498943376274E+001   3.520471424583172E+003   3.343498943376274E+001
  </DiscreteSampler_grid>
