  0.00910611629078986  0.01640071253677407  0.02670344950025368  0.03857480272564081
  0.04998713508846572  0.06126911192933425  0.07247384749453638  0.08375317512090093
  0.09528554782822246  0.10670370064757410  0.11777935586347975  0.12834685438377522
  0.13826398418754898  0.14830795162096394  0.15818697193029885  0.16805942919084357
  0.17804523275481687  0.18817762835853535  0.19807438705399200  0.20753078251278814
  0.21688715916778059  0.22629944645365366  0.23583092365902891  0.24528766195543897
  0.25501755240497531  0.26454426169775641  0.27417178589854985  0.28418337550872491
  0.29482095858112128  0.30637128397377045  0.31826615642925793  0.33018634018429477
  0.34232517266305029  0.35412801100479374  0.36529641168564569  0.37554288653117479
  0.38516394332783538  0.39481611392228988  0.40476008910397238  0.41484913816192359
  0.42485850403874648  0.43461987624043835  0.44444521422994659  0.45455115164259585
  0.46384768481900424  0.47259432417809732  0.48126833539411684  0.49045818250922613
  0.50031446851972816  0.51062116587532502  0.52078389717806672  0.53074166302371240
  0.54041123395213198  0.55018911467288201  0.55998944138877094  0.56976486036363994
  0.57934828216642809  0.58929359802995129  0.59999467976594389  0.61113877372896930
  0.62298799436218133  0.63467407017294719  0.64587053036696307  0.65670204117496800
  0.66706511122130085  0.67712383400353249  0.68711756376464406  0.69722968266052243
  0.70761289900896840  0.71805200297140404  0.72819643194501116  0.73781235316696148
  0.74708534184976305  0.75640359269649060  0.76568690823829688  0.77509847636093809
  0.78440962444119899  0.79433360353832816  0.80499432404459703  0.81594334403407109
  0.82699478677869454  0.83810640290872662  0.84923658380189770  0.86044328971730999
  0.87185643283257075  0.88338578311707416  0.89500564043089958  0.90706692622197249
  0.91915119671496370  0.93032099549470626  0.94145003179074960  0.95167429480303034
  0.96142201431436602  0.97106525465986426  0.98053692058304176  1.00000000000000000
  0.00950226835986579  0.01516323373990952  0.02363370452273312  0.03333721415061343
  0.04329814871222556  0.05480853768855030  0.06691277755589536  0.07933616505800870
  0.09038064950668359  0.10081756417380475  0.11066685958789560  0.12059558001105766
  0.13096399978275919  0.14151711812573406  0.15237796630942763  0.16327224617602756
  0.17447503381696469  0.18604769275920272  0.19730354298885394  0.20826349173991870
  0.21910918294939183  0.22965545246252336  0.23987139761349108  0.25017343161195571
  0.26066882343265818  0.27116557913336620  0.28145671680833073  0.29193800200251213
  0.30309062517877450  0.31414143301780473  0.32454111975787020  0.33490968366061497
  0.34534171974653749  0.35578773668315528  0.36611355748491126  0.37672988327664075
  0.38794578320240630  0.39931281379945632  0.41136884787950001  0.42294915599153499
  0.43475490056228816  0.44604074069383026  0.45745680433924951  0.46877430013139337
  0.47968379800797539  0.48992801395762381  0.50030426013043028  0.51175534834327507
  0.52345078551660407  0.53510120133790295  0.54701281247543598  0.55924853875562042
  0.57148497302975765  0.58290810806387217  0.59361156341805055  0.60392359939034201
  0.61408977672597698  0.62432625313582268  0.63452695328310471  0.64483480349766087
  0.65511010873345099  0.66558864888559011  0.67633884235370878  0.68706284462262468
  0.69728741423218243  0.70706130763538744  0.71654708524415145  0.72593411347269554
  0.73561957229347152  0.74585615375953618  0.75601930321062816  0.76576560507466829
  0.77460087284774759  0.78300902139227224  0.79152271923270845  0.80005932084877895
  0.80868471149863774  0.81775455557397103  0.82690079649654435  0.83748689457413361
  0.84973590319332337  0.86106202578005875  0.87174425812368972  0.88234151538471051
  0.89287697027410473  0.90274903505601634  0.91212751191589048  0.92187910780875493
  0.93185749764128123  0.94223740687111923  0.95249951297108804  0.96276845093421737
  0.97245771083983845  0.98223508729007591  0.99144435687214183  1.00000000000000000
  0.05661034547151710  0.05806460917415342  0.06003700039336194  0.06233045412193238
  0.06490699822911894  0.06882206062755086  0.07265067955137441  0.07639490842314518
  0.08031612543849505  0.08429424654846993  0.08836194039095029  0.09247926717545071
  0.09663334574383109  0.10096722831003861  0.10532321669011148  0.10970620626529901
  0.11419861480132694  0.11873786158800274  0.12334291338362306  0.12826311867642437
  0.13340572440438636  0.13892002849248905  0.14320357200852421  0.14673038876337008
  0.14893977883787446  0.14996451282004306  0.15118311934990322  0.15237541821318126
  0.15459349297725461  0.15701933804126900  0.15939729489329738  0.16178347514226968
  0.16417233923203275  0.16658520430912802  0.16905086081383131  0.17152708835834232
  0.17396828992267810  0.17636472243246173  0.17877177259577673  0.18122477656886515
  0.18374071327581340  0.18630033537193744  0.18887279882402405  0.19145172516398082
  0.19402164111404524  0.19664888549281714  0.19932966506996591  0.20204817448143292
  0.20479099761363684  0.20755782769867609  0.21037199478768501  0.21322129650870489
  0.21609078156120895  0.21901152808359658  0.22197485511830739  0.22495480194648046
  0.22792627375084726  0.23094060581197795  0.23403630119095689  0.23718268689187486
  0.24038055590883020  0.24364575183701490  0.24699301378572405  0.25039454671471212
  0.25381751057999041  0.25725212148130733  0.26072947072606512  0.26428135091170607
  0.26792839774535088  0.27168872798165489  0.27551645095287314  0.27940839777034554
  0.28339099119790329  0.28745926008739803  0.29163115433745967  0.29603050666624592
  0.30061793819250010  0.30536836232322651  0.31030875479889153  0.31547587243745173
  0.32087910177853907  0.32657697121604712  0.33267280881926203  0.33920222808353762
  0.34622985353386981  0.35385503373268662  0.36223089858954027  0.37158279397879257
  0.38213226352637275  0.39442399907317766  0.40949119559236413  0.42814746904368089
  0.45486967657180527  0.49845977880302705  0.58556587717857789  1.00000000000000000
 -0.00266758498006522  0.01149904311023087  0.02380173489583855  0.03651967831459833
  0.04818063575902401  0.05917142826338233  0.07093363738030947  0.08342495466698105
  0.09540811071246125  0.10721219902872903  0.11931534327851916  0.13167481536957434
  0.14391445917696161  0.15522341242465040  0.16531889583534032  0.17499547616395755
  0.18438953617194670  0.19401972417590027  0.20391369545866245  0.21410801151417796
  0.22449064944581232  0.23493227641296718  0.24568165627385050  0.25652040746858912
  0.26693092277792840  0.27693427758057354  0.28621556885682875  0.29525667833760066
  0.30458844762723070  0.31435640417316629  0.32451631730033087  0.33421724534273989
  0.34475858762565847  0.35509934251468678  0.36537514719334119  0.37522348991411303
  0.38480168452965025  0.39418714054413506  0.40327994382038135  0.41281093812716629
  0.42262013106976665  0.43249562434197991  0.44189829567011335  0.45083618635149270
  0.46000136603329372  0.46904495499336535  0.47818875190041982  0.48721535974151048
  0.49607138331848122  0.50487281455381372  0.51366714828882631  0.52273970365099087
  0.53215161740406913  0.54162232652972919  0.55123629572433153  0.56119705330740832
  0.57196332175691189  0.58300203310509391  0.59388945115636904  0.60474112686513337
  0.61597535020882133  0.62755083769257536  0.63930766279904483  0.65041820980000942
  0.66081534803622410  0.67119526728945311  0.68161127069239014  0.69205800620203706
  0.70225799478387751  0.71214979256643895  0.72154604683343637  0.73110371839400223
  0.74081747815807331  0.75083054557726381  0.76102339973672384  0.77176423473199396
  0.78366696500682365  0.79531891813213085  0.80625818277063555  0.81651459955979311
  0.82592044538608600  0.83503991718940473  0.84407518382383084  0.85325079587400599
  0.86310634356915061  0.87321832287599288  0.88483909582475706  0.89706283665965769
  0.90914906367404302  0.92106872907054715  0.93332690974473054  0.94561348209161211
  0.95863015923084671  0.97175872198983881  0.98577730267869668  1.00000000000000000
 -0.00238466798840774  0.01025094245830478  0.02018305483557509  0.03047477757175381
  0.04060335136758838  0.05210118414706094  0.06361650342457563  0.07505069277360213
  0.08676985351092723  0.09856614093253652  0.10974878626617215  0.12055546619896423
  0.13122537654371660  0.14175023593643082  0.15214266099754184  0.16267569102798332
  0.17403314417635823  0.18605565145960618  0.19802367116388442  0.20938349518635865
  0.22017164900440908  0.23064664587301004  0.24070995672567413  0.25076352132188467
  0.26095707939679841  0.27159501444125811  0.28198534437363137  0.29225778761059007
  0.30314382853058547  0.31402646960539354  0.32380826478725455  0.33336528669675869
  0.34315669151819811  0.35366866113138024  0.36445195660564711  0.37525341032370457
  0.38576673728517180  0.39629097462979740  0.40737027141028442  0.41832550046812822
  0.42892733952027073  0.43939335058700479  0.45084666626861414  0.46210459918109908
  0.47329727398730082  0.48461333984149868  0.49574977193133590  0.50573301088406131
  0.51506483784884072  0.52487158308111714  0.53529387216287705  0.54590069239576988
  0.55601711388841646  0.56635455263416323  0.57669994975458594  0.58749652956194187
  0.59874160628329276  0.61002743008255655  0.62133850426269965  0.63182560267484589
  0.64165448390172941  0.65140294342532845  0.66133775025370756  0.67143223162027388
  0.68150693970213705  0.69115936801725675  0.70038167404592877  0.70918601450951413
  0.71812617154716618  0.72667643943311211  0.73569504175917921  0.74461412412324390
  0.75477057140575843  0.76595060741026266  0.77681222309757669  0.78726618173721485
  0.79818227853318335  0.80943079800245821  0.82019948966257572  0.83060460512489775
  0.84138174708687741  0.85247550488478774  0.86364632249494833  0.87446713921126373
  0.88506896978774419  0.89555036115788444  0.90610174095826945  0.91634495132497007
  0.92733364581807087  0.93847807789434179  0.94906598662423725  0.95956759280853854
  0.97017458200129214  0.98051724914237570  0.99038257293444842  1.00000000000000000
 -0.00197283892495709  0.00868509304678291  0.01793458015995855  0.02812128252900079
  0.03923590205558695  0.05178828215006032  0.06518970159510046  0.07821008738513385
  0.09109427637174464  0.10433115998612524  0.11745486271066098  0.12965510627597429
  0.14050729490253369  0.15040353790519859  0.15956746298602970  0.16861365231126629
  0.17794246519185616  0.18749174427175683  0.19719861111924403  0.20647347127624607
  0.21666133324590997  0.22694033085944640  0.23673955441931874  0.24667600587538271
  0.25643989770651143  0.26627449914402829  0.27548502961054921  0.28450954227900999
  0.29327518248593842  0.30281717007672188  0.31249027085142739  0.32237958172384829
  0.33207615663804635  0.34390345082497242  0.35548413932946299  0.36748232287786553
  0.37871002420575167  0.38967406459748422  0.40019708112225988  0.41065504006639914
  0.42108454993053607  0.43135978838328476  0.44180106653180995  0.45220964338725661
  0.46251071607187294  0.47290615576488559  0.48349359717961937  0.49419132806315530
  0.50448616203234753  0.51415490086988525  0.52343312615902216  0.53244024312609073
  0.54157551165944340  0.55120464176295103  0.56133391804326704  0.57174442222935007
  0.58226796605712594  0.59248380164779690  0.60273144517523924  0.61263895802661150
  0.62237721683308600  0.63182432211065431  0.64167136364047250  0.65209324881984310
  0.66298317165747145  0.67402545478234732  0.68485489223027796  0.69493509448977753
  0.70459890205996756  0.71438111924745284  0.72448817286717071  0.73483911905616706
  0.74488076459553987  0.75463681866111976  0.76426065144943389  0.77347312622652542
  0.78273585047086702  0.79224677387771270  0.80208083993104162  0.81242161676525892
  0.82274650441361774  0.83330650737175838  0.84392522693939209  0.85485777291304932
  0.86585454689179653  0.87749583033540579  0.88994738715007071  0.90269436316225993
  0.91536234622070523  0.92824874457108697  0.94072858664128245  0.95251516662528068
  0.96444883287845495  0.97653616472836058  0.98832790986232621  1.00000000000000000
 -0.00251598645537248  0.00991870330022668  0.02016876047355936  0.03109414912282440
  0.04180846678477177  0.05278588135300445  0.06367489048400617  0.07528611975478401
  0.08613898306492429  0.09728008757889796  0.10796642697612242  0.11867797872851203
  0.12927664855132875  0.14017167039051193  0.15158670112136113  0.16299921540371057
  0.17455338105112753  0.18592538579230203  0.19765891146317272  0.20951496330187350
  0.22159795887530961  0.23375084431446519  0.24580242422000145  0.25735502528806820
  0.26812082082347299  0.27876577123497748  0.28900865285694760  0.29851224837041673
  0.30784550097572327  0.31736478460043288  0.32656142459991377  0.33542610625517144
  0.34425980050469424  0.35327366348048755  0.36246609612595254  0.37168089083101286
  0.38150955792654095  0.39170191703832202  0.40288412406775925  0.41395280570928672
  0.42531304901639294  0.43634776625148508  0.44703957517869725  0.45773261561738926
  0.46883581677490649  0.47988526009787297  0.49017734780828653  0.50009843563057499
  0.51069215507135157  0.52198011576588721  0.53343556067639186  0.54501349295717783
  0.55653721670968537  0.56691515434197248  0.57669302706196413  0.58675850662391804
  0.59704905660699792  0.60691621083228953  0.61659870379614790  0.62647210273728415
  0.63662372246704102  0.64659295550140017  0.65638698769924342  0.66606184451987849
  0.67678940476165406  0.68811080011065939  0.69969481385082755  0.71101502851999010
  0.72167733091708741  0.73191372558081991  0.74201923370573331  0.75191172267793549
  0.76207475472771402  0.77203997786697942  0.78201968221618223  0.79215262886669913
  0.80195734128622054  0.81155477869423576  0.82145507744422164  0.83169085449601177
  0.84346906857020776  0.85523475502627544  0.86601684089440567  0.87619446383641186
  0.88625019734901622  0.89624798773196457  0.90621804641208559  0.91651488808478687
  0.92750760142259392  0.93858729468779056  0.94878159096443515  0.95891389793654203
  0.96919604840713469  0.97951645027749479  0.98990172840397594  1.00000000000000000
 -0.00307946225067108  0.01076300626624663  0.02242180826266265  0.03326599313925908
  0.04390416516482145  0.05448497541698243  0.06503167045653473  0.07540741054540222
  0.08530744437104704  0.09451276417085912  0.10366877433341183  0.11287298003574914
  0.12255358153174362  0.13251538962451087  0.14259461303049356  0.15283834382404929
  0.16329677874375731  0.17376061605943272  0.18434925778311212  0.19487486762376816
  0.20506287386796915  0.21614196035990593  0.22757261862482070  0.23854917977331180
  0.24909846909229624  0.25943178788974469  0.26968897644345918  0.27987054079787493
  0.29002025461090358  0.30007406621237831  0.31014534689349632  0.32067878585138232
  0.33111627622772771  0.34159109166921692  0.35178084544930821  0.36255533881825908
  0.37365487036641482  0.38400026641268231  0.39397937464382093  0.40449219384621310
  0.41480655828797947  0.42549526265651466  0.43615639544692136  0.44737549364023493
  0.45852432090831741  0.46982797029860696  0.48088270971627928  0.49167188505958670
  0.50247357942576409  0.51352775890011482  0.52437733932214070  0.53469424563324264
  0.54489437010777420  0.55510146305076802  0.56559092886366047  0.57602865187411612
  0.58669383853145862  0.59730179041262288  0.60832018622656203  0.61980387639170498
  0.63148879531568047  0.64321787550226817  0.65524497822966044  0.66695343603859591
  0.67799975448536209  0.68852260862042491  0.69854092803248558  0.70827794979422110
  0.71792652931846546  0.72748425453319576  0.73736555325552489  0.74753860761981639
  0.75781101507045445  0.76795988487616784  0.77829158947540611  0.78901073243532172
  0.79975607122132131  0.81050145853374045  0.82146778939532461  0.83268569244550872
  0.84400728404968817  0.85531588180927964  0.86647322331170551  0.87742588410496547
  0.88845611883881892  0.89970875166936770  0.91103716801504897  0.92220737279019094
  0.93308174047952375  0.94363406304426078  0.95384000030950444  0.96364582905872564
  0.97322211039585005  0.98259839458745135  0.99143297721395296  1.00000000000000000
   2.2175566704757733E-008  -1.0000000000000000     
 F F F F F F F F F F F F F F F F F F F F F F F F F F F F F F F F F F F F F F F F F F F F F F F F F F F F F F F F F F F F F F F F F F F F F F F F F F F F F F F F F F F F F F F F F F F F F F F F F F F F F F F F F F F F F F F F F F F F F F F F F F F F F F F F
  <DiscreteSampler_grid>
  grouped_processes
  1 # 1 for a reference and 2 for a running grid.
  10 # Attribute 'min_bin_probing_points' of the grid.
  1 # Attribute 'grid_mode' of the grid. 1=='default',2=='initialization'
  0.0000000000000000 # Attribute 'small_contrib_threshold' of the grid.
  0.5000000000000000 # Attribute 'damping_power' of the grid.
 # binID   n_entries weight   weight_sqr   abs_weight
    10   10   7.719738363579071E+004   9.155151255236704E+009   7.719738363579071E+004
    16   10   7.719738363579071E+004   9.155151255236704E+009   7.719738363579071E+004
  </DiscreteSampler_grid>
