  0.00002528029495654  0.00004915881884951  0.00006426451900956  0.00008221440698428
  0.00010050752880779  0.00011989981974578  0.00014141953056226  0.00016784086420125
  0.00020321335573499  0.00024568292981089  0.00030091912479198  0.00036895120456667
  0.00045150680608324  0.00054862237607790  0.00065890552449474  0.00078848433532509
  0.00094860603603652  0.00115157211812720  0.00139854951798016  0.00170012543247635
  0.00208570414792600  0.00258710789309126  0.00327340099778673  0.00414701246641680
  0.00529013278553247  0.00673850241016138  0.00869296538654496  0.01159554874449538
  0.01622367154373575  0.02362638609495150  0.03456557878898228  0.04877387988733406
  0.06521237354818799  0.08303475866887132  0.10157497002852259  0.12059058000710865
  0.13979921164052872  0.15872569150905055  0.17756132981400802  0.19667542808739480
  0.21581161932746529  0.23488853820131950  0.25404821423087826  0.27339211296293781
  0.29280944129478531  0.31218901887993161  0.33151355141288463  0.35064572548432471
  0.36966653936426741  0.38890472224143990  0.40827421882593595  0.42757604799049898
  0.44682273171530690  0.46595255827782722  0.48498166092007317  0.50390772550993823
  0.52285623422857730  0.54199956005752792  0.56119136272052506  0.58021421452055810
  0.59905739518781853  0.61789813805768479  0.63683463413240393  0.65578036645624493
  0.67456602916867359  0.69276911592802271  0.71076133375209449  0.72896631486724317
  0.74754582934621516  0.76619038990580501  0.78474363654685009  0.80311794393676927
  0.82134821529549606  0.83945294475182741  0.85724049814183678  0.87473368364285919
  0.89196993957007631  0.90885153755973636  0.92503123805704535  0.94021207262114614
  0.95399255075262790  0.96584574947005764  0.97531558781261696  0.98255331438125548
  0.98801547427624536  0.99171097541669095  0.99418459650343582  0.99589152179675877
  0.99705893845106219  0.99797315642210838  0.99862923292258921  0.99912791914712096
  0.99944638864734892  0.99965558090083506  0.99983383261679648  1.00000000000000000
  0.00002490373492143  0.00005583686863075  0.00006967023007264  0.00008180189022199
  0.00009500988852887  0.00010903516290645  0.00012428071119629  0.00014363788042116
  0.00016862538171009  0.00019788388137462  0.00023624755710119  0.00029581103224703
  0.00037318808769729  0.00046502941833744  0.00057940867802290  0.00072208442308961
  0.00089553740586448  0.00109363831013619  0.00132738407857294  0.00160810921243267
  0.00195580613759800  0.00240130083207207  0.00295593474616670  0.00370200173912934
  0.00469762987031034  0.00605931407153848  0.00805304333128044  0.01107061718058443
  0.01596605891134594  0.02347943964899792  0.03420949538656886  0.04837446877962010
  0.06527417302864413  0.08377915209926556  0.10308228186798828  0.12279339636842437
  0.14289728678354308  0.16339888675548744  0.18379173890196632  0.20380939311744969
  0.22410269409136732  0.24460130778106315  0.26499060115274725  0.28511161798550799
  0.30522550800645482  0.32540058848685000  0.34553039958005743  0.36573668900343692
  0.38598388553466784  0.40623252837841090  0.42636202696659076  0.44634246730896032
  0.46644090218875611  0.48666737036402419  0.50674780050338697  0.52679741714972550
  0.54697056272493583  0.56718527843649824  0.58722445749472996  0.60699928442370521
  0.62671087733574338  0.64662672794216225  0.66662509373170542  0.68649912892343601
  0.70634362542930229  0.72586626305579671  0.74506795186792252  0.76453581556943540
  0.78409018434569600  0.80350892781166205  0.82237830059750772  0.84089738649634393
  0.85864908432053533  0.87675380205102071  0.89487822831454478  0.91213182020840622
  0.92875931446423765  0.94406292137354886  0.95768964198706219  0.96917635401313829
  0.97815845902317167  0.98485452696341858  0.98963492398381192  0.99288120672166036
  0.99509726507972784  0.99667060694618514  0.99778332978247575  0.99854547997483467
  0.99904340956068638  0.99933345328598189  0.99950495811872375  0.99963684358600136
  0.99973853471222884  0.99983057573569090  0.99991544305341262  1.00000000000000000
  0.00144985075331583  0.00163835422115416  0.00182685768899249  0.00201536115683081
  0.00206367243278537  0.00208522166334414  0.00212380858464886  0.00220899225046094
  0.00232863806790499  0.00246627301590811  0.00265975398764292  0.00294822213815042
  0.00327655500962391  0.00362684799444363  0.00400975512316949  0.00444173672668724
  0.00492954447350230  0.00547771166388011  0.00607238791077815  0.00668300490335177
  0.00729834727316816  0.00792299550384333  0.00856170110703509  0.00921472245843630
  0.00988607951230705  0.01058113137065172  0.01130067907487211  0.01204344915473054
  0.01280595888998298  0.01359120128251188  0.01440453437918440  0.01526265310192181
  0.01617025192387980  0.01712874436833947  0.01813384521228015  0.01918386283417534
  0.02028296331747514  0.02142133375509466  0.02260791126493143  0.02384162614201255
  0.02511444924529384  0.02642570500716496  0.02779966083808232  0.02929430041959183
  0.03089037377444991  0.03257551576968558  0.03431190980758295  0.03610711932669622
  0.03797561920176623  0.03993504652026445  0.04194493385706913  0.04392493445911501
  0.04595181090478428  0.04811157441885083  0.05052756986552449  0.05310617027717655
  0.05579707705096660  0.05858311910604098  0.06153487070596091  0.06467710220400057
  0.06801147523308189  0.07145220911562576  0.07474035794025562  0.07796330217225494
  0.08129279112064065  0.08494392711625576  0.08917045101397095  0.09387579160077897
  0.09869053958225021  0.10361589751651042  0.10866880088522947  0.11420262728847873
  0.12022562310269320  0.12661303368943388  0.13357997176043460  0.14103804104483075
  0.14912357158680026  0.15761957892142162  0.16668460679047331  0.17615271120200068
  0.18637202376921616  0.19758929591104898  0.20924861674830730  0.22147449018036627
  0.23477273121431597  0.24924054817414834  0.26465362189915770  0.28089613433819444
  0.29825253874342067  0.31798543340299940  0.34099843628443099  0.36790181159120994
  0.40047481789689210  0.43886009687256533  0.55775070792298587  1.00000000000000000
 -0.00225218290889431  0.00862326645377943  0.01903999434105308  0.02972727846939808
  0.04089025604227618  0.05086118454033218  0.06093086197730536  0.07087079599874332
  0.08061548310152787  0.09039528331072560  0.09960097903665818  0.10756604806669520
  0.11533762667147435  0.12375672431522813  0.13247099447347080  0.14189444132003240
  0.15141811220439413  0.16084482889481116  0.17040194240284592  0.18024536755338175
  0.19018578937649636  0.20008113500500307  0.20967188475344509  0.21945828325060596
  0.22936428481455393  0.23966466596103697  0.24988130117850832  0.25985042815316084
  0.26940530451438310  0.27895691838284892  0.28880180759701324  0.29909238792063564
  0.30960495299680751  0.32027121985380563  0.33051784237281934  0.34025423806031208
  0.34982930416600388  0.35925589451145334  0.37043169646632057  0.38149608881249986
  0.39253549614094507  0.40375344924166146  0.41421327597968427  0.42408123859508440
  0.43350843006661177  0.44374858070421375  0.45486792111887148  0.46609484914240529
  0.47686654695526165  0.48766264591008052  0.49830721119631916  0.50948555507796311
  0.52068777435806479  0.53223720690813514  0.54335147737572320  0.55436750851151495
  0.56531670486008001  0.57649939575155762  0.58771668819941114  0.59896900030980493
  0.61010972945388453  0.62142607101875547  0.63276606749139697  0.64375636224753685
  0.65486581653686915  0.66624800147557961  0.67806750985896003  0.68968829507052787
  0.70087889633465583  0.71244989953583326  0.72352918996893978  0.73520771680569141
  0.74582193319314449  0.75737236418394960  0.76842784156209376  0.77888648627795842
  0.78926198292574523  0.79995792316991232  0.81128990990281413  0.82276100665453777
  0.83395873774573337  0.84550256532719770  0.85586006956578842  0.86609640576057811
  0.87573818155571803  0.88572023638429986  0.89586977004716772  0.90670011354239777
  0.91760508284918152  0.92896547446042488  0.94006207134032749  0.95160237320840824
  0.96333322928558496  0.97544338456518409  0.98725089013128153  1.00000000000000000
 -0.00204343873399163  0.00837166394159249  0.01907052413759729  0.02918603122530512
  0.03963074209820772  0.05060091255457257  0.06154164506747348  0.07214449457364579
  0.08294907936174886  0.09371049872195754  0.10432268411438311  0.11446399576731350
  0.12463541707825843  0.13544062524480197  0.14663926738080116  0.15734632011167651
  0.16722842758244569  0.17758506828393072  0.18755629005648952  0.19875905987835574
  0.20996153821487637  0.22110459885370648  0.23203895082812806  0.24271994183786805
  0.25308070036359043  0.26351215854211496  0.27425257685036492  0.28454593824826224
  0.29470473866178659  0.30501481742042819  0.31557979232816974  0.32617219069551123
  0.33655043278548125  0.34717286957281596  0.35803618648119867  0.36913745172814061
  0.38000328199356759  0.39020752363798672  0.40043145717612999  0.40986756866291496
  0.41970464075514657  0.42935045936837157  0.43961595870330678  0.45025513926603777
  0.46115133271456088  0.47210685699326732  0.48294193654433143  0.49369473738313013
  0.50442834570829309  0.51523051497684591  0.52618172376620742  0.53721831372506723
  0.54794349600589942  0.55848109291272197  0.56888721459553182  0.57966815492619139
  0.59075813525170229  0.60174925788929612  0.61253119141784196  0.62332162752900089
  0.63394430930462586  0.64435955307756521  0.65453800203358170  0.66495883858593030
  0.67594345456615124  0.68739122723324986  0.69817650564228573  0.70778306494380450
  0.71701517339069432  0.72684366058831185  0.73736719139815043  0.74833594798113390
  0.75925799807473493  0.77012187988838654  0.78083319553399244  0.79149373296202252
  0.80230236723494019  0.81331134936067129  0.82411081753639481  0.83478588308239865
  0.84534677214832765  0.85609044467906703  0.86707275169528630  0.87812427636369506
  0.88864033309366386  0.89819605626794374  0.90749510116922683  0.91682709546871510
  0.92619710645390363  0.93634303933118967  0.94677567114860361  0.95679730282027686
  0.96775880098666967  0.97864476458686778  0.98958817603503724  1.00000000000000000
 -0.00196464909094043  0.00806656301865552  0.01838746788501489  0.02894814796294318
  0.03962040716450577  0.05035879742436763  0.05856322508056839  0.06707696239588794
  0.07531168692631823  0.08370491452621635  0.09275888721058291  0.10234308644953906
  0.11183417088509924  0.12100540479518786  0.13011895550630009  0.13868164651369302
  0.14850821879082671  0.15730036947730230  0.16652416580799057  0.17583115042526584
  0.18573149651681650  0.19588088479356627  0.20610007481092926  0.21653452931023690
  0.22684449744466914  0.23659122588441994  0.24616806645417366  0.25580919024447457
  0.26578360431216586  0.27536176443942101  0.28508295044042908  0.29537696043411776
  0.30604676468401437  0.31697493241358071  0.32700593467776901  0.33696016206913204
  0.34646910246250956  0.35516572429758969  0.36473385147372572  0.37461798157052117
  0.38516638254159102  0.39613266076798204  0.40696581910124330  0.41787535813829368
  0.42879451925924811  0.43969403795409523  0.45066099731482950  0.46174154538162093
  0.47278858809935648  0.48381320004112000  0.49489010950760398  0.50565655231976026
  0.51616374820565514  0.52676118280503903  0.53774000494403651  0.54891745296215355
  0.56018254011121338  0.57150310344776667  0.58297428782517680  0.59443277795076921
  0.60565135019642080  0.61651379071716450  0.62735147659039070  0.63820927632896074
  0.64937938844947840  0.66056548793928149  0.67150940768156042  0.68242940532932306
  0.69351562103088593  0.70490990013408794  0.71647976043582562  0.72797846702269620
  0.73943585604235995  0.75106061591161322  0.76280524630801116  0.77444007358443945
  0.78591236378393670  0.79738628693871294  0.80894414178293239  0.82052118182585998
  0.83186626982078049  0.84298035718557252  0.85371680448078913  0.86431155285005878
  0.87482280509557020  0.88569606688818925  0.89662253608753584  0.90753729607487599
  0.91871368193865754  0.93032731967694993  0.94225334234260538  0.95351286584594086
  0.96476426112596725  0.97590081929432182  0.98813954752735822  1.00000000000000000
 -0.00204660759052419  0.00809064795942388  0.01853453470074817  0.02944633343861219
  0.04058240896275920  0.05129545649440807  0.06145119247782649  0.07180636626585081
  0.08199926662815404  0.09173337382530496  0.10143610918982852  0.11164403123805546
  0.12294001835750414  0.13375336168409135  0.14414479442905342  0.15449297206794249
  0.16503154853477095  0.17603870015823539  0.18696802711817503  0.19786888556526511
  0.20879724169886554  0.21965998834042522  0.23035786085431595  0.24071731503050989
  0.25100888903795926  0.26141820114005926  0.27114044607275145  0.28085928015598577
  0.29071445664245360  0.30109895247652763  0.31191526902971528  0.32246913747866618
  0.33325304106704967  0.34397264118479653  0.35492114811906472  0.36570774564656350
  0.37603252909891860  0.38613656294652476  0.39635474342378507  0.40697014030278172
  0.41765943810955830  0.42810442033649104  0.43857257235686153  0.44938513186181117
  0.46045705495829520  0.47157683835285419  0.48262737243167231  0.49379647007619520
  0.50380306576418177  0.51321619604050395  0.52289611123386159  0.53268118512885265
  0.54331778823176224  0.55435354420035832  0.56499869159208871  0.57569080236882775
  0.58649764500481139  0.59709000621651442  0.60753156453676627  0.61790974296710777
  0.62856369551482949  0.63933989217448883  0.64980061146449752  0.66014051308305755
  0.67047615594771082  0.68143156251150505  0.69263335229840295  0.70351939911048555
  0.71402557960837088  0.72445019482051420  0.73542972623051461  0.74619285163464832
  0.75608317391708502  0.76593723117294488  0.77631183853910612  0.78766338302709971
  0.79881494825025778  0.80974109983970688  0.82049023262661802  0.83085181383450091
  0.84104761634982095  0.85136859245237506  0.86169227153876971  0.87228578530820844
  0.88278983300419545  0.89389522369248320  0.90529810094153651  0.91689005037798899
  0.92787691451860022  0.93773107822304247  0.94737694707301312  0.95679055324817130
  0.96808236642423406  0.97909524883562671  0.98974484494237625  1.00000000000000000
 -0.00220944488795059  0.00852587670474567  0.01900415548722373  0.02952480305941322
  0.04058589408315615  0.05095122657014960  0.06111715748797224  0.07103931897771137
  0.08168564311350671  0.09244526728923291  0.10357307567521154  0.11463594439944101
  0.12579875530801246  0.13675999915847947  0.14779836472292487  0.15884733096314271
  0.16995940637104534  0.18096507967854289  0.19203914985618664  0.20274595779379048
  0.21329725244053716  0.22381340928650997  0.23436366917036050  0.24512352120246808
  0.25579171469688666  0.26643912009844539  0.27717202954737707  0.28755089180581722
  0.29749436382288219  0.30763698489088576  0.31757465203765489  0.32746008466983689
  0.33742806497447375  0.34742828332061004  0.35834716900562197  0.36885873362753852
  0.37924119626619601  0.38977707353233182  0.40081005677197146  0.41180529961640533
  0.42257790011822272  0.43334489182905328  0.44395197883207371  0.45455124648176048
  0.46509228970368649  0.47548434594192579  0.48569456619305812  0.49608171250179994
  0.50694274822951646  0.51800155764640576  0.52872368415101267  0.53932584931690108
  0.54999123495561064  0.56096340670553102  0.57202797509143555  0.58280957985962845
  0.59329700191139467  0.60381085498371978  0.61443749997199537  0.62494313275165647
  0.63537286007260829  0.64599312457841973  0.65674212587034253  0.66745947978400233
  0.67762599014661462  0.68704638432495679  0.69646234516415606  0.70570755203603386
  0.71566709773641335  0.72581426424879913  0.73601429636006110  0.74686661685798694
  0.75791358307950529  0.76860691526727087  0.77882097041280951  0.78825184960949535
  0.79766531916458605  0.80754127282516097  0.81797911300632120  0.82878095537717755
  0.83984707546521431  0.85060139641355847  0.86100625214556259  0.87123318796575178
  0.88155541930186132  0.89233850140105542  0.90309557611384206  0.91373398646610338
  0.92443482788968290  0.93528664146060525  0.94618544493579670  0.95708099009262093
  0.96770150311430048  0.97841016507163869  0.98915941383142059  1.00000000000000000
   1.2347446085432350E-011  -1.0000000000000000     
 F F F F F F F F F F F F F F F F F F F F F F F F F F F F F F F F F F F F F F F F F F F F F F F F F F F F F F F F F F F F F F F F F F F F F F F F F F F F F F F F F F F F F F F F F F F F F F F F F F F F F F F F F F F F F F F F F F F F F F F F F F F F F F F F
  <DiscreteSampler_grid>
  grouped_processes
  1 # 1 for a reference and 2 for a running grid.
  10 # Attribute 'min_bin_probing_points' of the grid.
  1 # Attribute 'grid_mode' of the grid. 1=='default',2=='initialization'
  0.0000000000000000 # Attribute 'small_contrib_threshold' of the grid.
  0.5000000000000000 # Attribute 'damping_power' of the grid.
 # binID   n_entries weight   weight_sqr   abs_weight
    10   10   5.603588972859768E+001   9.061055667405279E+003   5.603588972859768E+001
    16   10   5.603588972859770E+001   9.061055667405279E+003   5.603588972859770E+001
    22   10   5.603588972859770E+001   9.061055667405279E+003   5.603588972859770E+001
    28   10   5.603588972859768E+001   9.061055667405279E+003   5.603588972859768E+001
  </DiscreteSampler_grid>
