  0.00021604414380406  0.00031590227739767  0.00039473983303654  0.00042477558499261
  0.00049882587844938  0.00073178903390679  0.00112544310928521  0.00142819694862316
  0.00165768992092746  0.00190108343935984  0.00225675538265200  0.00261928940833439
  0.00302385360600185  0.00348458572981608  0.00397102964950972  0.00449146625999541
  0.00501863909214525  0.00556529440885713  0.00613877849965239  0.00683943668357418
  0.00763619010307352  0.00861128129372539  0.00977623391057365  0.01121449490321167
  0.01287874557166976  0.01462447310408221  0.01619766645137744  0.01772287994190716
  0.01934956200896735  0.02140996223931773  0.02411795380398992  0.02719185052971946
  0.02978140590526734  0.03268184440456527  0.03593420936519292  0.03953328818783543
  0.04295905697197745  0.04631820540145369  0.04953708780600828  0.05264946948508759
  0.05559593560054771  0.05792067320315349  0.05976804403499127  0.06124577065722273
  0.06234044720166994  0.06324681683004153  0.06400251959212461  0.06463446284078243
  0.06519490743155380  0.06566069854999468  0.06605287512593407  0.06639996261887306
  0.06669744819082990  0.06697833278487768  0.06725153403653618  0.06749355938157775
  0.06771246086676239  0.06792186693979513  0.06813440992252416  0.06835092199233393
  0.06857273329066840  0.06880033701672189  0.06903626571387067  0.06931601457491214
  0.06961446855819063  0.06995277158864951  0.07037264870178894  0.07090699823224438
  0.07153517336665081  0.07225228809200372  0.07306260692003411  0.07396863312347503
  0.07524251704798497  0.07732239853847291  0.08006721096579889  0.08331040907832782
  0.08739966603281263  0.09321750441556605  0.10033747503549023  0.10839506557466613
  0.11792840761678672  0.13045611809114560  0.14802542695593299  0.16889451062687502
  0.19275333738077155  0.22186369371113945  0.26245547179089779  0.31023025178247798
  0.36427243817124483  0.43277413297251666  0.51679500007030832  0.60495413810172605
  0.69371146058124222  0.79101970420856782  0.89339211298265464  1.00000000000000000
  0.00033381838831799  0.00046071416300158  0.00058066458430483  0.00088195950165112
  0.00122207560535528  0.00150388108725897  0.00178555434274153  0.00211544334391406
  0.00249694004522105  0.00287933835761571  0.00325977096835981  0.00367056599198387
  0.00414799107902815  0.00464082803944538  0.00518356686184296  0.00579542132024271
  0.00647901110758507  0.00732301469864741  0.00830285698621173  0.00938738566040440
  0.01055887279050371  0.01174716215763754  0.01282491590822606  0.01401100435000129
  0.01547763682974886  0.01742092581909607  0.01930547973671890  0.02102954418773088
  0.02294860524752196  0.02546691402795966  0.02859796435947737  0.03185438400442213
  0.03520264829798622  0.03898022744897112  0.04360891256340300  0.04843793453063935
  0.05226646181303051  0.05492645581729168  0.05703160683517031  0.05875351525429649
  0.06034757345866851  0.06180721347934041  0.06288835932967969  0.06370508967981080
  0.06437939329134013  0.06493879970413921  0.06542066134999372  0.06581308498660383
  0.06615386019166594  0.06646472565662241  0.06675094387393911  0.06699155548490927
  0.06722079799160560  0.06743435244750907  0.06765439182153610  0.06787653328558356
  0.06809763133078843  0.06831444369114700  0.06853696837068161  0.06877709711876115
  0.06902912708260010  0.06930015389255546  0.06959703955565529  0.06997930243741990
  0.07040066837923900  0.07087725169129747  0.07148953340368512  0.07235937399111517
  0.07335735049264573  0.07455843573552585  0.07600170333143283  0.07780173050403912
  0.08008305530973224  0.08278963467608882  0.08635082280493207  0.09144121524690813
  0.09748073931976861  0.10486995432549052  0.11376045208321749  0.12488304633950265
  0.13926523400956584  0.15660345055566913  0.17462533864832813  0.19517730848403789
  0.22246443850179173  0.25948495937181132  0.30716828090073062  0.35818742925165781
  0.41648799744547421  0.47830628425177912  0.54300236877427699  0.61590424096704621
  0.69302347450070945  0.79768063245649490  0.88100258915715968  1.00000000000000000
  0.00137805672815645  0.00169807526769865  0.00209852992449303  0.00248088149481841
  0.00274888146370167  0.00299098717629804  0.00330122226673011  0.00378666960714726
  0.00426146760678396  0.00467161940416201  0.00512040959725588  0.00554425227205924
  0.00597005487582108  0.00636891874001834  0.00670954431260370  0.00702715407819371
  0.00734804514819557  0.00768609128428261  0.00802167467641198  0.00836970013466934
  0.00870902174192966  0.00907109343959416  0.00953432227436733  0.01022434737687723
  0.01093552092913748  0.01155711506824498  0.01211104467090222  0.01269108410179397
  0.01338858672256260  0.01416369228061084  0.01489277134790436  0.01561532583500980
  0.01636261025526928  0.01711574962150255  0.01783592570704123  0.01852792604612443
  0.01915587606860972  0.01985348714902781  0.02066193138751734  0.02169920871378786
  0.02298994495301641  0.02433442055090835  0.02575020893003441  0.02721056536872709
  0.02904512861852930  0.03101043741192009  0.03305523792884513  0.03505751397114504
  0.03689763713081481  0.03861932850482212  0.04032020109444247  0.04222247385139792
  0.04439226540743543  0.04676317016111672  0.04926827850591912  0.05221166978827033
  0.05458455555642169  0.05681654927400058  0.05928750142102355  0.06173875239515314
  0.06455829068475508  0.06774893578423856  0.07091665556086670  0.07450416754262641
  0.07799596742604813  0.08213483669583360  0.08725324838721590  0.09304807536493973
  0.09947307538976323  0.10615110482625498  0.11280389202739891  0.11946419587625533
  0.12605112031692536  0.13318990226731370  0.14127070328512831  0.15000019476551377
  0.16024318961708253  0.17098536406260978  0.18246051661138757  0.19409179612425501
  0.20706527726304610  0.21986458940617137  0.23350679984660352  0.24655244736604914
  0.26043354967996157  0.27483823472242508  0.29053991925335398  0.30614135231234907
  0.32094569884496976  0.33781147858446042  0.36090725872408380  0.39682157501353560
  0.44090000662405660  0.49239496347989758  0.57868574383200033  1.00000000000000000
 -0.00411849135248259  0.01115302861706787  0.02491130909851301  0.03759845004983464
  0.05000754362376600  0.06052233364958423  0.06973894275616309  0.07854871878409196
  0.08761193433394761  0.09728479158005446  0.10661068082494833  0.11542545713503301
  0.12575222070049250  0.13570761834115888  0.14570617352845441  0.15637386889612762
  0.16826945935462029  0.18101248266650624  0.19193685520498008  0.20140840754379427
  0.21149701561397294  0.21999658046172740  0.22932739402797089  0.23794163789804496
  0.24716341243944442  0.25728619910350792  0.26854586501354361  0.28082474631207155
  0.29340752492024907  0.30547014094072034  0.31673616061887494  0.32671271421518672
  0.33699681490824973  0.34806307741597770  0.35914639454618519  0.37035090770744505
  0.38222577319387541  0.39427530551141199  0.40570287055631477  0.41654350730993878
  0.42745916121597777  0.43865659679286279  0.44998523460668205  0.46174770235194362
  0.47306799143738432  0.48273504491282704  0.49124148729150147  0.49957703459028446
  0.50890460524286274  0.51864085395952175  0.52804335819194503  0.53695498467164737
  0.54618697291473450  0.55575021970437777  0.56707749200514235  0.57702936414743633
  0.58685002757274984  0.59739406806916573  0.60787956229757101  0.61812677164204466
  0.62809646485945847  0.63829503582279123  0.64830236617263415  0.65833646071666652
  0.66918070659294915  0.68137789548786698  0.69368871088475925  0.70620652305619891
  0.71933471889179057  0.73005227796069216  0.73942175414072564  0.74865759915175722
  0.75935286376349254  0.76991123608034107  0.77964102198937912  0.78868217449811084
  0.79856065301349977  0.80894326277537532  0.81906030776926841  0.82885297934816948
  0.83894069955027750  0.84905094785407365  0.85888791852672430  0.87011398923493488
  0.88182253758217799  0.89318007595937909  0.90362792911064949  0.91308978007107566
  0.92306426028886424  0.93365475149027999  0.94338992946966926  0.95281426463082441
  0.96254688406450384  0.97463586671814550  0.98668845113258552  1.00000000000000000
 -0.00141486281525671  0.00646037174610070  0.01360840589315532  0.02240126047238307
  0.03230981628928318  0.04205085290138793  0.05192188054953795  0.06179771040906351
  0.07125982211093747  0.08111837558409256  0.09188804934734258  0.10313513163384724
  0.11435754650104751  0.12510779028434327  0.13496004702998288  0.14342060181896124
  0.15109418645819722  0.16000769589468669  0.16898050930049338  0.17889633946720701
  0.18827360114556044  0.19747881180915886  0.20721136949318855  0.21670636485298916
  0.22560502441289032  0.23319032613205704  0.24145142432942257  0.25140285067301110
  0.26315351038791468  0.27494389486159793  0.28336292105581601  0.29146270429324839
  0.30036576633352435  0.31128418556194837  0.32461684273724944  0.33909467532942611
  0.35052192948282401  0.36246056856564246  0.37357178848278083  0.38636543490739128
  0.40051668154117737  0.41511505231780227  0.42829157290240844  0.44141388266197229
  0.45463987890908647  0.46676170226193392  0.47813523274793890  0.49028075605321964
  0.50206547266697066  0.51239683049210016  0.52248136871696893  0.53240077831800170
  0.54192225570556729  0.55033840654304989  0.55917325092724046  0.56886350630978677
  0.57848968866339523  0.58888336487758308  0.60001276279210747  0.61112938379863435
  0.62184897218841861  0.63258126318830477  0.64368647840166338  0.65511996381272930
  0.66615746313094737  0.67625122714104891  0.68608383912622828  0.69616456893614087
  0.70502760620215488  0.71467662290781064  0.72471149156123760  0.73705920207765074
  0.74725623673378905  0.75652828134569960  0.76515025756233945  0.77389986753644890
  0.78358178015564039  0.79472510329730539  0.80619625741024781  0.81698677458703661
  0.82759663176697285  0.83781914891568821  0.84815753351881540  0.85873151831865790
  0.86985243056390371  0.88146786117256470  0.89222067084584344  0.90252033641199880
  0.91297259515982865  0.92412560806554755  0.93632960099800688  0.94961579835365861
  0.96351070893681867  0.97638434857575462  0.98817109963559757  1.00000000000000000
 -0.00283114890324721  0.01165349695916746  0.02151678251648040  0.03004757040740656
  0.03928557952359410  0.05135421137894319  0.06278309607858962  0.07368993102708295
  0.08411942373567688  0.09540392054452933  0.10561787121296057  0.11501377359904839
  0.12416291628219625  0.13371813728265869  0.14389756122299335  0.15439360138457187
  0.16478502644985979  0.17465267005584020  0.18467716585122398  0.19349291472554925
  0.20206790690041657  0.21093213770673053  0.22091731876899362  0.23224015726300348
  0.24379389680970931  0.25416877124022302  0.26400463761911486  0.27338318292380037
  0.28460307384397016  0.29520085034535881  0.30606085448251008  0.31616584790141916
  0.32612937278733523  0.33591125126435695  0.34566040672425696  0.35687008713294932
  0.37003538372668976  0.38342372067735836  0.39565018182678091  0.40491948718337145
  0.41460803553715742  0.42406162768631039  0.43391581738149981  0.44364048504181941
  0.45311812804173818  0.46314977241809152  0.47387791768740789  0.48470128817420666
  0.49545815424035400  0.50490334334669296  0.51406177164155509  0.52267822871875924
  0.53038792518111932  0.53847423859168164  0.54722673440909630  0.55633575780216360
  0.56615343877095325  0.57627426787551228  0.58744564849040937  0.60026048697135326
  0.61404368153021860  0.62791202229355725  0.64260990535731732  0.65628864837944645
  0.66721948593808877  0.67715848666489409  0.68687794663011548  0.69674393886901187
  0.70596314039355668  0.71443425968051233  0.72406920548738096  0.73553569601787816
  0.74851298673425037  0.76037028221631808  0.77127105417395436  0.78169260037418631
  0.79204655364096521  0.80277089590505912  0.81345849423315231  0.82343988191230466
  0.83347569644214159  0.84412119769894967  0.85514534041257129  0.86659363583634974
  0.87782252794245264  0.88834142351800416  0.89871993252524673  0.90888556433071610
  0.91939118211183357  0.92989357335179967  0.94067211688088914  0.95170847007919612
  0.96247419200456297  0.97318795033583605  0.98574055891347012  1.00000000000000000
 -0.00250247509113245  0.01040780290637344  0.02132967997588562  0.03254418036110020
  0.04303689343616630  0.05196384132301182  0.06043034944740450  0.06983136839145829
  0.07982234449647493  0.08966042733753568  0.09936151517631693  0.10898046998622592
  0.11879528013758539  0.12903977455496154  0.13988769037417745  0.15177621403085528
  0.16219812064529324  0.17149160895790208  0.18044127730684284  0.19128862788118930
  0.20212087703513407  0.21279330338555150  0.22270780448188851  0.23246666450491610
  0.24262558908409471  0.25183958756245944  0.26167872289057720  0.27314116541660166
  0.28391006760437304  0.29375832776793037  0.30369937906336281  0.31468121716941094
  0.32634791168449806  0.33884210809049481  0.35174440066735008  0.36473260844966265
  0.37699089433140426  0.38681579284239692  0.39509900662756686  0.40325667477551597
  0.41205540462567641  0.42372050594583838  0.43739709945289951  0.44937113658300232
  0.46021456983026915  0.47065740520928651  0.48109037145190414  0.49038047824731867
  0.50112985522567388  0.51407526153075411  0.52824459183655148  0.54274228361267651
  0.55692585324153088  0.57028506508867416  0.58216191076159818  0.59282676678243285
  0.60315301968187707  0.61417562127021630  0.62441998235349971  0.63505561100637342
  0.64587161868788434  0.65586813523186283  0.66467636673780650  0.67311440884482432
  0.68222467572613188  0.69250583360179907  0.70314046536389829  0.71470935574366889
  0.72571851380723296  0.73540727516784787  0.74424093174704531  0.75371152679435283
  0.76613757191641063  0.77839104867590392  0.79025022913971266  0.79978194631105104
  0.80931052884672716  0.81760774593909813  0.82701635214980873  0.83705665069297464
  0.84936248006904624  0.86238413566672445  0.87481515958376865  0.88685106112682122
  0.89728657213077445  0.90681104393037415  0.91656236395152757  0.92540031371172993
  0.93311340414720245  0.94116630918318389  0.94948965889717041  0.95699937012644609
  0.96525549273512568  0.97424034669775972  0.98451409804051970  1.00000000000000000
 -0.00178753392311038  0.00878821890659383  0.01807985393172889  0.02851436655112760
  0.04029500598123868  0.05255855885312141  0.06400249442816050  0.07446069458383761
  0.08461185826435348  0.09515683790384978  0.10631825562503948  0.11692380810335819
  0.12611374403088621  0.13539143876638438  0.14537538299725108  0.15722758562363845
  0.16902750357630836  0.17935819122119384  0.18880051903237072  0.19858143921433433
  0.20780924539622284  0.21665561464722283  0.22527368787931390  0.23358475102149040
  0.24229250591900586  0.25167222284332741  0.26305142090297207  0.27332743376807633
  0.28438642473043119  0.29566807821819141  0.30749191602940901  0.31812219578194550
  0.32780421127959658  0.33765136809971141  0.34784134686649826  0.35695909509486523
  0.36462348787681126  0.37268627736721827  0.38279901543067751  0.39419510159986682
  0.40500153857004534  0.41587241245127271  0.42772360556657302  0.43849683175000626
  0.44777683585172312  0.45658256288803051  0.46620567723184819  0.47628958881972860
  0.48738266404237324  0.49729542484893968  0.50659961458726444  0.51527293935569896
  0.52432818223557565  0.53403708378260384  0.54467986759855780  0.55694107543577065
  0.56932156751857010  0.58142833190295495  0.59366105425168136  0.60562223479281896
  0.61851987553195753  0.63160515421285124  0.64432280656178964  0.65732728017129294
  0.66969960180992627  0.68139926910268978  0.69125386343049633  0.69997578258107251
  0.70865788126728224  0.71845726279869715  0.72961160131562408  0.74007451673417457
  0.75030141150605056  0.76058271558295232  0.77165112856271134  0.78385110055647977
  0.79613405719147334  0.80776663947091343  0.81943276265626919  0.83074826232694710
  0.84030304335898576  0.84951000310204960  0.85924342918414665  0.87083021819746109
  0.88234819254740793  0.89369493782935516  0.90548517180104704  0.91699874715401164
  0.92768265579778120  0.93816045426380945  0.94886127650479923  0.95948110956515087
  0.96962031046508423  0.97866637027773906  0.98896589835949711  1.00000000000000000
   3.2354837744770929E-009  -1.0000000000000000     
 F F F F F F F F F F F F F F F F F F F F F F F F F F F F F F F F F F F F F F F F F F F F F F F F F F F F F F F F F F F F F F F F F F F F F F F F F F F F F F F F F F F F F F F F F F F F F F F F F F F F F F F F F F F F F F F F F F F F F F F F F F F F F F F F
  <DiscreteSampler_grid>
  grouped_processes
  1 # 1 for a reference and 2 for a running grid.
  10 # Attribute 'min_bin_probing_points' of the grid.
  1 # Attribute 'grid_mode' of the grid. 1=='default',2=='initialization'
  0.0000000000000000 # Attribute 'small_contrib_threshold' of the grid.
  0.5000000000000000 # Attribute 'damping_power' of the grid.
 # binID   n_entries weight   weight_sqr   abs_weight
    10   10   1.854507970810659E-002   1.432411552852629E-003   1.854507970810659E-002
    16   10   1.854507970810659E-002   1.432411552852629E-003   1.854507970810659E-002
    22   10   1.854507970810660E-002   1.432411552852630E-003   1.854507970810660E-002
    28   10   1.854507970810660E-002   1.432411552852630E-003   1.854507970810660E-002
  </DiscreteSampler_grid>
