  0.00968020771248891  0.01455763351572251  0.02344526548237034  0.03343065506696778
  0.04338464851145552  0.05275013671289842  0.06235260116247498  0.07294357075468691
  0.08396305718667456  0.09431053078001526  0.10446528116219467  0.11481498122117713
  0.12534816153074285  0.13576953942790981  0.14616453473962021  0.15702599051368643
  0.16808387722497214  0.17853463559382568  0.18885383453778906  0.19880273531070305
  0.20888875994904205  0.21909886601983533  0.22907777567719484  0.24018183286085493
  0.25120957757388079  0.26276582715133456  0.27368924518868232  0.28409437127490150
  0.29397871599171671  0.30332954018762476  0.31244207294277382  0.32129037921151871
  0.33021639557543792  0.33949824110351967  0.34879642143742534  0.35792503172926160
  0.36764290138896366  0.37791443520275930  0.38941366010774520  0.40074490853268374
  0.41168326992449339  0.42258096368485409  0.43362320592297626  0.44495984538326255
  0.45614878643647006  0.46665282933471214  0.47671851974963542  0.48662751628978290
  0.49651693574072303  0.50653342135322543  0.51688429590270135  0.52761227220843743
  0.53817470922875232  0.54812187803261303  0.55794896409980455  0.56752758760672983
  0.57702646194777329  0.58676005171480594  0.59697630890815812  0.60763324391544216
  0.61854944490248243  0.63022897622332974  0.64272008106862411  0.65511392211670805
  0.66720369685681147  0.67894051058639304  0.69039557307532584  0.70057798118571746
  0.71064116293243773  0.72068704585387222  0.73116537346910737  0.74179318668060579
  0.75234921121319498  0.76379305489047211  0.77529927966154388  0.78722657796380680
  0.79813741075215339  0.80871626879141201  0.81899010331792521  0.82906347151233184
  0.83863236235965577  0.84796716953012374  0.85802012349320311  0.86902292567918993
  0.87973945127667541  0.88949277024744544  0.89935250635208774  0.90989834912031808
  0.92032791260729918  0.93027147860277182  0.94021236253077745  0.95012378414151566
  0.95971518157437086  0.96982155510762480  0.97993734779669051  1.00000000000000000
  0.00959870585898294  0.01503936656767131  0.02417069624263155  0.03421170426518570
  0.04437516292167736  0.05509241186255368  0.06626393702523117  0.07774188149839072
  0.08860423307838414  0.09857129886407805  0.10869384354857024  0.11894122012826748
  0.12940067819313114  0.13979383265459025  0.15072539670942026  0.16194801957964194
  0.17302732931356060  0.18406947911320631  0.19504442014299150  0.20575680181510289
  0.21574416556809911  0.22538459558754526  0.23540159433405819  0.24531829539818309
  0.25537666254217783  0.26511756570441919  0.27521340902385688  0.28570946447887341
  0.29604783751697178  0.30656951180984526  0.31763112785184267  0.32912720504887344
  0.34053639512857320  0.35181818630517875  0.36330801791870754  0.37512259080505639
  0.38686984422703186  0.39815027224307742  0.40925070771551508  0.42072318619269261
  0.43300454586506953  0.44540872028835110  0.45721837499892459  0.46862396305076287
  0.47935899579739361  0.48908275977156751  0.49847880839343545  0.50780507990899404
  0.51703877614780203  0.52597962956400346  0.53468101700315329  0.54336713883663212
  0.55246971168407222  0.56175217807139954  0.57178741920343823  0.58207427275233425
  0.59310211969748916  0.60472647995955642  0.61636786311210745  0.62811265763323054
  0.63957155105915697  0.65061214274603152  0.66117014748738501  0.67137086042785121
  0.68172819009478769  0.69218839875022609  0.70292804541297305  0.71281562927366371
  0.72247870145048532  0.73206100900228810  0.74203557889034211  0.75176724970224607
  0.76118987682744255  0.77081657580612040  0.78171216814337097  0.79271079839371661
  0.80332865958994992  0.81391617961431806  0.82478302807402293  0.83556954396000938
  0.84628840922529647  0.85653255080190283  0.86697199390932700  0.87722096776530467
  0.88767110272790339  0.89822665929065004  0.90895772621640336  0.91982258746851753
  0.93090816523980080  0.94264205234102794  0.95503775757204823  0.96496312484767377
  0.97412088867654834  0.98348980701675848  0.99096266779538900  1.00000000000000000
  0.05640516604134468  0.05736533438149604  0.05928587443048342  0.06168520598775797
  0.06464526357571686  0.06857558622972552  0.07238886012791990  0.07616292762676583
  0.08006191753780852  0.08399349557379925  0.08796830873490324  0.09201808214619860
  0.09612815772435408  0.10037993978654844  0.10466553363996345  0.10898753820686891
  0.11351003526212529  0.11808325103872971  0.12270147847659520  0.12764413126064508
  0.13283176699948074  0.13832142462197991  0.14273099545103704  0.14652035976442399
  0.14885322005939802  0.14991345404972795  0.15114246203215184  0.15237081559136922
  0.15456840962929952  0.15700208087611106  0.15938770162268667  0.16177032759529233
  0.16416541140404334  0.16656521778429506  0.16897523618920085  0.17141212791807950
  0.17386648360626350  0.17631555563704271  0.17874595902872642  0.18118149198245198
  0.18366902753351394  0.18622124104600890  0.18880966902144691  0.19139788185010134
  0.19398816032098379  0.19659785047943196  0.19927416687120247  0.20195779878835352
  0.20467727687949475  0.20743962430544630  0.21025788941430174  0.21312803740602254
  0.21600760358528812  0.21893906299558027  0.22190847602611793  0.22488342157882729
  0.22787086911163373  0.23090775438154929  0.23400399398388977  0.23712662372047377
  0.24029777450526393  0.24353589809954759  0.24681952432718349  0.25015289671937291
  0.25355068683496373  0.25702660801326344  0.26057274937345903  0.26418840660612469
  0.26787932852736374  0.27165522077240128  0.27548479920641422  0.27936630147839425
  0.28334490410604346  0.28749497925982243  0.29182760752326337  0.29631103590158203
  0.30094918285087374  0.30572728977842528  0.31072229657177869  0.31597467007170660
  0.32145967349297067  0.32719364170505533  0.33325494396072591  0.33970828184132512
  0.34661015832004743  0.35420070677670512  0.36256416576513489  0.37189978154367465
  0.38247750328436564  0.39476668485625244  0.40978531982297239  0.42851302666958857
  0.45526000710553893  0.49828148947269424  0.58451120135994072  1.00000000000000000
 -0.00340196861837166  0.01296998279382144  0.02524712710649356  0.03712219535058195
  0.04809788122523994  0.05950690545625988  0.07044094167392100  0.08189774299077933
  0.09304365848715758  0.10488881935526713  0.11651392257678404  0.12830656020090933
  0.13934544557141856  0.15048451028480325  0.16142483016710604  0.17254635958473113
  0.18387431108500196  0.19533422212862872  0.20684791804160790  0.21832763060810217
  0.22974761082173087  0.24086100415538861  0.25171344091945458  0.26240593524781780
  0.27253380346617551  0.28194839085074092  0.29115231891840648  0.30048357986616669
  0.30989631742365265  0.31930979966308670  0.32861756068281062  0.33855770475043667
  0.34926248216435607  0.36053084030537930  0.37176808169863951  0.38215321279283215
  0.39181685869263039  0.40159875918998772  0.41169048120310359  0.42162705654809529
  0.43142296870443053  0.44118706430257898  0.45082507905859232  0.46021710137203520
  0.46924885395863103  0.47809797442117236  0.48694602666805004  0.49590783388494752
  0.50572970410231699  0.51602273790850950  0.52676763237733815  0.53787117816482943
  0.54906283943370671  0.56015683288389351  0.57058366388921666  0.58045133410671967
  0.59040298504916799  0.60027788079410704  0.60993595293226188  0.61924754148062544
  0.62887600960884793  0.63897085467747827  0.64910559372341625  0.65906780742975835
  0.66917834584023239  0.67998955406557349  0.69108742411432156  0.70219034982081285
  0.71366214847185216  0.72492312060933484  0.73543561408216873  0.74563938702701738
  0.75609039713607196  0.76677262478176278  0.77745975588274852  0.78801320826196775
  0.79830340994415527  0.80841955928080489  0.81862066127561628  0.82903484571463304
  0.83894686709833211  0.84876557876077419  0.85929344006314512  0.86995237593084696
  0.88004968596708832  0.88968162259027539  0.89992007068992308  0.91084739053814323
  0.92195829934136231  0.93290475051526800  0.94359195457230827  0.95418239779882597
  0.96506775901910458  0.97666859187523325  0.98830940342401730  1.00000000000000000
 -0.00228976619042942  0.00863510983158742  0.01832065869738497  0.02865762836660564
  0.03850654092984040  0.04874720588079954  0.05905956690931626  0.06966744156860029
  0.07999646601989009  0.09048178472531217  0.10132349542672578  0.11199605207614742
  0.12206039562906934  0.13166127617901896  0.14111808650331048  0.15113030762541563
  0.16099201214252801  0.17034777851958449  0.17938411096488430  0.18863357810561110
  0.19854906317332346  0.20880499484098977  0.21884631986990624  0.22870200213601144
  0.23839520376417120  0.24817205118249330  0.25822238795337404  0.26838677464679372
  0.27851397374669307  0.28865123730178377  0.29936311540271709  0.31074059096600198
  0.32237961048428970  0.33424318193050628  0.34594157855512558  0.35734356750067503
  0.36831822772258593  0.37901086574208398  0.38905653771663601  0.39916338080639102
  0.40830214905568141  0.41779001954811190  0.42739590319559950  0.43693765805026791
  0.44649499575477630  0.45631861523138650  0.46697546193850115  0.47876532904428887
  0.49010283895997808  0.50153153816664997  0.51271097758417372  0.52399383613838035
  0.53485824129624715  0.54608088199174876  0.55744271262284006  0.56888907696743196
  0.57999061577779676  0.59096370578128798  0.60210974430886977  0.61338098520165096
  0.62469576337893007  0.63513517957511989  0.64547143155852571  0.65594079753037204
  0.66638360542353625  0.67711760512853114  0.68810506187322584  0.69952015584632632
  0.71006959570739359  0.71943604936224681  0.72867655576016432  0.73798116071145414
  0.74747570090593363  0.75734769330962104  0.76769619686214408  0.77911720204771684
  0.79125797148057320  0.80313286498744152  0.81502179618619264  0.82695585854723741
  0.83890779696004059  0.85118337942957145  0.86208675104828958  0.87281637122916367
  0.88245763012939193  0.89187661337120450  0.90156598207590688  0.91145264588608610
  0.92129503699863236  0.93162652982918726  0.94187965422782094  0.95370819681828567
  0.96446067261103863  0.97581642045324701  0.98722067376216094  1.00000000000000000
 -0.00217794518596752  0.00931605302151802  0.01924310266719972  0.03039456809139775
  0.04176663504475392  0.05280763961638057  0.06444393323235582  0.07734808834795760
  0.09039087934946020  0.10213248553505606  0.11347020582865702  0.12411632805340447
  0.13394425943348662  0.14325949763937437  0.15277224805061523  0.16283298481867586
  0.17335233088514684  0.18408528884513387  0.19450025654861161  0.20447991277040584
  0.21434279374885887  0.22412275452681665  0.23416554461839756  0.24432275220815186
  0.25452250471261323  0.26484535094179223  0.27528884915894858  0.28554915491342558
  0.29547642161222187  0.30535196037560935  0.31559441597526178  0.32656119793279081
  0.33760295094486559  0.34861279208140028  0.35945222260530596  0.37018555546504806
  0.38094720356396705  0.39170659415559200  0.40243692660196295  0.41301245338364356
  0.42361369038508473  0.43448746449121828  0.44563751546219393  0.45652113908210512
  0.46731442749975433  0.47788896622670068  0.48795404320188118  0.49749651739364231
  0.50646311927398002  0.51513627001244078  0.52392349516318182  0.53265924546116050
  0.54177166923126663  0.55143665471189895  0.56092211932131431  0.57100222433226122
  0.58148825467879883  0.59255305120025148  0.60380091611403763  0.61504783968832977
  0.62541907314391620  0.63497157650935543  0.64433948086436921  0.65374744727159495
  0.66303043314026278  0.67209884731955782  0.68107139522432147  0.69080176114377234
  0.70098800093439972  0.71137756423551024  0.72173995101021415  0.73233773924288348
  0.74312124022190218  0.75400113304983973  0.76503171304250084  0.77610936195996871
  0.78685951915172403  0.79723601511983500  0.80734852474451257  0.81728427082414046
  0.82757554292169044  0.83882006927880870  0.85039572417595410  0.86123578717069105
  0.87180083275350428  0.88279462715075907  0.89362398402091958  0.90472160247250710
  0.91555262904165535  0.92761833202070254  0.94035642197351721  0.95430961423999305
  0.96674972099296730  0.97815717603327024  0.98894230148869611  1.00000000000000000
 -0.00236968795311105  0.00930737628196752  0.01852929293660846  0.02828233706578343
  0.03805095087033088  0.04857524809816021  0.05970298327122928  0.06956806055188479
  0.07952819374009087  0.08982924211426223  0.10057639205123502  0.11108006459188582
  0.12157199511227028  0.13172157827801220  0.14241345555463913  0.15313999362313510
  0.16314087952856463  0.17270682190452066  0.18231177466740814  0.19270063931788395
  0.20328346282836857  0.21382445235684627  0.22411010876445464  0.23450114451933565
  0.24473236903883328  0.25497006310880727  0.26516880751377470  0.27503995930967096
  0.28514338500910141  0.29608122655205898  0.30798687800528957  0.31989610785320949
  0.33171872227445359  0.34363831638487102  0.35483391165863376  0.36476058992250560
  0.37466594368747569  0.38480875224805289  0.39488835299732267  0.40469492381028949
  0.41447973585269232  0.42489071342806395  0.43603694056355891  0.44755191139504424
  0.45885842547858879  0.46937096877952950  0.47947910878422267  0.48963238926469449
  0.49969511490905838  0.50937100278366387  0.51909368200293970  0.52928724790432480
  0.53966836589661482  0.55039163290694582  0.56131841112862702  0.57272154851809010
  0.58434899940517016  0.59573121971043441  0.60710130074747370  0.61828862445613153
  0.62971830275004170  0.64145113845939772  0.65345285679151388  0.66484698707260426
  0.67564901176822523  0.68577969545113804  0.69635166472878851  0.70676786866954810
  0.71710237415333644  0.72764564102401752  0.73895049205008145  0.75020940793866109
  0.75994616387494784  0.76926758973629195  0.77920382933180332  0.78914206875503057
  0.79927404555544790  0.80920661373058322  0.81975026322361444  0.83130450093730257
  0.84203407328755975  0.85283705041507774  0.86266232889876449  0.87259264875977249
  0.88236729325575125  0.89224299914380212  0.90241177326345356  0.91259962763201563
  0.92302905090446707  0.93426004425919795  0.94529680841864139  0.95625300499915800
  0.96704762148434298  0.97797503907945948  0.98882877848038941  1.00000000000000000
 -0.00256677554755807  0.00992742226645728  0.02042089867144406  0.03179726620381806
  0.04266327034606531  0.05267379172694164  0.06261034986498962  0.07251282746830370
  0.08216650993455533  0.09136200782624349  0.10048453308648464  0.11003852077681561
  0.12052710855266596  0.13096594374471332  0.14146115918836530  0.15213448612414029
  0.16292235378804479  0.17363293374932609  0.18414028844737426  0.19446363381450540
  0.20473250510003227  0.21533147982198556  0.22642101299879183  0.23753586571494253
  0.24856563370787593  0.25970830230002018  0.27074683116895149  0.28167582691288906
  0.29208938253377831  0.30260163736862011  0.31283357621791424  0.32330022241365908
  0.33414010998916444  0.34580985666163827  0.35737451852549906  0.36760351925220081
  0.37806583239995611  0.38880052512944469  0.39949583512927067  0.41004897340742086
  0.42104269668761118  0.43264449940856864  0.44418899750556717  0.45571477410558769
  0.46724287769132389  0.47851398804081308  0.48947453753597747  0.50038588489462643
  0.51137565800677764  0.52256234946024560  0.53358126410416418  0.54453836177506021
  0.55571647418972936  0.56625322835785474  0.57582871326132890  0.58540703915670200
  0.59556031715310742  0.60546571429928842  0.61427079931990181  0.62293076686928894
  0.63251652205443476  0.64263141493819098  0.65231587943746661  0.66171447537491568
  0.67182963170162513  0.68345597533928903  0.69422380467946387  0.70443950717270298
  0.71498177998474111  0.72536390209789625  0.73582025000822826  0.74594974940358805
  0.75706366176661355  0.76847184953014147  0.77984415949913855  0.79120619084290100
  0.80248804329276047  0.81314309647205607  0.82291385198353595  0.83232917947217122
  0.84178696313738932  0.85153261312258599  0.86159048067162303  0.87182087200314207
  0.88176550491014727  0.89163369462505326  0.90161572159425130  0.91148898713771931
  0.92110331548611168  0.93063326155447790  0.94002082723809322  0.95215889742921611
  0.96403992019923412  0.97594122878737444  0.98826083556200039  1.00000000000000000
   2.1659704315518127E-008  -1.0000000000000000     
 F F F F F F F F F F F F F F F F F F F F F F F F F F F F F F F F F F F F F F F F F F F F F F F F F F F F F F F F F F F F F F F F F F F F F F F F F F F F F F F F F F F F F F F F F F F F F F F F F F F F F F F F F F F F F F F F F F F F F F F F F F F F F F F F
  <DiscreteSampler_grid>
  grouped_processes
  1 # 1 for a reference and 2 for a running grid.
  10 # Attribute 'min_bin_probing_points' of the grid.
  1 # Attribute 'grid_mode' of the grid. 1=='default',2=='initialization'
  0.0000000000000000 # Attribute 'small_contrib_threshold' of the grid.
  0.5000000000000000 # Attribute 'damping_power' of the grid.
 # binID   n_entries weight   weight_sqr   abs_weight
    10   10   6.349391561905650E+004   1.216979023717832E+010   6.349391561905650E+004
    16   10   6.349391561905648E+004   1.216979023717832E+010   6.349391561905648E+004
  </DiscreteSampler_grid>
