  0.00025249611619545  0.00030932016191553  0.00034252860531561  0.00037504569032101
  0.00041421098677387  0.00047867024602363  0.00066050469988113  0.00102763898539896
  0.00143430833747364  0.00179478913705557  0.00218689968365640  0.00262224951881899
  0.00310371964538166  0.00368721966613440  0.00438298517673681  0.00518092936221750
  0.00601637728510848  0.00692535371087112  0.00799711460565132  0.00918487167177650
  0.01045082063287821  0.01187038990007751  0.01352323062077301  0.01539713697934857
  0.01750413255395551  0.01999463631678536  0.02300147397168129  0.02653568567396071
  0.03044707413230904  0.03475727931469060  0.03948938690863955  0.04483263845945311
  0.05001042846985242  0.05442703679648787  0.05763502405751691  0.05996540726263168
  0.06161751231617989  0.06278556507253283  0.06364146654604810  0.06429174621330941
  0.06479199871779057  0.06520862804048554  0.06555507513628553  0.06584696693932067
  0.06610227536157083  0.06632811162709733  0.06653122324439405  0.06671592390368493
  0.06688511868443067  0.06704164392704653  0.06718886914500172  0.06732860096506586
  0.06746232617639938  0.06759097562996606  0.06771628240007975  0.06784045248153030
  0.06796457377502341  0.06808959061660819  0.06821676792926534  0.06834691378473762
  0.06848053089365803  0.06862018782910730  0.06876912585128077  0.06892610446937120
  0.06909313898500755  0.06927519827020551  0.06947789695564495  0.06970518177838581
  0.06995903630884188  0.07024621817847786  0.07057383027289739  0.07096663701470861
  0.07144339871521942  0.07202533491121925  0.07277904614667793  0.07377189443416260
  0.07510022429338103  0.07697179358978634  0.07969294165817406  0.08370865112775563
  0.08982246905551904  0.09897311547601967  0.11190215144584313  0.12925944265563033
  0.15150047572932121  0.17870918733644131  0.21384632565167927  0.26021389993611665
  0.32678549829845982  0.40671171354716673  0.50045787905413142  0.60264647545192829
  0.70014696376850660  0.81359348949949395  0.90600883637101048  1.00000000000000000
  0.00001273482656987  0.00003878619465748  0.00007560971195387  0.00011797102284405
  0.00016628520945470  0.00023108254807947  0.00031407260632572  0.00041979199765404
  0.00055722449127175  0.00073234395038081  0.00093685660470795  0.00123263473334500
  0.00162237870938733  0.00209969769782250  0.00268118825784716  0.00341007186589329
  0.00438943758664886  0.00573836430991965  0.00751306579399935  0.01003992099083865
  0.01389993019401515  0.02013659009540955  0.02943791593432682  0.04168976363713392
  0.05627940703859034  0.07238866324457423  0.08933861578797689  0.10663476641655145
  0.12419004127150722  0.14195191630506446  0.15970255078981074  0.17757673879589334
  0.19548118044124096  0.21337093388288661  0.23131278556636720  0.24948445577326472
  0.26786620415745027  0.28630081470944663  0.30465533237986825  0.32300654517814609
  0.34152108589914604  0.35997507937419831  0.37813802628653842  0.39610503684566301
  0.41396968292581754  0.43186413344090735  0.44991897054822866  0.46795876733259700
  0.48605697218254468  0.50405354932569679  0.52200862855185526  0.54011273867093035
  0.55791457988325910  0.57607316994592961  0.59429562826465543  0.61228066202349984
  0.63020238835266118  0.64799082606208147  0.66568318791712844  0.68336896641027634
  0.70097697413384408  0.71842464979444531  0.73580091745930087  0.75331466148446724
  0.77079410907822987  0.78820836185687870  0.80553793051341616  0.82270156763567259
  0.83960753101006191  0.85634783165253359  0.87305999935164635  0.88949685539167267
  0.90539302053307524  0.92074729008338918  0.93522730418401456  0.94847620728919346
  0.96000103823656247  0.96970070899547345  0.97763432954918239  0.98368290001418091
  0.98811100692575737  0.99134824346842421  0.99371416360666476  0.99535678554974272
  0.99661671916777039  0.99765327102785839  0.99840777083830801  0.99892655690856069
  0.99925142342388595  0.99943055668395453  0.99956261745154296  0.99965884532457550
  0.99974010951514836  0.99981986665130440  0.99990722576328117  1.00000000000000000
  0.00047855052923390  0.00086950753371766  0.00109894594493848  0.00130057287474351
  0.00151230673528186  0.00174158847891250  0.00199133367488560  0.00226543491513102
  0.00257137428331180  0.00291061268770915  0.00327225149773682  0.00365116419652762
  0.00406793875915505  0.00454315203424023  0.00506041806160360  0.00558333281890370
  0.00610279105911462  0.00663114863686250  0.00716557705456267  0.00770337359901601
  0.00825523396477312  0.00880683714087988  0.00935156375791241  0.00991846357705228
  0.01052981815344725  0.01117668117600620  0.01185049656981090  0.01255855570903542
  0.01330936482581791  0.01408200921638995  0.01487476079261841  0.01566043219025573
  0.01650387544309799  0.01740061804692368  0.01834442609192536  0.01933158626185255
  0.02032035097574731  0.02134913612631933  0.02239028862482902  0.02342850805933654
  0.02454824406943827  0.02572582519132077  0.02701521135292687  0.02840824753555631
  0.02989737784611609  0.03145840702342562  0.03306191280706781  0.03461159318208993
  0.03620410087606272  0.03782949207885444  0.03965468289351006  0.04160734469901844
  0.04364262929639576  0.04585586150995014  0.04805296945429127  0.05026065249480897
  0.05249783037961855  0.05484371346121489  0.05739978635147166  0.06020815682621102
  0.06321988193531129  0.06627847953769796  0.06930246027679386  0.07244852475449633
  0.07587694471918230  0.07958251511096778  0.08344329056562118  0.08752307364421452
  0.09192212747056347  0.09669055957098800  0.10194869617111271  0.10758005007530476
  0.11343151582916085  0.11964104801021437  0.12628887177300935  0.13344380252017529
  0.14120940440477325  0.14960207527788641  0.15883847474508742  0.16863908330828156
  0.17900969289948837  0.19017058395633274  0.20225136903268154  0.21556402301292721
  0.22996065632018201  0.24566295752798870  0.26254381624590439  0.28046493552274587
  0.29945292202241502  0.32003739196104636  0.34280245810257121  0.36888643101498075
  0.39978525606708426  0.44070324855063669  0.52889613354837328  1.00000000000000000
 -0.00190925201436302  0.00814436435391529  0.01691999847836803  0.02543373576360449
  0.03487520006078611  0.04441210811793024  0.05446393344969893  0.06425238487630612
  0.07414550383955418  0.08397794495586045  0.09368088542575995  0.10291502258950366
  0.11210747245997843  0.12133777225876757  0.13073547815769854  0.13978645855794850
  0.14845183820374835  0.15794470102736655  0.16765992485205164  0.17722688796825795
  0.18662744648796964  0.19584908937837317  0.20512827174980389  0.21444020466621838
  0.22393813599464285  0.23428921261125485  0.24450663674491038  0.25467883138310843
  0.26483450635951505  0.27520992817417289  0.28569765030191246  0.29619648324584735
  0.30653042090252697  0.31687862775622133  0.32742754688907694  0.33807568476615296
  0.34883416156504093  0.35952109828961737  0.37022025839677342  0.38078446788206977
  0.39144565997436076  0.40188195343570815  0.41244661074066080  0.42287366721703951
  0.43373552170172552  0.44477740925737297  0.45599437536950527  0.46681042871853168
  0.47725115341356145  0.48790731238368751  0.49877278792552393  0.50991806616282798
  0.52109301327403967  0.53248376295461208  0.54379845358751377  0.55490982402687816
  0.56606314255743684  0.57741112739337908  0.58900852580619367  0.60059369973528376
  0.61199072057617121  0.62329939816693802  0.63487534245608646  0.64656682370315310
  0.65831547529776135  0.67001369979808711  0.68166952573224260  0.69321312848280614
  0.70437596023919147  0.71496549301633117  0.72564940669804068  0.73661234663150155
  0.74777223894445843  0.75864322887205793  0.76910979435138171  0.77955820811901722
  0.78989993421171834  0.80047919155572667  0.81110364774503929  0.82245664539594443
  0.83407629558700636  0.84564820989779699  0.85721098178688593  0.86866951760949840
  0.87941084058852692  0.89018785980466597  0.90102859903583676  0.91190349363826795
  0.92254564014004481  0.93366130214999499  0.94470577143111356  0.95555317300160125
  0.96598525051237605  0.97669961435717378  0.98808017426300443  1.00000000000000000
 -0.00241063101194356  0.00960075968937581  0.01934495147591071  0.03063292859747167
  0.04069271955894220  0.05105244911722230  0.06107884666069453  0.07158510814052521
  0.08212925774062513  0.09298224240433228  0.10385585706095295  0.11444689211385117
  0.12516879685521520  0.13623476374259849  0.14692111385099246  0.15706588560279694
  0.16709393741371706  0.17789062223362181  0.18874745641694074  0.19926371234177997
  0.20960763887032974  0.22013094760786464  0.23063873057536996  0.24131392907214344
  0.25202029042000984  0.26281963994206475  0.27352829402969858  0.28436320020581435
  0.29549912492452263  0.30676861256952087  0.31783247965454559  0.32860260594678498
  0.33928420036272611  0.35011943249696592  0.36104428976430691  0.37147642224799615
  0.38171852184793875  0.39168647829037373  0.40167667543095120  0.41152839536768765
  0.42164693304059764  0.43218304807505104  0.44298134737326444  0.45335414433504739
  0.46351149481810278  0.47397005846371365  0.48464593454569643  0.49544465136079618
  0.50551054720407784  0.51575905469833105  0.52585594635810118  0.53659021641388749
  0.54734881840175675  0.55792721024187930  0.56792790488226397  0.57794062801409951
  0.58828119030617598  0.59924783054914099  0.61002649431808886  0.62048517396637681
  0.63098417745182600  0.64189016965063084  0.65267875374489426  0.66332523931698240
  0.67364931045104581  0.68417510559982997  0.69465629675631346  0.70524243240808782
  0.71613701311439482  0.72726196080404848  0.73817880849796425  0.74881402658659690
  0.75954748786286219  0.77055200747479691  0.78091022127287801  0.79134155969995146
  0.80134530363843570  0.81196709091644814  0.82251188691182897  0.83348422762187035
  0.84411769347852472  0.85477150462476204  0.86539073783026133  0.87584924345717929
  0.88612058916901992  0.89625882279339486  0.90662576378873350  0.91726884214133930
  0.92813787042731888  0.93901992453333150  0.94932140796358910  0.95944599689709076
  0.96935420685959550  0.97899026604054551  0.98961930486239114  1.00000000000000000
 -0.00209247217831533  0.00816985126198099  0.01811192502628641  0.02820912718434571
  0.03860670894280566  0.04859484317453138  0.05803892076831726  0.06720259887188841
  0.07656981510446226  0.08627844020285204  0.09533972560473485  0.10403074214933454
  0.11268846762080689  0.12190881051692007  0.13152708920595207  0.14127761311204109
  0.15135236384221967  0.16122964341552565  0.17072042038572874  0.18002560227156542
  0.18937153619128699  0.19910840953673145  0.20904619715847547  0.21869247085476218
  0.22790795760443802  0.23707630036971383  0.24660907865586526  0.25676040216898960
  0.26705792178576931  0.27730859557874754  0.28748693276447934  0.29764061719838686
  0.30784969163722631  0.31822016383538304  0.32885831233615986  0.33975229254274109
  0.35079932985128576  0.36187690254682725  0.37289409044780442  0.38386686014262356
  0.39476540485598144  0.40569598745373275  0.41653229899269167  0.42734783829856987
  0.43833255838948232  0.44943600254708516  0.46057923389862188  0.47205461752624028
  0.48343959314640755  0.49504655774557849  0.50604817711358885  0.51702343738548695
  0.52804317165027082  0.53891616137194109  0.55004176291543239  0.56110486319513986
  0.57212683315411350  0.58297276858843361  0.59370729442774384  0.60485269210447357
  0.61632647210130354  0.62762154021505379  0.63889827654074161  0.65036654980175435
  0.66158222039511783  0.67256238353144360  0.68339589670388723  0.69471409375622484
  0.70556153059884474  0.71651501374541460  0.72741154877482905  0.73858119361706698
  0.74959408561070562  0.76043243239002167  0.77150647964243324  0.78232423778156956
  0.79319492689363835  0.80432405414897468  0.81519447462969075  0.82592674557574819
  0.83677955065226584  0.84812812387515224  0.85891382984353404  0.86912215974094298
  0.87934084483500363  0.88957287627076498  0.90039183623460650  0.91083828124975252
  0.92235898900488777  0.93358770171626260  0.94466490284273485  0.95533588029515559
  0.96605424269435380  0.97741676102953501  0.98861931784415624  1.00000000000000000
 -0.00216149483074074  0.00878175741657699  0.01895139283664551  0.02981240876658890
  0.04057334071819232  0.05117095069376976  0.06178675246091413  0.07274297364163790
  0.08330566401892747  0.09390858066508330  0.10419577293449535  0.11459815518968873
  0.12527081964301612  0.13593074377612027  0.14638440513777778  0.15671461497393141
  0.16670132945046212  0.17685673648259334  0.18728361108700675  0.19804809103006166
  0.20902474556452769  0.21988753312906534  0.23067333510905477  0.24147791510037833
  0.25238280002693214  0.26330860487771662  0.27422401185550838  0.28514134105807343
  0.29619962466417293  0.30726908393328384  0.31832227612326919  0.32908810628609730
  0.33922998404960536  0.34914449376530426  0.35893269510037706  0.36893850424383751
  0.37899448952990000  0.38903418796967143  0.39933211175726874  0.40982805638109204
  0.42034937502078656  0.43057166695720611  0.44085667427480807  0.45132266551390293
  0.46215571087473145  0.47305096263915747  0.48339424716065305  0.49361782718911329
  0.50380179460129360  0.51464717885344635  0.52553303195862788  0.53629658773860067
  0.54680623374487536  0.55735878405501205  0.56815034488585370  0.57920336629692737
  0.58999927688602716  0.60060996104489173  0.61103548183471412  0.62139783128116144
  0.63171495812006784  0.64209719877365434  0.65259612432747205  0.66289379743018739
  0.67248179270644959  0.68191195636251312  0.69133388053658107  0.70211452543023922
  0.71336185171905619  0.72421894696817513  0.73479457602196707  0.74527441870149003
  0.75600033936786881  0.76665086049676823  0.77716577612063298  0.78780005318250079
  0.79864763651557946  0.80947245189176475  0.82014330038875982  0.83090014090609510
  0.84185626334271724  0.85240411595015919  0.86301439244312728  0.87313451677444209
  0.88361232312036952  0.89396909569436966  0.90481211258313643  0.91576421489789805
  0.92649708435993494  0.93701875061891293  0.94729285170676147  0.95804649618867010
  0.96856215761081976  0.97921041111712614  0.98950620677010781  1.00000000000000000
 -0.00229937106620639  0.00897454444692737  0.01914790340148364  0.02957510976720553
  0.04035968222376388  0.05058688386208118  0.06102947789930461  0.07075634888608448
  0.08089489473289015  0.09040512391531191  0.10034050889236663  0.11044101299253685
  0.12131956502171778  0.13240954233433150  0.14347147268465180  0.15459204091952183
  0.16529273250232471  0.17603240263432482  0.18704838359350201  0.19818869889391111
  0.20912481170624475  0.21963532428178081  0.23015355546201124  0.24084512436124231
  0.25156459209609794  0.26204999727613881  0.27224279084514891  0.28270498262857235
  0.29334492696558295  0.30401844455874072  0.31438720556116279  0.32498792650608632
  0.33561452410184273  0.34605117350779679  0.35637272236743645  0.36690451941155267
  0.37786351978203664  0.38876440578880544  0.39922778868243036  0.40953033883404855
  0.42011769160009166  0.43067767831846432  0.44130411785924850  0.45175048198490031
  0.46159511376325141  0.47176897481696561  0.48205776663261940  0.49288058849523708
  0.50349637708086692  0.51416131500335283  0.52427669559870260  0.53430960444753639
  0.54406407745729757  0.55442775520007981  0.56497580326695274  0.57570923073560543
  0.58652700751094944  0.59730334704353549  0.60824355938741759  0.61939072906314363
  0.63061011928658883  0.64165683998478096  0.65265684599685914  0.66346522422528542
  0.67416405644561428  0.68459155603402488  0.69516320365223172  0.70584226582703569
  0.71656894319051323  0.72728179544112381  0.73794145311870141  0.74863578753580551
  0.75902983943601943  0.76913326132201076  0.77905165982449009  0.78932284945765763
  0.80001906549841784  0.81096637131460192  0.82184589653836659  0.83293543306441564
  0.84400149587655948  0.85457344688536974  0.86489880083103698  0.87522874305239251
  0.88590550904671439  0.89691183825972032  0.90792317606830608  0.91882829487170847
  0.92953996071692202  0.93965096776524315  0.94979623847719519  0.95946605897107251
  0.96976193808119415  0.97962307187746001  0.98988217059852701  1.00000000000000000
   1.2183123569492704E-011  -1.0000000000000000     
 F F F F F F F F F F F F F F F F F F F F F F F F F F F F F F F F F F F F F F F F F F F F F F F F F F F F F F F F F F F F F F F F F F F F F F F F F F F F F F F F F F F F F F F F F F F F F F F F F F F F F F F F F F F F F F F F F F F F F F F F F F F F F F F F
  <DiscreteSampler_grid>
  grouped_processes
  1 # 1 for a reference and 2 for a running grid.
  10 # Attribute 'min_bin_probing_points' of the grid.
  1 # Attribute 'grid_mode' of the grid. 1=='default',2=='initialization'
  0.0000000000000000 # Attribute 'small_contrib_threshold' of the grid.
  0.5000000000000000 # Attribute 'damping_power' of the grid.
 # binID   n_entries weight   weight_sqr   abs_weight
    10   10   3.379335472549969E+000   5.475413967821252E+001   3.379335472549969E+000
    16   10   3.379335472549970E+000   5.475413967821258E+001   3.379335472549970E+000
    22   10   3.379335472549970E+000   5.475413967821254E+001   3.379335472549970E+000
    28   10   3.379335472549970E+000   5.475413967821257E+001   3.379335472549970E+000
  </DiscreteSampler_grid>
