  0.00946291982751388  0.01517774646456799  0.02374571462703797  0.03384886025247073
  0.04444091425598552  0.05518633061180399  0.06563193565075963  0.07582727880253312
  0.08584458077083189  0.09568182045536526  0.10560560780818233  0.11561805312578301
  0.12564785132755360  0.13586438064872960  0.14615212268066063  0.15661634686334136
  0.16714230502696506  0.17790947171112786  0.18882960462099274  0.19972900420717521
  0.21015570358360658  0.22010501088601142  0.22988904827193252  0.23940484486310937
  0.24894214611010806  0.25847235427284632  0.26788465450184756  0.27786811255687394
  0.28757003177147594  0.29826478124822092  0.30932508562614836  0.31995792350991098
  0.33089558344813186  0.34217515297150536  0.35379888662520614  0.36521032322849761
  0.37639047681334509  0.38738936294565190  0.39819991938655647  0.40885462951478108
  0.41906998394859485  0.42871085201530101  0.43827120648663737  0.44801076546668012
  0.45800182785196247  0.46834939573984241  0.47890301422058668  0.48953728964990439
  0.49990381074955659  0.50998354184204131  0.52000402163500392  0.53024615388234964
  0.54084368228868251  0.55141543861245934  0.56228688487623502  0.57333511515587998
  0.58416699395769101  0.59456783411520342  0.60511772182076795  0.61623804405898108
  0.62752467412630664  0.63873364713409142  0.64957105776479673  0.65988105280046749
  0.67023638554917064  0.68043378335026439  0.69065223147897170  0.70071460205177716
  0.71183372441750747  0.72390671798671946  0.73533512892796704  0.74605118020027605
  0.75642930332806857  0.76671744006425391  0.77676729174528814  0.78670365120272034
  0.79704061638483836  0.80774360539123158  0.81869480437177178  0.82974232175062657
  0.84091335536762801  0.85250491727001509  0.86456227274231157  0.87688311763565507
  0.88913142933729805  0.90088918120122707  0.91226626272932143  0.92326520823599256
  0.93342739096757177  0.94366987771016619  0.95334749389578866  0.96288371630720071
  0.97207629495746917  0.98127875465473691  0.99149724526230054  1.00000000000000000
  0.00911507927527523  0.01584454247564613  0.02670503276155698  0.03891369113636426
  0.05104829010721752  0.06266096333855398  0.07353820956321322  0.08431836623786257
  0.09471316907800945  0.10519437318514094  0.11548073224833849  0.12588353587860543
  0.13652863529908230  0.14749437963974776  0.15905989402036569  0.17074622449686108
  0.18262063700469899  0.19388227939456329  0.20460894369250113  0.21489491977800124
  0.22529694479075874  0.23561680299822735  0.24574414291663921  0.25628719777088671
  0.26714730420934019  0.27808930886359257  0.28886149115113191  0.29929676439819625
  0.30968209764641624  0.32010229099209708  0.33041097842023698  0.34042303067868090
  0.34991391919829384  0.35967340737299552  0.37000919736130622  0.38126110451638545
  0.39303047546633579  0.40458137599408306  0.41587175559603440  0.42687598232373841
  0.43755745108476835  0.44798481117166478  0.45785843482627703  0.46761376837484586
  0.47734579642715202  0.48740423718609388  0.49761459857093926  0.50752386198546240
  0.51696220089941936  0.52627400244908351  0.53569557788884581  0.54506698315225122
  0.55408144540536441  0.56298020495013945  0.57266416178774460  0.58247167798087840
  0.59317352786464572  0.60372379148110245  0.61352470185871688  0.62330103707206252
  0.63401448853258258  0.64508469710737670  0.65527358117825507  0.66508975058128605
  0.67475068450580655  0.68478411625668345  0.69379256424950042  0.70335527156964839
  0.71334543515019622  0.72329879489508975  0.73316988042481979  0.74284339978673863
  0.75264433127109587  0.76321006218673426  0.77389897021977216  0.78453455663168525
  0.79472337630191181  0.80494226837784377  0.81554807337853741  0.82657487823794329
  0.83752038901181081  0.84843018302183137  0.85886058480424277  0.86958361248075544
  0.88084885331143747  0.89235574596434797  0.90287906073083912  0.91380925033124227
  0.92391874070224322  0.93466716735302846  0.94510679809645970  0.95563030748746514
  0.96591226386931484  0.97591704182171801  0.98746597755098819  1.00000000000000000
  0.05661911232130109  0.05844131481902515  0.06076781593266561  0.06338098100260571
  0.06606517431191834  0.06963160865505383  0.07345773158199986  0.07720276270739962
  0.08103171086515325  0.08493078953547949  0.08898128299321445  0.09304352458345178
  0.09710568331599376  0.10138323679580551  0.10575681279020568  0.11018048115512685
  0.11468169181584205  0.11924612945848750  0.12393298360714687  0.12871825199300588
  0.13363038151487250  0.13932967541483782  0.14459492547894487  0.14850581414628816
  0.14911325018716878  0.15037016297367997  0.15156540326942719  0.15316075744384536
  0.15551885614194977  0.15789620156673759  0.16025817318393579  0.16263748385349372
  0.16503816831705362  0.16744155998881835  0.16983734192559527  0.17223076285055877
  0.17463605133324728  0.17706137341102218  0.17951082437529861  0.18200571529152232
  0.18453976515382986  0.18710914455846189  0.18967796464795050  0.19225928282614593
  0.19484922704375263  0.19745909165566428  0.20010352174616491  0.20277810084224016
  0.20546153907902873  0.20818436441760693  0.21094049134877146  0.21376560199465733
  0.21665163172336599  0.21957713538179874  0.22252455071456373  0.22549585004981357
  0.22848673281757007  0.23148442887079781  0.23454464141999620  0.23766660034343071
  0.24084501661951049  0.24410442281366365  0.24741436119926902  0.25075233258194246
  0.25414308875463365  0.25761698008104877  0.26115918069661387  0.26475964316690265
  0.26842268020401139  0.27216553690081513  0.27603105771294617  0.27997256169450668
  0.28403544115959073  0.28820653453959699  0.29250348051653685  0.29689704242751253
  0.30146650321337748  0.30617486653285503  0.31103887554799969  0.31614072243461472
  0.32153797584034594  0.32727625530048360  0.33336598611022150  0.33984147520388203
  0.34678183884733549  0.35437298297332337  0.36277524387014748  0.37218473941560604
  0.38272329759533635  0.39491468842364397  0.40998489080633621  0.42873200063418443
  0.45530823321864394  0.49851415707081159  0.58499050547565179  1.00000000000000000
 -0.00281089984429873  0.01188797729568570  0.02379484683042227  0.03561073674638878
  0.04693303281662122  0.05912623960410079  0.07056824636677395  0.08209668307289360
  0.09373789045237557  0.10607838641395466  0.11841412064744326  0.13100145728749157
  0.14376048673095068  0.15690811585338038  0.16945226429732621  0.18191189072961406
  0.19304402906823115  0.20425373826441817  0.21438248733392257  0.22445577652285911
  0.23427744818390833  0.24384842638139775  0.25338873478212226  0.26308410630596557
  0.27279574835490589  0.28323256508004718  0.29309651291999839  0.30252417375046003
  0.31232588228724484  0.32212038864365550  0.33199622668545825  0.34126509871765137
  0.35011761579297357  0.35921456909684613  0.36936019637600342  0.37935704334864206
  0.38885104828501116  0.39852869595406459  0.40753915527112272  0.41655426912908683
  0.42566160049624696  0.43481303598615351  0.44439482017649967  0.45414061299709074
  0.46404228960736577  0.47377542260160599  0.48369256795696330  0.49457963922239545
  0.50519540214126668  0.51611981840006960  0.52689272018456634  0.53769366731901957
  0.54828749316891234  0.55856151253153163  0.56858132880938761  0.57846947416877004
  0.58820740157580020  0.59772942342570889  0.60733490911046817  0.61702511714293951
  0.62674144072536209  0.63645063440474769  0.64610000717461136  0.65618904030352199
  0.66656942458908530  0.67687340440559252  0.68702004596322541  0.69685956800528592
  0.70665985396745246  0.71652535575919729  0.72648238483781868  0.73631952315816229
  0.74605456128255543  0.75605795429991129  0.76657363324892780  0.77759323230564104
  0.78867344314206855  0.79957120388311997  0.81021610155613466  0.82046248380077313
  0.83038010233474890  0.84047886905683467  0.85092400857628903  0.86068449247769674
  0.87020052459168695  0.88000555135680636  0.89053096287876332  0.90046476491811800
  0.91052834062842380  0.92102222016554947  0.93408110323218418  0.94602243148827680
  0.95797518093780654  0.97091699516378571  0.98499379640599549  1.00000000000000000
 -0.00242685032791539  0.00979328907115148  0.01972028160631400  0.02972606894559181
  0.03931706297280546  0.04854158593069721  0.05793226537108167  0.06794922595189308
  0.07860982173949398  0.08935226351470046  0.10013679114699625  0.11046020641812375
  0.12028396736914453  0.13002348981196499  0.14008062622762865  0.15001372626647405
  0.16001251720899842  0.17011941921898002  0.18022085285502942  0.19006886457778904
  0.19979217853156267  0.20986578182279558  0.22050756472829078  0.23187767959812478
  0.24395808110765699  0.25601710378102327  0.26743446236267754  0.27832159345986185
  0.28867887477594012  0.29909053434335803  0.30953930537983992  0.31987628301896537
  0.33053946306828386  0.34134248471131307  0.35309041002215685  0.36465621415572053
  0.37647565728934340  0.38776548143319756  0.39901587075839895  0.41034307052261465
  0.42104447741726719  0.43139289992351781  0.44205157339225665  0.45309881856341172
  0.46454709965442481  0.47592779596706614  0.48792040779434864  0.49987167772265717
  0.51134142559207585  0.52271032611030155  0.53424798174127031  0.54607414392883058
  0.55767183316442104  0.56887170245911678  0.57983426625659606  0.59058454354784251
  0.60119538510439052  0.61224931619292655  0.62368398711564499  0.63419555795298588
  0.64472645152368502  0.65471547917454886  0.66485542386055951  0.67464844503053123
  0.68453287942294505  0.69414766931091709  0.70369810116390330  0.71338049771596301
  0.72282600782599238  0.73261400372368846  0.74246660721075941  0.75244843370442549
  0.76272132521534264  0.77323542310715943  0.78423145822656426  0.79473327315685749
  0.80450762188231750  0.81463496733366192  0.82434670470523952  0.83371277746940720
  0.84303444222132706  0.85293464386139495  0.86451366732147339  0.87678729091209995
  0.88833951875611672  0.89941168694463458  0.91035461015827102  0.92102487287867429
  0.93118434223953905  0.94090979062748159  0.95087918230413326  0.96090702941549488
  0.97101733896204101  0.98103502866681347  0.99064752987719407  1.00000000000000000
 -0.00290678249690026  0.01132084863876996  0.02302509914719160  0.03545965010709819
  0.04715797509450097  0.05923781053968063  0.07130836815302860  0.08515628434817676
  0.09777833613471749  0.11016558166507595  0.12194534714243574  0.13360168062762914
  0.14516762336564965  0.15629768375563807  0.16761146007922578  0.17912069176301695
  0.19034216054902012  0.20145882452551589  0.21191741043611670  0.22175199039483395
  0.23118922750963689  0.24101093730177098  0.25085123773544993  0.26121643258301624
  0.27151904859170500  0.28188469504420238  0.29204284757543075  0.30220512282176876
  0.31196280749996003  0.32091059922285470  0.32950381165026965  0.33808766261023349
  0.34690598899802999  0.35617817862726009  0.36556926577537474  0.37522239685111808
  0.38510220755141550  0.39525290374232636  0.40629697533933201  0.41800427355473030
  0.42958863556969484  0.44082800101931829  0.45154659998689395  0.46202500478709374
  0.47265661514774021  0.48319349056788513  0.49336927661480018  0.50330511713513160
  0.51305996664474485  0.52296270203484063  0.53305596204000127  0.54319770132923040
  0.55358952442555787  0.56433432016313845  0.57530657997389323  0.58595853470620529
  0.59562438870903467  0.60565413556987513  0.61581957865631598  0.62615777846185772
  0.63620403815121063  0.64639585531432564  0.65638070361630618  0.66654610468311404
  0.67684068375002249  0.68712096517442889  0.69691173120665284  0.70649426722256603
  0.71668930781638385  0.72728192765893651  0.73761020567521085  0.74759203233783122
  0.75751433433613091  0.76766093539562597  0.77825806336564629  0.78890960989394687
  0.79917936298142145  0.80895469815527854  0.81809962709717199  0.82729334735770654
  0.83687382456056059  0.84663266554334071  0.85614727325982276  0.86576992996310143
  0.87605972075253646  0.88694690349533245  0.89821552041608876  0.90966715920214969
  0.92110521926042710  0.93207175209620685  0.94272706820137664  0.95306640376938223
  0.96357679035769028  0.97432044375379478  0.98663687936183808  1.00000000000000000
 -0.00225232212654090  0.00929708424651665  0.01943047908379199  0.03023122716219166
  0.04023454767004894  0.04959581160410612  0.05887817821952572  0.06814999861729325
  0.07744601137447073  0.08685297384783103  0.09618794395630878  0.10560689420747293
  0.11515391328225796  0.12482402475263848  0.13489031523496431  0.14504179206902304
  0.15599224334072692  0.16706671815210253  0.17784823466827210  0.18872197838547433
  0.19978842178258968  0.21094941066842984  0.22229731077898993  0.23414661549853824
  0.24605006957586359  0.25712904060619285  0.26757300861900046  0.27824377429052582
  0.28892610695706444  0.29961526122032744  0.31024328296728265  0.32072438935073105
  0.33119490849895378  0.34147915659609196  0.35160002889519421  0.36080159677969337
  0.36947732512535991  0.37871133249131556  0.38841171803763469  0.39773926837168910
  0.40706895250234948  0.41615640699205242  0.42728363806369829  0.43802439477908967
  0.44829667645250026  0.45856833149418091  0.46846878448425400  0.47840406281293629
  0.48884383305317158  0.49922716977828091  0.50909689945532610  0.51849170939141398
  0.52821478301714431  0.53787627020913642  0.54804077305291676  0.55853935129336163
  0.57037673080922047  0.58235743748792745  0.59371149946334101  0.60500891396840695
  0.61645379612564766  0.62801166959471888  0.63920308775285073  0.65073230794599413
  0.66265146573540679  0.67472929235676582  0.68677602879665467  0.69865088986939072
  0.71038548321478578  0.72201336262084559  0.73399431406123938  0.74598575493549024
  0.75736917747368537  0.76812557542773829  0.77837058510618173  0.78826669174388642
  0.79823397935219143  0.80831161981852440  0.81861968428789056  0.82926593375971636
  0.84011522500250924  0.85179921332174113  0.86311551412595477  0.87378114173567645
  0.88448864262836835  0.89478334580582186  0.90474649384840389  0.91429448869290242
  0.92462304338054502  0.93538862448889981  0.94581180804959342  0.95579649299189728
  0.96638656522221289  0.97764783881620965  0.98863521365008367  1.00000000000000000
 -0.00206463379670431  0.00818481420156043  0.01708502950747875  0.02683196150998332
  0.03643831289693316  0.04584921673613010  0.05535601408220200  0.06504529823624731
  0.07531224861127195  0.08615933229732982  0.09726701989633380  0.10806848679673954
  0.11820535777428184  0.12846760361408435  0.13871087624712525  0.14905049199866457
  0.15943226492482598  0.17029704858195693  0.18159130539867518  0.19258102094194482
  0.20311616121125839  0.21353035363204378  0.22418358851055850  0.23530582771801656
  0.24712981468857265  0.25797743403022255  0.26760099834460904  0.27685857601742403
  0.28609459163741618  0.29541233398174660  0.30502190524516026  0.31530138905401561
  0.32685253660119029  0.33839054298778193  0.34928358434673523  0.36013401367389369
  0.37048901790924804  0.38162084430250859  0.39240912005660089  0.40312559353385496
  0.41407061362071090  0.42610054140265813  0.43896106294519410  0.44901305608437103
  0.45907995516228578  0.46843076759170554  0.47791161105864710  0.48747231021389498
  0.49736360949538377  0.50846816242731763  0.51988195793395198  0.53124075658343828
  0.54224617908016781  0.55272537592275517  0.56310722068827512  0.57378640286969251
  0.58400776233999585  0.59411443252353369  0.60423002916356594  0.61457905531845802
  0.62449737146017559  0.63382224583439117  0.64302039282354007  0.65264074297073660
  0.66247633539027606  0.67249886282865468  0.68289390103623104  0.69352112590954507
  0.70454945616032549  0.71599422695359927  0.72712806869587232  0.73777810530791654
  0.74810076437367834  0.75891150122102180  0.77002448063142659  0.78107157444554143
  0.79257882787710909  0.80450200040205710  0.81608768761620554  0.82679672585181718
  0.83758893377039589  0.84881252610376878  0.85947344626266586  0.87004738312278695
  0.88077221347187351  0.89205099806452803  0.90364587416415143  0.91579334626199660
  0.92665045187748496  0.93772825402988569  0.94773042018796538  0.95823186959089190
  0.96834195388528421  0.97850414634906890  0.98933566007590978  1.00000000000000000
   2.2229110563582750E-008  -1.0000000000000000     
 F F F F F F F F F F F F F F F F F F F F F F F F F F F F F F F F F F F F F F F F F F F F F F F F F F F F F F F F F F F F F F F F F F F F F F F F F F F F F F F F F F F F F F F F F F F F F F F F F F F F F F F F F F F F F F F F F F F F F F F F F F F F F F F F
  <DiscreteSampler_grid>
  grouped_processes
  1 # 1 for a reference and 2 for a running grid.
  10 # Attribute 'min_bin_probing_points' of the grid.
  1 # Attribute 'grid_mode' of the grid. 1=='default',2=='initialization'
  0.0000000000000000 # Attribute 'small_contrib_threshold' of the grid.
  0.5000000000000000 # Attribute 'damping_power' of the grid.
 # binID   n_entries weight   weight_sqr   abs_weight
    10   10   3.504034129787605E+004   5.521748476679410E+009   3.504034129787605E+004
    16   10   3.504034129787605E+004   5.521748476679412E+009   3.504034129787605E+004
  </DiscreteSampler_grid>
