  0.00954459116515384  0.01470164773935977  0.02379456267633751  0.03507777391977437
  0.04628566207579315  0.05747009367744088  0.06896665374819848  0.08073494940408249
  0.09169327785506012  0.10207136977275993  0.11280753731535526  0.12338690141951292
  0.13383789772837648  0.14440485384048624  0.15485668904954245  0.16529561856888525
  0.17587142463374666  0.18667697514318293  0.19724789650394198  0.20720778512363885
  0.21757088929347818  0.22811161723815521  0.23812687144509301  0.24808486345233499
  0.25826718436733648  0.26859364366969907  0.27868635598358843  0.28883516535176157
  0.29953685427511728  0.31058834783491601  0.32101646810842616  0.33133923859661862
  0.34118743797070528  0.35048861706457496  0.35972154552570706  0.36905024855749002
  0.37858519652126010  0.38846349841590905  0.39899632262381374  0.41041032405088684
  0.42166413166775080  0.43210638645051763  0.44199683356771952  0.45194756126218599
  0.46189420681998250  0.47198477651369491  0.48194585754286728  0.49167503991428790
  0.50106572888311640  0.50981546430236535  0.51840944156950530  0.52738642777948463
  0.53679577809931511  0.54675126153635711  0.55674689766140195  0.56765703050902350
  0.57931165248883798  0.59079607820032198  0.60209813315858418  0.61324873190792217
  0.62408135988172087  0.63477322604049058  0.64531492328947260  0.65516868179817078
  0.66498241793494484  0.67488860866948197  0.68502580123576262  0.69557552619313312
  0.70563997819633928  0.71624385128457668  0.72707756106122989  0.73815959422930622
  0.74916281670761531  0.75945009905583871  0.76952234276178100  0.77996339493360278
  0.79086702221155747  0.80193938492141226  0.81306371035773839  0.82432735952785152
  0.83526149832231256  0.84542201533803474  0.85532424237332605  0.86552451371820005
  0.87578401762816394  0.88566975400728454  0.89563940676223319  0.90638624149546809
  0.91788729253079204  0.92973599521891892  0.94171365239589166  0.95377725373959132
  0.96609627101948259  0.97800571582070706  0.98922339185831076  1.00000000000000000
  0.00951494803601992  0.01511306403864740  0.02382174111622885  0.03401906323320965
  0.04491227770661591  0.05676631502297332  0.06840040458669451  0.08015113684981628
  0.09124942292749848  0.10205111342474366  0.11268524526331401  0.12319230096962250
  0.13342735348295168  0.14367301136551686  0.15435990894426996  0.16527105537843079
  0.17568669535242121  0.18579921239647859  0.19644098477481256  0.20782631400999041
  0.21948283737553032  0.23118461998879189  0.24279495249964722  0.25331754537110579
  0.26339458976478108  0.27397003645785512  0.28435859016227083  0.29425012658800831
  0.30333670653295047  0.31302984657434546  0.32329954273074363  0.33363345693827484
  0.34368648625333592  0.35390358905579566  0.36393283403207299  0.37394344163941401
  0.38420699564122790  0.39476475659920435  0.40522785700689717  0.41583471472687383
  0.42691213517081772  0.43810686409363619  0.44930851507319530  0.46052747055074156
  0.47220480243187313  0.48366501302573317  0.49491395809511518  0.50564143977905640
  0.51606376042935831  0.52716659253446996  0.53885137837766717  0.55075420816196297
  0.56247247888594498  0.57359037166919347  0.58403965981516992  0.59435190849593023
  0.60495109921194046  0.61576525547994787  0.62703233458123686  0.63843899183820552
  0.64926954610905263  0.65982852615833187  0.66945073514351849  0.67847753326650584
  0.68791260557840617  0.69769668910882743  0.70733728893806669  0.71648914869865632
  0.72574444014154260  0.73592970868906049  0.74697449419817197  0.75741282979528235
  0.76754224470647536  0.77737024434083879  0.78855862110365194  0.79853379986347928
  0.80903572106501198  0.81877403762544554  0.82827146113280270  0.83758312940157587
  0.84684667587044105  0.85651157267148981  0.86635649143168547  0.87616967006566016
  0.88653020502744406  0.89733599484116477  0.90891522749483733  0.92006848613323355
  0.93087542927238109  0.94188326604498107  0.95226820756608099  0.96234806112698457
  0.97222656707539912  0.98171325660059683  0.99140610509487159  1.00000000000000000
  0.05589686861947603  0.05829560505694744  0.06075405750013970  0.06329606453315657
  0.06607479763973198  0.06950321413685874  0.07331319638296849  0.07705048501612423
  0.08087185489804230  0.08480900706286527  0.08887557677688047  0.09297673380031636
  0.09710108220238070  0.10133019403436996  0.10560452179784213  0.10989063002623389
  0.11429721982497214  0.11879111769714848  0.12341654885160802  0.12811951108961447
  0.13294266513302391  0.13847927557385681  0.14363179004384466  0.14757560713383175
  0.14880307014288577  0.15000447838725897  0.15120323682648376  0.15252862808409115
  0.15474044577411164  0.15725153637024547  0.15968911081451728  0.16213028283943498
  0.16455183777699264  0.16698281379102264  0.16940302966160958  0.17184824722081993
  0.17430019127585494  0.17675301643129923  0.17919262202811251  0.18162713747168352
  0.18409081180794704  0.18660064107016297  0.18915241716869954  0.19172983469785862
  0.19431537138452701  0.19689772508374243  0.19952322135011741  0.20219276296802940
  0.20491756633220959  0.20767511323396470  0.21046509955956189  0.21328326081449642
  0.21615202960451615  0.21907552989744142  0.22201016488583974  0.22502086490474749
  0.22806677290394414  0.23116293758622566  0.23428480924200740  0.23745991716382586
  0.24066543622051520  0.24391526930187726  0.24720579686194696  0.25054317190816977
  0.25393456310901630  0.25735952651228428  0.26084243557682246  0.26439472820009541
  0.26801708659983997  0.27171266187842780  0.27551159956747062  0.27941528998683823
  0.28340948589608922  0.28750079154270880  0.29171423902237947  0.29606296456327297
  0.30061828288536652  0.30533186419559355  0.31028958823876351  0.31551704576670681
  0.32098264701852086  0.32675057027310694  0.33289291135075866  0.33943138986325383
  0.34648533072663940  0.35421702962058432  0.36264816141507494  0.37191158928588963
  0.38236818183398491  0.39448229576683808  0.40949160550136698  0.42815470665349337
  0.45474224640144190  0.49831345241490982  0.58665297246282333  1.00000000000000000
 -0.00284871811645308  0.01204256863595129  0.02329050036516876  0.03470528607516116
  0.04602797893156232  0.05856125353641761  0.07137106401723885  0.08403274587330814
  0.09618622474270033  0.10822634418034560  0.12037325994123220  0.13174410058012875
  0.14286292725928607  0.15417357644859464  0.16569309866217771  0.17702305502969470
  0.18816308962129857  0.19888068021985755  0.20933717788300046  0.21968554456054917
  0.22971534911174490  0.23974682923125934  0.25011870934844294  0.26066210490368658
  0.27125287627852268  0.28119464195591809  0.29106111692816128  0.30081714925337300
  0.31037306663539876  0.31944512128276081  0.32826176961411413  0.33722168355348392
  0.34686661718870571  0.35645911748128134  0.36579289852460578  0.37524098653039484
  0.38527572411167232  0.39491222453232577  0.40381458535566783  0.41247557238875399
  0.42192875848535916  0.43182018059872918  0.44165471614662194  0.45160764520798435
  0.46168965826338620  0.47199417339085636  0.48235261134954971  0.49237986095416952
  0.50193790813763317  0.51124949477630610  0.52063468862070661  0.53036913828805499
  0.53997982619624885  0.54929614072836630  0.55846963298660091  0.56793514565669978
  0.57756347121944340  0.58732930692259855  0.59661291607271205  0.60634106803293897
  0.61661637663304592  0.62700899566551349  0.63683056265157745  0.64678300581073656
  0.65672839052464449  0.66640477930206665  0.67595829583539802  0.68579655830978337
  0.69668895343666393  0.70765665304792180  0.71803331928524161  0.72844056125757595
  0.73962798894481740  0.75097628465058675  0.76185951983703271  0.77279037617623891
  0.78438135814810217  0.79609488239143866  0.80785006122267089  0.81952223282203063
  0.83168567141609062  0.84228145588158287  0.85250317425786593  0.86248869671942385
  0.87274550554821528  0.88306546045700118  0.89358343730233625  0.90548146755117531
  0.91814919996781352  0.93119974797229499  0.94364472298286250  0.95565771783938946
  0.96731071855387762  0.97855234274424030  0.98932249203301725  1.00000000000000000
 -0.00285694725275159  0.01025491790416909  0.02139398887216458  0.03248562254917335
  0.04352236796607175  0.05479804163994944  0.06632016366419577  0.07726159569653419
  0.08792254816772661  0.09803257618998737  0.10827109693190823  0.11866227920493595
  0.12925740469260263  0.14010359019957300  0.15123836845757369  0.16293010732642468
  0.17334954995607843  0.18308844376264327  0.19246260055658981  0.20173985590476071
  0.21138624553878527  0.22118358107042310  0.23080097940675359  0.24030440604274417
  0.24953173756426947  0.25893076377316904  0.26843865606432465  0.27770298284847522
  0.28689806107738364  0.29724773441933172  0.30906471091510856  0.32068898549225117
  0.33218375745481971  0.34425331792443320  0.35656936784810223  0.36773352854713975
  0.37910811753529888  0.39018298423044984  0.40122363588536897  0.41177583620678332
  0.42242175886894939  0.43345011000364142  0.44486313930217469  0.45627495710534827
  0.46747943322749624  0.47894119562633708  0.49072166863100541  0.50246447878763534
  0.51399432790022437  0.52531979288392505  0.53655108732686441  0.54776203510470267
  0.55888734500137449  0.57006539452642935  0.58114813034655621  0.59141781350045430
  0.60174983505226776  0.61257294771210236  0.62388058403795599  0.63527171010020878
  0.64649533916001622  0.65790778617060008  0.66866381101837757  0.67870940108077926
  0.68878145017823944  0.69852303084960865  0.70916905261831520  0.71990301786995237
  0.72996796926765417  0.73942569555215143  0.74869262562738126  0.75829796185699094
  0.76799626796547515  0.77766861242606700  0.78739589656332531  0.79736827713278546
  0.80760342401492979  0.81776165437587089  0.82742916286857460  0.83710041151842707
  0.84695388776738223  0.85706069284709196  0.86715306745874732  0.87768674835219240
  0.88874914032053842  0.89960007790549823  0.90999063783061973  0.92035103729645795
  0.93090374190150060  0.94096593298768638  0.95098800018631680  0.96119683627661245
  0.97175573867532294  0.98145564886429448  0.99076356886175998  1.00000000000000000
 -0.00287000316457493  0.01187532468122441  0.02519543845743901  0.03773402833320340
  0.05030388710061455  0.06271827760204768  0.07498581120046827  0.08732445967472402
  0.09981875608705809  0.11236868654864407  0.12485484748386999  0.13705622480316132
  0.14926965983799098  0.16174544925825421  0.17298728435825048  0.18353480418175191
  0.19400863751952585  0.20427449426356284  0.21454613955129659  0.22395416380407099
  0.23430304216032724  0.24512492540683573  0.25620626433585458  0.26746590606864923
  0.27856195775723896  0.28901068327798696  0.29809130426981711  0.30659367548524991
  0.31545161348948769  0.32468365222489887  0.33354422220372409  0.34178866566796640
  0.34993239519965241  0.35889781063336268  0.36921564308274607  0.37923902868831993
  0.38918314869217863  0.39893391852322968  0.40969734197579116  0.42034013534342352
  0.43052130614710798  0.44027797311030337  0.44960900073891180  0.45898675260742894
  0.46843834553654773  0.47802970648853638  0.48877382526000190  0.50015129236258082
  0.51158014217578807  0.52287099711132601  0.53407739400337584  0.54454914203456939
  0.55412985029697426  0.56344145010033542  0.57280799046974129  0.58222923266083559
  0.59177579255196910  0.60090739900093892  0.61136082126075864  0.62198286010106374
  0.63198898250835245  0.64196864427288403  0.65228670256271026  0.66256845300693745
  0.67250385834904169  0.68222287938868276  0.69199125749566726  0.70184742367091213
  0.71148214251254271  0.72110872486019484  0.73056797671150220  0.73988032593179553
  0.74894146251685367  0.75872137133077344  0.76880608831134134  0.77923499422756137
  0.78992614735659306  0.80129545079638320  0.81299116617887923  0.82444107367420250
  0.83605354547936939  0.84817714876381933  0.85990713130871355  0.87079799510021838
  0.88110484365201713  0.89107634870532981  0.90122773094021358  0.91170602061528550
  0.92192587149361138  0.93192911635510312  0.94223479016993461  0.95323549059228385
  0.96407812532377202  0.97486607859710339  0.98671386606512634  1.00000000000000000
 -0.00268379906998777  0.01050082554735092  0.02219842534673476  0.03340082823636813
  0.04420029918329725  0.05458025198721662  0.06516322102454203  0.07578505042658769
  0.08635133825139081  0.09644290048649098  0.10666713780454809  0.11719666918056186
  0.12724213894535424  0.13655354425710250  0.14575124040539655  0.15509839392368707
  0.16481931900950247  0.17439522258038689  0.18385514712696474  0.19380453473784465
  0.20398949237074615  0.21411359683257206  0.22413125628816113  0.23407830143592603
  0.24413528576459867  0.25449120256584618  0.26518300362292530  0.27599404264270289
  0.28704145825165006  0.29860739719537965  0.31019114881919524  0.32087582059685538
  0.33091956090298819  0.34096659185311240  0.35088542851335924  0.36121376321204141
  0.37147200076872644  0.38230323335600369  0.39351457837724912  0.40445694051396280
  0.41548487477080376  0.42658661287488048  0.43766456951206129  0.44893028577947441
  0.45997275818116085  0.47029997848971528  0.48042511824572082  0.49012582551352296
  0.49982224953719040  0.50947864278368016  0.51941889805997143  0.52989435221809178
  0.54074545592531909  0.55197630878888471  0.56337948646162961  0.57478861306328177
  0.58630233280930111  0.59789844265536740  0.60983316638428775  0.62171526404662081
  0.63359368771089508  0.64501835502321603  0.65545463865406572  0.66620198078395643
  0.67719720938085715  0.68823437622937389  0.69829637090836216  0.70853676683658573
  0.71954253820976932  0.73053051320869955  0.74057209928994983  0.75006470200840825
  0.75923810728966190  0.76847648737652841  0.77775002561545969  0.78741805057580594
  0.79796580484211366  0.80924837789612103  0.82046016083460760  0.83163376789105614
  0.84246986604565721  0.85387770989763900  0.86456546282943203  0.87540408639336975
  0.88563797054891591  0.89552457312646405  0.90525337986991006  0.91473283710581921
  0.92425108855628291  0.93388951701163414  0.94354915480681945  0.95380413485138427
  0.96439230932615150  0.97623581073733623  0.98818804075021849  1.00000000000000000
 -0.00232293157400664  0.00952121437518641  0.02009385471403098  0.03110164901774247
  0.04234815558382467  0.05413718627327013  0.06529665084280259  0.07589718952131880
  0.08662609649957162  0.09742505972529188  0.10758376480015520  0.11718740019870746
  0.12715787791007596  0.13753328930624803  0.14800860618436468  0.15844040240295096
  0.16908197591732516  0.18070132827948440  0.19207514168809833  0.20435442055801370
  0.21644599388420546  0.22839253459374859  0.23969932165973837  0.25090594762879537
  0.26237579699976188  0.27358878183089946  0.28438091068609256  0.29541815008659122
  0.30608897931379669  0.31610348145196521  0.32573770265819624  0.33577036875056382
  0.34667881781449816  0.35803089242656705  0.36950763296630951  0.38110841185326327
  0.39265788354349446  0.40376795071060861  0.41436378170454036  0.42466016940998208
  0.43490230788134959  0.44477425989522018  0.45460269063840331  0.46515825942638517
  0.47571988245073288  0.48596247959890360  0.49636630971049639  0.50756525921106233
  0.51930995043503003  0.53089762190339507  0.54188051255472636  0.55273099701927408
  0.56292896307536389  0.57269659610766277  0.58272214604644634  0.59317494603579357
  0.60371731738717893  0.61401262137463031  0.62445016984036539  0.63541643414719995
  0.64697489769858696  0.65886632131220157  0.67069602288909380  0.68217478398052711
  0.69325656778193845  0.70454086570763841  0.71635403432959444  0.72833529648238804
  0.74000115507422104  0.75098715331919375  0.76127821550704822  0.77069819900622560
  0.77962591960164351  0.78864761723134191  0.79777785535045453  0.80708115973058425
  0.81652472987516678  0.82598647981428974  0.83572629772826401  0.84553856757994206
  0.85504282964683620  0.86417242476603540  0.87362464793458006  0.88320662210033662
  0.89261288218889356  0.90155208406853715  0.91047933257386904  0.92023746826662112
  0.93020637923954408  0.94020238261716971  0.95051931694266945  0.96074319309986589
  0.97101400836912766  0.98095402015913280  0.99059376574948710  1.00000000000000000
   2.1886875824645938E-008  -1.0000000000000000     
 F F F F F F F F F F F F F F F F F F F F F F F F F F F F F F F F F F F F F F F F F F F F F F F F F F F F F F F F F F F F F F F F F F F F F F F F F F F F F F F F F F F F F F F F F F F F F F F F F F F F F F F F F F F F F F F F F F F F F F F F F F F F F F F F
  <DiscreteSampler_grid>
  grouped_processes
  1 # 1 for a reference and 2 for a running grid.
  10 # Attribute 'min_bin_probing_points' of the grid.
  1 # Attribute 'grid_mode' of the grid. 1=='default',2=='initialization'
  0.0000000000000000 # Attribute 'small_contrib_threshold' of the grid.
  0.5000000000000000 # Attribute 'damping_power' of the grid.
 # binID   n_entries weight   weight_sqr   abs_weight
    10   10   8.386586933831553E+004   1.601692113628553E+010   8.386586933831553E+004
    16   10   8.386586933831553E+004   1.601692113628553E+010   8.386586933831553E+004
  </DiscreteSampler_grid>
