  0.00937770893852190  0.01545580908743501  0.02432369967579734  0.03454381960059712
  0.04456327501371900  0.05494097055999807  0.06597259324761490  0.07852919699014847
  0.09040169413174463  0.10147360955633832  0.11188550640972321  0.12210286592940615
  0.13237553529201571  0.14232306733963526  0.15235897934131715  0.16282399308123230
  0.17429236417664137  0.18563294025371710  0.19655348501665829  0.20682550213177292
  0.21782435345764034  0.22873102422478961  0.23907157456184311  0.24915734338972712
  0.25940841531107134  0.26963104904033608  0.27972474810395043  0.28951288646900714
  0.29920597534530602  0.30892066438906979  0.31830519554677544  0.32730397276001555
  0.33640629116219312  0.34586359363837599  0.35592078592965531  0.36716923058239320
  0.37847680072822143  0.39050546533091979  0.40196924152076030  0.41311057777669419
  0.42405176482193302  0.43535287585345567  0.44567170365228992  0.45612889062335671
  0.46655555016840544  0.47717630925799365  0.48670302570290397  0.49641392873090318
  0.50661124485755571  0.51680398061294741  0.52657965271983953  0.53636273636645138
  0.54666437255768752  0.55748489381686217  0.56828673486220826  0.57886123889148022
  0.59000424394202311  0.60090986273489400  0.61166657647182265  0.62218706965208770
  0.63278103242495309  0.64365862391025330  0.65500254368058597  0.66637933576751762
  0.67707696001179785  0.68730756415024408  0.69729135249716223  0.70706434716379352
  0.71685055039894852  0.72686534015373594  0.73737153168672576  0.74808799734543485
  0.75830602976273653  0.76812537007470116  0.77791179637040830  0.78751280040938987
  0.79696182438254037  0.80639513389343997  0.81617395868170528  0.82639645903213121
  0.83649643702414989  0.84613035056427177  0.85558843040247845  0.86490828302046541
  0.87408360401842711  0.88349218456233836  0.89325571396027126  0.90429241671609462
  0.91614224891709950  0.92791354643796653  0.93938691189763024  0.94987262487821034
  0.96015960341749151  0.97043575079135846  0.98084434787429930  1.00000000000000000
  0.00913216029144203  0.01655187970794930  0.02733667820892555  0.03910071993447153
  0.04940040807122503  0.05960421757433276  0.06985777178679384  0.07996095145936484
  0.08974558198215087  0.09957954506100333  0.10986886265583894  0.12044732571288320
  0.13055400890559513  0.14016016653363750  0.14958479443673578  0.15929777321049879
  0.16904765549434411  0.17832484829957615  0.18763497786109115  0.19744577473030417
  0.20728292056590031  0.21639573315334998  0.22517310193073131  0.23442651659150082
  0.24445331848342958  0.25468949052091877  0.26459120019730098  0.27431777936947888
  0.28414355056490692  0.29473988906586956  0.30605271988795962  0.31743276024849104
  0.32884750540873586  0.34056195944829859  0.35240073393113114  0.36386417547497202
  0.37478571325871307  0.38517263671682361  0.39498620538895712  0.40457822729264842
  0.41435698811615218  0.42497027016737027  0.43620217109084930  0.44744665014294460
  0.45896640346724632  0.47072380088789673  0.48197556870316038  0.49175168677837050
  0.50175672996764431  0.51117031334409091  0.52036847326393332  0.52954073277922109
  0.53879172783429541  0.54846889433427504  0.55846011751591218  0.56890311431457985
  0.57972060757580524  0.59046505792292014  0.60105253307501749  0.61171865562670991
  0.62260270452210875  0.63336868852538164  0.64428736059304548  0.65540270843931159
  0.66634694948188711  0.67694321029303450  0.68763031770535843  0.69888750436924263
  0.71041301257855427  0.72197691195082614  0.73350203974684780  0.74498312559747826
  0.75600352476831856  0.76664791724776837  0.77737001927792504  0.78843139029592080
  0.79971845654947238  0.81086453240714529  0.82220543556583903  0.83351168187797475
  0.84390033944169895  0.85371380213325276  0.86347413263970929  0.87354567200568822
  0.88319619102487801  0.89320607136640850  0.90351443837854928  0.91410194447016779
  0.92409694806269504  0.93393050628347030  0.94433639483483955  0.95476521355297017
  0.96499551178807286  0.97544248949095835  0.98718696885851431  1.00000000000000000
  0.05684692383064297  0.05830146629162243  0.06037526133478856  0.06276420664522819
  0.06545486541799261  0.06936443850040670  0.07316891274881440  0.07689038742764107
  0.08076389110484522  0.08469237390081753  0.08872130945598258  0.09277547620517028
  0.09686460959842018  0.10121223092616445  0.10559056255770939  0.11000051978159663
  0.11458587280424788  0.11921460953728115  0.12389352233509385  0.12879312485808303
  0.13391058569480294  0.13955712766349823  0.14404827491698943  0.14731334299596568
  0.14903030241718707  0.15015851539150954  0.15138981283208910  0.15272021931465651
  0.15509205303207005  0.15752635560424957  0.15991869945578957  0.16233255053737744
  0.16475292538141742  0.16716511244304133  0.16958236468215229  0.17200043289171948
  0.17442619520302372  0.17684354047585482  0.17926310683466834  0.18169678728382574
  0.18417397824708212  0.18670615827674872  0.18926279241935764  0.19183640226655330
  0.19440846789385366  0.19701504239353787  0.19965307709709026  0.20235840052850526
  0.20513800609977484  0.20797199590614751  0.21081247551044729  0.21367951940354646
  0.21657586800281869  0.21950499416600583  0.22245551874974626  0.22542457285181625
  0.22841640477436442  0.23143601085195661  0.23452109426934106  0.23766165103638953
  0.24085656119432430  0.24410448269519253  0.24739875176038900  0.25073728699919057
  0.25413093997000508  0.25758924589283061  0.26110574648307983  0.26467466718212085
  0.26828527502577226  0.27196416016991254  0.27574637780182942  0.27964189743479334
  0.28364416732873582  0.28781367857560630  0.29211036103894533  0.29653971133754459
  0.30111628952451414  0.30582840993907434  0.31076408867946026  0.31594955682084014
  0.32136999098293423  0.32705635794688331  0.33308416530205426  0.33961736323883412
  0.34673968936208327  0.35439212373465750  0.36260639554823176  0.37177438731315121
  0.38223117795753903  0.39453529981620228  0.40969878571283697  0.42864506728365603
  0.45550033685263047  0.49849628434801341  0.58547686993430559  1.00000000000000000
 -0.00232004668102311  0.00960729876291234  0.01958108796195934  0.03058010002097871
  0.04138472370626976  0.05198352374277905  0.06305254401949267  0.07559582605319673
  0.08850260903098017  0.10056136785180927  0.11166104258290417  0.12219887084165477
  0.13335690072805892  0.14513360996882793  0.15732237698187626  0.16919599749628955
  0.18105765901340623  0.19278665302885439  0.20447730875805314  0.21586338246817385
  0.22677383114633867  0.23779150284093614  0.24807211332972176  0.25796820182671687
  0.26782350336846439  0.27848636851033642  0.28922628133031697  0.29981963486174501
  0.31029796701718171  0.32183094133562340  0.33332728519381544  0.34531952783535136
  0.35649489458965433  0.36675364803490984  0.37699137294027035  0.38780058118416361
  0.39841020155508583  0.40875796694714195  0.41903524602807268  0.42988592270272297
  0.43982195020514686  0.44904550151844885  0.45822743853487458  0.46804150170624720
  0.47790750386977632  0.48763326383044514  0.49717483544224583  0.50707801889178838
  0.51715452238080972  0.52729930021591975  0.53744477692808634  0.54692977095893891
  0.55601402662846688  0.56515528027958462  0.57448044443374369  0.58414673400273120
  0.59375618863066604  0.60338704466361903  0.61308542739879923  0.62326236651025180
  0.63323848353258594  0.64304891710569556  0.65235101072820334  0.66139652259144688
  0.67099078280544355  0.68088805751775305  0.69068375977476815  0.70043494739453549
  0.71047885509958364  0.72085348333319799  0.73145072336319772  0.74223338688987828
  0.75267214290980133  0.76253934377496035  0.77199739009267176  0.78130644950861450
  0.79082654075511183  0.80059395228235308  0.81067480875366582  0.82182196150418119
  0.83325327141659888  0.84476996683181660  0.85615398277353127  0.86721557628145929
  0.87800354324068808  0.88848810920870935  0.89872719734671225  0.90895128790546575
  0.91995262340300088  0.93162206216997845  0.94302550035848243  0.95404166204775886
  0.96585189500469970  0.97788438507823139  0.98902463724250322  1.00000000000000000
 -0.00233589015296603  0.00905396057369453  0.01905166304785037  0.02919723639896659
  0.03946842246868813  0.04972077885663898  0.05955771384138474  0.06977407539909015
  0.08032010290385318  0.09230970023300025  0.10413573280645447  0.11605327350127907
  0.12762165666856701  0.13928286537155318  0.15081859510058687  0.16255427546635245
  0.17418971417702439  0.18572067106507797  0.19667679446551101  0.20806971739193059
  0.21938548546207548  0.23056385671614796  0.24161366436017984  0.25238734160917498
  0.26285261078430427  0.27288121482941385  0.28252264014598677  0.29214302839999889
  0.30167547430135011  0.31114387481930744  0.32084289249669051  0.33044825063204963
  0.34024658376003147  0.35050731368039967  0.36125798996914449  0.37227681910269955
  0.38318225139771966  0.39362303936990140  0.40370362850270219  0.41372993618789433
  0.42393317710703271  0.43424321949955036  0.44388413608186056  0.45298306684353623
  0.46213125937056854  0.47122149189333168  0.48052584294969009  0.49014924728259351
  0.49967604158823864  0.51009828696905679  0.52071295825693742  0.53152686698920903
  0.54213958171934451  0.55364078784876980  0.56526444323390479  0.57661110716788666
  0.58792397796136009  0.59881670639433016  0.60940598764136844  0.61988766369688519
  0.63088686404213234  0.64260198155093429  0.65428052241942358  0.66564577622591548
  0.67642274116374024  0.68730111069301902  0.69830423763904337  0.70952812655964659
  0.72069407715647515  0.73220561223135527  0.74366529649352975  0.75491023821645975
  0.76597278105173128  0.77727070505069484  0.78884492383027849  0.79978817940651303
  0.81004661415407486  0.82020435881141884  0.83025216883530095  0.84004744610226589
  0.84973659898181420  0.85976741318579164  0.86989799288577419  0.87959133705877457
  0.88913925124631077  0.89886420665097300  0.90826907836034287  0.91746223712775909
  0.92680165920415469  0.93556508480896217  0.94569765944858641  0.95621430524138917
  0.96752461194213701  0.97862911348745951  0.98922313747585522  1.00000000000000000
 -0.00250685521649520  0.01071084045532871  0.02172796540822339  0.03277680923820425
  0.04364554789313489  0.05465901171843007  0.06591374204409974  0.07720048253827994
  0.08841291954176916  0.09944517145134643  0.11046951970145238  0.12160511755580027
  0.13317657016635751  0.14458067446708583  0.15503792346904283  0.16488054621103215
  0.17459585350255438  0.18416588326435188  0.19396461230259462  0.20363395366672246
  0.21415929858955632  0.22502633854405471  0.23532866604186350  0.24542876672874267
  0.25521360868776810  0.26487239434407855  0.27477361631658820  0.28464219549347791
  0.29494800447493630  0.30554519363042343  0.31615000848315600  0.32587015273552061
  0.33539453805463715  0.34484829115832183  0.35447703333542963  0.36415742593601380
  0.37386216429358271  0.38429090426961360  0.39483672213688564  0.40521904284455684
  0.41546363156145594  0.42570234320738126  0.43615367545816691  0.44679661343618798
  0.45743524835589683  0.46816305017052945  0.47900135590978732  0.48952353070355881
  0.49966601651140063  0.50890071733809605  0.51774724463294308  0.52628856855921413
  0.53477649130738003  0.54358211403186985  0.55252510239181707  0.56155058790447354
  0.57074055583699657  0.58015295287430479  0.59032614140561912  0.60105283726981829
  0.61205813819251775  0.62291923566923013  0.63353194757523756  0.64444628197583798
  0.65564921267737519  0.66805568241752189  0.67987587965992491  0.69153050460614074
  0.70317030233245958  0.71474307831226846  0.72630646232512019  0.73782512847225434
  0.74941808865648429  0.76094847866184867  0.77155270918913388  0.78124327226671375
  0.79081776906927548  0.80051169458894800  0.81018596508962804  0.81961407500276418
  0.82926487785081959  0.83998904875753377  0.85143979252975532  0.86247899297533259
  0.87315183516209782  0.88362635050057181  0.89420264313704767  0.90467746572326224
  0.91521313103340263  0.92583190180655395  0.93609896525745906  0.94789875378893929
  0.95982277827582740  0.97317490130778861  0.98645375421500614  1.00000000000000000
 -0.00271439948917926  0.01018541633311201  0.02159502485978175  0.03271479053928052
  0.04397572821038637  0.05530617823712072  0.06577783128538178  0.07483095339966452
  0.08391866896425887  0.09324792391887163  0.10286115167122842  0.11211992468395951
  0.12086676126142179  0.12988199183737811  0.13894777108798545  0.14810664419569611
  0.15748003492393742  0.16735558901342584  0.17787121100433950  0.18880928487785181
  0.20000979027260027  0.21097298063670636  0.22167078112969285  0.23253154968838569
  0.24373647822791045  0.25520475660349162  0.26693450774128424  0.27895431423129113
  0.29116620557211348  0.30232998641979342  0.31246223938182460  0.32215201436855118
  0.33181180851591918  0.34098121501745171  0.34999774559764851  0.35925146644077016
  0.36852596237848539  0.37790537373084049  0.38725984260679025  0.39759619123695050
  0.40928220108633279  0.42132890806335693  0.43322972005138599  0.44444704739537999
  0.45505290869814113  0.46547179985077530  0.47582149399092011  0.48598739067362118
  0.49620606797467171  0.50676293863170729  0.51737231674282924  0.52727247620489592
  0.53670919150687180  0.54651072139268997  0.55700401034503033  0.56770450735843114
  0.57820169383316433  0.58902188187199811  0.59991215602411507  0.61026115296424310
  0.62033817061526730  0.63048400749510458  0.64068199151288663  0.65082917998923329
  0.66106240530697635  0.67227672813780592  0.68396343203147125  0.69491481947418521
  0.70515047662522090  0.71526443619964408  0.72552568375437865  0.73606983253650282
  0.74671077998243229  0.75745404721957366  0.76823874262021541  0.77899345952810350
  0.78992172404961070  0.80112923017232107  0.81273534663707603  0.82445706471498592
  0.83621555866046904  0.84792948226863452  0.85962833453758436  0.87021892578111326
  0.88041164279137407  0.88993167108263438  0.89983118823725028  0.90973037660859013
  0.92016228455705906  0.93117045768753193  0.94216826835911438  0.95330541713054406
  0.96451343725673899  0.97600049946835044  0.98787245088961317  1.00000000000000000
 -0.00242370608096810  0.00983112326214169  0.01987517938262642  0.03067454326024530
  0.04112589564557832  0.05120589548128766  0.06147020843644396  0.07212262652681146
  0.08322890245653229  0.09342328083146610  0.10343869437085629  0.11324288502423592
  0.12252987863964354  0.13163394023192487  0.14066906486488559  0.15012748753408914
  0.16018272208875686  0.17083051669123542  0.18216222459042067  0.19325294729219716
  0.20417202465693313  0.21423448020389496  0.22385931977164944  0.23406747538286568
  0.24397983486478897  0.25367449159219235  0.26298700980799594  0.27212793879936520
  0.28206389938874876  0.29272343182369959  0.30387870248197479  0.31489097363483071
  0.32550916357891868  0.33634102726547815  0.34778791392491226  0.35936344074015603
  0.37096531220899598  0.38251079385545961  0.39397678572135880  0.40545736407602873
  0.41661558041976493  0.42702297292622188  0.43725128642082284  0.44796386915879516
  0.45864149291991818  0.46863994621722693  0.47844730391658136  0.48860018159340229
  0.49883907579996517  0.50906243413096941  0.51958821887808426  0.53080998343188479
  0.54225750512482229  0.55323569077016210  0.56383429274563546  0.57362224057591205
  0.58322517269831620  0.59263236196408908  0.60197075533686273  0.61134148425336110
  0.62090945520093255  0.63146300302185598  0.64310529201561528  0.65490342315687045
  0.66662065685958638  0.67842151042438070  0.69018674828929594  0.70166011628166358
  0.71246147066724141  0.72300604758566989  0.73350777430192182  0.74394066896850053
  0.75423422298686349  0.76423892569647911  0.77390912177045346  0.78327023626042414
  0.79258315522151845  0.80214482594823766  0.81186806526770439  0.82191600925222230
  0.83248064049392445  0.84382894065697733  0.85561696391431141  0.86732757649498371
  0.87854353555024278  0.88918086501916638  0.89968460963856356  0.90977411149125942
  0.91966365080206780  0.92976176171281399  0.94063846183881294  0.95271364645569001
  0.96473217145413559  0.97663587652355088  0.98848883550305333  1.00000000000000000
   2.1768061369422226E-008  -1.0000000000000000     
 F F F F F F F F F F F F F F F F F F F F F F F F F F F F F F F F F F F F F F F F F F F F F F F F F F F F F F F F F F F F F F F F F F F F F F F F F F F F F F F F F F F F F F F F F F F F F F F F F F F F F F F F F F F F F F F F F F F F F F F F F F F F F F F F
  <DiscreteSampler_grid>
  grouped_processes
  1 # 1 for a reference and 2 for a running grid.
  10 # Attribute 'min_bin_probing_points' of the grid.
  1 # Attribute 'grid_mode' of the grid. 1=='default',2=='initialization'
  0.0000000000000000 # Attribute 'small_contrib_threshold' of the grid.
  0.5000000000000000 # Attribute 'damping_power' of the grid.
 # binID   n_entries weight   weight_sqr   abs_weight
    10   10   5.182333293670964E+004   6.914678280811852E+009   5.182333293670964E+004
    16   10   5.182333293670964E+004   6.914678280811852E+009   5.182333293670964E+004
  </DiscreteSampler_grid>
