  0.00001427623230473  0.00005045172347731  0.00007148958102047  0.00008947490609852
  0.00010844799337587  0.00012956318446585  0.00015383013905693  0.00018302243670101
  0.00021995252562848  0.00026748144107438  0.00032695233384977  0.00039900030962211
  0.00048537748552539  0.00059047814020327  0.00071524451904987  0.00085087052876338
  0.00102880823190449  0.00125888361224281  0.00152034147998964  0.00181179305215563
  0.00216498011727315  0.00257448123954092  0.00306148054433724  0.00360134844575413
  0.00446585471446430  0.00555499539546333  0.00694863584067201  0.00892647745800023
  0.01186456734754890  0.01638911797605437  0.02342673907122597  0.03427462689794768
  0.04810837204308154  0.06433882436779514  0.08171508627778190  0.10009018476799700
  0.11883293225192058  0.13758876495781427  0.15643188129563673  0.17556540073176558
  0.19487677725134714  0.21418909793981564  0.23350039254412366  0.25281578709492580
  0.27210044004115402  0.29130230038722738  0.31065702843465959  0.33006631645336487
  0.34935990383444721  0.36861331643131340  0.38790035994279637  0.40704902448360630
  0.42609015260602290  0.44531246002237063  0.46456991207075593  0.48368734846976258
  0.50287916516313336  0.52216307143337337  0.54136372120278142  0.56053246431161075
  0.57971455804511285  0.59893939367587012  0.61803640199379417  0.63689021045462579
  0.65554033724618110  0.67418078881904631  0.69304433876617166  0.71194856667914475
  0.73075678458672677  0.74953589656447495  0.76825179065292504  0.78676103211595505
  0.80515123871950223  0.82342840536605955  0.84165700459682324  0.85979466886396860
  0.87750299747342608  0.89458147629731299  0.91096585550642206  0.92688834767506378
  0.94190440441368284  0.95521713755076820  0.96653149592042076  0.97568795926246876
  0.98266149880650377  0.98771346704933127  0.99125282797479763  0.99378025943237469
  0.99564102762891327  0.99694344145914993  0.99787018462234200  0.99857686947633106
  0.99910572322047997  0.99947248679603828  0.99975319807367524  1.00000000000000000
  0.00023779647365028  0.00028550688741928  0.00031268066637478  0.00034019639073415
  0.00037224420975700  0.00041356406516339  0.00046870551491792  0.00065888104131244
  0.00110870303205474  0.00161627293989042  0.00202971112322083  0.00253500576945609
  0.00308349127203451  0.00376374415494135  0.00464787104039898  0.00565385529856975
  0.00667796581042863  0.00769891567920023  0.00885170155241820  0.01034133520317856
  0.01221564699099153  0.01448920184992468  0.01713015737540469  0.01986645470288169
  0.02310119677206361  0.02703816385521533  0.03187830469933847  0.03755065388378027
  0.04384845460269398  0.04997094726412960  0.05504911853085449  0.05857671546945942
  0.06086832079654375  0.06240898502451053  0.06349394656210960  0.06428210340951142
  0.06487322304615048  0.06533334818553102  0.06570856956877948  0.06602560641044602
  0.06629861671929693  0.06653692624508083  0.06674822214852588  0.06693947540732380
  0.06711909920770961  0.06728310935397870  0.06744003256160076  0.06759210266148533
  0.06774066710548358  0.06788741059331237  0.06803367605615948  0.06818113010278642
  0.06833212863574131  0.06848886158483525  0.06865295583902577  0.06882655978711147
  0.06901286141687758  0.06921541637576761  0.06943843793577695  0.06968810233078250
  0.06997816730794706  0.07032112037407694  0.07072537048646090  0.07122907286813636
  0.07186400364022232  0.07269670829463323  0.07381788532068388  0.07543774850028812
  0.07793603993451000  0.08187606404088794  0.08789870770761116  0.09679502521994332
  0.10881998717194830  0.12510479661374932  0.14701831867742696  0.17742253508659825
  0.21971383932802624  0.27314048859697798  0.33532199650099859  0.41508726735624402
  0.51471419708113419  0.57786680900230447  0.61171697638556488  0.63204451755284796
  0.65039454023058141  0.66872829478669582  0.68781323446903542  0.70768642061763898
  0.72862724463349127  0.74910621348902440  0.76733388019562221  0.78217870042435389
  0.80623062930177636  0.84910686437654315  0.89291205298637200  1.00000000000000000
  0.00035744000349175  0.00080297269210677  0.00105719850649148  0.00127811107760045
  0.00151601322185520  0.00178597062466507  0.00208980346979645  0.00242538374626636
  0.00279186126975012  0.00318990337573612  0.00362086877672538  0.00408697459096764
  0.00458593057086353  0.00510612756359647  0.00563055733530473  0.00614831182705558
  0.00666233107926077  0.00718159317098046  0.00771577017446484  0.00827004838613254
  0.00884462360515079  0.00943990942606509  0.01005778098035589  0.01070059766062848
  0.01136756418110102  0.01205640690115849  0.01276823650969709  0.01350844588272386
  0.01428339431257287  0.01509380273158334  0.01593427176415202  0.01680821944058158
  0.01772379877136232  0.01867488896596699  0.01965616206166676  0.02067844698586908
  0.02176185373449127  0.02289611006960634  0.02406305237471635  0.02529483681890122
  0.02659039864910828  0.02792857656044657  0.02930167794454578  0.03071516355951165
  0.03218133762341342  0.03372622690786534  0.03538365323360542  0.03715071448809364
  0.03898619414528027  0.04089390794420922  0.04291667738373072  0.04506230278111911
  0.04729590331464231  0.04962073772380318  0.05208000012277440  0.05463937289925248
  0.05729088995861147  0.06007920316712750  0.06295566639904268  0.06583164303909432
  0.06876073306983593  0.07179078573824754  0.07513193558506487  0.07885620306449624
  0.08280793307648512  0.08696673856770473  0.09143892906665775  0.09606963361767783
  0.10087185947349828  0.10587198578688940  0.11123124130681757  0.11732099893462462
  0.12338872479160201  0.12956495297444456  0.13590627703974040  0.14306244870512091
  0.15130925293330183  0.16004775984863218  0.16929026222518140  0.17860934436073725
  0.18871458876776040  0.19949437477408283  0.21138060583363127  0.22442033042304560
  0.23852144472086656  0.25403217667506295  0.27039384543531386  0.28826228546968502
  0.30724005918051900  0.32806464596443741  0.34990140503123240  0.37454081920200538
  0.40337445740496297  0.44355915844901850  0.53024641529060679  1.00000000000000000
 -0.00204170217222412  0.00822197144272431  0.01843835904844156  0.02884161137896833
  0.03926612987643660  0.04982405931889849  0.05999110201567544  0.07036294929757046
  0.08014249177823177  0.08950156909570078  0.09864124140018964  0.10805827785971585
  0.11761581625572869  0.12727463165784403  0.13667656311592144  0.14615821440848020
  0.15595576444065246  0.16476856595359643  0.17353101051248726  0.18238614094278943
  0.19138809835070042  0.20107326897964889  0.21066542180349282  0.22037294552956563
  0.23016370381091911  0.24026231357238534  0.25055510767079192  0.26029728431155691
  0.26984927845220830  0.27963965185331752  0.28998096163050169  0.30042659301323016
  0.31086152993199206  0.32120656146014598  0.33135231176158919  0.34152896221923157
  0.35185841877273494  0.36260642710427632  0.37362318385729376  0.38453181047847546
  0.39526096866736588  0.40575627934710778  0.41646126986722193  0.42730816261510352
  0.43837471241046672  0.44933205159139228  0.46030914520385607  0.47131661351460341
  0.48250930293919764  0.49390955656366448  0.50525710536408075  0.51659032545059413
  0.52771770924247741  0.53889245026128763  0.55008908085911534  0.56135126405780400
  0.57285452891429767  0.58443960220585622  0.59619684771722281  0.60798611370794731
  0.61969650548558075  0.63133128456877052  0.64299614256004844  0.65449556023055566
  0.66540192119677422  0.67594341837504046  0.68646762777519166  0.69751568083822735
  0.70899885762246406  0.72050912286440894  0.73169375692055316  0.74270361048088573
  0.75376287684133481  0.76535516569848538  0.77688511947824224  0.78821434238603760
  0.79926426408956153  0.80924933397318310  0.81846897245470041  0.82794845907953163
  0.83788177721361812  0.84840203218692178  0.85920921240546166  0.86936354296621565
  0.87946528074055674  0.89017429596165731  0.90073041630934791  0.91154331166058955
  0.92199459358046632  0.93220344824214441  0.94292702242986004  0.95364395922651446
  0.96502265088213524  0.97650262095776397  0.98790249553639231  1.00000000000000000
 -0.00200877124615540  0.00807044198793268  0.01901694884148207  0.02933481140953524
  0.04057474872516665  0.05218938897998585  0.06357599593254186  0.07448157048141171
  0.08509550901185782  0.09577924032914972  0.10680290269808830  0.11757119541885529
  0.12788931849718180  0.13810969381795721  0.14843267652012423  0.15884816130711887
  0.16974960507811382  0.18082334301863220  0.19164204607999433  0.20194615052864170
  0.21181116596814381  0.22170763015571013  0.23203025666204169  0.24266236900236957
  0.25315259977347560  0.26355360479212731  0.27395643952777476  0.28417542746294627
  0.29420907012375480  0.30397936188834074  0.31329482237886325  0.32276593117873781
  0.33258139130452175  0.34293505582625811  0.35397860347898397  0.36524718571292542
  0.37638259379282929  0.38727691040891588  0.39815926194076867  0.40891804449822933
  0.41962871213521774  0.43033808685223163  0.44112549881678853  0.45195215057192761
  0.46270153512639833  0.47325987913833983  0.48368348341109313  0.49420481368966729
  0.50493332828416060  0.51595837290534163  0.52701222755378607  0.53806275863145514
  0.54916913743660400  0.56018994901816921  0.57121528993321991  0.58223226061834243
  0.59305841736993781  0.60341058870029696  0.61346885307259325  0.62357041919914480
  0.63402757200088700  0.64473862804734039  0.65562016713363025  0.66624613264081634
  0.67640282705211818  0.68636702984393461  0.69637534717148641  0.70671667812327899
  0.71732877212675361  0.72771612635338501  0.73733374799048190  0.74692741761905779
  0.75495218801461039  0.76540998698503715  0.77551135312728925  0.78615335433361044
  0.79719985686893802  0.80805103688536561  0.81878855050640353  0.82958800915726005
  0.83984860910237247  0.85046137498197905  0.86102964779427349  0.87188540301868267
  0.88310281133329815  0.89426793116800996  0.90536855554824358  0.91654587906961804
  0.92751385323853763  0.93828216994739311  0.94894579675628210  0.95979939031174821
  0.97025881387520541  0.98031234702431169  0.98982456382876483  1.00000000000000000
 -0.00196347679353738  0.00730832832394546  0.01777089928464338  0.02754370744793807
  0.03842137884728006  0.04920663015431027  0.05756378695741549  0.06588005779957051
  0.07454406744643155  0.08331219112374172  0.09277905033741043  0.10225665825001611
  0.11168306734615155  0.12099028424235651  0.13066330658217976  0.14039686180830238
  0.15019393029924916  0.15954266317762589  0.16844452601788412  0.17744000037190408
  0.18671373700691113  0.19688522433761835  0.20675629387058778  0.21622373574538739
  0.22576009134011962  0.23543894849820424  0.24544371388163982  0.25555956029511934
  0.26539931894624363  0.27510698259285832  0.28490134703538594  0.29503104680941039
  0.30562899389461590  0.31623661083542648  0.32692257688767379  0.33759232898658231
  0.34837746621903359  0.35923220950533402  0.37013891530346754  0.38100183639234864
  0.39188691404798920  0.40282905379649070  0.41377367894938211  0.42490599940357582
  0.43582662471875555  0.44667438739526844  0.45736141153265603  0.46815121365136780
  0.47911919314072521  0.49020027097044738  0.50152631792989777  0.51305008774955074
  0.52469386136798690  0.53633212570154221  0.54788430112969699  0.55910894195049454
  0.56962808262579978  0.58008021592914838  0.59054315884471253  0.60202766913509953
  0.61351115414070767  0.62523555231407446  0.63694709687575746  0.64748403625931439
  0.65762593140563819  0.66793133524411963  0.67826555052870319  0.68989282385725459
  0.70161735309020168  0.71315118836274149  0.72440918014535594  0.73593592255110973
  0.74730980664941649  0.75856258211469607  0.76958376926047667  0.78054169770082293
  0.79193572540702362  0.80305470989910055  0.81432713200291373  0.82533459127902542
  0.83638242492487103  0.84762546937543626  0.85812508758339701  0.86897084436337357
  0.87921070012057567  0.88984258481622547  0.90006349214579939  0.91065547499775179
  0.92190733088708154  0.93316744295044218  0.94426676833512257  0.95540786740973394
  0.96647388943669643  0.97798571019033353  0.98906600771847053  1.00000000000000000
 -0.00223209686138344  0.00886850094315793  0.01965913598712959  0.03009114625656445
  0.04086521153128191  0.05139481131925428  0.06230459499188203  0.07260661417052570
  0.08269672900360489  0.09287627978394930  0.10334081488554173  0.11426119966906410
  0.12502270962790610  0.13592958830096810  0.14678466065852708  0.15745751482849493
  0.16805101798827771  0.17854741226870621  0.18928358074747381  0.20013840194451352
  0.21117240143725530  0.22223648773292473  0.23278860586328018  0.24327943052901149
  0.25355719230838303  0.26414058438997523  0.27484121070735451  0.28576018696145644
  0.29677637299319121  0.30743909883402643  0.31797483613096594  0.32833341378847508
  0.33908770844905683  0.34915175769866530  0.35838566078323358  0.36789996375725437
  0.37759803504165990  0.38858904794720595  0.40018400966131906  0.41123511405686741
  0.42215111379284764  0.43275983515161975  0.44315131054073315  0.45349507626941987
  0.46386265203762816  0.47444989537067067  0.48515388012260213  0.49578648520590279
  0.50647595764506581  0.51689005120369558  0.52699454638047138  0.53720824318356308
  0.54771528765890864  0.55824000758153824  0.56861509792432663  0.57908651873493722
  0.58989058112589321  0.60090920539435833  0.61180749587984218  0.62236324028189816
  0.63276637784075396  0.64320008815964880  0.65386318122281872  0.66468659613075698
  0.67572348911056401  0.68604581080123250  0.69635761551401776  0.70672426624303153
  0.71745161664339963  0.72830106488671653  0.73858729832810199  0.74904279692921305
  0.75975955095908654  0.77073385247568837  0.78174690905651345  0.79258917562007314
  0.80348917681505383  0.81444049495784143  0.82539303980058976  0.83600646679851787
  0.84638424772259058  0.85686513583372870  0.86751726701243115  0.87832192778042451
  0.88847418692338354  0.89884714999509618  0.90900494675317567  0.91886530661242316
  0.92834225205641629  0.93783809626743697  0.94779363535577299  0.95822504228039940
  0.96821129823731056  0.97826517155645554  0.98897788729841651  1.00000000000000000
 -0.00229580554789640  0.00924107737134679  0.01817497919364064  0.02799957345431326
  0.03777062163512448  0.04854083730143102  0.05965015381668397  0.07048478639695992
  0.08071860313206299  0.09087248751114355  0.10014183812957866  0.10972044277064680
  0.11932213529521724  0.12918877356157385  0.13937095520017928  0.15003417677587330
  0.16112110804002983  0.17135761675174507  0.17979908550942733  0.18805171087437447
  0.19688534146317219  0.20710302897280666  0.21795868255455389  0.22860089064802205
  0.23915841741458638  0.24987130655488948  0.26092131107866678  0.27206999055408437
  0.28305745622794465  0.29388868133770474  0.30470775230829056  0.31541271114254721
  0.32584938489655668  0.33591977094493453  0.34588322127059801  0.35613062421745800
  0.36688610721363119  0.37780330877917651  0.38862400239047573  0.39931639710214140
  0.41001357162539481  0.42060960928797309  0.43078851003698809  0.44075202641792111
  0.45096741710551569  0.46165184432899792  0.47277522497699365  0.48388901778141702
  0.49453153417780316  0.50482667536122094  0.51512698133771850  0.52569266082938315
  0.53659237750712796  0.54764280158529743  0.55870083268309223  0.56971428243452105
  0.58054563713929752  0.59135776334631829  0.60216775856653981  0.61267282871751139
  0.62299631284764978  0.63364501384904559  0.64454532127949993  0.65556071481203348
  0.66643454285098525  0.67718496254843885  0.68800767422108533  0.69896486827851489
  0.70988257973156954  0.72082752979710341  0.73176067955023694  0.74253013243024424
  0.75329886398231960  0.76389142586756664  0.77453269550127035  0.78514725096731697
  0.79600642927798915  0.80696177029894667  0.81783344723367635  0.82839028818152649
  0.83910502257445707  0.84988377757091893  0.86081241637711314  0.87132099440442456
  0.88195281883476451  0.89258456006352593  0.90295174220945407  0.91342563443720637
  0.92385712671069542  0.93505092446056060  0.94659246144244047  0.95792701206494535
  0.96886649233071087  0.97966813929322916  0.98985560988494214  1.00000000000000000
   1.2317672528892473E-011  -1.0000000000000000     
 F F F F F F F F F F F F F F F F F F F F F F F F F F F F F F F F F F F F F F F F F F F F F F F F F F F F F F F F F F F F F F F F F F F F F F F F F F F F F F F F F F F F F F F F F F F F F F F F F F F F F F F F F F F F F F F F F F F F F F F F F F F F F F F F
  <DiscreteSampler_grid>
  grouped_processes
  1 # 1 for a reference and 2 for a running grid.
  10 # Attribute 'min_bin_probing_points' of the grid.
  1 # Attribute 'grid_mode' of the grid. 1=='default',2=='initialization'
  0.0000000000000000 # Attribute 'small_contrib_threshold' of the grid.
  0.5000000000000000 # Attribute 'damping_power' of the grid.
 # binID   n_entries weight   weight_sqr   abs_weight
    10   10   1.585987499502077E+000   1.320128667883448E+001   1.585987499502077E+000
    16   10   1.585987499502077E+000   1.320128667883448E+001   1.585987499502077E+000
    22   10   1.585987499502078E+000   1.320128667883450E+001   1.585987499502078E+000
    28   10   1.585987499502077E+000   1.320128667883449E+001   1.585987499502077E+000
  </DiscreteSampler_grid>
