  0.00920843094334099  0.01576979294538099  0.02584215521447767  0.03740849821935570
  0.04852836552822307  0.06011486783963045  0.07105438196462506  0.08246169474692099
  0.09380644431273266  0.10544744088699734  0.11689345780014976  0.12830171989428946
  0.13966397464059549  0.15066198155968452  0.16141299462230066  0.17238756717843889
  0.18344891865216043  0.19414628924502902  0.20444107964257641  0.21448484693368494
  0.22431639944580831  0.23403830335272385  0.24394497097182669  0.25439377543758468
  0.26557832430996692  0.27752905042172388  0.28968227181436551  0.30101745174282885
  0.31172490209855186  0.32247847032180926  0.33302222521894165  0.34325356126042178
  0.35326843127636182  0.36343602454778462  0.37374542635596747  0.38387255373572676
  0.39377891128052317  0.40356796053027999  0.41316156980420371  0.42206440764094966
  0.43074864449706213  0.43990138236101367  0.44945844014230563  0.45898804343606275
  0.46798336215590280  0.47694259885318352  0.48687322606599770  0.49753017843237113
  0.50787957823496133  0.51812319374309601  0.52854518893012059  0.53880330162075118
  0.54952499295505697  0.56071974688543158  0.57201885993952384  0.58291220405553279
  0.59357370943803056  0.60410002348666603  0.61465975083295821  0.62496324456027619
  0.63582206779799344  0.64663793228312538  0.65798482026916627  0.66953556771719969
  0.68119711965122054  0.69212249028523842  0.70249783567188806  0.71256391652570417
  0.72221682823694699  0.73187339493641357  0.74197860529685078  0.75242023602049424
  0.76279928748892922  0.77314877305541785  0.78382974960814400  0.79461954606721519
  0.80517928083252988  0.81515211702723633  0.82476583739059206  0.83429138030098893
  0.84341918275832028  0.85257964933664998  0.86196564775525786  0.87114775332901484
  0.88107894038668633  0.89200959975728056  0.90384742148244435  0.91602993587835724
  0.92709483056324571  0.93762220861201506  0.94823277059457878  0.95903937129694949
  0.96967745648224346  0.97994649880286910  0.99156285157743340  1.00000000000000000
  0.00923367384915723  0.01552729646888456  0.02568625494126628  0.03732242112277710
  0.04926285854082828  0.06097880067961341  0.07115342247588208  0.08117298424376714
  0.09045305051380068  0.09988102294693502  0.10894003080829461  0.11760436954289931
  0.12663215430010993  0.13685924505347921  0.14760950241453957  0.15897859342100587
  0.17064916042287845  0.18256791250992527  0.19386055821453035  0.20466772618124324
  0.21543124507522496  0.22600396878207524  0.23615633410240916  0.24611172733250267
  0.25669984461736406  0.26825852938984091  0.28034355574705516  0.29204781882260972
  0.30270594956355318  0.31315519539433523  0.32383532533589887  0.33471219838463157
  0.34506789550312755  0.35527447396849682  0.36562637859285130  0.37570184300110138
  0.38593241075651685  0.39619180588702119  0.40730127366688446  0.41845943564996224
  0.42945435440021074  0.44034967753309079  0.45031581270953375  0.46028558755388976
  0.46966578968957079  0.47910134758425160  0.48865714848676506  0.49827915616911228
  0.50837436372464084  0.51893313832351995  0.52908892322482926  0.53870365901183237
  0.54821120699114323  0.55802857145412743  0.56829981783991079  0.57859041596765926
  0.58951282287111784  0.60120293345785614  0.61265645819752168  0.62369110446614429
  0.63399830753639885  0.64350865853439376  0.65285069014837493  0.66242795391521669
  0.67249289341037921  0.68278772012897693  0.69347359793905861  0.70463580281474814
  0.71607099988731227  0.72734468887869297  0.73820665707584465  0.74873379843665799
  0.75914789751284795  0.76995711755298946  0.78101061958016860  0.79219375072177045
  0.80303651339823245  0.81344534859089257  0.82396307380648059  0.83443318776111763
  0.84436075155251267  0.85482266827784636  0.86539082328799188  0.87614880379661653
  0.88661337521838623  0.89657368025781392  0.90721595714670522  0.91786522396675019
  0.92751243544032902  0.93747552231943188  0.94764576704549275  0.95803538633302954
  0.96850334604733990  0.97879427112947592  0.98945923876140263  1.00000000000000000
  0.05727295994368334  0.05816194200806052  0.06007832146040712  0.06237040003864427
  0.06499392250105275  0.06884101426071985  0.07258916816644939  0.07626545681039436
  0.08008707837246604  0.08397137693067157  0.08797764349510316  0.09196740114205319
  0.09596717294279898  0.10017675638608409  0.10440488374332821  0.10865377158424606
  0.11306018418121215  0.11754358133435087  0.12215110986644594  0.12689636283256256
  0.13184222589489478  0.13734684139147030  0.14247580497457885  0.14644299467736510
  0.14840077533175228  0.14972157935704941  0.15091313977255549  0.15209582932616383
  0.15402759145613867  0.15652252817274237  0.15890420259167609  0.16129244762780401
  0.16368136813753129  0.16607698178832775  0.16848505732449170  0.17092253079461889
  0.17334560250558884  0.17575767636479417  0.17815965818145207  0.18057830588985455
  0.18304041288037273  0.18554867205211664  0.18809427443000201  0.19066784184311017
  0.19327418089867199  0.19592512351656047  0.19861832011597677  0.20133798648415099
  0.20407916741067827  0.20685944023191891  0.20967300026507799  0.21252610971479344
  0.21541534378188704  0.21835363499876984  0.22131697858497848  0.22430019294591139
  0.22731569612148983  0.23037737141851339  0.23349096372055603  0.23661332403009250
  0.23977233085495461  0.24300413303552235  0.24631845535247379  0.24967199901874196
  0.25306004813593735  0.25650471067151165  0.26005256161526491  0.26368669753773177
  0.26736966876053314  0.27115596876145104  0.27503518028533641  0.27900758846038837
  0.28304433488635627  0.28720692799960856  0.29141395949074655  0.29573819017422337
  0.30024131994529946  0.30497832169966221  0.30990165620372845  0.31506795182279007
  0.32044970915880772  0.32613240377303870  0.33220553400900521  0.33873176809457423
  0.34574159031299040  0.35340944783741463  0.36181737741800529  0.37115727982657443
  0.38171336653304466  0.39389420791709934  0.40896173044397000  0.42772773055221375
  0.45414252623346479  0.49782636467331642  0.58468059286507779  1.00000000000000000
 -0.00251247747015503  0.01027383117362749  0.02085153298504160  0.03075009177423412
  0.04111695623324255  0.05252149090775761  0.06403994165417040  0.07456982724060562
  0.08496665775244745  0.09565214559490560  0.10629404223157014  0.11663021161475345
  0.12717250751102038  0.13783669920327804  0.14823542270705892  0.15843498280457094
  0.16865398044970009  0.17902679628250842  0.18935321473449016  0.19966634392092353
  0.21036840021647071  0.22123163001791121  0.23207453067497247  0.24271528547179577
  0.25285813440153782  0.26256495644091699  0.27201526921748631  0.28163241776969178
  0.29129259923024492  0.30109208589382430  0.31048056098967097  0.32012157590026774
  0.32984162117604343  0.33923814925839241  0.34810071396256814  0.35723617607201569
  0.36706795260052649  0.37703670867159655  0.38710386327072771  0.39731042428340402
  0.40828206602366635  0.41948538348149578  0.43035006310703416  0.44052502139359262
  0.45047237429502029  0.46070692889319703  0.47128764970112530  0.48196039233032134
  0.49188058302270371  0.50165982508935070  0.51102062712216501  0.52018155585981374
  0.52953516950347435  0.53945007259427025  0.54985049989918200  0.56023309055845794
  0.57061023988257720  0.58104185191499624  0.59152009142756079  0.60204448745237682
  0.61261674739696959  0.62329617126540882  0.63401278389615789  0.64475813890606837
  0.65500337016692356  0.66492721312166425  0.67497933613617478  0.68551426117491665
  0.69639470747200694  0.70724823263282077  0.71823381917016282  0.72957478672691978
  0.74107436964725337  0.75242844594624203  0.76297671036226711  0.77327345808545300
  0.78377065384045830  0.79404696840950562  0.80353331301929842  0.81276584736294766
  0.82256176948175308  0.83278461721506547  0.84317458866410855  0.85342208858360058
  0.86458295144782638  0.87551906797863743  0.88684499498930158  0.89784765865322114
  0.90954446779237152  0.92163467539101707  0.93472310984726603  0.94791676698295024
  0.96086356181874599  0.97412098085555754  0.98704994594617235  1.00000000000000000
 -0.00203195522859971  0.00837563730590866  0.01719929081598333  0.02681795363631814
  0.03677073115064204  0.04679387831824244  0.05670815765761496  0.06640996540796507
  0.07623937547366540  0.08632920826287495  0.09668854846989620  0.10727972454281215
  0.11812511413118203  0.12865099263509905  0.13851528029165897  0.14811316204925526
  0.15775985177268187  0.16774580112532295  0.17811189070843511  0.18889473013591812
  0.20007307262527849  0.21087399804216631  0.22123935739151823  0.23139882517359475
  0.24140589906767887  0.25137748503654395  0.26145090226590839  0.27134895417089050
  0.28173718209203008  0.29247675559988973  0.30385309348588929  0.31473196788244923
  0.32479901761289598  0.33503905961769775  0.34571501390547615  0.35620465629085224
  0.36620399092266764  0.37590097480215950  0.38593427606708886  0.39616164971355289
  0.40603757662692691  0.41595548896313222  0.42619314940767627  0.43689586511490003
  0.44768857829101089  0.45840259269021011  0.46926427292915529  0.48040235166442824
  0.49183691009522307  0.50310108833939737  0.51418771818984310  0.52553302491968701
  0.53720550795144517  0.54872436651980894  0.55989479497283645  0.57110424555855832
  0.58239068738544508  0.59349677965157643  0.60390678779685758  0.61370648608817246
  0.62346315728192203  0.63356727018467673  0.64376087863625053  0.65396719945253667
  0.66405459932241628  0.67413126136125667  0.68432667783818357  0.69442625740220676
  0.70445766541529364  0.71504857122380627  0.72603192520835613  0.73681637061145444
  0.74742092354274836  0.75832969171311093  0.76971298736927884  0.78154197239779755
  0.79341006566365313  0.80376173805183770  0.81424198311823914  0.82428629106400741
  0.83458824408474197  0.84468264381820068  0.85545021444005498  0.86691406167089080
  0.87810447685636683  0.88868153977904951  0.89922959676404390  0.90958562527107001
  0.91990990933234895  0.93048162264244583  0.94157398636800449  0.95336865771854884
  0.96513108647943457  0.97690448791811135  0.98862489066331549  1.00000000000000000
 -0.00261116240685797  0.01059379967119057  0.02169614825836170  0.03297151446058173
  0.04445143438883215  0.05551237957556835  0.06649388711251064  0.07751792852160645
  0.08897897348269089  0.10038789121429362  0.11218318481320710  0.12438826483402338
  0.13646758144650353  0.14865107619879797  0.16100037109136109  0.17317470822574868
  0.18510709962454885  0.19645468375093225  0.20787051829333050  0.21922014235228376
  0.23074991923217100  0.24195260212780137  0.25344084552186585  0.26479339751602349
  0.27528515783154284  0.28556966109435522  0.29568433319956278  0.30570122803662686
  0.31558221191678620  0.32565228940128810  0.33552529382223650  0.34558506294008556
  0.35548352024297214  0.36712261238037247  0.37799367753689878  0.38836724761752112
  0.39845479842583703  0.40873703857627736  0.41818312594651336  0.42693815093793347
  0.43573638343120275  0.44473184640743485  0.45385949380383978  0.46276250335111019
  0.47120241672176827  0.47982658310975512  0.48906269194520752  0.49842836904002569
  0.50858053426188310  0.51884905399496928  0.52762200996608422  0.53609139656099825
  0.54422371537388781  0.55261118555153577  0.56111080293829607  0.56964947062474525
  0.57821966003592795  0.58694862766511180  0.59675717819848462  0.60610572029495158
  0.61494985830996662  0.62431560855108226  0.63397845252546803  0.64363478578815947
  0.65289204350255992  0.66180377197198204  0.67079371066562254  0.68032153613797020
  0.69044098430215484  0.70163310256336475  0.71317266821174152  0.72495751941252451
  0.73655085274251897  0.74791391775932048  0.75898743674935576  0.76948411241119630
  0.77964864769196196  0.78996060140911251  0.80070007037646196  0.81121854498333257
  0.82155140241457825  0.83194858180321851  0.84307234569682299  0.85461453007659427
  0.86597084625347154  0.87771369992376469  0.88966491737601461  0.90164077430733258
  0.91342972101201314  0.92524931547671907  0.93754182984759871  0.95033271891221105
  0.96275648193750307  0.97492452524800899  0.98717181242230201  1.00000000000000000
 -0.00271103131768738  0.01008520977715427  0.02022523533996397  0.03005284877811365
  0.03955865880144777  0.05019473176344750  0.06110439496047668  0.07034564657268216
  0.07978532263232926  0.08987060917983745  0.10040876706822398  0.11066823079598263
  0.12046418184076749  0.13074504947486415  0.14138560972972336  0.15164430429629802
  0.16146148664513305  0.17121632770799289  0.18082880276950863  0.19099845342013982
  0.20165073902271793  0.21268685256349346  0.22336181041822020  0.23405691404902726
  0.24580726209405532  0.25772691235494388  0.26983047552501910  0.28051336867957993
  0.29103759656524303  0.30160513799283722  0.31175620839197571  0.32180234023968995
  0.33163419895696655  0.34290638971861953  0.35408395884142108  0.36534424760677675
  0.37608513009612843  0.38653880373253563  0.39666441449987294  0.40648457048400516
  0.41631283618248838  0.42642024611489765  0.43693522094700971  0.44807499395653472
  0.45909656335218463  0.47023590742706789  0.48145576357309144  0.49326646522768108
  0.50460654977976427  0.51582438425009181  0.52647414864156883  0.53710732092858038
  0.54802739123583177  0.55875148617826575  0.56931368227683798  0.57977610980442817
  0.59064645223700496  0.60184523637705178  0.61291037791795855  0.62392164524156402
  0.63497904480030365  0.64574346497012458  0.65582682011304760  0.66594025253343891
  0.67590541347209709  0.68568859067082499  0.69510995258325825  0.70445438692784756
  0.71452274113888348  0.72528879308875638  0.73615669528236005  0.74745095399125638
  0.75878257309593222  0.77010868610039862  0.78103919542733424  0.79168387842598997
  0.80265690696065339  0.81386242126342190  0.82567891316390207  0.83641606598235685
  0.84651841908168035  0.85656471279383584  0.86689176582222005  0.87745038415627252
  0.88811201598030920  0.89849703046773643  0.90856359813324683  0.91845507996780940
  0.92827109752972325  0.93840149800461614  0.94796500853798338  0.95828110500796326
  0.96859482884906523  0.97892249689865185  0.98903327958142306  1.00000000000000000
 -0.00262729907231762  0.00982745754693952  0.02124598049261531  0.03222386800143565
  0.04331146636960056  0.05463468361090593  0.06584770664132522  0.07680130936388514
  0.08744740284427215  0.09773873054289273  0.10835271465615665  0.11902851182084373
  0.12939110690937883  0.13932439672287586  0.14914456720340399  0.15861877930288901
  0.16783695147531000  0.17712371414452438  0.18648582410006892  0.19678415011001257
  0.20672401067579554  0.21870805958738615  0.23062273467169636  0.24263626616928086
  0.25494474443908244  0.26706231319054730  0.27904242485928499  0.29044324040572955
  0.30084924191759338  0.31096108798750843  0.32108860350668011  0.33142776962623527
  0.34145396959104529  0.35157709013942590  0.36229607913603279  0.37277022718393404
  0.38300138127939687  0.39263972049846357  0.40318419684309453  0.41396979944261147
  0.42435263562730496  0.43469254868789925  0.44469037626268643  0.45459307557147849
  0.46437325166410665  0.47398515578757050  0.48415435716719851  0.49486412485520620
  0.50518974643001036  0.51553229214369178  0.52525584592849528  0.53527436315115606
  0.54551440186172573  0.55609556189791010  0.56655139380559227  0.57644331833119744
  0.58646835847395828  0.59635053177261677  0.60625028828508831  0.61626058988581867
  0.62655975995776081  0.63753921170708849  0.64873221845592244  0.65956527871464454
  0.67022308606822145  0.68074034177094678  0.69111904192203111  0.70145916234292960
  0.71217675453769014  0.72306581458976538  0.73447652398451491  0.74576909863952301
  0.75686528524752461  0.76798689004099874  0.77822193974046316  0.78845524748757023
  0.79914416328635873  0.80988439793308487  0.82033831833304183  0.83081902021131360
  0.84220750418216916  0.85384642957725965  0.86463592549831458  0.87560182000366726
  0.88642253761158518  0.89700821041251733  0.90728773716558664  0.91780843442421922
  0.92790373687374328  0.93830852434878265  0.94840483313613488  0.95866192032772990
  0.96808720713146246  0.97818102484596525  0.98887293729035020  1.00000000000000000
   2.2028989534516688E-008  -1.0000000000000000     
 F F F F F F F F F F F F F F F F F F F F F F F F F F F F F F F F F F F F F F F F F F F F F F F F F F F F F F F F F F F F F F F F F F F F F F F F F F F F F F F F F F F F F F F F F F F F F F F F F F F F F F F F F F F F F F F F F F F F F F F F F F F F F F F F
  <DiscreteSampler_grid>
  grouped_processes
  1 # 1 for a reference and 2 for a running grid.
  10 # Attribute 'min_bin_probing_points' of the grid.
  1 # Attribute 'grid_mode' of the grid. 1=='default',2=='initialization'
  0.0000000000000000 # Attribute 'small_contrib_threshold' of the grid.
  0.5000000000000000 # Attribute 'damping_power' of the grid.
 # binID   n_entries weight   weight_sqr   abs_weight
    10   10   1.189156297744071E+005   3.485914152228705E+010   1.189156297744071E+005
    16   10   1.189156297744071E+005   3.485914152228705E+010   1.189156297744071E+005
  </DiscreteSampler_grid>
