  0.00911412041970923  0.01622381860471742  0.02674259297434069  0.03829740813580870
  0.04995528912292145  0.06149537316910435  0.07307373560874801  0.08421264508742446
  0.09456250460167379  0.10514976413311086  0.11580215740977297  0.12659016591149352
  0.13717610916936029  0.14792112204931165  0.15952354555596432  0.17028506420192216
  0.18003665362988908  0.18969222861042023  0.19941742206417173  0.20923295843416304
  0.21868446476400058  0.22768375210183919  0.23737118306750879  0.24666781087755069
  0.25631365206117551  0.26600662806944392  0.27662528790743002  0.28811623257149155
  0.29849477883813524  0.30875002121974165  0.31803549141835136  0.32725200159737622
  0.33623574579664545  0.34477455271804736  0.35341542785215263  0.36253169161572291
  0.37203340145693609  0.38183699030017687  0.39170556221165909  0.40223907281658172
  0.41373750912728235  0.42583423334519488  0.43793636405945818  0.44943582293832779
  0.46025093447392595  0.47071862214425941  0.48100054855480923  0.49154662609572947
  0.50278759033287079  0.51449911608259435  0.52598046917674945  0.53733493196340509
  0.54884954518335038  0.56034288240813523  0.57194632794284350  0.58328451437319362
  0.59453213556892315  0.60546538137434258  0.61604060451707432  0.62659994412273234
  0.63694811591570966  0.64772938030653371  0.65767560011862647  0.66778887453843450
  0.67748398253386366  0.68718758002253799  0.69725700657533085  0.70824700999216705
  0.72018031064916799  0.73246368333024581  0.74420093652735797  0.75520064682590338
  0.76595225399095024  0.77608360412120581  0.78598858162150742  0.79562229077447544
  0.80456437459599950  0.81309145075567946  0.82204478672914882  0.83140520136562301
  0.84173963900086113  0.85196600669942835  0.86240100199839986  0.87319540953657848
  0.88377752452425185  0.89415396557614424  0.90480157770394554  0.91555185198357414
  0.92570637685387114  0.93569820181903263  0.94576813688013417  0.95596116359616401
  0.96601074802198128  0.97645517906234913  0.98774165254167312  1.00000000000000000
  0.00927823270507768  0.01574246165914476  0.02607199977472066  0.03737782096369027
  0.04908077783567857  0.06077045320395420  0.07243526289720331  0.08406296933035166
  0.09549908270241128  0.10695411772435108  0.11863266874069463  0.12979986779605429
  0.14023054305740978  0.15065879067365442  0.16146777307965163  0.17244702404246628
  0.18344549223600007  0.19452449469889291  0.20531806745127210  0.21533789358602823
  0.22488807383331141  0.23470401169469693  0.24440343183507832  0.25473358271314250
  0.26566124014956966  0.27732698093397457  0.28879637379158207  0.30019026035497565
  0.31164944498391189  0.32358302842349573  0.33507362321960887  0.34582872328394620
  0.35595187374380299  0.36577070337748208  0.37566446123396313  0.38562305436499450
  0.39542791809640099  0.40490998022568336  0.41420594981224551  0.42356382811851823
  0.43315097860844048  0.44291410210810495  0.45275675824459627  0.46272848081079343
  0.47279474221681062  0.48324918279823437  0.49375563077828150  0.50452593597126882
  0.51569514817661033  0.52715984346320000  0.53900527852009750  0.55128563294629207
  0.56289494029667220  0.57315950272285543  0.58300081392222836  0.59285763365266753
  0.60307489261883307  0.61354867907517885  0.62414345808748684  0.63597092614135486
  0.64721116730933181  0.65779088415220299  0.66779137017893675  0.67770202450924966
  0.68759191308040346  0.69735667843084592  0.70718446692822889  0.71702133809859991
  0.72710374932668886  0.73761674293284496  0.74839555292837900  0.75917712699481232
  0.76980341234655092  0.78050308469776775  0.79108576682745979  0.80190402778430647
  0.81280628938403154  0.82367111537440518  0.83379524828675755  0.84287623508877085
  0.85178138430222827  0.86112053662785371  0.87070670180979359  0.87991324873092946
  0.88859542421939530  0.89797440979045040  0.90796067035127004  0.91826284074190645
  0.92884023402281413  0.93987130589731405  0.95052005216575042  0.96123043843554157
  0.97186057426019701  0.98211446236415156  0.99144053921814634  1.00000000000000000
  0.05701980708009358  0.05839319805362764  0.06066747254344028  0.06358289003566549
  0.06661057354807894  0.07010867920806386  0.07391403432934907  0.07764061568828004
  0.08143967817861696  0.08534419165338060  0.08933047455578376  0.09335529849689993
  0.09745203837889407  0.10169842277233082  0.10603369783788624  0.11038365067052071
  0.11481103458191011  0.11930728279056835  0.12383026740446076  0.12850575532704731
  0.13335883233924417  0.13878827662768523  0.14348818075330333  0.14696638119073643
  0.14892280750432157  0.14993533325214714  0.15116617348876454  0.15238698777452897
  0.15468970450546193  0.15716293152154762  0.15961506763704020  0.16204338971888954
  0.16445206454048375  0.16685485989890622  0.16926814384188027  0.17168594731869741
  0.17409578592932426  0.17652126120858874  0.17897522296848881  0.18144670344331543
  0.18392644293674579  0.18642890468036227  0.18896313998329473  0.19153678379013647
  0.19414612621946914  0.19679336757995061  0.19948520303647291  0.20221628377073286
  0.20497556022792679  0.20774654843241430  0.21052448467972754  0.21332737802210572
  0.21620063615072296  0.21909583467037705  0.22200602104977710  0.22493651096839923
  0.22793264397317539  0.23097191986521579  0.23405806912450541  0.23716720192375532
  0.24032788747051442  0.24354080248071308  0.24681233767808650  0.25014827996318129
  0.25355833201904199  0.25703871302472542  0.26058314866062593  0.26419011319002406
  0.26786131938489655  0.27161779633827660  0.27543595017231010  0.27933715838646428
  0.28334601333524900  0.28753630876436004  0.29181866619447810  0.29621437359860148
  0.30077934380623556  0.30554461241660824  0.31053603067147229  0.31573113216792581
  0.32112027664116416  0.32678149110446991  0.33282556297744809  0.33934746874403160
  0.34639417465283595  0.35401161692416699  0.36237537890155563  0.37177760377188190
  0.38246875547220349  0.39484983756299580  0.41001400494602341  0.42861342993190343
  0.45538928632905196  0.49856597332050562  0.58550282990945024  1.00000000000000000
 -0.00283813488157510  0.01066978653709435  0.02306153052700206  0.03578641038729158
  0.04937320839528302  0.06312034110986674  0.07658971343136295  0.08968813941277706
  0.10233239081466534  0.11481461544963677  0.12691462380357649  0.13871023487824988
  0.15039528725124662  0.16172477152709622  0.17265224177763594  0.18364517925709264
  0.19385825028110185  0.20359947234412179  0.21297392594095652  0.22184404590469373
  0.22998210386483034  0.23849799078482706  0.24744751217604460  0.25779912693997176
  0.26876980454410454  0.27970840109059031  0.29059374725998588  0.30141059540184867
  0.31220606055580119  0.32241120019526687  0.33228412175691696  0.34144183809353112
  0.35062056052084367  0.35981685684301146  0.36881632912247320  0.37828935216669463
  0.38749527673328843  0.39709756425667009  0.40798046063097165  0.41888350742451946
  0.42953141429768260  0.43988232773479358  0.45003606677304897  0.46016005608648713
  0.47049191652506545  0.48118408031224263  0.49238893103341186  0.50316759460665506
  0.51350295719159411  0.52372806419933826  0.53400412992698054  0.54439982669103004
  0.55482316541167853  0.56535961293942272  0.57600418723145441  0.58602092662560135
  0.59496912510777178  0.60397366159452592  0.61307247950105426  0.62243704061281568
  0.63191545415001948  0.64117995754524137  0.65087422514718551  0.66122521346808671
  0.67168970459660982  0.68191415640118314  0.69195501889464350  0.70170586669937318
  0.71127720122858207  0.71980600162450237  0.72823007850492572  0.73699243038713591
  0.74638673079942652  0.75620662051928011  0.76621718943913775  0.77658749080163203
  0.78738052725025620  0.79820166899880229  0.80910988865116662  0.82018417116106124
  0.83150968987305740  0.84309754833861084  0.85495434228708111  0.86722128960324207
  0.87938978681402069  0.89108125326601328  0.90204984961373913  0.91230177411027191
  0.92248586354834994  0.93290489648051078  0.94357690205641642  0.95446900414169233
  0.96617007402094213  0.97830193563547008  0.98933676374710977  1.00000000000000000
 -0.00240627686620177  0.00913566107120764  0.01904875656716784  0.02910827144137884
  0.03943712887629305  0.04995425728808589  0.06088232657960421  0.07126751676422995
  0.08158195417933661  0.09116642433500943  0.10053579118933195  0.10991023579793482
  0.11934569700091666  0.12921456179408464  0.14000762187570648  0.15072409341676579
  0.16165760749336830  0.17261402972469733  0.18420698934044524  0.19556132443795357
  0.20684961652507580  0.21614619154641526  0.22598020072541383  0.23537165562051524
  0.24481492122334006  0.25390212712040111  0.26366250692072357  0.27301670844405157
  0.28513456233819362  0.29621136945951471  0.30715831974259261  0.31763482841831298
  0.32833742447781783  0.33816896411923125  0.34818375161068343  0.35898729257003348
  0.37028217200801938  0.38091558305628009  0.39133959001202129  0.40187536193361151
  0.41263999917466360  0.42317117289319706  0.43400193481494220  0.44435828549656320
  0.45447620395347271  0.46474794411944670  0.47520785907476276  0.48509165938547022
  0.49417429694914855  0.50349132089948490  0.51352575333997619  0.52349539731056582
  0.53309925959900861  0.54284034201456555  0.55350133146937885  0.56446972120935535
  0.57518404397711353  0.58583615968604985  0.59744101911372050  0.60906773357781674
  0.62075688737504353  0.63131313365853148  0.64207590742010023  0.65272196203762700
  0.66291933406813186  0.67270779140744352  0.68269842834414607  0.69311463246496574
  0.70347444973836026  0.71324862473830630  0.72289200483694382  0.73290649881777736
  0.74331643824076188  0.75368124959367122  0.76478038077560306  0.77650874230193934
  0.78914111383014907  0.80120780042272743  0.81308680237169717  0.82497388334936561
  0.83750595182993148  0.84968789601229633  0.86114434777750870  0.87237195547576829
  0.88292649229408593  0.89342271500607373  0.90375514233912735  0.91412713708338600
  0.92469606773953894  0.93499745500043285  0.94701771872847351  0.95931640065993262
  0.97021176547465249  0.98061036294733528  0.99027130090879811  1.00000000000000000
 -0.00311535288959429  0.01089740994216257  0.02341260503553038  0.03602980546520671
  0.04767349897001145  0.05874980491834670  0.06984640342607269  0.08126235090306892
  0.09217879486028166  0.10262335019415798  0.11315398427342595  0.12316593819352942
  0.13329695231249583  0.14313993899819441  0.15340857834834717  0.16374156755032873
  0.17450130688692975  0.18517428031641189  0.19576824899272213  0.20619736529454810
  0.21700922881943971  0.22812423816925942  0.23889887973298410  0.24930604460568043
  0.25881691258672901  0.26808773738443831  0.27774784244292133  0.28787667743801271
  0.29864860874557869  0.30982016032368892  0.32190144514631086  0.33416923511223817
  0.34567244495218108  0.35664808817450405  0.36748332021584912  0.37859645030513606
  0.39019324470278727  0.40186942965184619  0.41333966342408462  0.42470382794713718
  0.43562510985500397  0.44605414703664453  0.45614475965386225  0.46609150970765517
  0.47588345908651147  0.48535811631487569  0.49478031087010887  0.50432548359557883
  0.51409085368486163  0.52408375234324545  0.53412911182081324  0.54405181897786659
  0.55346080984116941  0.56250153170013917  0.57128996209741334  0.57999886722477090
  0.58841980592484977  0.59680054643776992  0.60557885128097266  0.61472107601118486
  0.62383243228136043  0.63273386322419378  0.64172648935543031  0.65119209031936209
  0.66105524507572011  0.67082487664149937  0.68017839086144749  0.68967015520682706
  0.69921834637199110  0.70904936477354374  0.71931202945411565  0.72982331170712611
  0.74030413539558204  0.75089952227294077  0.76186010220695688  0.77297438830937548
  0.78374257842537265  0.79440543765109983  0.80485917268551987  0.81543954880566083
  0.82600879168853647  0.83788031195340718  0.85040839164744730  0.86269828553533834
  0.87443594639318911  0.88623673699028915  0.89753496029851909  0.90826797291373662
  0.91857754019481974  0.92872795439548006  0.93958537704407430  0.95056744090027356
  0.96170099618512006  0.97265414984810161  0.98526236043195892  1.00000000000000000
 -0.00220263229455089  0.00901986475529367  0.01886405241181732  0.02866205564886369
  0.03871451268506101  0.04890599779490546  0.05886672370864093  0.06907543633749567
  0.07987682417221231  0.09175420513387428  0.10334504683448881  0.11374471766372474
  0.12358174418998819  0.13343080585177866  0.14347763237357661  0.15338330924502333
  0.16330982409162889  0.17328384027085467  0.18320599526517345  0.19352160058538440
  0.20478894301294251  0.21627019634046485  0.22768943948253575  0.23831911720842144
  0.24871718489488479  0.25930856092420723  0.26959962812343591  0.27976418162402916
  0.29006211673207632  0.30099322834576325  0.31210694908857672  0.32292331914535599
  0.33377121793971098  0.34472473909303253  0.35519842053429845  0.36508947099418848
  0.37533529888813150  0.38568765475351685  0.39618116921674074  0.40592506314996807
  0.41604827836152825  0.42656907381098735  0.43698679366408255  0.44765123046402616
  0.45829456982420708  0.46848615618258710  0.47852867223493217  0.48905640701874076
  0.50018109821551138  0.51139106175905402  0.52217514313218782  0.53430397387343964
  0.54516606726416839  0.55531758914586826  0.56542964440140819  0.57510199690600672
  0.58479957690956574  0.59484895690350237  0.60552526006330964  0.61573772054373255
  0.62513691324746823  0.63443868843395845  0.64433453159054344  0.65465881672058202
  0.66465615839985204  0.67559502115248227  0.68651875778809246  0.69754763426586663
  0.70857754390413152  0.72021960947435870  0.73168214832795164  0.74269769950387887
  0.75349974876805614  0.76454431413297907  0.77541235893370342  0.78588014697063824
  0.79651019661148248  0.80734728113926146  0.81787436581678841  0.82834218293296025
  0.83889377694210443  0.85046247832476363  0.86145806677469139  0.87229142559522521
  0.88338967878870400  0.89411238861759146  0.90440510661414852  0.91458923402462522
  0.92500433685197647  0.93541999544721222  0.94561747658839390  0.95594168905918675
  0.96666975782699327  0.97758629710723866  0.98867218500393417  1.00000000000000000
 -0.00227641092246060  0.00927212597724267  0.01867044266793686  0.02829642021061774
  0.03817118070770181  0.04764945618249579  0.05734849917191328  0.06774394887030243
  0.07887560726459256  0.08967916774276199  0.10008237073386879  0.11032826620207674
  0.12048485680204077  0.13094453725590557  0.14170663467872655  0.15205349889928699
  0.16192696751063493  0.17205432317615163  0.18264890644682802  0.19296690780420289
  0.20282519710323596  0.21282265173599130  0.22302448263511118  0.23293197785526443
  0.24267792917018796  0.25255121128548502  0.26265302480282049  0.27259714640896365
  0.28224264447666897  0.29163950480725798  0.30062709499802553  0.30961364694105120
  0.31917722244173546  0.32898908463358445  0.33948470389553781  0.35008564066611075
  0.36120035860432764  0.37271435171895656  0.38339352593397663  0.39441710084160952
  0.40425507446369618  0.41392460573948764  0.42343911916143362  0.43337847662293627
  0.44325454266840819  0.45385464123977687  0.46515537709277960  0.47735734675652908
  0.48942569119646051  0.50122603000919719  0.51305356539284885  0.52483906105312350
  0.53639584275462315  0.54762479962883681  0.55844389193797195  0.56935034060824852
  0.58007794820938829  0.59077218502080164  0.60108863129886914  0.61118604117132491
  0.62132703591804139  0.63183286596156529  0.64288331067294169  0.65390888143131942
  0.66511996489643910  0.67663114911841293  0.68805311479178144  0.69972832566547738
  0.71119885071474431  0.72279500986631962  0.73406687915819691  0.74495384676699106
  0.75574479319701127  0.76615388833074094  0.77658687735369825  0.78711493124094634
  0.79802708566655922  0.80917817058351782  0.82015234547326066  0.83096731652140166
  0.84144209138192849  0.85199225578499327  0.86272433188366682  0.87354385021094061
  0.88364360294148603  0.89381591507709446  0.90475126901458436  0.91581496583980326
  0.92609224976845816  0.93618486458241756  0.94678986213624705  0.95752605232618737
  0.96819802119790066  0.97852785504413609  0.98933035161395166  1.00000000000000000
   2.2231826549484253E-008  -1.0000000000000000     
 F F F F F F F F F F F F F F F F F F F F F F F F F F F F F F F F F F F F F F F F F F F F F F F F F F F F F F F F F F F F F F F F F F F F F F F F F F F F F F F F F F F F F F F F F F F F F F F F F F F F F F F F F F F F F F F F F F F F F F F F F F F F F F F F
  <DiscreteSampler_grid>
  grouped_processes
  1 # 1 for a reference and 2 for a running grid.
  10 # Attribute 'min_bin_probing_points' of the grid.
  1 # Attribute 'grid_mode' of the grid. 1=='default',2=='initialization'
  0.0000000000000000 # Attribute 'small_contrib_threshold' of the grid.
  0.5000000000000000 # Attribute 'damping_power' of the grid.
 # binID   n_entries weight   weight_sqr   abs_weight
    10   10   1.544160697957838E+004   1.025483096975177E+009   1.544160697957838E+004
    16   10   1.544160697957838E+004   1.025483096975177E+009   1.544160697957838E+004
  </DiscreteSampler_grid>
