  0.00935011081527956  0.01627849118440598  0.02581466093598618  0.03576818652531692
  0.04557261835704897  0.05509338693038449  0.06460152719905299  0.07417019476862312
  0.08370994221804158  0.09335944318300986  0.10332021023075132  0.11359060791303961
  0.12413989214301216  0.13513396560478974  0.14608402853663111  0.15653636942530089
  0.16647332932309988  0.17635215906039642  0.18613968670041489  0.19607567391007150
  0.20633650201905787  0.21768593573123995  0.22914662255240192  0.23990156551637976
  0.25043257971084759  0.26122983641628766  0.27210898451919679  0.28242843705726289
  0.29260922985109378  0.30320300295940950  0.31392742704482396  0.32466422404699091
  0.33561769743666242  0.34683941268157137  0.35835144406793551  0.36996977756831895
  0.38138686302242780  0.39275445348313726  0.40420698991401738  0.41567119847309836
  0.42641346622086967  0.43655849572916922  0.44670894111894971  0.45703839539943025
  0.46760545340048359  0.47823007176284105  0.48938192762692523  0.50058568361529210
  0.51119084386589042  0.52173041522571062  0.53208535718918570  0.54233143463742273
  0.55269007479861865  0.56337664326329351  0.57403104580084208  0.58461267617658441
  0.59480864583918447  0.60510559940220898  0.61576720866837720  0.62675563830159942
  0.63757911623320929  0.64805947668069419  0.65852023966985707  0.66878826388757540
  0.67900478439303003  0.68948261612512074  0.70005746862492235  0.71047847349424631
  0.72125140283883649  0.73232689999652978  0.74353158721165502  0.75434447454876730
  0.76509566737580614  0.77577566534039277  0.78626852544166992  0.79670475595003787
  0.80718649131964493  0.81786592595551322  0.82829826312289145  0.83884269746032636
  0.84952604451999014  0.86027137453865199  0.87115515416136313  0.88199953574101941
  0.89294293904757438  0.90308856210433441  0.91299960217632115  0.92286878917263482
  0.93284978724917045  0.94263619484317673  0.95231424386299957  0.96240686259242725
  0.97261629906824931  0.98275568185129625  0.99112895052380678  1.00000000000000000
  0.00938139159655707  0.01601589294570117  0.02568780465516303  0.03554133550984179
  0.04561503682999176  0.05592676167335967  0.06633825946813382  0.07673036866583072
  0.08737608635739205  0.09830516437456650  0.10910205312113000  0.11955422636677072
  0.12978481614868925  0.14009609654987937  0.15059789824438399  0.16093258859048409
  0.17105694353062934  0.18105452840765052  0.19134980553026032  0.20174667633608726
  0.21204048853195631  0.22233437145812879  0.23264095226510351  0.24337078860800276
  0.25436407181435217  0.26541147357810685  0.27664006556317844  0.28785950657004405
  0.29907129100796270  0.31037479052553379  0.32109928264833143  0.33125406592107820
  0.34163223531627951  0.35207481821355713  0.36303969453828433  0.37352566145477506
  0.38456954669032245  0.39540979517399799  0.40630877432708340  0.41708030938472729
  0.42775362478909024  0.43845010517777877  0.44955770734617684  0.46054987365119149
  0.47146114224046642  0.48193732807202949  0.49206226064780667  0.50212311333025528
  0.51220158117306092  0.52234652136620907  0.53227677678997454  0.54245276367829132
  0.55307074728486549  0.56366931144868138  0.57415587782398514  0.58484868489900999
  0.59614027536386038  0.60760978460840742  0.61904392174231693  0.63002381912440286
  0.64058411979617036  0.65102949193702564  0.66146253665487320  0.67182144600380167
  0.68223781113665560  0.69311470084463944  0.70412572590351563  0.71456082640939689
  0.72444994744933067  0.73416520533880536  0.74361617197721253  0.75309891977702470
  0.76269928586140612  0.77244212194623485  0.78235282188812982  0.79220214888087648
  0.80198107486994419  0.81168393319473287  0.82151431374721351  0.83101454637713890
  0.84084151807936958  0.85117665913531226  0.86182631250147468  0.87231686090724736
  0.88259049859201844  0.89266825649783543  0.90304869176596958  0.91380317704121838
  0.92440492406909369  0.93490396089702643  0.94542880626653358  0.95587938372196424
  0.96668552171625999  0.97710227421563411  0.98850318435005702  1.00000000000000000
  0.05643546996896931  0.05855147370789274  0.06064315358008312  0.06285954220415972
  0.06514306038192130  0.06750843146074978  0.07007326451108312  0.07288429115005113
  0.07569440571812602  0.07849837931494813  0.08133687793806547  0.08427882648356649
  0.08725866225660345  0.09027552521278066  0.09333181668805511  0.09643968885275335
  0.09963545661191764  0.10290579275928237  0.10623605929466420  0.10960311307074032
  0.11303293655293463  0.11651721099401934  0.12004314178058195  0.12359762114223995
  0.12722457621034328  0.13091138653594225  0.13487586982465219  0.13906274402290675
  0.14315465923079279  0.14697784435259986  0.14863213869967742  0.15008473627861635
  0.15159994369286794  0.15349617391266188  0.15593418345402457  0.15842541354997680
  0.16088878829213238  0.16334806942163768  0.16582295000700917  0.16832532411978526
  0.17085083741216109  0.17338701011916166  0.17593225942362717  0.17848132114135240
  0.18105864457688367  0.18366540743174062  0.18632690031938282  0.18901851307613465
  0.19174393090127112  0.19450593124162918  0.19730074052968000  0.20013609689214457
  0.20300477963642538  0.20592061143452750  0.20889646087446562  0.21188744507886251
  0.21490001517812918  0.21792696401812245  0.22099523803778731  0.22412891690643344
  0.22731933009959998  0.23056133081921495  0.23384022583148001  0.23718466759584314
  0.24056395234874639  0.24397995814691037  0.24743603078900456  0.25095028456672869
  0.25454492266813938  0.25821270453921458  0.26196339455519019  0.26580217206620649
  0.26972339951616858  0.27373130578780791  0.27784173264144690  0.28205908526664586
  0.28641856013481709  0.29097240177413908  0.29570080262664183  0.30066269540756030
  0.30581676604695041  0.31120048034824443  0.31690715039798101  0.32295962059295341
  0.32944575600234172  0.33648273832988634  0.34415339554079982  0.35259866759760233
  0.36215990582221363  0.37340634783063265  0.38688963099180440  0.40403662141206931
  0.42748066364070098  0.47328342686631769  0.59625192168187180  1.00000000000000000
 -0.00265304210201674  0.01080230592191675  0.02245442686746407  0.03496793195255239
  0.04752691916650433  0.05885752543779786  0.07026877004068155  0.08163217848635169
  0.09293985975920349  0.10452259547451670  0.11521810324804625  0.12634126654673916
  0.13705928003342527  0.14750843431039073  0.15799999292891065  0.16895626559445384
  0.18061065997956671  0.19199596204770508  0.20245033521459244  0.21318787577963158
  0.22396837144868634  0.23434409859587862  0.24448936129807575  0.25476369056797410
  0.26507780246578116  0.27501350300090632  0.28486011311985265  0.29483967894211910
  0.30503729744578773  0.31504009343250172  0.32488962064878585  0.33438700950894623
  0.34341536337694417  0.35256641942004080  0.36223267884661292  0.37201735416203480
  0.38168925716289559  0.39141687573566797  0.40166142250012243  0.41252768090813841
  0.42355642617299533  0.43423886445956422  0.44476652931466693  0.45498172774926759
  0.46564978761141190  0.47622772325731094  0.48590749275328765  0.49575943153847990
  0.50574058803807775  0.51587709987491726  0.52545830825709039  0.53470892174984175
  0.54415266066100743  0.55368900740990712  0.56367629032801281  0.57320412022040235
  0.58302840408099665  0.59275845752351486  0.60233013984649741  0.61155850767794673
  0.62099704654502930  0.63030702866724864  0.64015292809223678  0.64966471118864855
  0.65912366193509353  0.66906829027045589  0.67815222339089054  0.68779656023991531
  0.69719871794501331  0.70653424477975768  0.71621532649762842  0.72610394654799126
  0.73673153118980717  0.74854762106365791  0.75973096431427967  0.77112347335867604
  0.78238151778234954  0.79335807705320893  0.80417510505860357  0.81480496569996552
  0.82562711689144186  0.83645091805597516  0.84751141096079696  0.85838507625915617
  0.86898656686387588  0.87967529946604439  0.89087138878458105  0.90247155809627866
  0.91369112746378445  0.92587743938820000  0.93776037846498639  0.94932043461967253
  0.96117482316894154  0.97429225784609175  0.98717451962680036  1.00000000000000000
 -0.00251475748565042  0.00965708675638197  0.02006227477324427  0.02999045001325144
  0.03999804870299727  0.05019332892958658  0.06077628842935456  0.07113776974289469
  0.08142551190704932  0.09215581877342083  0.10294130732705517  0.11367434282533068
  0.12427960866881951  0.13492406389717973  0.14580357845591438  0.15669410875848616
  0.16750217874903869  0.17834424391656389  0.18873415096074028  0.19869280622273836
  0.20887914352039444  0.21957456489431651  0.22972306902681278  0.23993303500071503
  0.24982983642982390  0.26026383994986624  0.27101479087735980  0.28095169212402160
  0.29125264637862730  0.30131401767712590  0.31164888540163899  0.32232301705886418
  0.33279491360290714  0.34377892470394350  0.35480523983976642  0.36611607540116187
  0.37761859350842258  0.38893157056288558  0.39999020108704636  0.41086219915391281
  0.42169508279432250  0.43197559659211571  0.44258475075333192  0.45310721634476192
  0.46389259273111733  0.47421691031572771  0.48466619884994050  0.49609640704768299
  0.50689048056546560  0.51750035168165187  0.52808099480114834  0.53861609651108977
  0.54937569444750667  0.56020142109229276  0.57079589581699242  0.58117360073537616
  0.59154602688305447  0.60198543553020345  0.61247279173208613  0.62301421783483302
  0.63377091138685526  0.64436149013827348  0.65537674712392902  0.66621203901855142
  0.67665310309185023  0.68684538526753114  0.69743840291760728  0.70790136880933596
  0.71807976425411335  0.72827689339242629  0.73916274854973874  0.75008528081697734
  0.76125489597073548  0.77228548509680539  0.78352010002978811  0.79424127032977343
  0.80441931166540970  0.81450476000811567  0.82466464217591151  0.83509754926848256
  0.84573118401336045  0.85621707070811914  0.86668360426774849  0.87708216708665543
  0.88746735050619074  0.89812986650520255  0.90870511820150079  0.91954361519989269
  0.93041972125890482  0.94117291574191775  0.95186306833957657  0.96194051999570407
  0.97172074251471685  0.98127430099901358  0.99071574969076792  1.00000000000000000
 -0.00299265570948967  0.01153315294611832  0.02403082314952822  0.03714036956618674
  0.04907762226597044  0.06099201103188191  0.07181448778684302  0.08237296556679723
  0.09300761405083964  0.10373311250942133  0.11467529510053964  0.12526309612994813
  0.13648287478363813  0.14769676080363883  0.15888616407367584  0.16979690847650508
  0.18050738822001264  0.19128136131002474  0.20235750141140724  0.21323851823298123
  0.22434922836874943  0.23543012287563786  0.24616682146209237  0.25648777156585212
  0.26646626663181994  0.27643233984769711  0.28644314814817207  0.29675603288368130
  0.30697593472026374  0.31706594522036835  0.32683989927843810  0.33731355242749528
  0.34739112477912198  0.35731120316426851  0.36734822086281443  0.37692727461658981
  0.38720515505921793  0.39702725863990007  0.40740021112392161  0.41745994344525605
  0.42736926825673643  0.43686505976972106  0.44669740005545294  0.45636265153883820
  0.46569991640164676  0.47519654392643018  0.48486695022635279  0.49465184904275195
  0.50446576257014175  0.51407119614792607  0.52344733267412369  0.53261397903920393
  0.54190930035535434  0.55143567129357385  0.56090459270872550  0.57052275078300119
  0.58026317216250445  0.59039739823634907  0.60045531866313850  0.61046946161873272
  0.62053319566915666  0.63081215580823191  0.64109550955495143  0.65122460339801524
  0.66116125709133999  0.67101464584225223  0.68093941370020628  0.69050290677383797
  0.69973512875300981  0.70928450235200480  0.71929740659934438  0.72940861046000605
  0.73956562958909389  0.74979579066021573  0.76031740294938266  0.77077771499397052
  0.78154914508070983  0.79232876476314229  0.80281180351243342  0.81327989044408433
  0.82390114799724012  0.83467439966432244  0.84513659007635877  0.85608040336080771
  0.86752374504803720  0.87940435123756888  0.89162412029431770  0.90425782986189751
  0.91690445922191566  0.92965380605685455  0.94211049626033527  0.95453773215029980
  0.96654687488518298  0.97793380237279603  0.98883212901539264  1.00000000000000000
 -0.00197912013792892  0.00860491745898148  0.01765810674718804  0.02745568321771813
  0.03752905517568871  0.04765091648566518  0.05848673697619804  0.06947966126503045
  0.08119170173195450  0.09183396240388168  0.10281820997128216  0.11390044975402740
  0.12542423869326605  0.13698621353850193  0.14825238188194359  0.15940896832256210
  0.17039982632716549  0.18102454028315401  0.19179747270406003  0.20248898534494719
  0.21282668464853333  0.22284220836614013  0.23259896341795039  0.24226533907807571
  0.25167019305647403  0.26119514766866225  0.27094879694544616  0.28103271977519406
  0.29079267712628709  0.30094775148140107  0.31125674245611906  0.32237008557007285
  0.33412810487972150  0.34371738748128522  0.35413906061958766  0.36397189940250019
  0.37375335417055627  0.38302689550728486  0.39229184084797225  0.40211666068093155
  0.41277725634026646  0.42346583671177807  0.43409304982045022  0.44498238637928500
  0.45623754198494887  0.46748150475789857  0.47843505294002642  0.48905590067825738
  0.49952338636134075  0.51021183321577457  0.52109737968555769  0.53209502713667289
  0.54323233528950376  0.55435600796790152  0.56534772597772465  0.57643110246579510
  0.58724991276006078  0.59748798077184173  0.60783917913449126  0.61808251970989414
  0.62835265289032394  0.63852561095044091  0.64881741194312703  0.65948029704195954
  0.67011417792456163  0.68076513660260174  0.69157078199804245  0.70243740940192023
  0.71281235496513717  0.72307680736153102  0.73349707984455126  0.74416869098763905
  0.75467853319384381  0.76522578325754576  0.77573027640282155  0.78658018372733907
  0.79765113150699740  0.80912778837998711  0.82015350671530662  0.83050873914292922
  0.84111098350115909  0.85178723686537561  0.86229791440011427  0.87234283664381740
  0.88265247786606804  0.89257126839183865  0.90219502361187776  0.91199824973585186
  0.92245228189164896  0.93352095306649019  0.94411637597693265  0.95484463038699086
  0.96573750238953204  0.97777388154861733  0.98878077805014997  1.00000000000000000
 -0.00238414080511459  0.00890905603414355  0.01916346826881134  0.03022137608412276
  0.04154189536615902  0.05229750203980617  0.06280590200178104  0.07315813860427078
  0.08358318258011277  0.09397725958480990  0.10483487312591840  0.11612458538376402
  0.12728509720167813  0.13833095700406178  0.14915365455254470  0.15988694887505403
  0.17086920313678206  0.18182618049111968  0.19250022581283668  0.20313897579525264
  0.21384753057781916  0.22484804886859136  0.23588140056326742  0.24680130291701419
  0.25730085935652675  0.26757864416057942  0.27830094968379632  0.28957228066257823
  0.30117153372807137  0.31275197191433790  0.32403216713225347  0.33482073079908131
  0.34524337863613580  0.35566066066548874  0.36616466488849170  0.37643778118087085
  0.38630699263190671  0.39606286014266623  0.40594894376394619  0.41586847020994000
  0.42581156993107161  0.43584254561551844  0.44602195142975914  0.45630888897801775
  0.46675050959943781  0.47728037994513284  0.48778697743263988  0.49819011163689658
  0.50807418876666710  0.51762319816971059  0.52754384223317452  0.53775522155908329
  0.54839615894074711  0.55887018025786450  0.56958254226725857  0.58033097797377720
  0.59133039879116644  0.60214289877165050  0.61258228513671709  0.62271355708161868
  0.63285786250556042  0.64297836513271489  0.65297388905961584  0.66289326891513045
  0.67317248257224460  0.68391940837790255  0.69492723867458472  0.70583800995715396
  0.71618219107907133  0.72632019686534333  0.73682652724599440  0.74770617224514424
  0.75781849604236839  0.76754226517904500  0.77736480980841249  0.78729333835826809
  0.79724039341014885  0.80690467556078960  0.81669444935965496  0.82711897404698609
  0.83751818054920479  0.84831052486296454  0.85925359727505946  0.87055746715381677
  0.88203733340551660  0.89384156544069737  0.90604114962612015  0.91770386728230247
  0.92829451906639593  0.93896832196157609  0.94914497502526751  0.95881512032406557
  0.96866471944174815  0.97802009065055262  0.98922434129581016  1.00000000000000000
   1.1012706078991768E-008  -1.0000000000000000     
 F F F F F F F F F F F F F F F F F F F F F F F F F F F F F F F F F F F F F F F F F F F F F F F F F F F F F F F F F F F F F F F F F F F F F F F F F F F F F F F F F F F F F F F F F F F F F F F F F F F F F F F F F F F F F F F F F F F F F F F F F F F F F F F F
  <DiscreteSampler_grid>
  grouped_processes
  1 # 1 for a reference and 2 for a running grid.
  10 # Attribute 'min_bin_probing_points' of the grid.
  1 # Attribute 'grid_mode' of the grid. 1=='default',2=='initialization'
  0.0000000000000000 # Attribute 'small_contrib_threshold' of the grid.
  0.5000000000000000 # Attribute 'damping_power' of the grid.
 # binID   n_entries weight   weight_sqr   abs_weight
    10   10   8.354542131351111E+004   1.224370256265869E+010   8.354542131351111E+004
    16   10   8.354542131351111E+004   1.224370256265870E+010   8.354542131351111E+004
  </DiscreteSampler_grid>
