  0.00030107247946524  0.00034328898369591  0.00037222268410467  0.00041349619602171
  0.00045686449465409  0.00052495606962528  0.00077697694896863  0.00123895279050157
  0.00166289358847819  0.00207933359709169  0.00254445609405646  0.00306747441492179
  0.00366137755399776  0.00430279142493378  0.00496134978576872  0.00569932937630370
  0.00661234633240934  0.00770508268634604  0.00895581068590147  0.01030525572433308
  0.01179015479628600  0.01349322031031706  0.01546682772590766  0.01764268209374864
  0.01990930098035265  0.02240442014037885  0.02545495965878848  0.02923385191024830
  0.03347156433061724  0.03789973874532604  0.04267676975775866  0.04772173472371595
  0.05237634314887894  0.05610087331236190  0.05881753688677213  0.06074066960530424
  0.06211518935548215  0.06311478246603131  0.06386737317070444  0.06445849397708266
  0.06492921424401130  0.06531308321294373  0.06563639142613575  0.06591482699474101
  0.06615768813896004  0.06637157253083049  0.06656473051889429  0.06674205520718850
  0.06690494362810137  0.06705645126302480  0.06719943568688429  0.06733572352207241
  0.06746692319103416  0.06759279921285448  0.06771558745106399  0.06783782464788010
  0.06795983686194931  0.06808281671642433  0.06820803046025117  0.06833653156000970
  0.06846941911860513  0.06860770482233104  0.06875288914746021  0.06890699580363777
  0.06907242557144505  0.06924964059440002  0.06943712904540766  0.06964216335308705
  0.06987074792572627  0.07013286526285752  0.07043583414441165  0.07078453431580151
  0.07119865965971227  0.07169650227921941  0.07233410025530579  0.07318897399614337
  0.07426206247125368  0.07570816841985352  0.07781421155226374  0.08092575733404388
  0.08555705801998875  0.09194221561101473  0.10073031872757067  0.11226040506381803
  0.12834038313828536  0.14935292456167062  0.17593378909526752  0.20973661345879430
  0.25709671848860133  0.32283795283819955  0.41153317652562649  0.51948510470069287
  0.61852786602928878  0.71172318251298017  0.83743950952722179  1.00000000000000000
  0.00001453352844701  0.00004073196924205  0.00006947788966994  0.00009838058902620
  0.00013087490922522  0.00016836627620902  0.00021391902590184  0.00027272937118294
  0.00034645309254322  0.00044800143962589  0.00057725885413715  0.00074236187541166
  0.00095336969270779  0.00122062702987682  0.00156548942171078  0.00201044799475866
  0.00256631897659275  0.00326341487061765  0.00410347622954580  0.00536407793788683
  0.00712293633780094  0.00965803245683275  0.01347086115148480  0.01949951999368337
  0.02862027792047778  0.04050679950338412  0.05430204054968074  0.06982248621632352
  0.08723326016924021  0.10520267032181609  0.12343653151827252  0.14167492180037952
  0.16007778803002515  0.17850013434150427  0.19672203812241529  0.21487100441007820
  0.23317323033154749  0.25168033096903070  0.27026321354097538  0.28878347811725374
  0.30728134736363644  0.32580420507796082  0.34415429419164550  0.36245348471530758
  0.38081339339482173  0.39914681375466587  0.41750453775105900  0.43593603852207563
  0.45446038363148272  0.47321571470355228  0.49173672736474716  0.51004442354376067
  0.52837790289652709  0.54672660264440287  0.56504578759091073  0.58336422821059331
  0.60159979940201269  0.61970240863413173  0.63773075739717944  0.65570389604195845
  0.67366329785746248  0.69153608567618696  0.70941225976164712  0.72730283952680930
  0.74518211827447334  0.76308906265947218  0.78082214017087115  0.79836885546508207
  0.81580955396866028  0.83307092083155232  0.85015402824259256  0.86701450845032191
  0.88365333121767953  0.89998475165993841  0.91568527531850608  0.93054256730055296
  0.94443556255596295  0.95704792076315137  0.96798142477743576  0.97689720267197233
  0.98345876905297758  0.98796822480946556  0.99125994834053233  0.99367948147615393
  0.99551636635488039  0.99684916651091726  0.99783952904406947  0.99854304941925298
  0.99903816339696128  0.99934193284288197  0.99952671892059375  0.99963568588134899
  0.99972718814748396  0.99981417688868146  0.99990078658543269  1.00000000000000000
  0.00049573059006187  0.00087021044627162  0.00109279060012196  0.00129207525162674
  0.00150817146949607  0.00175058491890705  0.00201768735677033  0.00230491218940439
  0.00261415252247882  0.00295531882333773  0.00333798285987131  0.00376464919508801
  0.00423112294544082  0.00473028851697041  0.00525381491779618  0.00578836623908625
  0.00632263557833091  0.00685304610912591  0.00738794081740440  0.00793842621756955
  0.00850671370509846  0.00909264909707220  0.00969897685704794  0.01032501753416531
  0.01096547298231386  0.01162235109429157  0.01229123451554095  0.01299079202316561
  0.01373335889411792  0.01452304278825182  0.01534271316634952  0.01618724818906839
  0.01707926533119005  0.01802894366225475  0.01903803124507375  0.02007761571692624
  0.02112102497636997  0.02218646875904078  0.02328953223933436  0.02439605094487287
  0.02564195082466322  0.02695529967021505  0.02827620773619292  0.02963654842798307
  0.03108759637683330  0.03263567189863900  0.03422917436821336  0.03584475370137836
  0.03755837733643314  0.03942507648726701  0.04139854307991415  0.04340770041474031
  0.04549956389682643  0.04763546618307411  0.04992103333344289  0.05228021166063140
  0.05481899621321223  0.05739819776315205  0.06008226572855520  0.06278395606033808
  0.06581415066884276  0.06895990653194901  0.07229353217661626  0.07573488634339112
  0.07940090176052921  0.08333131714770681  0.08781432962523472  0.09217326711176750
  0.09680599782967350  0.10155505081171920  0.10666033655803762  0.11210300078659328
  0.11787412266396163  0.12399677803461555  0.13079508543059937  0.13821336128847264
  0.14643403179294928  0.15522027957912657  0.16477215798735617  0.17452630426077070
  0.18528192672779265  0.19620231031702373  0.20827363020170916  0.22077526374495834
  0.23466808177159307  0.25001214507504543  0.26675123650279686  0.28462573533665725
  0.30372888869029158  0.32472334114142354  0.34761331353948283  0.37390426165059742
  0.40504534146353594  0.44492584810858810  0.52373187925391473  1.00000000000000000
 -0.00201486273095952  0.00824676595759538  0.01829417575671932  0.02790645797745371
  0.03796799324811495  0.04771244416886360  0.05768796835056171  0.06745842403814900
  0.07640025157108661  0.08550306037429879  0.09474817913945302  0.10466514440068844
  0.11467903240204376  0.12438940354166396  0.13398732566108690  0.14377528993429728
  0.15350506860711066  0.16296503159538900  0.17223567635042689  0.18161334987895050
  0.19146222158267270  0.20158704154508361  0.21146274533864184  0.22106353137875309
  0.23054392691326558  0.24022413357417730  0.25024957175192925  0.26043893919042432
  0.27069843620700329  0.28068778755937646  0.29062298019444244  0.30086167851470069
  0.31161280619998100  0.32221551038125229  0.33252043848732932  0.34255249180320396
  0.35276305366454613  0.36307515315666894  0.37348420104030355  0.38419605346561142
  0.39486426219808302  0.40568927157066964  0.41655389093657902  0.42757282654571105
  0.43860054603471343  0.44959372655423213  0.46020355268434660  0.47090128111500668
  0.48200152067175983  0.49343961071124542  0.50457243363678983  0.51497891028444420
  0.52548284504565856  0.53616525496626155  0.54761219322096522  0.55898310545927965
  0.57004907162636265  0.58116390608948143  0.59254315778852651  0.60429841462224954
  0.61603475107747663  0.62752257328595140  0.63890446800703449  0.64975241488534152
  0.66048735276464499  0.67131145295664363  0.68241770603303253  0.69392983863315683
  0.70545545298182011  0.71676735245809575  0.72799677790507056  0.73911832245998521
  0.75013639134915322  0.76119249835831493  0.77224555732146194  0.78328166439027413
  0.79420034787744254  0.80438842128142551  0.81449407675497743  0.82470669525416784
  0.83599648089765766  0.84777128935504498  0.85910643121824692  0.86982798129863992
  0.88051724600504400  0.89128138397876733  0.90181147063600053  0.91250198715540998
  0.92252441356129788  0.93187166169318569  0.94283693837024274  0.95336632374961294
  0.96539246147824320  0.97697873993581086  0.98858839432277335  1.00000000000000000
 -0.00225704558297954  0.00898193925490708  0.02005146753897107  0.03009392808461917
  0.04068275572765300  0.05023036778239996  0.06005721099639673  0.06971817618223504
  0.07976837540334950  0.09021561222676115  0.10098171113121336  0.11222037282687602
  0.12303494003292166  0.13372938826020558  0.14452495560875186  0.15572535821088418
  0.16672964864495779  0.17759954130476938  0.18848723357937908  0.19958578769421265
  0.21070960122275242  0.22176771001922771  0.23286679155054169  0.24373426668164500
  0.25425419529613486  0.26470079661723223  0.27500991882130571  0.28554502022162931
  0.29631738491801479  0.30731742324269773  0.31851393165129993  0.32949326487797637
  0.34003527107632703  0.35035365139102786  0.36063352840396745  0.37145237637721878
  0.38202116670179342  0.39232959745751661  0.40263172440342943  0.41312315745061662
  0.42392716155188132  0.43455379015871026  0.44507617771993441  0.45566238709403922
  0.46633784910724302  0.47727681528331589  0.48818088605119675  0.49923362369448210
  0.51026428113404099  0.52123229958224782  0.53216302151265238  0.54311460232783959
  0.55408820996882380  0.56498814141112785  0.57551329675937990  0.58565251775919192
  0.59531519580730063  0.60524155625458775  0.61568283205975038  0.62633597805981800
  0.63707197638192636  0.64786825870106834  0.65831129457481929  0.66849884970237461
  0.67882323685024559  0.68943213918760038  0.70015185944592195  0.71057128271312364
  0.72081366895942045  0.73099620115162645  0.74129966087444044  0.75158877690336179
  0.76194388954286363  0.77231102776256000  0.78289319946227665  0.79339854405108601
  0.80386102915713054  0.81424402240721905  0.82493445541896593  0.83584183503641529
  0.84627706514259360  0.85627117196425095  0.86596905633134535  0.87616488547671378
  0.88691547872107690  0.89726770919429666  0.90767044923364237  0.91810761018105425
  0.92870785091624941  0.93934013281206941  0.94957467773904458  0.95938892307476875
  0.96887726883109182  0.97886815901384605  0.98881812110287992  1.00000000000000000
 -0.00178186765167423  0.00717329491777819  0.01643723424997823  0.02587944969612384
  0.03593953181233420  0.04563802253154271  0.05532436753926898  0.06477464422799635
  0.07417785159495117  0.08356095074542405  0.09297489463290046  0.10234184780226531
  0.11160954818046029  0.12102382858482913  0.13058390838391240  0.14038065657658388
  0.15016446889639126  0.15973972119414684  0.16931382306709064  0.17904438396831387
  0.18917655521465881  0.19917777890893051  0.20861576019644434  0.21802203289381730
  0.22761444489664423  0.23771786821218302  0.24793677414480700  0.25808283910681029
  0.26807371225206367  0.27810487574620091  0.28829271669598999  0.29872802965545586
  0.30929848197599974  0.31984731246240927  0.33033640743501730  0.34040027641237963
  0.35014756243713663  0.35989374042631606  0.36994351915918561  0.38052635263108103
  0.39143312579628742  0.40213276899819439  0.41291977925256218  0.42370387986680780
  0.43471136481606432  0.44575065626949684  0.45674427045952282  0.46757773750045645
  0.47841340006512956  0.48954340811093183  0.50086644784361789  0.51205341859900666
  0.52313477666484054  0.53439897755927968  0.54566184312909405  0.55704181322491408
  0.56851681104977969  0.58012571934575874  0.59175705776489174  0.60320055070273637
  0.61471374315377802  0.62626690731827128  0.63734044740643692  0.64809300722335705
  0.65851711215858044  0.66913439742763370  0.67975862295749101  0.69024479860129573
  0.70083154195580522  0.71195750637570110  0.72351671528808015  0.73499597313118981
  0.74641260048494107  0.75786739257433478  0.76910795452453862  0.78015517372280119
  0.79123776392152267  0.80228032437617791  0.81311030636923465  0.82358696284252020
  0.83442923319537865  0.84577957307083318  0.85715767905462348  0.86830786354192890
  0.87934447519160697  0.88999790588095617  0.89996743827132797  0.91041899575277907
  0.92138000654073138  0.93310032570130153  0.94394989031964927  0.95513966208566270
  0.96602545782470328  0.97762556693089830  0.98910341207392038  1.00000000000000000
 -0.00213529862948764  0.00839709330699927  0.01852644765968274  0.02949027620411040
  0.04081104109998459  0.05119141275879890  0.06145591189399340  0.07175523280830433
  0.08229454501389222  0.09288373355420365  0.10343321642099056  0.11438983163837829
  0.12545965910378939  0.13608273441958982  0.14667663711353734  0.15717174735526648
  0.16801657186073890  0.17888122942324863  0.18955784234575443  0.20013180753335616
  0.21068220391602094  0.22116678841334356  0.23146778311295052  0.24163835942090792
  0.25194563068828318  0.26265608025181358  0.27289236465879829  0.28250618553007339
  0.29190974103652673  0.30150536211174128  0.31209026385639349  0.32279611942595976
  0.33356194450528270  0.34441137860819737  0.35545421909325181  0.36664030057552488
  0.37768086332780265  0.38865690801345104  0.39941073674645844  0.41002906567007902
  0.42071109929060152  0.43153581950266934  0.44238102436705812  0.45300375235658463
  0.46342618250975531  0.47398979322898771  0.48451294154324426  0.49504859157844372
  0.50576829445276839  0.51677471431300936  0.52776818903212308  0.53874954141218800
  0.54950520012309423  0.56011440808141566  0.57022261838385846  0.57990650235774643
  0.59008339125894749  0.60025384551376426  0.61041448445874669  0.62029038466661612
  0.63016897214862766  0.64066656471968519  0.65145888405126773  0.66205373663244160
  0.67228215694870475  0.68233805780822288  0.69275679101867138  0.70354305473315459
  0.71384783497935533  0.72396266409266596  0.73416558796081455  0.74467922549732424
  0.75573211976961852  0.76594943622792733  0.77599401797343759  0.78644540334268864
  0.79709792305412286  0.80780007862105230  0.81867047919599445  0.82948811883351947
  0.84018515953793416  0.85088365772081609  0.86107308924897497  0.87167494447617322
  0.88219020593686193  0.89281780089823137  0.90420631665954798  0.91516852128563264
  0.92607373241675095  0.93639382061051379  0.94679672167555107  0.95734364108627801
  0.96788055028738618  0.97845383552457821  0.98883717667457016  1.00000000000000000
 -0.00243412286724815  0.00964831889594119  0.01941869709376192  0.03039051411400909
  0.04042053014571584  0.05071328006426457  0.06073322587116842  0.07091125454865381
  0.08153349840172651  0.09238873294495159  0.10325496789511389  0.11390066404548838
  0.12469447662956240  0.13551892858271369  0.14588821550262857  0.15613454451980299
  0.16659649717598998  0.17737722012169413  0.18824283641184386  0.19894280773348380
  0.20915143869091909  0.21882302496842349  0.22887139213862884  0.23924522263692097
  0.25015257774338001  0.26083216574661228  0.27148728057974819  0.28222393295034465
  0.29261148014791838  0.30317729651838987  0.31387234836635280  0.32490182066751272
  0.33579396675111400  0.34643177052303792  0.35708045584991555  0.36774645308471371
  0.37825556198591831  0.38853916713792280  0.39903223517067732  0.41014901190821867
  0.42141021379699684  0.43214955702299579  0.44308444858753743  0.45399657417098110
  0.46505437509977399  0.47564805728828852  0.48645690375808526  0.49732538015026273
  0.50795245062499139  0.51801696454564261  0.52799076267140232  0.53815721614596912
  0.54897776970432033  0.55972789736819162  0.56990787216881023  0.57985917485072436
  0.58982298934153343  0.60028342014927805  0.61104734959880913  0.62192339351845238
  0.63279022235091487  0.64366238282613730  0.65423575386151678  0.66467511155524106
  0.67506204445207152  0.68564350736204083  0.69646814761489262  0.70741679203918717
  0.71830407163614329  0.72883042097034900  0.73896642062872808  0.74912409335253360
  0.75991730208440889  0.77097081779939369  0.78184052034860163  0.79238969320037000
  0.80284095485756624  0.81342679056850087  0.82422137811745888  0.83508764677444658
  0.84595840471977957  0.85665888931370937  0.86739720943702869  0.87811399847487115
  0.88886159257792030  0.89923251410218374  0.90908966121350865  0.91869419107961248
  0.92856585406187364  0.93905520465082182  0.94981322590691408  0.96055007548178517
  0.97114704572617960  0.98102722381077401  0.99051268512182034  1.00000000000000000
   1.2259014177855504E-011  -1.0000000000000000     
 F F F F F F F F F F F F F F F F F F F F F F F F F F F F F F F F F F F F F F F F F F F F F F F F F F F F F F F F F F F F F F F F F F F F F F F F F F F F F F F F F F F F F F F F F F F F F F F F F F F F F F F F F F F F F F F F F F F F F F F F F F F F F F F F
  <DiscreteSampler_grid>
  grouped_processes
  1 # 1 for a reference and 2 for a running grid.
  10 # Attribute 'min_bin_probing_points' of the grid.
  1 # Attribute 'grid_mode' of the grid. 1=='default',2=='initialization'
  0.0000000000000000 # Attribute 'small_contrib_threshold' of the grid.
  0.5000000000000000 # Attribute 'damping_power' of the grid.
 # binID   n_entries weight   weight_sqr   abs_weight
    10   10   6.122611222138244E-001   1.278409902717492E+000   6.122611222138244E-001
    16   10   6.122611222138244E-001   1.278409902717493E+000   6.122611222138244E-001
    22   10   6.122611222138243E-001   1.278409902717492E+000   6.122611222138243E-001
    28   10   6.122611222138246E-001   1.278409902717493E+000   6.122611222138246E-001
  </DiscreteSampler_grid>
