  0.00937398745912914  0.01566100240059715  0.02500311178717400  0.03602025070447513
  0.04664255898249089  0.05767232167485956  0.06901836559364199  0.08109267384332747
  0.09257425962959057  0.10406551299768041  0.11504919621916579  0.12633794678070609
  0.13768558769684833  0.14894825922053817  0.15988252803144745  0.17079875882479140
  0.18181598200689950  0.19220061618697723  0.20197267915378045  0.21170387500607693
  0.22174516001152231  0.23192077735657760  0.24157950794580718  0.25124258586095138
  0.26133080208859683  0.27208285206716448  0.28355975645333437  0.29532845200974345
  0.30696912404975651  0.31819407124454308  0.32910178636691267  0.34001534744008077
  0.35087343193740511  0.36153947614721405  0.37192556881959238  0.38208584675966833
  0.39287770660532251  0.40364770833333402  0.41497444850966331  0.42508229978645246
  0.43525122843858854  0.44501142530336196  0.45505207765033034  0.46525368463035693
  0.47557219216099189  0.48580101804457732  0.49585933691243189  0.50625522131485101
  0.51741597302169606  0.52886272145780444  0.54010116547194353  0.55027543916132926
  0.56003198547904331  0.57039972345731360  0.58099720040638037  0.59203827192668523
  0.60345234504409129  0.61546053848952653  0.62700939785677390  0.63787611752421758
  0.64859996033218470  0.65942587242237216  0.67015109108739179  0.68058261665070607
  0.69083222597102412  0.70095498199007256  0.71103335917142041  0.72081479199684595
  0.73050171701958577  0.74020961250436446  0.74977960641859753  0.75927630241491062
  0.76888542582305486  0.77895759858636715  0.78914764081649691  0.79887309266240436
  0.80779150191852889  0.81707291984817731  0.82644385802627585  0.83593429443460987
  0.84531854580675392  0.85481328804291590  0.86467680884527209  0.87456075351314477
  0.88480710168866317  0.89522415367329100  0.90570838602428083  0.91559117188088490
  0.92539540001878440  0.93484728739927703  0.94388839720374607  0.95266898395362265
  0.96183632790922735  0.97181782662868554  0.98139770219078626  1.00000000000000000
  0.00916449438973066  0.01620310073181397  0.02629246394987609  0.03793875372846597
  0.04875765795473976  0.05921760965588801  0.07008002728719941  0.08095495718182875
  0.09211425157412489  0.10309994137753017  0.11523525412968087  0.12726701196693663
  0.13937834775383259  0.15046768511932729  0.16011666141159331  0.16969870350500191
  0.17929161793050999  0.18934433766085235  0.19894803937921018  0.20886150346734092
  0.21958130121835151  0.23066385076169849  0.24159305289303679  0.25278486196958411
  0.26452453260182446  0.27618123501890124  0.28745203734061042  0.29817782006035903
  0.30846978307263578  0.31838514245128169  0.32814577266245942  0.33791448621544479
  0.34772950500350802  0.35746974959582628  0.36740131530120596  0.37758829582546044
  0.38781133720513261  0.39778670864856197  0.40747106172477321  0.41723047245184863
  0.42735694361924526  0.43776563888265907  0.44784871466048104  0.45763844981409901
  0.46683202107626554  0.47577091758407031  0.48415391094189242  0.49267134322340023
  0.50171675363647683  0.51187321042219891  0.52221586979093193  0.53350883865414300
  0.54453234099687764  0.55535233257377004  0.56612214016296569  0.57675373463205837
  0.58732581163437703  0.59781994182937392  0.60848095641182198  0.62006011150520857
  0.63121010829872748  0.64274401729118136  0.65363880468719548  0.66450418398537181
  0.67581737791408814  0.68721159869853576  0.69726726146387386  0.70704124584343131
  0.71731552489911732  0.72763517627838703  0.73732098868614937  0.74702435901496722
  0.75688253720920140  0.76680423215284688  0.77651572286846093  0.78625365826140337
  0.79615229883448047  0.80641673460363905  0.81719356367111828  0.82862631077519511
  0.84001657012224540  0.85123456819161214  0.86247051640301942  0.87372894783293320
  0.88465045947357723  0.89517169623216741  0.90509973229062257  0.91467946131283884
  0.92459048070470162  0.93444687956207051  0.94450284872740242  0.95452421341231763
  0.96497656569319856  0.97641950641680608  0.98805481810380646  1.00000000000000000
  0.05693247827221162  0.05913529914133413  0.06167743319383678  0.06457646766879592
  0.06782273065218657  0.07130657834965981  0.07515114539370191  0.07894567891991273
  0.08274333554699563  0.08670626627559377  0.09072265442687413  0.09479934517522878
  0.09896689798788498  0.10318534509319019  0.10749206519536914  0.11180440198709679
  0.11616859748832492  0.12072379500286051  0.12529367018323787  0.12994264664964461
  0.13500990087852485  0.14056925403353018  0.14587263958712424  0.14842416370196251
  0.14928185198721694  0.15054123624397309  0.15173441050464945  0.15340251463345020
  0.15581409158432044  0.15819881363614091  0.16057728061570808  0.16296419979900809
  0.16535806382615081  0.16775979763108873  0.17015067119340171  0.17254256490031675
  0.17495757059004002  0.17739063250560538  0.17984628272880471  0.18230636817074289
  0.18479748982711358  0.18733366074743391  0.18990183368995839  0.19248372879660161
  0.19507970504509314  0.19770084015193926  0.20035637951885457  0.20304778803538268
  0.20577491283638810  0.20856328971520946  0.21139067079404264  0.21424685375814456
  0.21712047582993199  0.22002896894814536  0.22296667218122621  0.22594182900644430
  0.22892043197722595  0.23193903793606177  0.23500799279274884  0.23811392885812677
  0.24127249032807047  0.24449187141491047  0.24776173797986201  0.25108967855405673
  0.25446847893083269  0.25789963691615708  0.26138430026970688  0.26492782780392782
  0.26854532538623177  0.27228159196096602  0.27614839865247293  0.28010905490313637
  0.28415145981166273  0.28825700412532207  0.29244836013771042  0.29677919301927824
  0.30133301029420395  0.30607306149920183  0.31101592016262991  0.31619211712421275
  0.32160670450265827  0.32730854855206309  0.33334489950564200  0.33981151834868384
  0.34678429978025521  0.35437318772739229  0.36263508379270593  0.37188951261335684
  0.38242312200667666  0.39472600619014808  0.40991904770904164  0.42878422943923494
  0.45540218920624381  0.49846548007204416  0.58594370262985163  1.00000000000000000
 -0.00343213734489922  0.01238161806577897  0.02482047907258372  0.03697316466055085
  0.04914152008419386  0.06180024337106610  0.07422572632288392  0.08665282222018858
  0.09881949664159184  0.11124836365199524  0.12294128125933068  0.13354237122844645
  0.14377517669938303  0.15427528102625399  0.16501216009748335  0.17510749743468479
  0.18503044559024318  0.19567470786731778  0.20633914688866434  0.21628884362268871
  0.22580112753078357  0.23566227429905673  0.24620373733218892  0.25693334870548162
  0.26767284232725558  0.27898807124091307  0.29060814949003344  0.30103635624268898
  0.31091948097653910  0.32096220028823735  0.33081911059544855  0.34038772052295696
  0.35000914163170971  0.36014658348303552  0.37087365302015252  0.38147656136130192
  0.39199860286523985  0.40196906871993865  0.41159239933207603  0.42145625752628602
  0.43122367440951070  0.44043861012118996  0.44960276318456799  0.45855666979334619
  0.46820115482818309  0.47748584886471990  0.48696427207590576  0.49653114184731495
  0.50638466484400824  0.51609800117761861  0.52627961212822694  0.53676124472042597
  0.54772404365750049  0.55861151372621476  0.56937697640001239  0.57980318903824424
  0.58999088206222638  0.60029211665759907  0.61062375828215532  0.62061342414066911
  0.62997851594783794  0.63883545528792862  0.64758461194217543  0.65624239967514564
  0.66477371524184858  0.67347414382851267  0.68216178487026558  0.69166756781268535
  0.70153213347753174  0.71115233530155320  0.72070961563030711  0.73008158906751164
  0.74006224872904336  0.75032214820542842  0.76101006185693465  0.77183325717096607
  0.78304543511021896  0.79461377609773065  0.80667509151115258  0.81858242793754432
  0.83032711841170259  0.84128761381923323  0.85206991780822627  0.86252386183438556
  0.87304604734241464  0.88375310043857647  0.89463349282141680  0.90523845310855244
  0.91577729496816651  0.92659517111700018  0.93793942029944721  0.94913581611241771
  0.96056592102666360  0.97317325461809623  0.98618665389972615  1.00000000000000000
 -0.00318630577736171  0.01105974128975272  0.02287609235401526  0.03450171695183286
  0.04617931210294940  0.05813144971562176  0.06931771405384241  0.07993504136047572
  0.08967388444206741  0.09923006852855613  0.10922328251478298  0.11930012088723037
  0.12956835505937533  0.13986258099799564  0.15064271230334561  0.16169296458910254
  0.17265233516829798  0.18330039749186788  0.19392974410915179  0.20457683412035563
  0.21528262186375630  0.22594291888547186  0.23644539240128523  0.24673276704448074
  0.25645583958034490  0.26551713578500363  0.27447221706515013  0.28349092754968513
  0.29308708369479286  0.30312819934806695  0.31250683724737099  0.32306188205789643
  0.33342264809292071  0.34419300251576340  0.35477847031780657  0.36467063415494294
  0.37463921931348071  0.38512547763965299  0.39619253426503365  0.40768125101403518
  0.41910766984345826  0.43069105627407500  0.44194262409795793  0.45271977109927408
  0.46365931426562518  0.47393892210980781  0.48482953313895355  0.49539319398008802
  0.50560670183847456  0.51544856832893038  0.52625758712792814  0.53763465394128618
  0.54889226023626692  0.56033460652871359  0.57185419156007622  0.58349064458815969
  0.59493040965436295  0.60590623243151531  0.61673932209980642  0.62726063072589267
  0.63725822389954612  0.64727202884700730  0.65735717792765169  0.66781307465102713
  0.67854410538991572  0.68974980856835699  0.70146526485587035  0.71312873325923709
  0.72442007574838285  0.73538740201606956  0.74613236002829431  0.75685837622868612
  0.76738713673789094  0.77724030813071943  0.78644602047301815  0.79551547869020667
  0.80450787034980442  0.81344008081794716  0.82261377718786288  0.83219882766931741
  0.84272058980403330  0.85303425481704498  0.86301902776736328  0.87307727170067428
  0.88372801794306888  0.89493644624302582  0.90602390482307904  0.91681629128987685
  0.92737020042831975  0.93797315980616480  0.94835102348162981  0.95886251623701679
  0.96937500555637013  0.98029573985095564  0.99011368490897633  1.00000000000000000
 -0.00308526747258825  0.01149441579922832  0.02355443053329975  0.03570010504367393
  0.04732081634124810  0.05896809861878964  0.06933484284785379  0.07938109471050396
  0.08919856057687513  0.09940981011350433  0.10934726874296039  0.11884931767881518
  0.12863415385856941  0.13928351206389988  0.15059473177854835  0.16198202554102287
  0.17319164348743324  0.18394701327452551  0.19437205231025467  0.20466702819375615
  0.21485190396384732  0.22494907984296184  0.23514186829243194  0.24561668156600155
  0.25655254103955838  0.26786924322729200  0.27873357426697071  0.28899976475667277
  0.29920056004563172  0.30905534562926851  0.31848035018816540  0.32776167000378559
  0.33727665043531940  0.34689454798552932  0.35639851548573076  0.36594274325818738
  0.37589401542949114  0.38637392675506493  0.39692427842337835  0.40735539127371312
  0.41792317154593911  0.42869394027920221  0.43948593747747688  0.45041209111389469
  0.46085206387774819  0.47087273916523120  0.48047947299339383  0.48945322380929468
  0.49824526269216346  0.50733275646520126  0.51654451445873839  0.52628227768997449
  0.53616893354254835  0.54711683962017554  0.55841197301197476  0.57008978846503744
  0.58119750852668617  0.59161819662651383  0.60151864748669148  0.61107325701896964
  0.62067594224277844  0.63024808261003606  0.63927618853811141  0.64822508176412363
  0.65733044962096510  0.66687715387546187  0.67670904313328173  0.68686916070747461
  0.69706597853112329  0.70721104113718025  0.71655372969942033  0.72590037723989376
  0.73678203523037411  0.74785779381662310  0.75877576836574623  0.76835209521651293
  0.77920330715707475  0.79002470693651816  0.80137024707978832  0.81317426325874953
  0.82570864263878596  0.83722053959078913  0.84818914692317793  0.85884702949046843
  0.86999574323584583  0.88106126591810752  0.89169824941115694  0.90362638941557838
  0.91573007851713251  0.92795935240850813  0.93986374343341972  0.95162828888485296
  0.96378305017362842  0.97612357173091435  0.98789904248992999  1.00000000000000000
 -0.00261235880567460  0.00969230981407637  0.02042831455146912  0.03081612695104122
  0.04142214831516808  0.05247863790572235  0.06275416630591986  0.07232108256413050
  0.08169364001831475  0.09140044701250760  0.10143790994650306  0.11126568766336545
  0.12068537651265918  0.13009072147256170  0.13987316916381923  0.15024141212677389
  0.16069607976266811  0.17127399322248249  0.18255987922756181  0.19367821458706749
  0.20413126549877578  0.21437895995445913  0.22494041303958320  0.23550505271927971
  0.24590801159308562  0.25654273739939515  0.26766193077930167  0.27877671566650197
  0.29000059866389621  0.30117774434598865  0.31242652272628252  0.32335981643762984
  0.33391765175808696  0.34432258039668201  0.35493657719819260  0.36570606153439611
  0.37653019318272413  0.38719246113453970  0.39812093909287344  0.40962009051036596
  0.42079135689949781  0.43096908761065578  0.44134181413052898  0.45179162818233498
  0.46232907188272199  0.47275931687939410  0.48397996975078117  0.49611984978447454
  0.50757533343673000  0.51813582941956804  0.52851265853174922  0.53902013684754035
  0.54993486702135419  0.56079880102957214  0.57058917812242482  0.58011765909258295
  0.58941002174060109  0.59938188441374474  0.60946869633513101  0.61934936553373798
  0.62893488805992781  0.64026147437920722  0.65085794975838684  0.66173083951192579
  0.67243801608686526  0.68377386615030689  0.69436653466923548  0.70482804560718371
  0.71599795141033507  0.72757729564410234  0.73881395900521207  0.74986346359308109
  0.76103205484456216  0.77216024668964878  0.78350092791777071  0.79519889796958299
  0.80768199351407233  0.82004104305240033  0.83167713503954332  0.84221372878246670
  0.85237514769741785  0.86245146408652062  0.87222739546058725  0.88139772375865744
  0.89014275914084506  0.89892431892607427  0.90847127195899258  0.91766312276690631
  0.92813668624131651  0.93846670357402628  0.94988954988028373  0.96038821665672591
  0.97005840569391633  0.98028183826157422  0.99024828902643236  1.00000000000000000
 -0.00228419718590157  0.00910880872142089  0.01877441047973602  0.02941858421285571
  0.03962354912399441  0.05035882334383164  0.06132374750258106  0.07239162755618639
  0.08351546326016605  0.09392593272484490  0.10423225187711246  0.11491580352530061
  0.12542205088719272  0.13516068233927142  0.14457458387411984  0.15383730572223964
  0.16382185073017708  0.17346401380129134  0.18237266250362547  0.19101036273678468
  0.19986258436826171  0.20914547927072583  0.21937215447219807  0.23054300429314353
  0.24235628731031736  0.25431942445643552  0.26569623626782157  0.27635317114921049
  0.28646249873614205  0.29678406950916503  0.30667403987766834  0.31630596889536960
  0.32549804416206829  0.33472735723177727  0.34444943233288988  0.35489850789918914
  0.36574883880982745  0.37656251388689260  0.38730298244933653  0.39839460761482842
  0.40980798182466399  0.42124660001619951  0.43240025023502360  0.44283509375531843
  0.45261088015101331  0.46231114091749043  0.47236349773676056  0.48287047612291711
  0.49357993982085974  0.50517452031505905  0.51740148165136957  0.52894355541978100
  0.54021798909135388  0.55162958756244052  0.56312743166030854  0.57432745672051433
  0.58531071700126380  0.59636191266208693  0.60746699263456183  0.61883476183967057
  0.63047758240712148  0.64232726511862570  0.65403156522248784  0.66551297575049317
  0.67689644843222885  0.68817966160838517  0.69935847797145323  0.71057144810057227
  0.72177823789301143  0.73255510719902128  0.74278650821911785  0.75316804745489685
  0.76426199806150374  0.77503221497114405  0.78487173788518749  0.79452653543378737
  0.80425017941430299  0.81401991386735784  0.82389888593599414  0.83387887372044089
  0.84444030520160296  0.85490395702088362  0.86499427776858318  0.87480633450728673
  0.88487656249326962  0.89516301356880790  0.90520606485052402  0.91470884150924736
  0.92498060518517822  0.93554755941717460  0.94628151240677016  0.95709410954671548
  0.96799906325890339  0.97917091113316812  0.98966405382214528  1.00000000000000000
   2.2249808189569778E-008  -1.0000000000000000     
 F F F F F F F F F F F F F F F F F F F F F F F F F F F F F F F F F F F F F F F F F F F F F F F F F F F F F F F F F F F F F F F F F F F F F F F F F F F F F F F F F F F F F F F F F F F F F F F F F F F F F F F F F F F F F F F F F F F F F F F F F F F F F F F F
  <DiscreteSampler_grid>
  grouped_processes
  1 # 1 for a reference and 2 for a running grid.
  10 # Attribute 'min_bin_probing_points' of the grid.
  1 # Attribute 'grid_mode' of the grid. 1=='default',2=='initialization'
  0.0000000000000000 # Attribute 'small_contrib_threshold' of the grid.
  0.5000000000000000 # Attribute 'damping_power' of the grid.
 # binID   n_entries weight   weight_sqr   abs_weight
    10   10   5.244963794624827E+004   6.442914789165925E+009   5.244963794624827E+004
    16   10   5.244963794624825E+004   6.442914789165923E+009   5.244963794624825E+004
  </DiscreteSampler_grid>
