  0.00030672297728079  0.00036675073375762  0.00039964955242366  0.00044070817637925
  0.00051824015740654  0.00073843211487393  0.00112560430665075  0.00146132714600300
  0.00178968112459745  0.00214812244090816  0.00257942727207096  0.00305107972106207
  0.00352977131548513  0.00405628067026463  0.00474485327220008  0.00556850757869190
  0.00644395806893959  0.00737191162544689  0.00836286750161737  0.00945251468325382
  0.01074647584596787  0.01229689072353683  0.01406868489351317  0.01601462153046263
  0.01808850390208870  0.02051940768627467  0.02338325567830546  0.02693909179257176
  0.03081734294094325  0.03509859946311284  0.03989702462893661  0.04508398185019800
  0.04983993210510593  0.05407962967453472  0.05745185257631822  0.05984436608674678
  0.06149757020635768  0.06267598338949204  0.06354140999911789  0.06419731459787842
  0.06471615898796584  0.06514038396710627  0.06549189813663284  0.06578859364999026
  0.06604563048262295  0.06627373876516142  0.06647968085407084  0.06666250565063299
  0.06682778341782868  0.06698395219961471  0.06713090788455295  0.06727026767056112
  0.06740359626637496  0.06753225845577103  0.06765770122008893  0.06778132331078557
  0.06790437148193790  0.06802737076775563  0.06815129092667542  0.06827720639497474
  0.06840616683297923  0.06853962698174454  0.06867890636970927  0.06882511640918844
  0.06897992040141337  0.06914635338068080  0.06932740714854163  0.06952600545909474
  0.06974700858939817  0.06999575868802130  0.07028061159836532  0.07061397946400906
  0.07101124218766118  0.07148972257992922  0.07207953129746686  0.07282695648947446
  0.07379449789900359  0.07508174273596822  0.07688290035509425  0.07954994068097956
  0.08355943340360429  0.08946404434808487  0.09777758504224746  0.10894009597463858
  0.12332368505281617  0.14198482089208350  0.16779070142953850  0.20430835804031577
  0.25329833649905420  0.31823846353213131  0.40519634171216534  0.50819717268228204
  0.61101762591989262  0.71193643612947810  0.82827407611067971  1.00000000000000000
  0.00001501002650704  0.00003847326362661  0.00006914528324885  0.00010796611607263
  0.00015123792876396  0.00019901755668364  0.00025737803335153  0.00035008451391639
  0.00046555301255527  0.00060288998352981  0.00076580254387373  0.00096460795926319
  0.00127549282984159  0.00167006126657155  0.00215006886785318  0.00273402807695094
  0.00351129141028759  0.00463628062367558  0.00626994458930057  0.00863964296094530
  0.01215156920530703  0.01750330196575240  0.02558021720942282  0.03688558446992282
  0.05107501351249995  0.06706169556891034  0.08393111632197772  0.10143417782633730
  0.11939310993309758  0.13747331521360037  0.15558208410967822  0.17384123954748043
  0.19215582035170273  0.21040731446546168  0.22865687853379141  0.24694360818939395
  0.26506829172997437  0.28329390568832896  0.30172284730884757  0.32002691891316459
  0.33818046525062539  0.35642670966094725  0.37480255199446977  0.39310139127715310
  0.41129167683599033  0.42946938134711649  0.44761084056857398  0.46577322245615838
  0.48367868870485947  0.50144470538557917  0.51933913460370418  0.53718642838913311
  0.55514957242663332  0.57274871044447351  0.59023997766601988  0.60837217327484561
  0.62662829494651096  0.64451774668833473  0.66221601430086563  0.67982464718781976
  0.69753556353306978  0.71543561824997470  0.73324286071036793  0.75082129503512185
  0.76838604295000423  0.78594477920826733  0.80332486764514355  0.82050953639718360
  0.83760821531470120  0.85452150543111205  0.87115002156968446  0.88747564145545033
  0.90343469366705920  0.91879304908186066  0.93343878356439602  0.94706784210246087
  0.95915054649595710  0.96919434926519110  0.97737864855780465  0.98384956274281521
  0.98850515137875850  0.99157984675453792  0.99368624252044024  0.99530630757901040
  0.99658187892683547  0.99753620160656609  0.99824480335649979  0.99884273520065436
  0.99920967622621437  0.99941432183498291  0.99956169872131084  0.99966824308360225
  0.99975345447124986  0.99983367550060254  0.99991534124828074  1.00000000000000000
  0.00046259028980017  0.00082213246144781  0.00105160646244893  0.00126274849766379
  0.00148637307653914  0.00173166238158649  0.00200390067552981  0.00230444506987969
  0.00262986715903540  0.00297590703594021  0.00334267368933393  0.00373671704494505
  0.00417030544141620  0.00464787917649903  0.00516020585064410  0.00568743586862967
  0.00621062550364540  0.00673123679122894  0.00725802923907524  0.00779829797163158
  0.00835219427200351  0.00891719043703129  0.00949616348489848  0.01009903496027714
  0.01073266296163265  0.01139798851868574  0.01209391426990899  0.01282386102620590
  0.01358958079779954  0.01438737637281670  0.01521611959921165  0.01607667547044133
  0.01696984754915534  0.01790445020926221  0.01888926701336495  0.01991095883151215
  0.02096660069955106  0.02208006830928694  0.02324515821438517  0.02442621002542834
  0.02563038128928751  0.02687303728550236  0.02820400690633627  0.02962160085711760
  0.03110653596653561  0.03266744938720494  0.03431352012909610  0.03604462974818723
  0.03784674959895732  0.03972544626286137  0.04167777427278085  0.04372096769057500
  0.04587311386914176  0.04817247151314628  0.05058807935260651  0.05305910451894374
  0.05563846189797923  0.05829053205246951  0.06100538561328921  0.06382254314272234
  0.06684894302516022  0.07015976318482617  0.07365597027771480  0.07728040565612027
  0.08114556615214838  0.08523193045720857  0.08948217700658105  0.09394602580949762
  0.09863888331435196  0.10356111950806179  0.10881916292141654  0.11451190769353087
  0.12078958294310523  0.12741967928178463  0.13431170439102669  0.14156921120367846
  0.14943265277697809  0.15778497729577387  0.16660781593634635  0.17594089814591518
  0.18625207227444218  0.19770776983099422  0.21023465911278588  0.22358782412783926
  0.23798334249286429  0.25362520488092510  0.26998202491093692  0.28697947752092356
  0.30538462897344609  0.32604758837221792  0.34945869535332996  0.37481857759552728
  0.40420052600244266  0.44269822840743461  0.52632704030407251  1.00000000000000000
 -0.00233941034454942  0.00894070557777676  0.01888627090163755  0.02926174903577273
  0.03888585281853716  0.04784279699273609  0.05667066366050114  0.06608029043237328
  0.07568265820819876  0.08523069829583785  0.09473803106279539  0.10427331369295942
  0.11392212792931410  0.12355810746631575  0.13306835138050263  0.14238086343614983
  0.15135213601065242  0.16023519878784998  0.16941482318447240  0.17898162513214869
  0.18864824673516745  0.19816791354033889  0.20801675145251375  0.21811534059629933
  0.22841687322557774  0.23857385755986540  0.24867813208647610  0.25870417940653462
  0.26890334300805513  0.27847813905841534  0.28797876706517134  0.29743966561633972
  0.30734189186996574  0.31768128754104530  0.32815227469661273  0.33884911506101395
  0.34972870549237361  0.36055578100208646  0.37119252256627577  0.38161325911532834
  0.39178043446747957  0.40189951317145939  0.41202619755319464  0.42274944814955850
  0.43380633189079260  0.44494518858779869  0.45598747203263151  0.46707523936570206
  0.47812520350557813  0.48918234995869814  0.50031402839140593  0.51157828741453881
  0.52291531511868539  0.53422982324920498  0.54554142514994364  0.55688021972812685
  0.56833834041678388  0.57988787676907561  0.59132975311390679  0.60266211699058048
  0.61396680244707103  0.62541245170178184  0.63657752772991305  0.64749850191577940
  0.65814873585244982  0.66918425196220188  0.68054176359233942  0.69201185744619964
  0.70347447521953899  0.71478728025470506  0.72578703594468308  0.73677524502208980
  0.74764572388478345  0.75883837221221517  0.76972258059905085  0.78094897607129687
  0.79215316222790844  0.80310977704032294  0.81390255324053717  0.82434146460195179
  0.83522650060457271  0.84632537776805605  0.85798610194117308  0.86887909630423199
  0.87987031509810054  0.89038007037985900  0.90165385762045136  0.91264222143123219
  0.92396601664568112  0.93487261776230368  0.94574343634285496  0.95634563322599542
  0.96753786334532987  0.97823075366224610  0.98861123954455221  1.00000000000000000
 -0.00258825907272014  0.00984893500457012  0.01943589186121557  0.03009053757752849
  0.04044050256957805  0.05096037580899428  0.06178934565239573  0.07264325494878449
  0.08311777952767455  0.09305277051536724  0.10291382933767579  0.11282249012437826
  0.12304325267521493  0.13331949071713506  0.14382149560617383  0.15470218424706400
  0.16575489464312460  0.17673450281127795  0.18777699416442659  0.19882919341317906
  0.20985716240187283  0.22081754202091733  0.23191158899076875  0.24300270592319054
  0.25394036113499358  0.26470539042677010  0.27498077572743007  0.28490589896544033
  0.29492655540140233  0.30537076502751737  0.31592233276993248  0.32651957949743804
  0.33726737577942334  0.34806034345890757  0.35857410875226209  0.36900524841561150
  0.37968344577121244  0.39079046873927009  0.40197181234525642  0.41311583423589010
  0.42420828855501796  0.43512176193963414  0.44580214161146470  0.45644726408453679
  0.46730679540017056  0.47818079589070644  0.48902189804049762  0.49973516897723741
  0.51043910646284696  0.52100260526799225  0.53130996106032780  0.54158371014668472
  0.55191127109030091  0.56253504921579389  0.57325449554005226  0.58357903941574107
  0.59359041816153180  0.60320430258622604  0.61319244345516422  0.62350487561096268
  0.63421083156103775  0.64532771600701955  0.65581240533666429  0.66621302471743193
  0.67661843577708469  0.68758263211412374  0.69830980870154924  0.70846428755720203
  0.71837546087662019  0.72825012397685174  0.73856603526977060  0.74900158528947880
  0.75959754100222587  0.77028674126339325  0.78097911987267798  0.79129761763721385
  0.80157143250901497  0.81194195653710977  0.82271264362296170  0.83354589951570668
  0.84378974658146866  0.85343751530500467  0.86330029391479324  0.87320150102272065
  0.88400831988401185  0.89429870659592925  0.90402907135976573  0.91407003253206043
  0.92386450646178464  0.93441737578681472  0.94489622010512986  0.95578658620178103
  0.96701262238407859  0.97828774835019505  0.98910009308296110  1.00000000000000000
 -0.00225112454856159  0.00885096757028677  0.01946631376277846  0.02898378508253170
  0.03821020435736153  0.04735638320361656  0.05655190415010806  0.06559616959962258
  0.07461831335408704  0.08374937922002791  0.09334338320303455  0.10319437786629923
  0.11302260084669229  0.12296779149167178  0.13301256541083845  0.14282366589976331
  0.15248240539084801  0.16181262065306215  0.17104789980677806  0.18037277808418398
  0.18938796642453262  0.19886729971133435  0.20835681949075580  0.21841183135735803
  0.22855481715588960  0.23865612753405410  0.24861926582884267  0.25871442786220361
  0.26884473258708547  0.27895687053698537  0.28913157244415383  0.29935259170442113
  0.30994216200315533  0.32019509686957698  0.33018034622577919  0.34035390887405859
  0.35080946789315826  0.36163275387847410  0.37244430350221669  0.38331138166310202
  0.39405751133995848  0.40481706182421584  0.41522605299938775  0.42575028361292083
  0.43647228414103495  0.44747055549431963  0.45861654460719187  0.46971583574115378
  0.48032312413643019  0.49049779537418792  0.50072060626275161  0.51143550733347320
  0.52253154030705318  0.53358479369150003  0.54455143574831288  0.55554086907167954
  0.56648749735682558  0.57730125030152779  0.58794303410339532  0.59873646410530412
  0.60993538892796306  0.62123393963501539  0.63230173521353428  0.64329892006498690
  0.65438646392884336  0.66570107525593392  0.67710399594057435  0.68853956569932773
  0.69976113347001456  0.71072843074861713  0.72188154444883401  0.73322395870933765
  0.74490950625671637  0.75633571364409380  0.76753062990959298  0.77845032159287975
  0.78959185970798063  0.80072437365675719  0.81141888878348079  0.82182426395923280
  0.83221009185244788  0.84346979856448689  0.85512566490412911  0.86672524898296111
  0.87809236020598558  0.88914372705374001  0.89988959201647678  0.91082272244730789
  0.92217225822725712  0.93396425058274746  0.94581399767639462  0.95743717025432773
  0.96832737311984829  0.97867812465266601  0.98883535745536211  1.00000000000000000
 -0.00231625825233955  0.00924817591856071  0.01952839012059413  0.03072816273016543
  0.04186599722164833  0.05237460221985655  0.06316170003908832  0.07374606452013957
  0.08487478629490391  0.09625978729154072  0.10758325293021286  0.11880387764732214
  0.12983831174382995  0.14031795869092920  0.15059558971351913  0.16069327169004147
  0.17114101543975987  0.18185798918772594  0.19260059181796077  0.20298844754119555
  0.21300123844853533  0.22322407913021369  0.23360488785049327  0.24394921905760794
  0.25343101013405045  0.26297563552361181  0.27295889908445492  0.28369212281798822
  0.29426320649943893  0.30448092224733103  0.31468994734422701  0.32520467818836479
  0.33596851480969325  0.34678500131712381  0.35730367720480605  0.36753920567550624
  0.37755034293152345  0.38754228311162009  0.39787378363589598  0.40859927620376951
  0.41949884257284703  0.43030186170368068  0.44092554337483358  0.45138271763404997
  0.46171353184675173  0.47235138220504241  0.48336699878358680  0.49431177458226550
  0.50471490182066603  0.51487286432460433  0.52502564078478264  0.53532803750509583
  0.54591243055514238  0.55667812315911880  0.56765459974830390  0.57867337804969277
  0.58927540865750827  0.59921456956775909  0.60897574297409940  0.61883466520902075
  0.62934520019620022  0.64025789934702504  0.65109814329817606  0.66164048383034091
  0.67226661434464918  0.68232102241741377  0.69269060686081041  0.70319110295161402
  0.71359953832428102  0.72395173910131472  0.73442748338767971  0.74518294733823909
  0.75628881317545782  0.76739798590022845  0.77827948804260449  0.78904728784081057
  0.79963394388538467  0.81020121945463131  0.82075995992656792  0.83142095010156825
  0.84213931124440511  0.85284005054477163  0.86356282214712143  0.87430558985739559
  0.88523297447901927  0.89612670283329721  0.90702165747145247  0.91801500088261723
  0.92920753622417651  0.94026136116194658  0.95105317643658538  0.96150553261890370
  0.97158105653838234  0.98103734968627143  0.99072198351474761  1.00000000000000000
 -0.00228466200105357  0.00923058997928079  0.01949499114488887  0.03016754700556311
  0.04108428549586078  0.05099121174285966  0.06149853086669704  0.07182265241532233
  0.08164325350204202  0.09153952668496473  0.10130038871909235  0.11166018329603911
  0.12211487495338617  0.13286321432225154  0.14373688781213531  0.15481857254111603
  0.16578820854629014  0.17676146192961420  0.18788508863257611  0.19873869531218380
  0.20916743078363542  0.21944783822886149  0.22987001165673687  0.24096385479257013
  0.25204328149809013  0.26303579457504361  0.27377206583873825  0.28381335525806478
  0.29361779447679515  0.30334833020276031  0.31388379020349966  0.32450130140122130
  0.33511807342956579  0.34559523226656097  0.35602439611624997  0.36668515247118905
  0.37719056626003505  0.38695700641399355  0.39674570877492932  0.40634236442301325
  0.41608783808728128  0.42562581979049002  0.43526766528902816  0.44529826669660910
  0.45592730918131358  0.46644054935263390  0.47666834332048419  0.48697849279448890
  0.49759584611979135  0.50846745516865355  0.51954748330985212  0.53064595490299404
  0.54176620145939403  0.55269091139289750  0.56352475228368037  0.57418125712928336
  0.58484005024478336  0.59557963215756526  0.60640850688256653  0.61742255255906853
  0.62846096612530189  0.63937010680530704  0.65004133655638818  0.66070148983855792
  0.67137955500034108  0.68211727222556018  0.69245752505283620  0.70247658240804522
  0.71255643448020234  0.72317349153979971  0.73402606816401328  0.74479233825965430
  0.75554285555496858  0.76663783206336389  0.77775747340679535  0.78849947672980980
  0.79881189987576129  0.80926837458341583  0.81936569580579921  0.82914294084263251
  0.83892172055248748  0.84879753255890411  0.85922859896761516  0.86939075745246930
  0.88030481490080736  0.89118376762400442  0.90201712338970075  0.91276714051378949
  0.92361660345620222  0.93468468718005115  0.94578547236875443  0.95693546240964433
  0.96731441267924989  0.97791185789890467  0.98799764669648416  1.00000000000000000
   1.2076665521045906E-011  -1.0000000000000000     
 F F F F F F F F F F F F F F F F F F F F F F F F F F F F F F F F F F F F F F F F F F F F F F F F F F F F F F F F F F F F F F F F F F F F F F F F F F F F F F F F F F F F F F F F F F F F F F F F F F F F F F F F F F F F F F F F F F F F F F F F F F F F F F F F
  <DiscreteSampler_grid>
  grouped_processes
  1 # 1 for a reference and 2 for a running grid.
  10 # Attribute 'min_bin_probing_points' of the grid.
  1 # Attribute 'grid_mode' of the grid. 1=='default',2=='initialization'
  0.0000000000000000 # Attribute 'small_contrib_threshold' of the grid.
  0.5000000000000000 # Attribute 'damping_power' of the grid.
 # binID   n_entries weight   weight_sqr   abs_weight
    10   10   1.101938533215734E+001   7.265663530908789E+002   1.101938533215734E+001
    16   10   1.101938533215734E+001   7.265663530908781E+002   1.101938533215734E+001
    22   10   1.101938533215734E+001   7.265663530908786E+002   1.101938533215734E+001
    28   10   1.101938533215734E+001   7.265663530908781E+002   1.101938533215734E+001
  </DiscreteSampler_grid>
