  0.00012965774333239  0.00021882278254176  0.00026883305373903  0.00030191036687973
  0.00033651496919093  0.00037565689245781  0.00042190110237636  0.00050581213667730
  0.00074779817842493  0.00116916769601230  0.00156087246948925  0.00186361458402982
  0.00224947992781524  0.00267972947674193  0.00314162966191758  0.00364595273126644
  0.00426707025975436  0.00501082187354394  0.00588954121645892  0.00688436915815822
  0.00802620764771782  0.00932707688348721  0.01070956449047586  0.01210876892061729
  0.01377238796361124  0.01582661957965660  0.01804674371285765  0.02039048693491396
  0.02317275719745976  0.02647146855906504  0.03020236258678518  0.03416294324610609
  0.03829978864407432  0.04251751282522328  0.04689767149375436  0.05186344308299886
  0.05602702104754347  0.05879531721927393  0.06068642932854419  0.06208162547459563
  0.06311428671745194  0.06389439835497464  0.06449709636017439  0.06497361435916985
  0.06536854474315455  0.06569787935481046  0.06597664715124218  0.06622024104923283
  0.06643837672159997  0.06663591311779310  0.06681612558626629  0.06698211660160072
  0.06713727746200052  0.06728491422511904  0.06742656457431587  0.06756356433610865
  0.06769732512358591  0.06782845547508926  0.06795894527741748  0.06809001690161391
  0.06822249238717282  0.06835838128681605  0.06849939732476205  0.06864677150224395
  0.06880143714202124  0.06896608820384938  0.06914525964728256  0.06934188416932492
  0.06955817025384591  0.06979834123743901  0.07006959815746418  0.07038440222387099
  0.07075679015695030  0.07120454353262705  0.07175383973121037  0.07244979819647163
  0.07335142495803919  0.07453896616932230  0.07615228653242266  0.07853316795639391
  0.08208715487325667  0.08734350996763540  0.09531842114602483  0.10666076882118998
  0.12187854757961326  0.14198580520823068  0.16785644881942491  0.20086962120707774
  0.24591621431888175  0.30914032660677243  0.38418343045013392  0.47530148003572653
  0.58102855542103538  0.68186879419912116  0.78940570916084396  1.00000000000000000
  0.00020147122789839  0.00025192804100033  0.00029693880683006  0.00034867114009400
  0.00040456888446996  0.00050693189340171  0.00079835027571059  0.00130924763180447
  0.00177468637788916  0.00219082363505202  0.00267088623358411  0.00323614614130439
  0.00394580632751664  0.00476919976382754  0.00569428416630875  0.00677841020821274
  0.00806115636680322  0.00942582258115300  0.01087320408196740  0.01268026534384884
  0.01497875725551545  0.01765451536158960  0.02046935131385065  0.02363931401458971
  0.02745670874202980  0.03209727619580927  0.03738181364222554  0.04281434887364095
  0.04805008514521085  0.05272391002885922  0.05657009489693646  0.05929780249881391
  0.06119669506923060  0.06253836891035505  0.06350478656277041  0.06422624152400815
  0.06477933924300955  0.06522206080598157  0.06559426115613670  0.06590738238807310
  0.06617785120677401  0.06641687817399851  0.06663073647529567  0.06682439413600676
  0.06700234030948612  0.06716805919286936  0.06732365965161266  0.06747109099518533
  0.06761367095215408  0.06775352206220317  0.06789213708509867  0.06803031023278866
  0.06816985222955545  0.06831286346511953  0.06846140478146162  0.06861672749706874
  0.06878022975706723  0.06895396196240704  0.06914106330216406  0.06934570317189984
  0.06957221820730894  0.06982591739810742  0.07011279375734346  0.07044834029168766
  0.07085331946203523  0.07132905244825681  0.07192024660473485  0.07267290343010537
  0.07364992809312927  0.07495170214311096  0.07683396726102085  0.07987069416726271
  0.08434915346449560  0.09066502994115140  0.09956472493183327  0.11081240786895433
  0.12599010657637613  0.14661837746813880  0.17362620591732850  0.20803517279899578
  0.25516048430103377  0.32004176546688323  0.40395067524382011  0.49599777002747480
  0.56514210025651346  0.60698112863180242  0.63895476625377723  0.66899706126471126
  0.69702409900891449  0.72485783042989360  0.75432930244786756  0.78445552292368703
  0.81808686468881531  0.86038236033733784  0.88906010636943145  1.00000000000000000
  0.00020817777306620  0.00079885015485484  0.00113979362582038  0.00141364448281183
  0.00168439142471126  0.00197641280051804  0.00229673232290915  0.00265021111474521
  0.00303395501827032  0.00344840432762067  0.00390864704156184  0.00440572228058334
  0.00491031133885351  0.00540429997719009  0.00587847602526556  0.00633585183619368
  0.00678905623116096  0.00725433397172570  0.00773713834549965  0.00823851290736213
  0.00876187871357003  0.00931151029345965  0.00988906239302639  0.01048580322975521
  0.01108584888537588  0.01169682247867447  0.01233107430206142  0.01299377872088623
  0.01369679926285325  0.01444799504969219  0.01524694783728295  0.01609236776364591
  0.01693846629737777  0.01779431536153289  0.01869792890607419  0.01967636961724504
  0.02073759340054386  0.02184912650140137  0.02299217171588389  0.02416971365599209
  0.02539479352608201  0.02668807211203875  0.02805836207625299  0.02948255215804425
  0.03095619052776394  0.03251681909324929  0.03417012729443404  0.03590320437534873
  0.03770402499032312  0.03959891204530404  0.04163169085468949  0.04377962385402636
  0.04599779474887117  0.04830928145440194  0.05071466660012833  0.05322867785783882
  0.05579400795393237  0.05844824213176414  0.06125856840922132  0.06434583166809267
  0.06770713257148894  0.07121017672522574  0.07479290571400056  0.07846694919871708
  0.08218434261614596  0.08603669916462572  0.09011353380808733  0.09434239040868385
  0.09892862946362896  0.10382555550039160  0.10917982872589281  0.11474938109896211
  0.12087536513546501  0.12770865545911472  0.13499386381095166  0.14263517706867779
  0.15059946837602201  0.15930979769224646  0.16874218778908920  0.17910056508201547
  0.19084840518980298  0.20346022527982316  0.21694228068596383  0.23099433647857570
  0.24607031999004006  0.26242536659659466  0.27930535458932909  0.29580487353538437
  0.31278454550737150  0.33158303446026466  0.35379395871793307  0.37987639533465595
  0.41161565547083756  0.45368569874775294  0.54001201889823491  1.00000000000000000
 -0.00224844462963430  0.00855027512798310  0.01890310514581144  0.02904606678168604
  0.03893231648433849  0.04885156609284294  0.05857737591462640  0.06855328865482375
  0.07825535287399994  0.08785004640195491  0.09751251434451973  0.10721717435673224
  0.11692092146432838  0.12610640467955961  0.13535439788919773  0.14463254820474467
  0.15389345104396782  0.16317828462886511  0.17306863921862792  0.18294176710964899
  0.19212728278197358  0.20091074672559742  0.20966926351466264  0.21877642769668007
  0.22846834021039877  0.23842374391968116  0.24893290915895769  0.25853133692351304
  0.26785027963668051  0.27726012658000965  0.28631152110652747  0.29593273886207794
  0.30479745357479882  0.31419729592934426  0.32383518789343546  0.33380026391378548
  0.34386922516700030  0.35379811871629813  0.36357200965867331  0.37352835498152442
  0.38424476545489533  0.39572486692268044  0.40690304875010219  0.41774650357436682
  0.42875324154076333  0.43976666314840090  0.45068958634119649  0.46116544720755503
  0.47142831132944885  0.48194633628447076  0.49265076325148444  0.50343953161824007
  0.51421205516486979  0.52535032491389810  0.53694574006767404  0.54842678655693644
  0.55963048715702812  0.57080046030652543  0.58196751227667010  0.59284659258088501
  0.60383668266106028  0.61525616690336804  0.62708580245101897  0.63864789487950058
  0.64989175380679298  0.66099285596405943  0.67236908247326443  0.68406297733099397
  0.69599655832357732  0.70765102784558409  0.71912604490372112  0.73058798156299398
  0.74230314660045760  0.75388099571488087  0.76543772809815702  0.77684498115465284
  0.78827733540378087  0.79980472529151247  0.81102699002347389  0.82224132209607603
  0.83282595669874271  0.84299282612860504  0.85332471836854062  0.86395712871161057
  0.87491960064714136  0.88586053793612640  0.89655512513251090  0.90763238459978068
  0.91875606682775712  0.92993974873204410  0.94109232766031714  0.95245773337767536
  0.96448928593831862  0.97673568508873798  0.98839012107970869  1.00000000000000000
 -0.00217542008480396  0.00847301977426166  0.01956040184412416  0.02969755494825349
  0.04038307205169103  0.05075858044028619  0.06172710020215883  0.07237310481288796
  0.08266885602657190  0.09274291652853144  0.10289129523008583  0.11397667071730475
  0.12505967394322356  0.13605101705817738  0.14684671263648533  0.15757479662433643
  0.16833580113139154  0.17919555318296015  0.19014101933229136  0.20067151782855969
  0.21132978229813756  0.22193874149771040  0.23214555996667660  0.24222773847264054
  0.25273631027087778  0.26390365140721894  0.27487076411356581  0.28533208571148744
  0.29603989203746339  0.30635440185702539  0.31613783887765939  0.32543723331001562
  0.33535601604914911  0.34594476760934945  0.35660067355796071  0.36706282367620552
  0.37756563445594066  0.38829518935224017  0.39907807261861455  0.40957738401435473
  0.41992700863847815  0.43022645370196044  0.44081919549116017  0.45176634692598910
  0.46254725206784464  0.47291210786394838  0.48314991623807735  0.49368994910340308
  0.50433353781944978  0.51473011793850565  0.52476153079808430  0.53490972911143964
  0.54526731363996883  0.55612995304065538  0.56716917466861139  0.57827680787889857
  0.58896824538177439  0.59923271448392657  0.60903459255356374  0.61845245540120797
  0.62751385107176139  0.63685183015878366  0.64680500167987420  0.65758488584976493
  0.66878192315821317  0.67969355767936279  0.69033442786251487  0.70091965142177548
  0.71161943039716613  0.72248992298659875  0.73328617718889177  0.74389416835117028
  0.75451934701185219  0.76535915467510596  0.77655972009039853  0.78745817481591995
  0.79769401397258399  0.80771101441060267  0.81779312905875912  0.82843822535772382
  0.83968823071690990  0.85087547385191342  0.86187812603635794  0.87250520818733357
  0.88279906514606477  0.89294130118027681  0.90319153466603663  0.91346785395537300
  0.92401926023555248  0.93401712631338696  0.94440253045216793  0.95508055752298415
  0.96597858939144499  0.97766784797023754  0.98896851708655187  1.00000000000000000
 -0.00193262529926537  0.00794956732342067  0.01856916089539306  0.02766155371137987
  0.03856147869579916  0.04829594483571065  0.05726731995133397  0.06642992631535768
  0.07565866841196138  0.08518501687471777  0.09437436959214088  0.10315907035207957
  0.11209275174349523  0.12144086022366202  0.13101867064913938  0.14081605364279490
  0.15071083443225458  0.16057143700449036  0.17033168985107272  0.17980956846529758
  0.18909584451100928  0.19855181794456153  0.20844330654527851  0.21867368747906718
  0.22893551305469145  0.23893199728808345  0.24880019269482051  0.25872884428240406
  0.26894765922272945  0.27935014075264664  0.28936348082924046  0.29916312263837963
  0.30889289000328374  0.31898389720703352  0.32941448220775582  0.34018129589135671
  0.35104471012441779  0.36145985417874282  0.37203163308085130  0.38284873752577120
  0.39368471548187722  0.40436656867448961  0.41516055388230938  0.42643092206350525
  0.43774455324066680  0.44873532012580936  0.45988659484474553  0.47114184788363089
  0.48257691200459452  0.49397326449747786  0.50560511191726476  0.51718053478279291
  0.52867730080149744  0.54007089226613736  0.55156048785452538  0.56314600785813351
  0.57491396305123932  0.58673004440138177  0.59856387984970871  0.60994663929337412
  0.62111715992922478  0.63238145931073908  0.64375245586598218  0.65508734313283812
  0.66669618920028295  0.67855006759986791  0.69039263763612091  0.70174261920811032
  0.71187953245441216  0.72142017354636157  0.73063969677778540  0.74075793947023927
  0.75134375417796706  0.76182780325838517  0.77360216404547832  0.78481609640795968
  0.79586605670164312  0.80729273837150228  0.81797870317059218  0.82886982075649029
  0.83994479791193577  0.85152081791695167  0.86230632958619102  0.87266641227059838
  0.88222145866128832  0.89214552096575672  0.90226381803679856  0.91309623801457107
  0.92372873634385289  0.93438503739429102  0.94554353080208409  0.95758633305826157
  0.96846136701728003  0.97875500736444132  0.98903117027151000  1.00000000000000000
 -0.00220613157497425  0.00912139923501471  0.01860815197724278  0.02857346648932629
  0.03862700983703071  0.04909325732748233  0.05993616665049507  0.07070200866040485
  0.08081316462984249  0.09075079415686108  0.10096979636268949  0.11142908848239656
  0.12217148825282259  0.13282463121161209  0.14316133647009163  0.15398811546015104
  0.16501355617885505  0.17636939627300260  0.18747321412096254  0.19806028501726888
  0.20855036837603586  0.21916395278507447  0.23000089937090953  0.24078317696371268
  0.25154761997584796  0.26248194917495504  0.27325878878597082  0.28397359113445325
  0.29389787473701046  0.30342175773419766  0.31306858384423614  0.32304748090998181
  0.33390578913130681  0.34515300340124300  0.35641059670757452  0.36720307327864243
  0.37740070533218900  0.38766881157045613  0.39858420766695235  0.40951264763409434
  0.42001035139903886  0.43055139953509625  0.44093864194574761  0.45100921055836762
  0.46118942587033984  0.47173052146595068  0.48242407169494439  0.49318309646069891
  0.50405378554122515  0.51515155982172833  0.52603711418257026  0.53681816197443122
  0.54740397776973460  0.55774479859090376  0.56799833351790019  0.57829717862236885
  0.58865620628464588  0.59934292952690160  0.61022898086754862  0.62155187473412332
  0.63280555375208980  0.64386867221012023  0.65422997891486445  0.66411744425657160
  0.67409572997161216  0.68481344096436780  0.69553195218807462  0.70577106636739018
  0.71611648928771654  0.72660206462742127  0.73726602550738241  0.74743392815328658
  0.75765416257457774  0.76800202937055162  0.77880530644475088  0.78946318825779660
  0.79957387491408827  0.80963176252359859  0.81980382827020970  0.82998098150724142
  0.84007258353081882  0.85007270835628279  0.86070809240647361  0.87182418767373282
  0.88301639878008731  0.89406115587968893  0.90506133739147021  0.91598371216083596
  0.92672171152950544  0.93719194701884334  0.94764141496854970  0.95796268965382492
  0.96855819263183762  0.97908804822526907  0.98952243996961520  1.00000000000000000
 -0.00257424797357587  0.00967392356806564  0.02016579153697024  0.03147332334143367
  0.04263142574859195  0.05347423522127279  0.06448075221399961  0.07530453109557746
  0.08579586532676631  0.09616426462540664  0.10674187969960240  0.11763493913582602
  0.12858496750878098  0.13935870475274403  0.15032285238876636  0.16135763337638215
  0.17218869133062653  0.18273134544244862  0.19251997115871700  0.20215318132570895
  0.21162447929162626  0.22158372777288793  0.23209554759049783  0.24299253151904229
  0.25362133797958447  0.26435899507323279  0.27494304914621265  0.28503649565847911
  0.29420782680969854  0.30373950274388029  0.31378918625190888  0.32472811775156962
  0.33561801213144138  0.34629083644468917  0.35699980473356385  0.36779945593643665
  0.37846325745648657  0.38942034357712385  0.40003600411453771  0.41078305090439948
  0.42168699557686362  0.43289632580153437  0.44377574644058831  0.45410216608990556
  0.46455941147766316  0.47496912376717665  0.48579104773694842  0.49654240145032952
  0.50734691365247464  0.51789922810355260  0.52850600516121948  0.53900986389356909
  0.54959086818730607  0.56081124686165928  0.57121553812670467  0.58123686472876468
  0.59103426737337128  0.60108395376551482  0.61178536356673274  0.62297226965688313
  0.63420520947403125  0.64527441318875134  0.65648394861231651  0.66790991418864898
  0.67891589399684638  0.68969339951692965  0.70041529476657616  0.71132729372137371
  0.72240170153030570  0.73334624460839715  0.74438486686864413  0.75496652522488106
  0.76554886012711798  0.77587408232151478  0.78646293354828012  0.79707606453134627
  0.80768105710513172  0.81763879802990169  0.82759350617516148  0.83696010043883751
  0.84648620092056492  0.85620126291780874  0.86605353936768692  0.87608040933816123
  0.88674975785512544  0.89745968571460932  0.90792068463831621  0.91786423415045815
  0.92753499665219963  0.93674464318924755  0.94643517264426102  0.95716229004674902
  0.96799559312063255  0.97838786936801547  0.98904084701327588  1.00000000000000000
   2.3611801035238698E-011  -1.0000000000000000     
 F F F F F F F F F F F F F F F F F F F F F F F F F F F F F F F F F F F F F F F F F F F F F F F F F F F F F F F F F F F F F F F F F F F F F F F F F F F F F F F F F F F F F F F F F F F F F F F F F F F F F F F F F F F F F F F F F F F F F F F F F F F F F F F F
  <DiscreteSampler_grid>
  grouped_processes
  1 # 1 for a reference and 2 for a running grid.
  10 # Attribute 'min_bin_probing_points' of the grid.
  1 # Attribute 'grid_mode' of the grid. 1=='default',2=='initialization'
  0.0000000000000000 # Attribute 'small_contrib_threshold' of the grid.
  0.5000000000000000 # Attribute 'damping_power' of the grid.
 # binID   n_entries weight   weight_sqr   abs_weight
    10   10   1.557380039109277E-001   1.050205724174178E-001   1.557380039109277E-001
    16   10   1.557380039109277E-001   1.050205724174178E-001   1.557380039109277E-001
    22   10   1.557380039109277E-001   1.050205724174178E-001   1.557380039109277E-001
    28   10   1.557380039109276E-001   1.050205724174178E-001   1.557380039109276E-001
  </DiscreteSampler_grid>
