  0.00892036787429945  0.01631232247653825  0.02715346406959388  0.03843061399644102
  0.04911737171497541  0.05911639274871960  0.06885260585498383  0.07829638243237666
  0.08755027647000455  0.09686355958731316  0.10665480126824610  0.11680623095426604
  0.12665172220060911  0.13611646764842736  0.14590086389065557  0.15640845052807217
  0.16722522979154020  0.17824028336484551  0.18963742315923360  0.20133491268923653
  0.21307483070213076  0.22489957604386940  0.23689625062142064  0.24891512431645160
  0.26084811107190087  0.27281494592808486  0.28495114516529590  0.29721360683617659
  0.30877925624418157  0.31972516114440591  0.32981188991767391  0.34000571189672985
  0.35015189713623468  0.36012830327329332  0.36962592352068829  0.37932420510198656
  0.38917487624946046  0.39884972974410260  0.40863913055829071  0.41843922324562233
  0.42932186499948183  0.44009346288432277  0.45121950048713932  0.46282670395134995
  0.47490729309523760  0.48593356116218328  0.49653102301583951  0.50644424465847115
  0.51629285311295003  0.52605481564655199  0.53563135882552426  0.54555368742530608
  0.55600511075303283  0.56748880046747507  0.57925681385390049  0.59044475361286719
  0.60119448719843149  0.61233843676496924  0.62310231602919974  0.63332908601895388
  0.64350392802496148  0.65332873843093597  0.66294346098912715  0.67205581919148061
  0.68132865803166620  0.69027212322907516  0.69897799703396968  0.70772466251548760
  0.71695334180371584  0.72658261143351000  0.73627634746707304  0.74630522301812030
  0.75651369979394578  0.76685830522816212  0.77723792520825707  0.78790085897060247
  0.79958816223586815  0.81143422647778796  0.82255798474608954  0.83320953563376388
  0.84349657006907908  0.85396484245595350  0.86441811395046819  0.87478441543025620
  0.88495838661714754  0.89541020204904209  0.90658592587711451  0.91816304885170719
  0.93008231800784591  0.94122163966230610  0.95157547734772552  0.96140935267550875
  0.97141529930821036  0.98155463531562159  0.99154816568836668  1.00000000000000000
  0.00913220697821835  0.01677291180459754  0.02836586823781647  0.04059412923367240
  0.05172195314170201  0.06258115293385175  0.07431866722281591  0.08548713365715117
  0.09586134408834551  0.10589007295272097  0.11677771769690062  0.12789696760518682
  0.13940936179569879  0.15054390982367941  0.16129366352516153  0.17182677756730613
  0.18249162291630630  0.19294970305628928  0.20316755668062772  0.21313426770173716
  0.22303744056433875  0.23275764490044812  0.24261595664704305  0.25216684611460144
  0.26177772429544577  0.27134294517442448  0.28113731827737559  0.29170349493867431
  0.30238313344086581  0.31331064350050475  0.32420367129502536  0.33481907849069403
  0.34581956501740996  0.35700695217752415  0.36809597574456182  0.37934383336605915
  0.39043156457976419  0.40118260547922341  0.41158586347922893  0.42304938239079415
  0.43493869932694751  0.44786921474030961  0.45978148828902032  0.47078235915449812
  0.48111263609353866  0.49141952207522810  0.50171378546595391  0.51214034401812203
  0.52270191477534234  0.53318860066907325  0.54374676589582682  0.55406442784777110
  0.56400876116994614  0.57375791102534102  0.58371839889846677  0.59450239038489427
  0.60531676268711143  0.61611298477038190  0.62697688320966327  0.63755555375447237
  0.64796640702111241  0.65749569765391480  0.66686095106261334  0.67581278777051201
  0.68478329592025888  0.69431624704167594  0.70383999284552201  0.71343051078180442
  0.72315550457631073  0.73315374920816212  0.74386618748866551  0.75450115880496149
  0.76534974464470118  0.77667708066267171  0.78825091993491969  0.79974704279514264
  0.81108976791844944  0.82222336059194390  0.83337111732447100  0.84382187417304388
  0.85441056962252460  0.86413498016615264  0.87376636107953232  0.88314034020332655
  0.89298778956218317  0.90235540224208866  0.91185409033788145  0.92133853942182053
  0.93148237327545413  0.94131381449310736  0.95120017037986626  0.96110313289795546
  0.97142326387792033  0.98197311530618814  0.99139632329677507  1.00000000000000000
  0.05686486621564729  0.05952877483498446  0.06187075615012737  0.06454663714271218
  0.06833582010755879  0.07202668003583691  0.07563592190009583  0.07936820564560855
  0.08315889509709429  0.08715319104033539  0.09117981091017197  0.09523883768053244
  0.09951868296997608  0.10384409088712403  0.10820146529026171  0.11265661959440373
  0.11716964201700315  0.12178420364154553  0.12649756849419186  0.13129359753625158
  0.13665556689173000  0.14170120281676646  0.14604064434108172  0.14812295726982846
  0.14949742962938517  0.15065061944909483  0.15182933035112048  0.15354142567455598
  0.15597868230320319  0.15838476128157986  0.16077222921647780  0.16315082059492245
  0.16552465083746715  0.16790921795910524  0.17029005516778156  0.17269376880984283
  0.17508725914066955  0.17752131853190134  0.17995731579941926  0.18240499515551570
  0.18485286095223011  0.18730753762132799  0.18981708945273701  0.19239452838007437
  0.19501120436675815  0.19762475658980555  0.20027101905954356  0.20294872523851004
  0.20567063829122126  0.20841290633518531  0.21118227236371015  0.21400288072570059
  0.21687241295445298  0.21977117966831339  0.22270595329709639  0.22568946020136468
  0.22871122925288864  0.23176629648632138  0.23485350180097295  0.23799526686467720
  0.24119809648135251  0.24447538936243587  0.24781817752832927  0.25121787982869992
  0.25466390925648802  0.25815189320238041  0.26171783408266180  0.26534413422291747
  0.26903918791922704  0.27279396696059660  0.27661256917671512  0.28050130095240222
  0.28452038641873734  0.28867824383760626  0.29290145298594000  0.29724172872118532
  0.30172292392957034  0.30637353879429374  0.31121316875149602  0.31633170202377947
  0.32175001721845570  0.32742214260958752  0.33339476792041445  0.33977983397355632
  0.34674836511595891  0.35437465674532226  0.36278026428720556  0.37216633749789091
  0.38269287131228663  0.39490152091988473  0.40990007653352911  0.42863860498734146
  0.45534266563472425  0.49891435719527316  0.58393781158409275  1.00000000000000000
 -0.00229139038625018  0.00974637607682438  0.02029607089814380  0.03245782483730371
  0.04419410944675910  0.05563158752771093  0.06737721273477740  0.07940928971717237
  0.09096560683242849  0.10214262294513914  0.11349698948226937  0.12476733634948485
  0.13596787725321396  0.14721858337241178  0.15826835807448714  0.16887618796077958
  0.17937812834001088  0.19015699032456790  0.20109834386884043  0.21209501644266146
  0.22316141043749316  0.23428008826111446  0.24532934821225019  0.25644380186547044
  0.26730657896364424  0.27829809353390150  0.28962837838791411  0.30102435622554502
  0.31223001884766527  0.32248311325150530  0.33253741702349637  0.34251926094160473
  0.35249503696730977  0.36258693582430429  0.37302713435985596  0.38378458505385205
  0.39455548426213055  0.40534689571729143  0.41591379951017760  0.42616343153999714
  0.43617323765672344  0.44632583403517900  0.45633646159387531  0.46594381692622377
  0.47520452083879205  0.48545958938396244  0.49654917423693723  0.50719430883759309
  0.51735448981360310  0.52693621770107102  0.53620107320808141  0.54540798655915901
  0.55439233816030586  0.56330985227571895  0.57249078643226159  0.58191458818980091
  0.59207987169265641  0.60201335567747061  0.61144807928383393  0.62063588084017618
  0.63012931137463879  0.64000465538745654  0.65001899495265281  0.66011498094773002
  0.67070018549743249  0.68165260090111768  0.69241406636999303  0.70294769443002803
  0.71347084395793736  0.72400828288952579  0.73437813320871992  0.74457905208336184
  0.75465925927791255  0.76451962621994651  0.77418349472059089  0.78372451565155277
  0.79369644337742384  0.80448646559958414  0.81572345745406172  0.82683600789885370
  0.83781029987980371  0.84862842166934516  0.85939178670135274  0.87044331326659974
  0.88215163190750123  0.89409431858009891  0.90501916162600438  0.91521582905045051
  0.92586496538239949  0.93648623522558039  0.94657601697712246  0.95667625660162792
  0.96734035025182741  0.97834567327598254  0.98893331232295978  1.00000000000000000
 -0.00223443704616462  0.00876821638920071  0.01819667255041997  0.02791083195466326
  0.03782626394161454  0.04814846838130847  0.05904297205958234  0.07068022561086049
  0.08250032112095769  0.09408877258941356  0.10558372520313988  0.11689190635285851
  0.12816352710329942  0.13872726444323177  0.14942365252637863  0.15995486186125002
  0.17056836949982912  0.18081526215362612  0.19152616832855626  0.20243918283949680
  0.21382046833808563  0.22564510936531082  0.23766559078548827  0.24954236326409190
  0.26079781821187276  0.27159214374217155  0.28219146694201802  0.29238865853376189
  0.30221525256505199  0.31218881395964398  0.32261872592568697  0.33311056148233481
  0.34317254404012454  0.35339174911612825  0.36493293575106461  0.37701004660580573
  0.38894346053378759  0.39999562818829348  0.41069052544756451  0.42145611687651741
  0.43170022110837647  0.44164148899163425  0.45144889802355165  0.46243857694174983
  0.47452402286588363  0.48612398265876899  0.49701172183935449  0.50818633789926171
  0.51941660096556985  0.53014785537158260  0.54040508246290697  0.55011712639553145
  0.55992394823660441  0.56971678100855483  0.57924192500649774  0.58899490827349421
  0.59977998712005076  0.61021738229282707  0.62121506550799732  0.63157877748478974
  0.64169372955189852  0.65167996012702145  0.66118111768747478  0.67082724561334195
  0.68076285263901470  0.69126855251683128  0.70284731642811915  0.71477649499910201
  0.72657377775078069  0.73795081076887903  0.74881902562815206  0.75887582712791302
  0.76866860309872009  0.77894550085217107  0.78945616175067457  0.80017454836458846
  0.81100260477847130  0.82086075433753358  0.83034522712513481  0.83963546327571292
  0.84910011656238693  0.85840504363353931  0.86751677831831397  0.87694029412849872
  0.88693794649699276  0.89697080809235386  0.90648889536726140  0.91596938528105742
  0.92593880024780950  0.93643550301160128  0.94663320505304394  0.95703027311419242
  0.96817868223773573  0.97933649705717740  0.98981154298623919  1.00000000000000000
 -0.00269956256646433  0.01095028389559211  0.02214906792442805  0.03404358447168916
  0.04614929606606803  0.05880212004384949  0.07113954504914338  0.08290735969618898
  0.09498123984130204  0.10716015020353180  0.11976785858748425  0.13209206377378468
  0.14389598939114837  0.15499344236527549  0.16594756748489603  0.17675665470229140
  0.18716960418361206  0.19746875214499005  0.20810167312084607  0.21935930321631722
  0.23046149753436579  0.24105686749358490  0.25149994746134335  0.26168048904629138
  0.27190304678682609  0.28217716595226355  0.29237121064901744  0.30243582735560920
  0.31234480349682958  0.32250302592192892  0.33311920166987413  0.34380426661327390
  0.35423164327046242  0.36403084228288973  0.37348838828996200  0.38273673274182901
  0.39218039723917325  0.40207651939170075  0.41254994152867963  0.42252344529357727
  0.43204051686486178  0.44112738330176182  0.44996786722302973  0.45863611465370918
  0.46702102325916850  0.47537019982755030  0.48450674807829336  0.49434841230392840
  0.50407054620507896  0.51407671231071750  0.52427959262413393  0.53467462932427257
  0.54464819446555757  0.55378161483092303  0.56296687508642562  0.57224517762839389
  0.58175037268311625  0.59154435334422184  0.60154901200243283  0.61293120782053157
  0.62363027042813768  0.63492787748718049  0.64606215925302601  0.65749812309106404
  0.66878471277416973  0.68013683334365693  0.69101896574902177  0.70165030716500276
  0.71209854488133961  0.72229836256009383  0.73219235260342685  0.74156798936620438
  0.75095563167504664  0.76072661392266050  0.77108986503211219  0.78167033046040157
  0.79210443440738831  0.80250632583514947  0.81307710495496677  0.82383195763100237
  0.83436379376579506  0.84459368895699138  0.85533179431209905  0.86686674764341876
  0.87823536478635311  0.88872854990444738  0.89905228070949494  0.90973765418184260
  0.92053672228211536  0.93103012182095790  0.94242813715985330  0.95511674657235157
  0.96679336439669328  0.97815867373209253  0.98899238611874751  1.00000000000000000
 -0.00269198381327111  0.01066369797283501  0.02201277003191765  0.03383345960894984
  0.04500901962478708  0.05626772081628930  0.06751067604260118  0.07877978267618027
  0.08951542023671090  0.10009108631453043  0.11114814807426147  0.12245237498386106
  0.13367110918755090  0.14468168716490976  0.15554448925428524  0.16659839401887619
  0.17813236195022952  0.18983058568058536  0.20112617770728403  0.21182992693583119
  0.22216969327529595  0.23254682262058593  0.24309102164705204  0.25430231428615419
  0.26599043802964362  0.27779138880596604  0.28918366671174062  0.30028396294257148
  0.31099668425962262  0.32203164760640102  0.33321954254941272  0.34397771486070833
  0.35461662461669785  0.36494438705415966  0.37489974186287489  0.38363921701478321
  0.39234436152163471  0.40159245562049756  0.41066120522483779  0.41979058489607896
  0.42913678508408470  0.43899163936262964  0.45029310138588996  0.46211394973316106
  0.47439119238159078  0.48602057058928011  0.49686284314876217  0.50748880502592275
  0.51816430223619470  0.52850312441808156  0.53902681142283670  0.54936736919814122
  0.55952658865476601  0.56931794407508862  0.57939352107985220  0.58995315273250060
  0.60062522523719697  0.61102337560268671  0.62109083326109926  0.63075093962009299
  0.64009297885705763  0.64945113922587117  0.65896923671920327  0.66873128998899545
  0.67863966374102003  0.68864945803189304  0.69924646084545938  0.70995451365276740
  0.72045263735853660  0.73079008147258429  0.74102466065183625  0.75112312174707951
  0.76098423343569366  0.77094894222935195  0.78245586319981630  0.79420586492649303
  0.80527220771619790  0.81550221373497556  0.82506219860041252  0.83439685362005278
  0.84370943934839160  0.85310515476497040  0.86258784506259034  0.87205240316465793
  0.88143863440571346  0.89175698284790728  0.90278638973882985  0.91384876306799323
  0.92466493610819400  0.93487741045241346  0.94560924320656059  0.95671285318282961
  0.96703850700966365  0.97818694188038136  0.98893641572609936  1.00000000000000000
 -0.00223990554233047  0.00893963641169574  0.01767740213738000  0.02708675944227502
  0.03623346206690478  0.04589353926981898  0.05629468856354587  0.06660384216558664
  0.07683581819023655  0.08716118703233114  0.09870707394598141  0.11052929373809205
  0.12259051098234569  0.13424381375729483  0.14536636433846323  0.15651996810314983
  0.16742296883204999  0.17873802577571524  0.18994323150182146  0.20113817625660677
  0.21253796139489639  0.22376853049610537  0.23486394945701178  0.24581626191148542
  0.25609182977718448  0.26566820551216652  0.27497776025567811  0.28446455287150102
  0.29414496579490407  0.30343655629370381  0.31214487814586495  0.32147683220043616
  0.33092471931435430  0.34065285303945569  0.35030804924606596  0.36021990384016250
  0.37065589713632313  0.38048411310339275  0.39010344552446302  0.40027209895449573
  0.41048915243923023  0.42044613894862481  0.43014670016283524  0.44008224900029935
  0.45080729036602790  0.46194594222028790  0.47319124484347436  0.48420556128152831
  0.49435897413872659  0.50469516688312754  0.51518992433993183  0.52594831358740213
  0.53692926995818724  0.54810561041758643  0.55912140330506532  0.57001749890365472
  0.58059253506648478  0.59111014906372727  0.60195711050437639  0.61373641251155375
  0.62601281687824317  0.63790802740646713  0.64953313540269320  0.66112676895933009
  0.67234865888090534  0.68335499359991314  0.69431642576655350  0.70546424284758169
  0.71622166336436432  0.72678584591795958  0.73755423212306592  0.74913445719280125
  0.76175000857179509  0.77466715714462642  0.78688020287584259  0.79874687599245475
  0.81084711442449176  0.82341318665597718  0.83565253085380531  0.84694941598845230
  0.85739160616095178  0.86713613192072836  0.87690033067548845  0.88655420722996980
  0.89606406105735437  0.90495393065535690  0.91387555101372786  0.92342000395818880
  0.93384643522708899  0.94353827371042509  0.95365214296066492  0.96305038500746576
  0.97274439819068759  0.98209885002501285  0.99116660888442909  1.00000000000000000
   2.2324538867352012E-008  -1.0000000000000000     
 F F F F F F F F F F F F F F F F F F F F F F F F F F F F F F F F F F F F F F F F F F F F F F F F F F F F F F F F F F F F F F F F F F F F F F F F F F F F F F F F F F F F F F F F F F F F F F F F F F F F F F F F F F F F F F F F F F F F F F F F F F F F F F F F
  <DiscreteSampler_grid>
  grouped_processes
  1 # 1 for a reference and 2 for a running grid.
  10 # Attribute 'min_bin_probing_points' of the grid.
  1 # Attribute 'grid_mode' of the grid. 1=='default',2=='initialization'
  0.0000000000000000 # Attribute 'small_contrib_threshold' of the grid.
  0.5000000000000000 # Attribute 'damping_power' of the grid.
 # binID   n_entries weight   weight_sqr   abs_weight
    10   10   7.548726029760079E+004   2.088650586155982E+010   7.548726029760079E+004
    16   10   7.548726029760079E+004   2.088650586155982E+010   7.548726029760079E+004
  </DiscreteSampler_grid>
