  0.00883878074458496  0.01728681881860286  0.02889772953224815  0.04139051884886578
  0.05295841415605938  0.06492919939457832  0.07727284930555327  0.08995239851956686
  0.10219545819071543  0.11232577448282026  0.12189751874366631  0.13174404794280686
  0.14202665269777259  0.15185191024389794  0.16131077702493088  0.17119099786921330
  0.18253793552802217  0.19365826162602279  0.20433416191043488  0.21488232113688460
  0.22568148591624509  0.23671115322903288  0.24792584056355338  0.25853192597783825
  0.26848812526209404  0.27825265310014191  0.28815713552252586  0.29801042824649915
  0.30735258965463397  0.31659586839747117  0.32598318673787813  0.33585912221634096
  0.34643401869049734  0.35764422869237139  0.36916849894475995  0.38013615167019166
  0.39110486296263736  0.40160798606572845  0.41187472197248121  0.42188353507717519
  0.43176004008322422  0.44111258179780516  0.45034857597120864  0.45999088884633210
  0.46994241521972685  0.47989804231902616  0.48962411373861131  0.49951316036775245
  0.51060499704033768  0.52236440807789963  0.53309060593958157  0.54348848211807299
  0.55413633473994450  0.56478124841602917  0.57610058399054254  0.58684821324578940
  0.59772565040430015  0.60828724081075791  0.61863893194727526  0.62873344355507488
  0.63825538640764490  0.64787035290930828  0.65688321406939409  0.66602314106228555
  0.67527820676845407  0.68458857611522372  0.69398209220677198  0.70362516222840432
  0.71384319835489107  0.72432242867020880  0.73459249972747120  0.74477819434092918
  0.75518461903549716  0.76607432861561131  0.77645422530527064  0.78601967750075130
  0.79555176789827098  0.80499649206386281  0.81495903908344758  0.82487053419315381
  0.83498338275613149  0.84573854669100579  0.85645135515827986  0.86667003795180098
  0.87708057066207423  0.88790496100823957  0.89854548514886101  0.90926071997405666
  0.92077021605518050  0.93313279061378629  0.94455422446939152  0.95545189480894033
  0.96650623349308540  0.97738708985918288  0.98867347710774256  1.00000000000000000
  0.00927276366394340  0.01568380167502264  0.02518078455367475  0.03563187367145629
  0.04531102385481819  0.05433531656368592  0.06386802142842753  0.07439641169754761
  0.08492156933784942  0.09518960857807457  0.10603589056067673  0.11765016101603987
  0.12942541538170074  0.14094661938107417  0.15251093553101405  0.16421677923264541
  0.17531200544343253  0.18605991835002955  0.19711322990352373  0.20845814869499626
  0.21933084219227636  0.23023185504233323  0.24117985485080248  0.25170992299894535
  0.26203817792871681  0.27189946384940211  0.28107085444534180  0.29008531257613090
  0.29945183162200179  0.30861230976144927  0.31843054452033998  0.32941157383242237
  0.34154982373168119  0.35394376652081144  0.36574360368647563  0.37694379230189817
  0.38769482839165015  0.39809785366291800  0.40798111492712130  0.41808161579732267
  0.42833831182039200  0.43852581825668302  0.44811478128719212  0.45736327137456773
  0.46680843190273263  0.47648779638009120  0.48644032743314380  0.49654048166690390
  0.50705328256324955  0.51774746459423682  0.52782059944122162  0.53754328197319556
  0.54737767357314326  0.55725347863686781  0.56744701718747848  0.57813651055611259
  0.58961489040797488  0.60127313071195110  0.61231479726080429  0.62295191767598190
  0.63366930498882457  0.64406416929992383  0.65371053962666614  0.66303104115685840
  0.67258931806622191  0.68270915346055849  0.69317367716963263  0.70359959526283300
  0.71359301052865820  0.72360518082485148  0.73397087383079118  0.74474657723394011
  0.75557217656021358  0.76621737769918274  0.77706530597959700  0.78823116140675642
  0.79975215860767468  0.81113494207735737  0.82201885418784282  0.83296834085373517
  0.84422827354825059  0.85523367232418113  0.86580141306468772  0.87636427948773321
  0.88740257595510763  0.89859989506992155  0.90920455743315576  0.91976885859310753
  0.93068712083956617  0.94114282015841422  0.95202389702737134  0.96197662575632970
  0.97210722714508191  0.98209646204500045  0.99136847836403130  1.00000000000000000
  0.05779284970536932  0.06065801299538148  0.06311587568857853  0.06579111101434873
  0.06959441568157824  0.07332256345871035  0.07697355779089274  0.08076768848780599
  0.08462674210727114  0.08864789198694208  0.09269212260573870  0.09675532234985226
  0.10105428106077025  0.10537188112395361  0.10969844001946615  0.11414326341076833
  0.11864874098716394  0.12326680484318984  0.12796892974282498  0.13273786834368351
  0.13831877823849084  0.14353653648036366  0.14794472460397290  0.14880945527369996
  0.14999008176029907  0.15120129164087454  0.15255846826753103  0.15466271392959868
  0.15701369074125759  0.15935051067773809  0.16169519391370948  0.16405653512340446
  0.16644289439465576  0.16883820098522864  0.17125722787173697  0.17366556752015455
  0.17608448027969537  0.17848753865399930  0.18090521120706146  0.18333452498807687
  0.18581109781791869  0.18830232286399856  0.19079693318745219  0.19333755964623317
  0.19589205294500062  0.19848176398709388  0.20111051494248428  0.20375774200348520
  0.20642598783592603  0.20914593910974313  0.21191448820885478  0.21472466261344927
  0.21755523988326561  0.22040865673341126  0.22330720225825990  0.22627070395263355
  0.22929531183737772  0.23236819761309221  0.23548445990503736  0.23861140487464536
  0.24176086559806736  0.24495042309373677  0.24820207528034779  0.25153437376478532
  0.25493168456160725  0.25837383738280228  0.26187314167100401  0.26542388830028790
  0.26903510150288329  0.27271501583733604  0.27651899777982991  0.28044529417194258
  0.28446850665124862  0.28860007291911532  0.29278912538764140  0.29711897877116172
  0.30166118880593706  0.30637127134773073  0.31126260351187390  0.31637819911125753
  0.32178904433191813  0.32753036536142527  0.33363413810688053  0.34011991266183289
  0.34709356280664178  0.35464829016209026  0.36303926077443460  0.37241205076525580
  0.38294238232827660  0.39521610334077584  0.41018872855000515  0.42895198051434652
  0.45600383384567178  0.49910139596729419  0.58399160964516461  1.00000000000000000
 -0.00303764090975475  0.01121158662570700  0.02361360091673615  0.03620896772772089
  0.04807682749108333  0.06013655364331342  0.07106558188216978  0.08175953014727814
  0.09191204717304392  0.10211202673183785  0.11222076348501440  0.12256452430019509
  0.13423051185075771  0.14701027314420576  0.15876064357801498  0.16960965259059171
  0.17965183669215631  0.19037495250656009  0.20176005733399349  0.21241496082897121
  0.22210913490783385  0.23235058890671559  0.24352784949515202  0.25446357224391847
  0.26427517817229013  0.27398275960011709  0.28421697349066166  0.29491154497597566
  0.30616427152822684  0.31765934179315264  0.32914620858094290  0.33935653031445162
  0.34890252851625081  0.35849820972568980  0.36826561243407097  0.37799773033173562
  0.38733616500140866  0.39673350737226676  0.40676153808802751  0.41692217278018195
  0.42689786199802771  0.43646682838898959  0.44680374694664771  0.45758323008675017
  0.46915533433432915  0.48098701629274321  0.49222478308800016  0.50280182276840546
  0.51311563835565044  0.52327853639720734  0.53316479698199526  0.54322973518655793
  0.55371252953862860  0.56402773193381395  0.57422699875578842  0.58428539734002038
  0.59471693220822708  0.60537844174347033  0.61624757866801005  0.62678095522071264
  0.63596868809727958  0.64487459682543757  0.65331801168696191  0.66176271171119649
  0.67023938827154772  0.67873773550344119  0.68754399047718018  0.69710513457436862
  0.70703767500230996  0.71743315968127808  0.72761149092185373  0.73795617759602317
  0.74880754820250695  0.76035395480848134  0.77182044771925373  0.78250703453015624
  0.79281363313504183  0.80316285427694434  0.81336097952329989  0.82347149208259773
  0.83383318014310792  0.84472109486963010  0.85544865503534018  0.86568290836200323
  0.87605717123394933  0.88723404277048590  0.89849406337532911  0.91010330375052306
  0.92183121075868735  0.93336685198936520  0.94447463224991512  0.95527865944735479
  0.96595046334051293  0.97633651432844459  0.98799829510590920  1.00000000000000000
 -0.00199209072434560  0.00807262355598327  0.01682737415559292  0.02644571064040000
  0.03585968811849992  0.04549455258283280  0.05570710449523342  0.06606258814749397
  0.07650342842099507  0.08709080688077800  0.09787871134926618  0.10867259848247622
  0.11936922503711599  0.12996719467029880  0.14070738565894192  0.15164566404133195
  0.16224220732842715  0.17232148094788444  0.18229632356158479  0.19290965481123012
  0.20435439708677222  0.21499814904639675  0.22472556082118403  0.23419720175578534
  0.24379008555328158  0.25381410084007677  0.26418441314843455  0.27502191225558070
  0.28624951782217850  0.29734788349078140  0.30836469842364889  0.31941213562003756
  0.33075789243568404  0.34182029794808411  0.35312588905403552  0.36401720613761579
  0.37486599088524519  0.38578863272746244  0.39693086626406143  0.40850955944227563
  0.41971081053507420  0.43098556936047777  0.44224559860736867  0.45358663371754082
  0.46484376632142477  0.47555478146151631  0.48626935579273767  0.49660160454990182
  0.50687839719515848  0.51707781179725432  0.52783745637610680  0.53921130529308370
  0.55031274540426123  0.56203115352206057  0.57352286427530785  0.58518728095701411
  0.59647281868835045  0.60729964200551190  0.61804578564460733  0.62856964963010920
  0.63909049602255508  0.64939486764036802  0.65960722193596288  0.66971773066562290
  0.67982638094649694  0.69017081128877589  0.70024603557064213  0.71039443571587935
  0.71995814353649945  0.72978460396747946  0.73981715035331042  0.75034240962884224
  0.76016685522798788  0.76933231948061787  0.77829182711807510  0.78752399327859046
  0.79733646884921583  0.80740863849056832  0.81725591836135125  0.82675011969627643
  0.83637240915595090  0.84620218130336156  0.85608078966469636  0.86585046474404570
  0.87587360776806455  0.88636104694903550  0.89682807219412541  0.90659776182274743
  0.91649718051190232  0.92740998808367148  0.93899082663195366  0.95065687421937806
  0.96238759646720096  0.97478697032240602  0.98729845707814456  1.00000000000000000
 -0.00280342782138616  0.01207897924092798  0.02407617356200304  0.03688195507772092
  0.04918521339424373  0.06176972304102055  0.07474424055426476  0.08722386537788246
  0.09812620745581518  0.10888126196887833  0.11924936346251544  0.12977427162258134
  0.14060936563568630  0.15171457033695626  0.16276851847448198  0.17337283310585155
  0.18388363251056877  0.19435107659411469  0.20442642444114015  0.21494862008066865
  0.22517974037463070  0.23567248607329455  0.24622068096371305  0.25750939557181379
  0.26907772838852095  0.27911757364109541  0.28882212940951818  0.29886105088350384
  0.30946698439303416  0.31955386798553465  0.32933374964520984  0.33851540612937142
  0.34736988112097844  0.35613870274478121  0.36510691162792380  0.37418504640018885
  0.38353371030661365  0.39279516173046719  0.40232001576215332  0.41200249710824938
  0.42165853650583368  0.43176460408620893  0.44222668442346719  0.45269410741066979
  0.46322417487488288  0.47368745464543616  0.48438085822399674  0.49522074743958233
  0.50570960200316717  0.51568049859118159  0.52571830286930366  0.53586438685968563
  0.54571056776130944  0.55458775256880599  0.56408323885378309  0.57384091526577374
  0.58385560109823531  0.59313832823371226  0.60214606380472979  0.61225097343243384
  0.62213350532389977  0.63237719946414106  0.64240118967681192  0.65297355781726241
  0.66360201809203490  0.67406434759360689  0.68460582226906286  0.69442983472724429
  0.70439482769687578  0.71448277578663411  0.72502414844058960  0.73497881165280043
  0.74541585081125505  0.75625209376803137  0.76689120981808312  0.77642222204395228
  0.78541754707479905  0.79463007935000673  0.80430026137097244  0.81440691860520020
  0.82429527851195727  0.83411826356469732  0.84384282680502209  0.85386072776079780
  0.86408916998036323  0.87501782896021740  0.88669629066534228  0.89852867520788493
  0.91052090989590362  0.92268765145522758  0.93585808659909675  0.94815627604864106
  0.96088148449692579  0.97299215960066077  0.98662747732331946  1.00000000000000000
 -0.00184957333295074  0.00900976292239290  0.01792970257838535  0.02719515514176028
  0.03638998988226247  0.04543457649715170  0.05460826450252979  0.06415230424452237
  0.07404881670980450  0.08423771584825226  0.09478786220991697  0.10570282021546172
  0.11656759397715732  0.12718139337617407  0.13767283701408509  0.14818571108631426
  0.15864795883175670  0.16947318749849510  0.18078217733190732  0.19184039391008204
  0.20243859410035633  0.21318144855221191  0.22386447022302436  0.23408342856172210
  0.24411987679559710  0.25465194045921091  0.26573427553551399  0.27667787668432242
  0.28731156142226560  0.29810683428928508  0.30894670108267513  0.31931504514266573
  0.32943967334788288  0.34051920397992219  0.35160454810540437  0.36265705950391636
  0.37332153947153351  0.38470716804133703  0.39619791878188543  0.40718042293168166
  0.41804891917746867  0.42799982063157471  0.43784913001363057  0.44777602214452589
  0.45792756318342170  0.46873387724289634  0.47951643440850700  0.49047412896413067
  0.50130702739825661  0.51196671844193054  0.52232353490516137  0.53262459304667720
  0.54312930031019679  0.55489690756622057  0.56550416020499172  0.57497059094713288
  0.58458645145432508  0.59388432698146709  0.60328519699556515  0.61212009111717103
  0.62084049927105545  0.62979268719441162  0.63866593685531980  0.64762135037277235
  0.65722589182082547  0.66740651991180644  0.67813716611706232  0.68899665089867423
  0.69979936058358017  0.71076027894788640  0.72192529038125108  0.73334788976455301
  0.74520376557789780  0.75769921286989950  0.77047689643732153  0.78193772291583330
  0.79298124051748087  0.80333133916391641  0.81416270380781774  0.82514833568652435
  0.83558179503022867  0.84564599854331213  0.85598066737323175  0.86672432454314574
  0.87713747102908568  0.88703234116635821  0.89671805314357611  0.90714637050437263
  0.91854623777040278  0.93153633046453266  0.94425642088180251  0.95642624876542470
  0.96755785669610572  0.97852363948688459  0.98916533903570703  1.00000000000000000
 -0.00247110730375026  0.00932132498835068  0.01895381472076571  0.02971908073958724
  0.04000492451443356  0.05074996928307412  0.06149255207584162  0.07140624988473004
  0.08113946266070360  0.09082209754006043  0.10031048814556863  0.11041006577684320
  0.12044098079964298  0.13123674003849994  0.14222520080977594  0.15388888789981375
  0.16561817418243543  0.17697209268139433  0.18767347919094460  0.19800551571241637
  0.20827055177009252  0.21887840822221452  0.22996800273467177  0.24164198897002875
  0.25301921125662058  0.26418867049605893  0.27443530683963907  0.28416342492143981
  0.29393359559783333  0.30354656361218918  0.31288002230195405  0.32206916141041492
  0.33178567598175801  0.34246145850849946  0.35364416888235006  0.36484479166097605
  0.37534072556779913  0.38501061959034527  0.39470979797468181  0.40528346374982738
  0.41637288046949467  0.42611990413394524  0.43567657442978502  0.44565904747984741
  0.45578000878626440  0.46584531265493434  0.47571645579096905  0.48593327791404223
  0.49686801134977893  0.50813497822893183  0.52027469229833967  0.53241973951099608
  0.54397144736537917  0.55558890480147172  0.56639155319225754  0.57729548418668952
  0.58762551474849245  0.59796465601223137  0.60803711903584212  0.61786156336992315
  0.62718521548205686  0.63640008549474580  0.64575355959990843  0.65578526350534105
  0.66586835187615989  0.67542853136784875  0.68509562992779072  0.69510025967447486
  0.70537777351733399  0.71541272840613324  0.72539415255682538  0.73551648670665304
  0.74583714059448902  0.75624443031988609  0.76683569828817733  0.77827534642392160
  0.79015256794297406  0.80187684302647833  0.81376103777974618  0.82555268310567997
  0.83672926709615558  0.84738662738297188  0.85802791586069260  0.86897431099467604
  0.87995213021825958  0.89102009514181635  0.90254600646012617  0.91445042400535048
  0.92616688654081070  0.93760239523412636  0.94835413009345815  0.95902588711210202
  0.96967808180337511  0.98027899546912067  0.99014027338061483  1.00000000000000000
   2.2257560156456735E-008  -1.0000000000000000     
 F F F F F F F F F F F F F F F F F F F F F F F F F F F F F F F F F F F F F F F F F F F F F F F F F F F F F F F F F F F F F F F F F F F F F F F F F F F F F F F F F F F F F F F F F F F F F F F F F F F F F F F F F F F F F F F F F F F F F F F F F F F F F F F F
  <DiscreteSampler_grid>
  grouped_processes
  1 # 1 for a reference and 2 for a running grid.
  10 # Attribute 'min_bin_probing_points' of the grid.
  1 # Attribute 'grid_mode' of the grid. 1=='default',2=='initialization'
  0.0000000000000000 # Attribute 'small_contrib_threshold' of the grid.
  0.5000000000000000 # Attribute 'damping_power' of the grid.
 # binID   n_entries weight   weight_sqr   abs_weight
    10   10   5.008375224369705E+004   6.688905867625998E+009   5.008375224369705E+004
    16   10   5.008375224369705E+004   6.688905867625998E+009   5.008375224369705E+004
  </DiscreteSampler_grid>
