  0.00023668618382134  0.00027763433089650  0.00030362141883092  0.00032109537408858
  0.00034074300683605  0.00036819543831456  0.00039936654701379  0.00043798349718546
  0.00051782331715988  0.00075739575629676  0.00118693051572859  0.00161773926945222
  0.00200658448898642  0.00243533553012284  0.00291522862991248  0.00346146318514469
  0.00407146408318852  0.00477889136473834  0.00558760475113683  0.00651407805632262
  0.00755312965148674  0.00867709825763492  0.00992166724734517  0.01135342158665485
  0.01312323219981011  0.01522976300668766  0.01762208557665760  0.02028152222236490
  0.02338326429658630  0.02713091284627990  0.03154510922287282  0.03652181487401303
  0.04195075625191693  0.04736817091828106  0.05225634847957086  0.05620450526076444
  0.05904850090112410  0.06099744902156699  0.06234759815386101  0.06333029641013058
  0.06407023746511339  0.06464060659189622  0.06509561022254584  0.06546957878983016
  0.06578365179379182  0.06605309075586227  0.06628886942081420  0.06649886447792125
  0.06668888768322255  0.06686309835830431  0.06702441134229709  0.06717613301435919
  0.06732077796982483  0.06745927041824069  0.06759277043205461  0.06772281031121366
  0.06785090868198161  0.06797842956797222  0.06810677618848548  0.06823744631701029
  0.06837130954439193  0.06851032489292197  0.06865629397095978  0.06881129723360545
  0.06897727477983974  0.06915619077969988  0.06935157807471422  0.06956779017846326
  0.06980917086761169  0.07008235671103479  0.07039943929042654  0.07077770769803284
  0.07123648048457341  0.07180215620829099  0.07251895310023689  0.07345634122331274
  0.07471519781318177  0.07647781772192770  0.07904855378231301  0.08282053189362654
  0.08848567658953659  0.09683485690022395  0.10858210909941053  0.12333723006750287
  0.14143880503345074  0.16432473287370553  0.19401393535672509  0.23804482299571578
  0.29749838664970013  0.37788103154199082  0.47486624059453364  0.58724587206228207
  0.68470721030771053  0.79983002211283838  0.90786115631506759  1.00000000000000000
  0.00001499545474527  0.00003668754496168  0.00007050255411079  0.00010674604695676
  0.00014519862471332  0.00019085066394847  0.00026113948925382  0.00034770686454817
  0.00045018356169678  0.00057812494534981  0.00077158152726291  0.00103458897396793
  0.00134062978482359  0.00169273626684185  0.00212707334769168  0.00267171426725936
  0.00338853063854990  0.00428264581186542  0.00551642419268848  0.00740302458229784
  0.01009298357719903  0.01406683473162266  0.01998181539307392  0.02873920638928345
  0.04077388120213140  0.05550725610846010  0.07187269335744860  0.08905554987279743
  0.10662596475162332  0.12447177862112685  0.14264622016167414  0.16104741588667976
  0.17961350647284968  0.19821357900821099  0.21679937139150529  0.23526245107814955
  0.25377633460852894  0.27244031884920139  0.29097902773017548  0.30928305465544847
  0.32778211535135204  0.34631451342017200  0.36486291519447195  0.38341040914850866
  0.40189171448359512  0.42047450196605862  0.43901330402205546  0.45729575925783345
  0.47544946942421096  0.49370512132909522  0.51207533282531048  0.53035883023481145
  0.54858367881962078  0.56690538245694322  0.58505477765635250  0.60284313809129519
  0.62061404798717756  0.63850749175370336  0.65653237413403431  0.67460972403270669
  0.69246076920066768  0.71030654143256067  0.72821061190014758  0.74595031560629810
  0.76352313870379196  0.78106512183152532  0.79864850762700712  0.81633826436169654
  0.83389045777640503  0.85128108655496781  0.86831709635643417  0.88488031176154591
  0.90105266543318863  0.91674872935497898  0.93159251964931500  0.94538653113014426
  0.95786488570897765  0.96860981712170180  0.97722647314652189  0.98365858290775288
  0.98821029094926671  0.99147875596891677  0.99386677732093831  0.99560354543259466
  0.99687442821057781  0.99782804924761748  0.99856898241030101  0.99907177772037004
  0.99937353705960219  0.99951090668217568  0.99961849664569136  0.99970514665763188
  0.99978136684601049  0.99985519164486736  0.99992805792877726  1.00000000000000000
  0.00044595669171270  0.00086247595677539  0.00110814700748669  0.00132032695022029
  0.00153842680434480  0.00176620289940551  0.00200159460688809  0.00224669898648690
  0.00251579284773234  0.00281722485632457  0.00314942996054390  0.00352555886866636
  0.00394577299573450  0.00439369524451086  0.00487025059974976  0.00536272814766243
  0.00586818124171117  0.00638394422389517  0.00691795010401726  0.00744526370064233
  0.00797973823714733  0.00853106657778859  0.00911544287370696  0.00973056409866753
  0.01036770667582019  0.01101331097330928  0.01168088012941814  0.01236513075001846
  0.01307579887506707  0.01379612655400734  0.01453549720098895  0.01531893029108740
  0.01616781257305228  0.01707131914157187  0.01800512885853308  0.01898869523581511
  0.02000893090255435  0.02108116447927177  0.02220704233541894  0.02339407727542811
  0.02462118692775858  0.02586002265225295  0.02714283588801631  0.02849802518400782
  0.02994893575249091  0.03144309368403346  0.03298222136152634  0.03462020896814018
  0.03639462654991696  0.03825360115488250  0.04015352397113586  0.04210138487174561
  0.04414958831738697  0.04631697402823756  0.04867681467110097  0.05118216889004330
  0.05379690534728292  0.05646590721266678  0.05922695814585294  0.06212195802226051
  0.06518337605645515  0.06840484418548569  0.07182640310136658  0.07549030772525105
  0.07944132065292825  0.08356558111218722  0.08789066721994161  0.09227707487401694
  0.09675669511844009  0.10142369921149326  0.10646498408951126  0.11203114392573918
  0.11816369832954668  0.12457553370467146  0.13130397593914528  0.13849360265100172
  0.14640497728993634  0.15516632344281697  0.16471266393158751  0.17507034172541996
  0.18615997086628336  0.19797602317091118  0.21071831387344153  0.22447567441319596
  0.23942548109548845  0.25567291897651029  0.27322427933400439  0.29177744623693092
  0.31108922987004900  0.33099264119051930  0.35158921089503248  0.37506248854255053
  0.40312932097456927  0.44269920936454199  0.53330142978194950  1.00000000000000000
 -0.00205698471486762  0.00831761625410119  0.01833133750706701  0.02881566948015043
  0.03882736937206772  0.04864864389645703  0.05834754270793293  0.06805872811521732
  0.07791215449575345  0.08777696797362183  0.09767287638586440  0.10724714954686851
  0.11683451165514949  0.12635905953294266  0.13611582874924338  0.14557490645028048
  0.15493877938714939  0.16442001524731986  0.17424671627119551  0.18437442758110584
  0.19432751646484903  0.20408047621981795  0.21394390270265981  0.22395776091475714
  0.23394254336805537  0.24309436955522601  0.25217522293788186  0.26137135601770528
  0.27132518813578921  0.28182804693561858  0.29214919955367313  0.30230120280733203
  0.31255621029057917  0.32296505920909591  0.33359547543489249  0.34432640981310686
  0.35510235823802172  0.36597743708926161  0.37694945368669863  0.38784158339503555
  0.39874260920787385  0.40937640468547104  0.42018876434189795  0.43097440483743066
  0.44194029622900832  0.45280746215535095  0.46343093023861248  0.47415702237216684
  0.48503685926786172  0.49639293635733617  0.50781195102684562  0.51917655173541233
  0.53030406734605517  0.54138053546687392  0.55260914570236930  0.56406255088907664
  0.57547124042864861  0.58685960200224663  0.59843518448891830  0.61006559573464225
  0.62165750571975176  0.63301918584157435  0.64432188089350428  0.65572167317579733
  0.66727914572523128  0.67879867969225094  0.69014466320767953  0.70146235889689312
  0.71262629657688803  0.72372052203559567  0.73464546483893944  0.74493289194094792
  0.75472761986402104  0.76429090234376762  0.77452960785179326  0.78545760194392622
  0.79649815255433132  0.80758172746179568  0.81842711285525682  0.82859284993551541
  0.83871164722952474  0.84880724824226372  0.85942866994216405  0.87044268535667813
  0.88156495246292033  0.89275630217805979  0.90388566692102679  0.91467993534079284
  0.92548204215228358  0.93635737612616976  0.94775433712232027  0.95872299868482425
  0.96930391883197620  0.97971696169068800  0.99002404341750738  1.00000000000000000
 -0.00232337548878887  0.00903333628801195  0.01969447838762093  0.03023205611772311
  0.04087754975255883  0.05191320386904594  0.06206443503543399  0.07228887019058627
  0.08196473348845769  0.09259445161374416  0.10306929244867746  0.11352734300239073
  0.12392015193738112  0.13410510117450730  0.14434395072067691  0.15394195879372549
  0.16360144930022444  0.17335466858182397  0.18341034566930323  0.19386670152886712
  0.20403463083337797  0.21431086431833513  0.22464954178642810  0.23522762475799858
  0.24559193582624045  0.25576328110466046  0.26617017109086483  0.27700138658258422
  0.28805005613199125  0.29878983779507967  0.30936553035353181  0.31992835812715831
  0.33064498945855508  0.34127035223709379  0.35193144390547426  0.36252980881338837
  0.37297968663473313  0.38364419457891608  0.39442277999868758  0.40530334266260415
  0.41608477515044806  0.42687221688026611  0.43749321843135269  0.44805505951815017
  0.45867462114406954  0.46983893679366001  0.48006392690254446  0.48966199455193865
  0.49906542412944860  0.50851545384622254  0.51911831844275991  0.52971711845067548
  0.54044824059724605  0.55145367326738748  0.56239722016747096  0.57293740989041519
  0.58333675516029637  0.59369136190005944  0.60451521955373433  0.61520131727238181
  0.62611360099987667  0.63710147612982360  0.64813292405320566  0.65892667942229188
  0.66977287124822849  0.68021991760154854  0.69108531551921981  0.70206705657713830
  0.71307688030782301  0.72385498944947024  0.73459388584924412  0.74490918178076626
  0.75513510303109521  0.76482297205214933  0.77494112157645856  0.78536437834466255
  0.79612391121626913  0.80717693105025001  0.81807278886891655  0.82871042922172911
  0.83924993254710456  0.84948930551153023  0.86006378683710771  0.87054215458949302
  0.88141174092705155  0.89175796114210271  0.90237176339904568  0.91284497119325614
  0.92414701702570601  0.93500818286501886  0.94607940712661998  0.95681356989635113
  0.96736371982366809  0.97830867450246706  0.98859967025013418  1.00000000000000000
 -0.00230283419240318  0.00905469742799362  0.01955796858966154  0.03028974297520819
  0.04029061582285455  0.05093331431433995  0.06040458765178983  0.06995137787463446
  0.07928562840712661  0.08913063100583504  0.09859199262281521  0.10781860915722440
  0.11668708520883764  0.12540857700933772  0.13413512619756490  0.14308746170227474
  0.15256174779549894  0.16155684182577559  0.17030266760992613  0.17918840717964768
  0.18830719105336927  0.19799966511703493  0.20757518208933126  0.21732365174092805
  0.22711335085571960  0.23709492059367904  0.24738696347627884  0.25782321060286140
  0.26831858082014115  0.27854901172895585  0.28846455158583328  0.29823590620155832
  0.30829715763928733  0.31848977681500601  0.32895735055718872  0.33870765237707290
  0.34806906584077862  0.35751548189150423  0.36706481106353028  0.37778608799606928
  0.38828129905992442  0.39894916115944118  0.40985377759524227  0.42094246497983678
  0.43201994034215685  0.44320273479017847  0.45437132964549803  0.46544527423493276
  0.47640268209937364  0.48741105687536346  0.49858746176557933  0.50970780530110982
  0.52090685830760097  0.53215015828253742  0.54343001882589315  0.55451295166131831
  0.56571185239064592  0.57662512532401800  0.58782911608359190  0.59867417446064031
  0.60990922513969525  0.62136856467429602  0.63314469134165663  0.64483682046360125
  0.65541007331025458  0.66600766270429756  0.67660535618221584  0.68775489756672370
  0.69927758296298237  0.71082912695250089  0.72237972715299170  0.73397870729276193
  0.74559608051128656  0.75730993168042438  0.76890270923822490  0.77997998701513904
  0.79081803525218775  0.80162654220768503  0.81241236559298358  0.82304282698288567
  0.83389383852687271  0.84523279844373755  0.85674380572093778  0.86778238811733066
  0.87844284688322372  0.88911465979999049  0.89957779005947047  0.91046354392075690
  0.92090354192049939  0.93187873049251635  0.94292564006334878  0.95436130322931911
  0.96585247426209020  0.97720022643121629  0.98865302485235507  1.00000000000000000
 -0.00223689900814122  0.00903890540015461  0.01875420126182396  0.02976929045863035
  0.04028746646550520  0.04991162448324003  0.05966322616338306  0.07027200752260324
  0.08148297536300328  0.09217654583425346  0.10286974331306653  0.11359025674830137
  0.12455271955807279  0.13550874819401426  0.14632978901842861  0.15712566790925281
  0.16780777629632532  0.17857621453351832  0.18928658265234580  0.19996548080523546
  0.21056172803256293  0.22096637406753780  0.23137861271090052  0.24144472618272483
  0.25172714336194157  0.26170034185726526  0.27197253145703509  0.28234351305179406
  0.29308895725328654  0.30392930670151208  0.31429844476715740  0.32466972135922567
  0.33504484527094630  0.34559739218608049  0.35610264133018610  0.36658237766878116
  0.37683375238671285  0.38718715685492672  0.39778771754982606  0.40879603031875089
  0.41993848203205419  0.43088883652280568  0.44167942393698850  0.45226259475186142
  0.46268228492348962  0.47311730800315027  0.48362070711717026  0.49433541997466107
  0.50486362087239611  0.51517944848618136  0.52547299720671137  0.53615596262374443
  0.54727640161269075  0.55836558037479711  0.56931801592713904  0.58018985299984605
  0.59105476488356912  0.60185976462678625  0.61262140734869230  0.62333234851117403
  0.63396762164894893  0.64466755282083987  0.65527896216711345  0.66556766916242727
  0.67544173163511168  0.68538270770433174  0.69567095796753098  0.70652333527480216
  0.71739648766138786  0.72812152212395143  0.73852027243947427  0.74887217281096552
  0.75929890728719263  0.76948508830387330  0.77939249785494813  0.78929215356001337
  0.79911169818767103  0.80863038339614846  0.81821819573911114  0.82812875878193770
  0.83838057536402011  0.84980406511026874  0.86068280838341338  0.87104392437916078
  0.88157661346897565  0.89189888314508292  0.90270733329798336  0.91316847288858483
  0.92392992560825038  0.93484191173963893  0.94536099385247274  0.95617932609379785
  0.96645488922645140  0.97773977767211229  0.98821360109977596  1.00000000000000000
 -0.00242207267351213  0.00983441763560567  0.01965524512941720  0.03042720441290578
  0.04066328060970752  0.05155669646604731  0.06256890608060980  0.07358226855652791
  0.08461753925834541  0.09512540521255142  0.10563773777971482  0.11609692861944820
  0.12668971754474964  0.13736311019784969  0.14821653762468398  0.15902710076097054
  0.16986122352686409  0.17871992879058551  0.18831563459609618  0.19806474923874717
  0.20825485348807032  0.21882817382906491  0.22902426443991314  0.23948949563793831
  0.25002820262182951  0.26073990326523211  0.27144413480877311  0.28224597490139214
  0.29297606753191913  0.30376311750356788  0.31453649214093882  0.32532487239321145
  0.33621040410041608  0.34709890628045820  0.35794390083156991  0.36879535813366338
  0.37942710025239784  0.38950715914949274  0.39862746133326210  0.40727285419621445
  0.41656467226001687  0.42625905866270969  0.43712496127187755  0.44772078051841113
  0.45822651312947599  0.46883735426494888  0.47968532525098406  0.49053812458568025
  0.50149313278189200  0.51232145327547551  0.52289945888850009  0.53341202885225270
  0.54401157731412797  0.55432497183211160  0.56472444741313332  0.57523420832063643
  0.58619128339698168  0.59696381948503552  0.60724364544063170  0.61708228080550653
  0.62714314503722579  0.63750039120588353  0.64817099923167232  0.65881384459552639
  0.66950520224832744  0.68031721263434886  0.69114142542580714  0.70207231209324716
  0.71328810787287478  0.72447560416034662  0.73556175400728940  0.74655228568367915
  0.75747348344865639  0.76817210407575864  0.77881071902674992  0.78944232218926969
  0.79990449363884741  0.81033388757617986  0.82070246540980696  0.83124193467658902
  0.84177085599059831  0.85243448450513271  0.86338581868328856  0.87439125327017952
  0.88513902375194409  0.89593473962239634  0.90617530134127644  0.91720548370117827
  0.92824360874202161  0.93916393561098832  0.94924078250263477  0.95963945056793398
  0.96981885452857142  0.98013563174160501  0.99013823230654507  1.00000000000000000
   1.2098891292154457E-011  -1.0000000000000000     
 F F F F F F F F F F F F F F F F F F F F F F F F F F F F F F F F F F F F F F F F F F F F F F F F F F F F F F F F F F F F F F F F F F F F F F F F F F F F F F F F F F F F F F F F F F F F F F F F F F F F F F F F F F F F F F F F F F F F F F F F F F F F F F F F
  <DiscreteSampler_grid>
  grouped_processes
  1 # 1 for a reference and 2 for a running grid.
  10 # Attribute 'min_bin_probing_points' of the grid.
  1 # Attribute 'grid_mode' of the grid. 1=='default',2=='initialization'
  0.0000000000000000 # Attribute 'small_contrib_threshold' of the grid.
  0.5000000000000000 # Attribute 'damping_power' of the grid.
 # binID   n_entries weight   weight_sqr   abs_weight
    10   10   1.357307913564706E+001   1.262278661044070E+003   1.357307913564706E+001
    16   10   1.357307913564707E+001   1.262278661044071E+003   1.357307913564707E+001
    22   10   1.357307913564706E+001   1.262278661044070E+003   1.357307913564706E+001
    28   10   1.357307913564706E+001   1.262278661044070E+003   1.357307913564706E+001
  </DiscreteSampler_grid>
