  0.00001389280166766  0.00004851791460301  0.00007455760710632  0.00009618528719905
  0.00011806094955429  0.00014265370722301  0.00017266591240226  0.00021000987248976
  0.00025517906338048  0.00030863239282524  0.00037216235676215  0.00044695937218120
  0.00054361357293629  0.00065750452563207  0.00078670216454468  0.00093554867129689
  0.00111742109585826  0.00134118959601534  0.00161449512195635  0.00193816813417118
  0.00232939187385195  0.00282508261035892  0.00345883866557407  0.00431237109932779
  0.00549324904217456  0.00704854755089001  0.00919487236833031  0.01217309946006158
  0.01662447080803946  0.02346820155179475  0.03333995425132828  0.04566697927400885
  0.06225057805210082  0.08017788133275171  0.09893509726954165  0.11827310267958116
  0.13742120723306819  0.15664314479834313  0.17599962854555962  0.19504243746247110
  0.21393246473736524  0.23313677468195104  0.25255924189262086  0.27193685486198832
  0.29133013434961041  0.31082296469912069  0.33021314819565417  0.34935970913754844
  0.36862684084332248  0.38782948300996128  0.40715575983328739  0.42676994024991732
  0.44615511050470513  0.46540761490360649  0.48455393031157029  0.50373476676800011
  0.52305910026800695  0.54251376223727654  0.56200136789946875  0.58137622306996162
  0.60059973093941443  0.61969367655444685  0.63871544520547130  0.65784446362425220
  0.67716844204912985  0.69649946096504700  0.71562682068516870  0.73464466228139480
  0.75357049449031044  0.77238868373152203  0.79120931134487205  0.80992255696131410
  0.82839151963853130  0.84669832868326178  0.86452750729671002  0.88204769057367205
  0.89929686017516586  0.91589084082752670  0.93158862804456843  0.94649321239967610
  0.95997159912254859  0.97110799073576060  0.97954809929951592  0.98519074482237701
  0.98921723381213655  0.99226045840946409  0.99447118371427190  0.99607773065455074
  0.99728508686793171  0.99819062538271008  0.99883492725958278  0.99921801369461727
  0.99947082193086789  0.99967281035070299  0.99984402702905806  1.00000000000000000
  0.00023176168755236  0.00023944245628758  0.00024712322502280  0.00025480399375802
  0.00026248476249324  0.00027016553122846  0.00027784629996368  0.00028552706869890
  0.00029300673629005  0.00029930950283936  0.00030561226938867  0.00031191503593798
  0.00031821780248729  0.00032452056903661  0.00033234496979079  0.00036554947469585
  0.00042808715070817  0.00058559524046379  0.00100519610925716  0.00158441083865448
  0.00212525528642789  0.00276084634264435  0.00352223603066671  0.00443138493586943
  0.00552481521982255  0.00672109157960379  0.00799570903459351  0.00953246109544736
  0.01162315632457388  0.01413635793314503  0.01709116891495480  0.02083955027721189
  0.02532882553217360  0.03031745996807944  0.03585664409108645  0.04261808226874404
  0.04963954710688256  0.05534630756096995  0.05920211441088088  0.06162255564927931
  0.06315138688101470  0.06416194058638403  0.06486164832366349  0.06539841449996199
  0.06582632976731177  0.06618011100636373  0.06647860323220849  0.06673724021332622
  0.06696927985470744  0.06718226407274425  0.06737998695902271  0.06756601031967067
  0.06774617412760654  0.06792349757876046  0.06810173558409163  0.06828414042635811
  0.06847327241436899  0.06867303624477850  0.06888788183309061  0.06912116890337282
  0.06938682311059692  0.06969358005115817  0.07005183721255104  0.07048511234674645
  0.07103524974118622  0.07175042109756624  0.07268864259209169  0.07403716459217180
  0.07623188882934917  0.07994420795839034  0.08616880862947396  0.09625008272941223
  0.11146286885049374  0.13387675007863817  0.16705684142341257  0.21292475433281249
  0.27495659806846817  0.36699932241372812  0.48237232192919061  0.56044222846090797
  0.59715698793101135  0.62046140634828084  0.64166844144186419  0.66474439689317932
  0.68333786058749924  0.69798599899995295  0.71952852729604899  0.74110940612100107
  0.75820916324104015  0.77451064373065004  0.79076924195109688  0.80796216774524787
  0.82549058223027161  0.84315587754243237  0.89064387648474452  1.00000000000000000
  0.00031770339247166  0.00072146388890542  0.00095972708185637  0.00118873987946779
  0.00143807541984372  0.00171244469432264  0.00201106804244396  0.00233349744936463
  0.00268177708581073  0.00305974766926782  0.00347200828816699  0.00392155836055582
  0.00440968641338227  0.00492902713577394  0.00545958333859826  0.00598053260267960
  0.00649038885006486  0.00700345179616382  0.00752694258206385  0.00806275404370095
  0.00861291943721029  0.00918135990833335  0.00976459403863039  0.01036858621015041
  0.01099861165104097  0.01166211510645091  0.01234983893627451  0.01306351000820919
  0.01361449365648164  0.01417471328844707  0.01475481392790893  0.01535777137014500
  0.01620130108804322  0.01710947026976248  0.01804875548053239  0.01901576826566335
  0.02001245081291289  0.02104181961654418  0.02208225583145164  0.02311311348824448
  0.02418539138771759  0.02529468598913675  0.02645175796077510  0.02768310745449013
  0.02900253730788495  0.03038654587326888  0.03187363880942241  0.03351151188035170
  0.03523894712473202  0.03700161244019089  0.03885848621024762  0.04083503253938856
  0.04292546963944527  0.04509025313349237  0.04739571145219132  0.04983293932852421
  0.05233622416620895  0.05499246173431534  0.05776419888944155  0.06071622551923840
  0.06380518186500161  0.06698682011858846  0.07019725134267138  0.07350008447132722
  0.07698417191441775  0.08072821311417443  0.08475562736476341  0.08915852725958807
  0.09395539198310437  0.09872843951758217  0.10336587000915724  0.10818547863749885
  0.11353958508263526  0.11963025438261038  0.12666716896880242  0.13401862399103068
  0.14178420364239042  0.15053370282763914  0.15994481305886668  0.17026699302061862
  0.18143791059288208  0.19370243308123833  0.20693100356019634  0.22086610881249327
  0.23489709110299711  0.24968238033350468  0.26578821400199520  0.28378593331798624
  0.30359783809218593  0.32528755251580554  0.34853621498553550  0.37465328839961859
  0.40486623797615817  0.44511634680068357  0.52763728312421143  1.00000000000000000
 -0.00220815669912043  0.00854096801608273  0.01808207524245506  0.02859598151822917
  0.03907018936111315  0.04895792847457615  0.05826161943407657  0.06829475050753657
  0.07911975308859018  0.08770211143884375  0.09717182773560512  0.10578837318058322
  0.11433726246655627  0.12372015865063388  0.13365379146379758  0.14331755073071700
  0.15292918023128191  0.16273623691577721  0.17264998061062081  0.18245958726993619
  0.19211045464984638  0.20168420130639189  0.21119629184424943  0.22046600157567423
  0.22998333792943867  0.23981730938800758  0.25031453609659804  0.26042963034019234
  0.27096250358129997  0.28140605397503149  0.29200306942197102  0.30267217235950228
  0.31334434862535809  0.32423338207019631  0.33527393147093409  0.34653077129511861
  0.35755892625644947  0.36843032095204692  0.37924646159957265  0.39020967500383408
  0.40100954114353382  0.41105546431745199  0.42143251722861297  0.43208113287404881
  0.44350061413242514  0.45459189852441612  0.46555636648871468  0.47654045294726727
  0.48769849046934294  0.49926687587506063  0.51108683584403070  0.52253575481769110
  0.53382865124003687  0.54505212222106325  0.55632504227732449  0.56769364220948892
  0.57912148456841006  0.58980784987275492  0.60003790629313669  0.61034453780552167
  0.61963435457465543  0.62745415333453747  0.63544474603861067  0.64345728413258307
  0.65348416449587376  0.66506869489951193  0.67654841750777672  0.68780805204699980
  0.69905483217943887  0.71063620904361668  0.72238155909902857  0.73426298797618195
  0.74617731617989591  0.75756092429948718  0.76832892385306351  0.77881427170343287
  0.78949656503727716  0.80145082348478280  0.81192942366528620  0.82199199917813393
  0.83206450298653356  0.84231888906130570  0.85341272051894457  0.86510456834874472
  0.87664211165699035  0.88773798939337367  0.89851040425924289  0.90871267516282717
  0.91906411626836793  0.92985554780410673  0.94122655166448610  0.95230471878981138
  0.96400819199251275  0.97580968301615079  0.98762930152311090  1.00000000000000000
 -0.00182598203534864  0.00793708206452347  0.01856019813935090  0.02896955546539148
  0.04004480199300436  0.05108045664919245  0.06179324299918813  0.07266486343122902
  0.08372382037883239  0.09385311306323479  0.10167422412556225  0.10952457298816476
  0.11749253477991278  0.12603350699529003  0.13670235335897174  0.14735823004000284
  0.15772918333701494  0.16843787035927496  0.17881083568928871  0.18918400581448822
  0.19939865718034119  0.21005800749958781  0.22116419524396769  0.23220284078671244
  0.24315619106321140  0.25415698791652597  0.26531149162815598  0.27652634632858875
  0.28786883478050984  0.29913827482831129  0.31022149341389171  0.32098937809149730
  0.33176670682557535  0.34274605041601552  0.35283909032762883  0.36090522479542420
  0.36973488206861388  0.37992588426715712  0.39003857775092571  0.40030913059025830
  0.41051879183664991  0.42104529969299159  0.43219434308968468  0.44338458458839347
  0.45424781797211439  0.46502086069434440  0.47595277842282346  0.48693700980837418
  0.49773739471960554  0.50840133437414647  0.51876540905997337  0.52922409090409694
  0.53963146421323105  0.55017281109575378  0.56085357584599982  0.57157253786760087
  0.58246017306443965  0.59349932521352278  0.60487511469924493  0.61542837269518946
  0.62491998513982350  0.63412082014110194  0.64357193207763308  0.65413525872822464
  0.66530666026717777  0.67631385439337077  0.68698576091869246  0.69766919905366298
  0.70847566774957627  0.71957317076242977  0.73033521160391657  0.74090629831388533
  0.75142149385790569  0.76231409979457709  0.77322349826203207  0.78389038772734054
  0.79441360215349188  0.80513296540607793  0.81565862233222830  0.82633503963103994
  0.83698312771329397  0.84755204001984219  0.85819583291327139  0.86895377555016740
  0.88013466961285924  0.89134458205692368  0.90218607899876480  0.91269812871286016
  0.92317157769640412  0.93397266327162110  0.94490330394541089  0.95575227071356317
  0.96689386185415771  0.97780573777299085  0.98900392355173317  1.00000000000000000
 -0.00203360417929623  0.00826504241233646  0.01846503061915165  0.02881160494455182
  0.03924958228884022  0.04968913910762979  0.06009388377340141  0.06979416070899051
  0.07939497381520473  0.08866944280329510  0.09801817722506169  0.10766419922221085
  0.11751697971996700  0.12729510604904029  0.13684770684116940  0.14632508706288538
  0.15613281565461451  0.16598615898583130  0.17546043239461445  0.18476014952588485
  0.19413276148147782  0.20330772526687360  0.21226746036911534  0.22118637646654574
  0.22966843214738050  0.23896790275906288  0.24854128522325444  0.25847806613815433
  0.26888002551340057  0.27954383370821551  0.29037275602129348  0.30118621237585103
  0.31181337791328700  0.32241455179343076  0.33271493913887340  0.34243934118878722
  0.35216486993677409  0.36193044089104276  0.37156717651597182  0.38197162847635158
  0.39265151986214242  0.40359398332206886  0.41278271860567411  0.42135757655742234
  0.42999457009008468  0.43853745764043300  0.44932152366895595  0.46093923790051866
  0.47271470032935808  0.48420657845637394  0.49533537968480013  0.50587287254989532
  0.51649726163414700  0.52727880483988621  0.53849543532523347  0.54956279603272584
  0.56067759205949608  0.57179609834807310  0.58311916814267040  0.59456831846111013
  0.60624264268793970  0.61797522719451947  0.62978470443086598  0.64168126967240935
  0.65370893259647722  0.66490681200033219  0.67606606287743587  0.68698824840413852
  0.69854134778194321  0.71036147384148496  0.72236017189654356  0.73463231576102672
  0.74691129652485766  0.75920141131172003  0.77081242933889504  0.78207494789507370
  0.79309964632081620  0.80404943407369789  0.81538382596746384  0.82695435563987019
  0.83852385850825772  0.84966206573330705  0.86046767926310408  0.87132088001664187
  0.88247315027890882  0.89367048862891152  0.90483674336003872  0.91585195862706514
  0.92684517087488771  0.93781652584950448  0.94874657919911731  0.95908467367390171
  0.96901911436049026  0.97931790367459126  0.98708921082200141  1.00000000000000000
 -0.00240306281061933  0.00947268359155847  0.02037077824984610  0.03153161554569286
  0.04274207132211496  0.05395142367541035  0.06489431429477469  0.07568350764272395
  0.08668253325469505  0.09787312385251917  0.10904367826386135  0.11993157052989205
  0.13062877429369374  0.14063240782976738  0.15038211561955028  0.16024876206539790
  0.17074183429797238  0.18182572949605869  0.19287410444918554  0.20383453250951478
  0.21454563156427153  0.22501140803851724  0.23530198121278148  0.24585611784631653
  0.25677690435032124  0.26777456832769475  0.27872614940739537  0.28962533824848952
  0.30022733160915360  0.31026505812023419  0.32018122095378743  0.33006807292295920
  0.33936655644160746  0.34768305919593789  0.35607087658526809  0.36414355625425332
  0.37301636806960259  0.38315137469744709  0.39352052376576008  0.40442351678578303
  0.41537577154129518  0.42625735836695922  0.43717276001257233  0.44826923093296556
  0.45952017632178349  0.47075501322998614  0.48170109591583743  0.49232454648761076
  0.50287829216367907  0.51329684386238694  0.52383147112082229  0.53446635212018978
  0.54527080682141360  0.55597849923263631  0.56682918932680526  0.57774962011707676
  0.58875847665550196  0.59951661575432358  0.60999150828847282  0.62044708542420912
  0.63093877701013468  0.64152647514675876  0.65222678563817538  0.66302802665885396
  0.67393435706859750  0.68437772550805465  0.69442446508738898  0.70475880007312119
  0.71505100086882944  0.72557063086731144  0.73641245550660195  0.74701016444590096
  0.75736211323618929  0.76781550052778558  0.77862436007639890  0.78938288652666833
  0.79952088783098296  0.80939364560851379  0.81944772142445099  0.82992408116102190
  0.84023888311914641  0.84984207664486711  0.85976063717232731  0.87003556678957283
  0.88059477838649880  0.89123742821808571  0.90191933162325955  0.91302502938534158
  0.92375358416464548  0.93459668758207803  0.94551988714213420  0.95651727049655466
  0.96723879049892525  0.97781987734145215  0.98865719742537783  1.00000000000000000
 -0.00223188107497912  0.00886574263490973  0.01984402632388938  0.03036575321484929
  0.04144598773320206  0.05252878357047699  0.06273955705377741  0.07261540516857677
  0.08267931637457226  0.09291444420604540  0.10361163893053958  0.11498897872094296
  0.12606488261605844  0.13682781122865409  0.14766328017052682  0.15878244069107000
  0.16998395613824971  0.18082432760393935  0.19195501731982006  0.20304189331163533
  0.21402651765674516  0.22493487832609182  0.23569558819110265  0.24639224645937596
  0.25690567969987438  0.26737156172750659  0.27778774658046318  0.28810103862471281
  0.29874489176708341  0.30971985380234596  0.32062026015690359  0.33109723073779074
  0.34176976198977543  0.35269778756785142  0.36390498001697741  0.37485175274522159
  0.38572403428821594  0.39675058752519837  0.40779143549676267  0.41886510503381258
  0.42990880279983812  0.44103858040781652  0.45210141719325875  0.46283745265258525
  0.47333203009570896  0.48391683013762249  0.49455642713074827  0.50540390556339143
  0.51514302393277944  0.52339637708630704  0.53159672267531910  0.53983478307679045
  0.54942966229474000  0.56046851485418614  0.57064502889782065  0.58021610028553905
  0.58993437709827812  0.59994653591128499  0.60989957320597321  0.61966523945325358
  0.62978282759244164  0.64037663186065308  0.65115317970667164  0.66203391889363827
  0.67259497189450201  0.68303566998097609  0.69347071674369032  0.70414430021822727
  0.71510808007154281  0.72610404391012229  0.73711158796913745  0.74793802153348099
  0.75829172463509387  0.76858378119190429  0.77915963053146420  0.79001057511901684
  0.80088950937060344  0.81159978596209992  0.82245328592616784  0.83342743822519927
  0.84432935625860894  0.85525335646343503  0.86590438762366129  0.87644893089217113
  0.88688686613691492  0.89750312562257117  0.90816685254401974  0.91893350232268745
  0.92938152875667346  0.93870206287031377  0.94842797905602294  0.95582663409610913
  0.96824843327110877  0.97783021740949971  0.98935166876079650  1.00000000000000000
   1.2692472301026450E-011  -1.0000000000000000     
 F F F F F F F F F F F F F F F F F F F F F F F F F F F F F F F F F F F F F F F F F F F F F F F F F F F F F F F F F F F F F F F F F F F F F F F F F F F F F F F F F F F F F F F F F F F F F F F F F F F F F F F F F F F F F F F F F F F F F F F F F F F F F F F F
  <DiscreteSampler_grid>
  grouped_processes
  1 # 1 for a reference and 2 for a running grid.
  10 # Attribute 'min_bin_probing_points' of the grid.
  1 # Attribute 'grid_mode' of the grid. 1=='default',2=='initialization'
  0.0000000000000000 # Attribute 'small_contrib_threshold' of the grid.
  0.5000000000000000 # Attribute 'damping_power' of the grid.
 # binID   n_entries weight   weight_sqr   abs_weight
    10   10   8.764422571908509E-002   2.902316677234895E-002   8.764422571908509E-002
    16   10   8.764422571908508E-002   2.902316677234894E-002   8.764422571908508E-002
    22   10   8.764422571908510E-002   2.902316677234896E-002   8.764422571908510E-002
    28   10   8.764422571908508E-002   2.902316677234894E-002   8.764422571908508E-002
  </DiscreteSampler_grid>
