  0.00919782279959498  0.01664030807190896  0.02747878976943417  0.03997313835066164
  0.05115707838553261  0.06259854002047811  0.07381766744347545  0.08499159100090964
  0.09584335354791733  0.10628993297946229  0.11736824744656427  0.12748741561535851
  0.13735920150482958  0.14740774660497660  0.15807484826735671  0.16905539740437464
  0.18001432206064877  0.19125050906755001  0.20309779961594063  0.21326293135398147
  0.22297005092269631  0.23225270769742978  0.24134403590880277  0.25060949164682428
  0.25918797705175717  0.26782024436941626  0.27698650466409663  0.28691948713867277
  0.29738912376875648  0.30849068895927889  0.31954116114294218  0.33059520139414450
  0.34137315747160840  0.35181107524584820  0.36203311567531149  0.37214503440173025
  0.38255101339249709  0.39332231153981445  0.40409873047893624  0.41479492901983939
  0.42477106454810171  0.43422112288080217  0.44397941198543839  0.45371805879609312
  0.46355887635583420  0.47362107804197162  0.48352109140357735  0.49328495493661428
  0.50266484776203446  0.51181105310179620  0.52114625271504234  0.53077216696666818
  0.54067307321773195  0.55068340207312005  0.56099572695633526  0.57229469967512325
  0.58412520059952966  0.59598158423047554  0.60782016111363901  0.61981174289173735
  0.63203058673347656  0.64401544276978651  0.65509558902411746  0.66530758341029317
  0.67503267457600169  0.68438563971165234  0.69329823574580918  0.70228161297498526
  0.71211738365469923  0.72288759383867429  0.73357480298873201  0.74381942355538155
  0.75441635716507593  0.76528892456848385  0.77573399179009594  0.78574131394453883
  0.79592961835836862  0.80641752825062940  0.81678872302439676  0.82693164533832664
  0.83738693130536201  0.84833042694445016  0.85950575587758449  0.87102715433415978
  0.88265302331438156  0.89474282611812728  0.90667057802080386  0.91879701437939842
  0.93059326321887270  0.94213070073000349  0.95326651950074126  0.96363329888360338
  0.97342044263528582  0.98322143988048161  0.99106946731559820  1.00000000000000000
  0.00924247925011971  0.01626151636451615  0.02543203476281943  0.03495584681373815
  0.04418673849446662  0.05317388919401003  0.06194132816468072  0.07055641959530035
  0.07902175292690045  0.08772163615860509  0.09644510602349213  0.10539420769155888
  0.11483303391439589  0.12445122165327936  0.13456376556048466  0.14480825944138101
  0.15564375620338730  0.16641153869976882  0.17677840556956589  0.18694545470615753
  0.19672297585065981  0.20686858554126575  0.21680795227221675  0.22646845586899367
  0.23635748778240487  0.24661370650468784  0.25670763276516445  0.26657412285332560
  0.27707149755403926  0.28844298195249612  0.30017527574495950  0.31137357492543383
  0.32181563051605094  0.33215773878763127  0.34267837665906242  0.35335410425469915
  0.36387650005892169  0.37461458934444491  0.38617481566620943  0.39799741009792394
  0.40954141008803896  0.42109706717887846  0.43269342044704334  0.44421406048536366
  0.45567195497844859  0.46643864071189628  0.47736767765184202  0.48823786154854842
  0.49947873663058084  0.51060859020907212  0.52118029164700497  0.53146295903978735
  0.54173791229399038  0.55210166697595231  0.56205717846395820  0.57173248954229983
  0.58136042812440525  0.59108091742188817  0.60084938486009754  0.61103804150706054
  0.62146781392532746  0.63218335381789137  0.64304713883746045  0.65436610208545709
  0.66556595195623536  0.67622652084535528  0.68663529792252087  0.69727728599744210
  0.70809733925004270  0.71870370003064232  0.72894747351777245  0.73880001492191172
  0.74831112849712333  0.75768753848259440  0.76702105489024031  0.77699010634642185
  0.78721692046974978  0.79816941417790066  0.80945620243296235  0.82051075151794839
  0.83166808365693401  0.84343515243692113  0.85524339788394388  0.86617322698380517
  0.87643651635436737  0.88629461562186018  0.89608984890804477  0.90592514268486757
  0.91632056122556138  0.92787615289051539  0.93954635852557722  0.95035165844559832
  0.96086354303361576  0.97138975485683132  0.98147528385955729  1.00000000000000000
  0.05618816504934410  0.05770520634266224  0.05926074261492922  0.06138247035242256
  0.06421510866438597  0.06791699572586303  0.07147852246566039  0.07505862636622056
  0.07878778000915304  0.08259183250817323  0.08644498334572787  0.09038175135778559
  0.09440440318997854  0.09852674908797689  0.10268141491515588  0.10691107617158019
  0.11125448195425111  0.11563794102273237  0.12010660438435108  0.12471887309572662
  0.12937197028319258  0.13416982504697864  0.13922775733558460  0.14502629783715590
  0.14838865704319096  0.14927192942223608  0.15050827847658718  0.15175515818428761
  0.15351410073002689  0.15590640518823803  0.15837632829571410  0.16083050903965829
  0.16327060869276377  0.16569317128001010  0.16813232477929274  0.17058771579096096
  0.17304321096014902  0.17548892444607500  0.17794207671916298  0.18041047923729411
  0.18290374750540617  0.18545669938933923  0.18805931157278125  0.19068801445526670
  0.19333709713332936  0.19599770762785004  0.19867491103600551  0.20136618166269948
  0.20408069855934285  0.20684861195407150  0.20965318188087026  0.21248435102891977
  0.21534004679797175  0.21825336149833235  0.22121905629393943  0.22422436877437313
  0.22725762250288012  0.23029698608383473  0.23338262647819574  0.23652789714125816
  0.23973390001270076  0.24299442201899094  0.24629822314825056  0.24964895652678634
  0.25306734597714348  0.25653885216055644  0.26004051657206428  0.26359962170926476
  0.26722782905581743  0.27090711977777288  0.27469650327844103  0.27858795310776002
  0.28264197241326011  0.28690723507068489  0.29126976542898880  0.29574308562532287
  0.30034645107916458  0.30513119138463030  0.31009990884831334  0.31529037701646151
  0.32069655217140719  0.32636867563392835  0.33245593621946434  0.33897387540921636
  0.34591197913098060  0.35352012180413234  0.36195774495603533  0.37129990945222519
  0.38177243727226312  0.39401324302374374  0.40903486841303555  0.42766200993529124
  0.45437942518929736  0.49789702589547835  0.58389766322790182  1.00000000000000000
 -0.00329018059399732  0.01257754328741557  0.02612462090548375  0.03933162533507870
  0.05236988402694370  0.06383174488398591  0.07398854572469796  0.08415882232659305
  0.09484477292600481  0.10536011036721139  0.11528779013462359  0.12513336848767198
  0.13611438756983310  0.14779380615050744  0.15911900268540813  0.17002423844924167
  0.18066240656987009  0.19140076161223343  0.20230239237846881  0.21281788689629602
  0.22224116839525820  0.23167664729666651  0.24084093773369145  0.24993915293773555
  0.25913267131678758  0.26873890980262616  0.27866935663522874  0.28870252915980271
  0.29865022192688501  0.30875627546987516  0.31892461288910634  0.32934751500823600
  0.34011775254466797  0.35101676370257656  0.36160585559437786  0.37199115364148344
  0.38235236358649083  0.39266989909920708  0.40288615911375475  0.41301041698473029
  0.42352491874978887  0.43453232124914143  0.44553007106502857  0.45653869522638041
  0.46731975869828801  0.47815259649991032  0.48870694250390073  0.49953816099256154
  0.51029981179154682  0.52108446558598676  0.53155546388286701  0.54210403441735389
  0.55289761805074311  0.56317190150473395  0.57278715440091454  0.58232850329635444
  0.59229013660101881  0.60220495920372519  0.61183831262642097  0.62131319493092962
  0.63099330565723588  0.64098578512084148  0.65118592851349499  0.66181272430581506
  0.67300540357300864  0.68414061776893154  0.69487555484160890  0.70555934485123339
  0.71619083711249842  0.72694211094742589  0.73669846252881221  0.74636142852374443
  0.75661023128727023  0.76689318742999413  0.77697512410501179  0.78683036194877187
  0.79666371771330435  0.80651370030404679  0.81662989685307086  0.82728525889555105
  0.83789020492609956  0.84844851490054551  0.85891166586968115  0.86939010405169703
  0.87985766105590724  0.89037630548339197  0.90110295555036213  0.91180689442686735
  0.92369417135020904  0.93617152499892031  0.94683898994159599  0.95729983630054205
  0.96828501953583757  0.97924095179851434  0.98974280300947270  1.00000000000000000
 -0.00321569601727448  0.01146358314304321  0.02358802510214796  0.03467252694828318
  0.04503590532473838  0.05527308282118767  0.06494966967649482  0.07439143829861575
  0.08381412997956512  0.09292174270845838  0.10183777697369073  0.11102437330860254
  0.12002667931918731  0.12946007887864394  0.14039159774139892  0.15146381399726944
  0.16278495614181940  0.17372606167583493  0.18523631728875997  0.19498076022654071
  0.20539077914588955  0.21530232659298645  0.22557591918491532  0.23524412662106503
  0.24499344101059781  0.25496413682746566  0.26492309139364884  0.27476707148877705
  0.28531225806673477  0.29600230627585344  0.30672025378318463  0.31737240938085354
  0.32845026316750248  0.33944316068333236  0.35072207112586690  0.36234596099690997
  0.37388407759209696  0.38466713870016245  0.39559390447524184  0.40662835987906271
  0.41762084687093226  0.42898573302610676  0.43992245891814874  0.45041942738608542
  0.46041490252342560  0.47051243320473429  0.48031983069482764  0.49005084725606307
  0.49955418738411056  0.50967232237368487  0.51970486622701129  0.52978588640085855
  0.53975224833286517  0.55009626300310566  0.56056822166067999  0.57122368836643511
  0.58186895816459694  0.59240027678078222  0.60297050266726071  0.61380274848542205
  0.62507425293005969  0.63627752702463469  0.64722332622217704  0.65776931235869640
  0.66821300363259462  0.67875987804013205  0.68951732645224451  0.70107887496664123
  0.71277511379034009  0.72364282946596037  0.73432403234394439  0.74439617974713301
  0.75497562406313057  0.76565906969709241  0.77640232781409435  0.78660137235751126
  0.79702725664340468  0.80756016483921189  0.81809106169584511  0.82855970532231227
  0.83951565972023645  0.85137964683963818  0.86195747677983647  0.87230655032856108
  0.88280715159074519  0.89299132880053911  0.90327527795323315  0.91361427397026729
  0.92447263768739874  0.93545170048369508  0.94663996798943706  0.95779375110645593
  0.96830516433819680  0.97865867413335783  0.98940410948895241  1.00000000000000000
 -0.00291964419672361  0.01207527660409134  0.02488406293219394  0.03853557108504228
  0.05214029104513748  0.06493790291073855  0.07787243568520143  0.08990351743295939
  0.10233181870659547  0.11343963267795408  0.12464088795333772  0.13621394892243108
  0.14817629596280102  0.16020377164057317  0.17168492455618403  0.18343251894879720
  0.19347355644018224  0.20328581691770126  0.21279995203574756  0.22172948259170278
  0.23045267069080702  0.23947898263141931  0.24857659500134077  0.25871905692653713
  0.26853075244746000  0.27875065974626873  0.28899919354421416  0.29887209691921818
  0.30879237386288716  0.31961885304128496  0.33102561174761802  0.34134773931984530
  0.35139428128698508  0.36167920600736170  0.37216137924233977  0.38253927417639644
  0.39227669105166091  0.40256299451178962  0.41302045215312416  0.42348941213187996
  0.43388028724040156  0.44376922221581072  0.45328244480313262  0.46288140663342592
  0.47261451398693077  0.48195573587361779  0.49107689228271673  0.50028687971046704
  0.51064737302810770  0.52134387006865790  0.53183579341167631  0.54203934224951267
  0.55271200429568024  0.56346290723299308  0.57439232744883184  0.58526326942890206
  0.59591701731092306  0.60619302401801212  0.61605110881718450  0.62565678901964672
  0.63506808568067774  0.64449820479317588  0.65378038593418530  0.66291880328896324
  0.67210564427262098  0.68122099041170470  0.69023522116794644  0.69925450686003909
  0.70848450660367002  0.71871912270527871  0.72959652065419178  0.74107585704892143
  0.75196723493507023  0.76236351311743811  0.77269709762519134  0.78324107910910934
  0.79324078411434051  0.80260064307799106  0.81206626736638077  0.82146328557131520
  0.83086883038265691  0.84063249242632121  0.85059043238228282  0.86198065540551705
  0.87389407711875755  0.88587800938156003  0.89809439647375011  0.91044032306689648
  0.92259076003608242  0.93433464459418669  0.94599615817888394  0.95741735895683366
  0.96859078587755754  0.97934980094097712  0.98979562971426938  1.00000000000000000
 -0.00246766626499358  0.00934137916854139  0.01958320775051005  0.03031550888560804
  0.04099469831984321  0.05165892969206457  0.06237805793122714  0.07326101342039293
  0.08446326846543585  0.09554353442904018  0.10613993836247822  0.11622964072462776
  0.12595451558400489  0.13530924073061573  0.14454780957077060  0.15403186694488993
  0.16368912218388679  0.17311926530544378  0.18251610028514262  0.19206615255006662
  0.20244554259609859  0.21259763014772115  0.22293676424457420  0.23320685181455236
  0.24365071157298057  0.25406371432038727  0.26486897110259749  0.27546476885572496
  0.28562742021317228  0.29616440615389472  0.30704750585817808  0.31751952158095298
  0.32749307520258514  0.33760840572793621  0.34833715746976085  0.35906254240253749
  0.36954645840341066  0.38056547835149490  0.39243565081752274  0.40438977138691301
  0.41553877437423820  0.42547981837806470  0.43529138473293311  0.44527730174380353
  0.45527056558992024  0.46510210827118698  0.47496043309036712  0.48532629017773776
  0.49652990075092751  0.50817866190443217  0.51990149557554743  0.53132791770408982
  0.54237264443816069  0.55268350617712603  0.56277482453744321  0.57239469592402781
  0.58234810082999522  0.59229776624950359  0.60249014287228020  0.61249883954378026
  0.62245915308299260  0.63243097444714758  0.64227774577123897  0.65192281198302227
  0.66161049689213947  0.67143402272151453  0.68101400088476982  0.69064141872222984
  0.70077872660054363  0.71168573983095906  0.72302056491956479  0.73436172401278543
  0.74602829090899714  0.75715596918736505  0.76799171943263234  0.77900447923622540
  0.79034274139812655  0.80245512560387555  0.81387632547947397  0.82540827964685626
  0.83694051532954583  0.84865003971098818  0.86044556943169292  0.87210111346025776
  0.88357302683086980  0.89480343681861685  0.90517074019312238  0.91468748869998928
  0.92376667149551173  0.93300208992535394  0.94288256178701912  0.95322958642462186
  0.96415372289929624  0.97630888414244033  0.98815261194842463  1.00000000000000000
 -0.00271612082225606  0.01039305316493683  0.02203334570178175  0.03389710116304868
  0.04621220718041738  0.05854945815986753  0.06885307895412941  0.07856900536977322
  0.08792483075309297  0.09734173001918858  0.10677147446637475  0.11584636326178092
  0.12513906465207833  0.13477901001494255  0.14448147445258830  0.15470363693034844
  0.16509216692514841  0.17604488073382019  0.18695434397217378  0.19683888003761363
  0.20658636127274232  0.21636492615455710  0.22589470238218554  0.23510152923240923
  0.24432769985530825  0.25455311845076600  0.26637003070768123  0.27846397196239692
  0.29041013323552872  0.30230696060926088  0.31416933673702330  0.32622830192638602
  0.33749127554461833  0.34813203652731567  0.35881584928597599  0.36957476850100485
  0.38036402234681105  0.39099375069253434  0.40205004185393167  0.41317908533058989
  0.42419463472980695  0.43551819161187694  0.44630558818630672  0.45700241408124126
  0.46771994120342714  0.47843689198530587  0.48853756810177212  0.49864892574853692
  0.50941090858112648  0.52025120852575035  0.53072723016040779  0.54116460225416041
  0.55230492923384267  0.56368304508471079  0.57510532225831412  0.58632992158002428
  0.59738628444703079  0.60860315990781011  0.61976417598789002  0.63114369109701041
  0.64238223210178491  0.65408223229320672  0.66510541396269063  0.67589154179243782
  0.68661520620712568  0.69781642337803973  0.70903979607754319  0.72000296903922334
  0.73047295121877343  0.74026775534408507  0.74986854010060666  0.75944222261160899
  0.76923927510007173  0.77920816286233108  0.78894640822515105  0.79856432473996286
  0.80799480034847393  0.81698718333692177  0.82566338771269066  0.83462290294940855
  0.84375020455323435  0.85272305437078111  0.86205805146589165  0.87157870613292265
  0.88157969577250350  0.89192160770457274  0.90266079993275905  0.91409967262356384
  0.92512125475793894  0.93623937806347268  0.94702749384513274  0.95760990881797359
  0.96782526817454140  0.97827521541741280  0.98888415500548243  1.00000000000000000
   2.1954627504246235E-008  -1.0000000000000000     
 F F F F F F F F F F F F F F F F F F F F F F F F F F F F F F F F F F F F F F F F F F F F F F F F F F F F F F F F F F F F F F F F F F F F F F F F F F F F F F F F F F F F F F F F F F F F F F F F F F F F F F F F F F F F F F F F F F F F F F F F F F F F F F F F
  <DiscreteSampler_grid>
  grouped_processes
  1 # 1 for a reference and 2 for a running grid.
  10 # Attribute 'min_bin_probing_points' of the grid.
  1 # Attribute 'grid_mode' of the grid. 1=='default',2=='initialization'
  0.0000000000000000 # Attribute 'small_contrib_threshold' of the grid.
  0.5000000000000000 # Attribute 'damping_power' of the grid.
 # binID   n_entries weight   weight_sqr   abs_weight
    10   10   4.583188441227072E+004   6.035710775074043E+009   4.583188441227072E+004
    16   10   4.583188441227072E+004   6.035710775074046E+009   4.583188441227072E+004
  </DiscreteSampler_grid>
