 -0.00003726922265849  0.00023195161776035  0.00050117245817918  0.00077039329859802
  0.00150762008579140  0.00225167519455583  0.00306672007053736  0.00397858453978961
  0.00512098165607635  0.00677021313387948  0.00870908110349134  0.01085312730986088
  0.01425804708610487  0.02092165019691750  0.02907591739813110  0.03731126468074258
  0.04582127656188974  0.05563969575111042  0.06672538215482107  0.08050511138346535
  0.09526199850199658  0.10951126276119945  0.12251717961066746  0.13501888715956195
  0.14770816220094657  0.16085687904022958  0.17472744589276620  0.18830723595057222
  0.20079845583532541  0.21322662004435472  0.22655108427726892  0.24111314710871257
  0.25502467567524573  0.26848147417889134  0.28202493925931288  0.29596772952615763
  0.30930860924841869  0.32287422374534208  0.33589552136250789  0.34872116164184458
  0.36187867013374297  0.37512162470566118  0.38752270908022252  0.39982152075247546
  0.41184845442165596  0.42453291267658011  0.43745193649114594  0.45100839277260152
  0.46482281117786833  0.47830489122765579  0.49124852852864032  0.50429346904953565
  0.51785757560090728  0.53198450940380526  0.54645151166396511  0.56107951114443044
  0.57514899638107997  0.58880017291132680  0.60219315170219034  0.61591707545950736
  0.62986497969946886  0.64374765669208700  0.65731957276735520  0.67022040675186545
  0.68260296599842329  0.69574223732433171  0.70914801503606550  0.72234351015307396
  0.73488913410917567  0.74793302529200989  0.76117554418826860  0.77560879378629610
  0.78959226419927442  0.80189133374333510  0.81336220577486951  0.82473971692546610
  0.83667269040740355  0.84961415214895730  0.86335316240755589  0.87718599483948123
  0.88999572257238990  0.90216010775124678  0.91362946894282882  0.92469921310057390
  0.93553574265556727  0.94668640249408997  0.95748985869264036  0.96569812771772423
  0.97323846176633233  0.98029732786728363  0.98579598795721834  0.99003550745601332
  0.99324073681058034  0.99570251070766791  0.99788859240609407  1.00000000000000000
 -0.00010734994648442  0.00064337041297385  0.00139409077243212  0.00223677045125257
  0.00331130839353108  0.00438584633580958  0.00636382720323908  0.00864848360808904
  0.01196011685207276  0.01622436843679896  0.02125783351630317  0.02696507647000276
  0.03346859289300268  0.04050548141377466  0.04940633116641133  0.05493392630612982
  0.06075453841702527  0.06746334654909386  0.07362959039768968  0.07917924617055248
  0.08867240649487912  0.09995305338375865  0.11201567052424022  0.12554462722358950
  0.13866335041766450  0.15131839148482762  0.16389396956142283  0.17698837381392402
  0.19026382652420956  0.20248952179050284  0.21486966442477370  0.22775898166157676
  0.24124883100330996  0.25471700558928773  0.26851856667015050  0.28184408971033376
  0.29471909864041584  0.30712990197300627  0.32003446030282257  0.33329236078336560
  0.34665619077856147  0.35963668041914515  0.37190430009631537  0.38436131303452392
  0.39681333016751741  0.40970776423076460  0.42216509489573295  0.43514569274296266
  0.44849931134295878  0.46260603026115804  0.47674787636774407  0.49164084526473284
  0.50681834799147529  0.52144696717825034  0.53537857273637968  0.54938891153303893
  0.56349447100983663  0.57729710860490147  0.59098845651824150  0.60467292224034497
  0.61775907940622232  0.63094900004214582  0.64419555773767567  0.65694446398243289
  0.66901784328955016  0.68201067603003096  0.69578928590891975  0.71007393292102250
  0.72333894736825621  0.73600898017716809  0.74859105539441240  0.76138135936353746
  0.77463261556160512  0.78795110029328552  0.80101198112458605  0.81399963269751685
  0.82788407813364850  0.84223743474589308  0.85644735994519927  0.87015758295805035
  0.88320882718094751  0.89590794672127427  0.90885459580239181  0.92161182246573925
  0.93363210722622436  0.94513392799830287  0.95615048869461583  0.96584229197177252
  0.97447487161174351  0.98190772043199326  0.98722966222755248  0.99050988822216190
  0.99321551286871590  0.99558911308115849  0.99775612955217208  1.00000000000000000
  0.00332110992298986  0.00391244503312152  0.00453449959376082  0.00495023913006568
  0.00536256881575715  0.00587084041887493  0.00638174719582996  0.00690192056813998
  0.00741121707756550  0.00794248636842600  0.00848052085743943  0.00904701205069656
  0.00962843610629188  0.01025731851997623  0.01080607233374764  0.01141720814706404
  0.01202984495450088  0.01270353876898976  0.01338141661061933  0.01407020903521808
  0.01480109433437240  0.01570361114366290  0.01662685512672344  0.01762453241709188
  0.01852933644139749  0.01943571761496861  0.02043916059518525  0.02166856734977609
  0.02304619792601131  0.02446480591895458  0.02576056746666651  0.02706625682372607
  0.02839960087107816  0.02980264242073688  0.03133695828391732  0.03291595268652586
  0.03460892621602926  0.03640458695612125  0.03840137959495445  0.04046742771861113
  0.04209466921325327  0.04379233459575679  0.04551118267760097  0.04746680273807350
  0.04995919564353120  0.05250282772295125  0.05522272689322038  0.05787118790290421
  0.06073505450822279  0.06299606076380435  0.06540495911800404  0.06799239269252361
  0.07056909585577269  0.07312026074219689  0.07650399322677374  0.08053993816267495
  0.08438599620669268  0.08823502205246175  0.09212038392881067  0.09643675912958126
  0.09991418149078056  0.10268643111421678  0.10545013311257365  0.10822892841251752
  0.11105901165746491  0.11514585252868915  0.12046384407656434  0.12613247994353399
  0.13240321093517968  0.13956150977809978  0.14748191021391616  0.15604553942055280
  0.16406433159277889  0.16999386651576248  0.17546127161374961  0.18132742206344157
  0.18636646034814941  0.19282828977937672  0.20138816160012760  0.21183595259567692
  0.22484423964505468  0.23934899313208777  0.25465469712908056  0.27073118173372501
  0.28770593767648200  0.30473153635256650  0.32244625051426407  0.34206667996951179
  0.36520470115922665  0.39127464596831091  0.42029553002462350  0.45597622104488289
  0.50785819231582774  0.59593104053279777  0.89017453889031362  1.00000000000000000
 -0.00165706498524000  0.00987870766487083  0.02054348670986553  0.03038942514191756
  0.04027363013257002  0.04953763161817379  0.05921061494183930  0.06936393459754764
  0.08042437903034151  0.09184713351817626  0.10276868731537857  0.11397684865445064
  0.12536941094612072  0.13534886439489974  0.14351014027958375  0.15187439010617429
  0.16072319251957190  0.17123830880799373  0.18301083863160877  0.19478622961416037
  0.20666702841432547  0.21888086138973137  0.23126800293328240  0.24308688564723724
  0.25389585898064887  0.26382280905627786  0.27367209554331023  0.28364556768704446
  0.29357756820190622  0.30278137428828605  0.31139185297499694  0.32016360781132502
  0.32943436256137432  0.33923389217708033  0.34935143447158112  0.35950554694906051
  0.36939277789202668  0.37950548128345213  0.38830167402213744  0.39839383067636519
  0.41001937833957158  0.42308510971013097  0.43612457510834968  0.44831968058911820
  0.46073444415576470  0.47381945393746067  0.48629252046129673  0.49819033303281712
  0.50869083214076483  0.51851388260387477  0.52846833631491363  0.53898436228797975
  0.54998566753031797  0.56109160181611539  0.57236437373946636  0.58410943733041665
  0.59571300096519997  0.60695790111378645  0.61842723268358180  0.62942367169332358
  0.64069422552079724  0.65246390793142794  0.66468338652689740  0.67709775567531283
  0.68901608456522068  0.69845100999615362  0.70772164315949104  0.71674551791700691
  0.72580297142658257  0.73513150060787036  0.74451035285890599  0.75514471595750854
  0.76619345662161464  0.77298742107766749  0.77955934503472324  0.78592407918565932
  0.78963242784316778  0.79406463195005550  0.80088107390017715  0.80745295437091813
  0.81424004424372842  0.82192209749498912  0.83344704049856611  0.84545340540729608
  0.85722596295431686  0.86926148993562546  0.88184906158184206  0.89468009761053890
  0.90719167921205912  0.91967643669013766  0.93199864817691147  0.94450972792743626
  0.95814244146315475  0.97232213553924574  0.98647862252966101  1.00000000000000000
 -0.00184818824691498  0.01045674337196868  0.02264075692072898  0.03441317847764181
  0.04656044373927615  0.05857809961882040  0.06842353610210415  0.07708015862854981
  0.08593571210628875  0.09373310450880067  0.10111516075069345  0.10839567437359907
  0.11573665130031141  0.12274089534717493  0.13307442855813120  0.14494562565418304
  0.15790608207969889  0.17124531007510335  0.18486652893045100  0.19667333175590895
  0.20733388333110536  0.21722144632231333  0.22653431619705414  0.23631035356283739
  0.24181357498636355  0.24746471078855306  0.25424627734500405  0.26093982801724036
  0.26756841158167510  0.27810952808901146  0.28977304902258910  0.30141636294589896
  0.31321770765777018  0.32463930004837271  0.33549601931931344  0.34624594126832253
  0.35724000401672085  0.36813380631454162  0.37890132672632043  0.38829404835626752
  0.39743069554746274  0.40708822205009909  0.41483498093853216  0.42268840965815818
  0.43080648306522118  0.43799769867497590  0.44425759094202821  0.45431200230060464
  0.46483571710457683  0.47560285842346745  0.48665987542820005  0.49831644141152642
  0.51035953361129982  0.52208524682193258  0.53292218354123411  0.54392792108655419
  0.55486368341885284  0.56637292565399511  0.57843610615718977  0.59095891758098984
  0.60218718100842961  0.61228742949310155  0.62187634251118129  0.63143129673737397
  0.64271189799185646  0.65370179808558104  0.66502087922544495  0.67623369578984716
  0.68831653603620591  0.69903128775636092  0.70966009746013436  0.72044473005297460
  0.73191159725345112  0.74365361403078656  0.75523104913387684  0.76667213914581311
  0.77847332628133636  0.79052006382682705  0.80248803355173348  0.81425529705613642
  0.82636267700643484  0.83848496825376395  0.85038341651618832  0.86189978647426435
  0.87304012778802653  0.88538906930829497  0.89693225746232663  0.90780390267398581
  0.91908480460765130  0.93162806070549831  0.94424690465877414  0.95696211814205867
  0.96855706078007342  0.97943531327126609  0.98992134029401158  1.00000000000000000
 -0.00281944663297845  0.01231047410314957  0.02494318937767495  0.03774225457518298
  0.04949322406544598  0.06052332350978448  0.07174824838592304  0.08317103543118247
  0.09399996426238380  0.10474201710111691  0.11585183314338422  0.12785588882092047
  0.14011206312557264  0.15267934789843576  0.16267660959480235  0.16995272060273153
  0.17718640356402390  0.18440397478152645  0.19161419272865388  0.19944443472049450
  0.21095995661811176  0.22288168554469445  0.23397606648508298  0.24521548573332452
  0.25567591674541668  0.26530667001164421  0.27483290586989056  0.28479314020124263
  0.29623617316167139  0.30972248729156310  0.32168031237609118  0.33127688223569846
  0.33814083094781155  0.34520333376008672  0.35239654440715124  0.35975115620653142
  0.37022535025580944  0.38214432657591452  0.39506091166705232  0.40486704923508321
  0.41442561565276531  0.42433430701020497  0.43414686174642403  0.44394750492038598
  0.45241720836267912  0.46131734225064508  0.47156473679495498  0.48249986458222954
  0.49510594890144810  0.50612910891454088  0.51635415377638927  0.52618841094577495
  0.53642986028231210  0.54717711398923463  0.55756392813728972  0.56826375597928769
  0.57927298451170894  0.59016139830867953  0.60080319715347830  0.61108227676228666
  0.62118683334140024  0.63100037599899450  0.64114747433161712  0.65170878280431277
  0.66282274983564660  0.67453936380845603  0.68601956409571918  0.69660789989490646
  0.70717248676250433  0.71819982360344514  0.72960998601750182  0.73956974233798844
  0.74941383235730252  0.75996091999397475  0.77199233419309932  0.78407332937343510
  0.79509403853048211  0.80668453747295521  0.81853623033081069  0.83225781532966281
  0.84313534745939955  0.85139324850109177  0.85951016091988819  0.86713583923566084
  0.87547995450466620  0.88800851937883252  0.90059707543872347  0.91365128417614405
  0.92705682543661971  0.94030946841803609  0.95336386320648103  0.96542450261950497
  0.97555436220842673  0.98442375468564547  0.99258520262523275  1.00000000000000000
 -0.00205363878956996  0.00976734474373632  0.01929162301220726  0.02934189681701618
  0.03980575972885789  0.05115712604556106  0.06314585866034657  0.07560215623306968
  0.08802863173198602  0.10059715166720309  0.11408035354580000  0.12743458916233741
  0.13913756628503715  0.15017186641631550  0.16073470867817191  0.17123181766323972
  0.18205469516625417  0.19349006583310738  0.20520475791328752  0.21551802642707971
  0.22487469057772114  0.23456037479319228  0.24490559381921304  0.25611680469227277
  0.26750412971246162  0.27869027019475962  0.28921754502793595  0.29905772757396770
  0.30810260831191677  0.31733564500063122  0.32674005512159193  0.33798070619710402
  0.35053184397180848  0.36355070998490213  0.37623859227741990  0.38749572200309279
  0.39854276372760966  0.40911874275012461  0.42067328335810600  0.43273066708262464
  0.44357832756780591  0.45379982857231038  0.46402067199531921  0.47501816855648837
  0.48738805408440200  0.50010920623050692  0.50985609859362335  0.51686639752848440
  0.52251557221989464  0.52760671525272040  0.53090015724359496  0.53603038040897133
  0.54308180730629130  0.54994234893128380  0.55653282801680504  0.56342986795581207
  0.57201553198744259  0.58027070777464396  0.59016263630765631  0.60183585661830930
  0.61390461241721839  0.62540442943233132  0.63634435619768714  0.64745684277886428
  0.66008932825377475  0.67234778946353868  0.68506812756002233  0.69816076221144796
  0.71039527955062076  0.72023185774761100  0.72937345693749711  0.73847534680324645
  0.74795227541719322  0.75720386305931731  0.76575373843265637  0.77467719563545268
  0.78559042792650513  0.79738448780581273  0.80987941275911646  0.82279283750502286
  0.83543148240344789  0.84756776433049652  0.86004214181520677  0.87268323228787936
  0.88515981589343518  0.89661149674217366  0.90599169707131411  0.91553734173423562
  0.92438281458021909  0.93462259280267246  0.94503192186887897  0.95438753662117326
  0.96434273805192317  0.97414776984054408  0.98629561449264536  1.00000000000000000
 -0.00261246739622430  0.01068649851535209  0.02274631109689413  0.03489714101260203
  0.04669504356678492  0.05837909653151681  0.06945673944940753  0.08121646084086093
  0.09284094455133352  0.10323520754940814  0.11282379432502675  0.12153452461024977
  0.13124988830618323  0.13807118219059347  0.14409959371693212  0.15099949566404691
  0.15798256317721357  0.16530287322560744  0.17433298170793513  0.18724019481589430
  0.19986346574658814  0.21170715804674417  0.22209930627967267  0.23037492651780017
  0.23909146409462337  0.24749956100182374  0.25794479643497931  0.26612419662613174
  0.27314587032793847  0.28002698025747469  0.28679410366954450  0.29375784365441598
  0.30318671227365557  0.31484169345676183  0.32721949955691421  0.33829150593097607
  0.34830600481854895  0.35817804227654437  0.36830466400097944  0.37881328282951565
  0.38973658965101837  0.40065840240299966  0.41178300802863804  0.42045164487107289
  0.42884888463820631  0.43750463316253385  0.44724984328785894  0.45957136096196299
  0.47252422198952654  0.48589875796512144  0.49947704670196658  0.51251387277287175
  0.52519502441450383  0.53742560725839217  0.54939821255490440  0.56150210126087508
  0.57403959568339380  0.58612302969411012  0.59685103574943743  0.60743567213309013
  0.61844954010549191  0.63000689459157089  0.64184587924512393  0.65471948576929484
  0.66783385917869520  0.68024673433257976  0.69082007931434908  0.70095483097783695
  0.71164220865342487  0.72371388445170193  0.73436171626322877  0.74302190774008137
  0.75185276945112423  0.76038447245453777  0.76849981280811308  0.77593501839876011
  0.78394021055950136  0.79342830043232071  0.80509188743516646  0.81743291180967026
  0.82925856854123314  0.84005524340293147  0.85028600518891428  0.85991569111310617
  0.87019743388072701  0.88115248277202973  0.89312339641086946  0.90512989136750654
  0.91731735805983694  0.92996347442828653  0.94259645237821910  0.95441416722698103
  0.96573648262251222  0.97669208377577643  0.98834406530910501  1.00000000000000000
   7.0749745022962234E-009  -1.0000000000000000     
 F F F F F F F F F F F F F F F F F F F F F F F F F F F F F F F F F F F F F F F F F F F F F F F F F F F F F F F F F F F F F F F F F F F F F F F F F F F F F F F F F F F F F F F F F F F F F F F F F F F F F F F F F F F F F F F F F F F F F F F F F F F F F F F F
  <DiscreteSampler_grid>
  grouped_processes
  1 # 1 for a reference and 2 for a running grid.
  10 # Attribute 'min_bin_probing_points' of the grid.
  1 # Attribute 'grid_mode' of the grid. 1=='default',2=='initialization'
  0.0000000000000000 # Attribute 'small_contrib_threshold' of the grid.
  0.5000000000000000 # Attribute 'damping_power' of the grid.
 # binID   n_entries weight   weight_sqr   abs_weight
    10   10   2.645944902213846E+001   1.437571363380227E+003   2.645944902213846E+001
    16   10   2.645944902213845E+001   1.437571363380227E+003   2.645944902213845E+001
    22   10   2.645944902213846E+001   1.437571363380227E+003   2.645944902213846E+001
    28   10   2.645944902213845E+001   1.437571363380227E+003   2.645944902213845E+001
  </DiscreteSampler_grid>
