0.28329E-03 0.47408E-06 0.00000E+01 75045310 0 0 23951 0.84710E+08 0.00000E+01 0.28328E-03 0.00000E+01 0.00000E+01 0
1 0.00030505 1.7887e-05 33.17 5.3215 0.00030505
2 0.00028951 5.6101e-06 15.503 2.4988 0.00028951
3 0.00028449 2.4581e-06 9.7758 1.2234 0.00028448
4 0.00030432 1.3731e-05 25.524 2.7695 0.00030432
5 0.00028561 3.3175e-06 9.2924 1.2373 0.00028561
6 0.0002871 2.6918e-06 10.608 2.1708 0.0002871
7 0.00028383 6.2441e-06 12.445 1.408 0.00028383
8 0.00028404 4.5817e-06 12.904 2.178 0.00028404
9 0.00028648 3.288e-06 12.985 1.9464 0.00028648
10 0.00028449 4.3053e-06 8.5607 0.7471 0.00028449
11 0.00028544 3.8934e-06 10.912 1.3417 0.00028544
12 0.00028171 2.2576e-06 9.0667 1.498 0.00028171
13 0.00029231 1.2601e-05 24.386 3.5371 0.00029231
14 0.00027793 3.136e-06 9.0268 1.3142 0.00027793
15 0.00028366 2.354e-06 9.3888 1.9315 0.00028366
16 0.00029706 1.7197e-05 32.748 5.3419 0.00029706
17 0.00028109 3.4505e-06 9.8205 1.3775 0.00028109
18 0.000287 2.621e-06 10.332 1.2817 0.000287
19 0.00028592 6.3336e-06 12.531 1.3531 0.00028592
20 0.00028835 8.6805e-06 24.083 4.579 0.00028835
21 0.00028457 2.5941e-06 10.313 1.9574 0.00028457
22 0.00029733 1.0103e-05 19.222 2.2537 0.00029733
23 0.0002925 4.4582e-06 12.193 1.2342 0.0002925
24 0.0002846 1.9523e-06 7.7611 0.78896 0.0002846
25 0.00028189 1.4156e-05 14.204 1.0751 0.00028189
26 0.00027789 7.3712e-06 10.61 1.0663 0.00027789
27 0.0002713 2.0996e-06 4.3779 0.32331 0.0002713
28 0.00027629 2.677e-06 5.481 0.35036 0.00027625
29 0.00028765 4.6878e-06 13.038 2.1347 0.00028765
30 0.00028876 2.8602e-06 11.206 1.413 0.00028876
31 0.00032182 3.2098e-05 56.422 10.028 0.00032182
32 0.0002846 3.2791e-06 9.2173 0.87367 0.0002846
33 0.00028321 1.9829e-06 7.9214 0.86549 0.00028321
34 0.00029394 1.1483e-05 22.099 3.0848 0.00029394
35 0.00028051 2.8749e-06 8.1991 1.2841 0.00028051
36 0.00028131 2.6871e-06 10.807 1.9984 0.00028131
37 0.00027972 5.0424e-06 10.197 1.1927 0.00027972
38 0.00028848 5.9168e-06 16.409 3.1606 0.00028847
39 0.00028773 2.9376e-06 11.551 2.0076 0.00028772
40 0.00028325 5.3924e-06 10.769 0.94637 0.00028325
41 0.00029666 5.6088e-06 15.125 1.6982 0.00029666
42 0.00028534 2.6888e-06 10.661 1.9455 0.00028534
43 0.00028016 3.9064e-06 7.8876 0.7742 0.00028016
44 0.00028305 3.7095e-06 10.484 1.3554 0.00028305
45 0.00029001 3.29e-06 12.835 1.5188 0.00029
46 0.00027608 3.1994e-06 6.5556 0.74203 0.00027608
47 0.00028567 3.4024e-06 9.5282 1.2076 0.00028567
48 0.00028893 3.0899e-06 12.099 1.7768 0.00028893
49 0.00029054 8.2877e-06 16.137 1.8332 0.00029053
50 0.00027799 3.223e-06 9.2751 1.4972 0.00027799
51 0.00028905 3.0542e-06 11.955 1.7757 0.00028905
52 0.00028509 5.7154e-06 11.341 1.3621 0.00028509
53 0.00028469 3.5308e-06 9.9219 0.93661 0.00028468
54 0.00028449 2.8577e-06 11.365 2.2904 0.00028448
55 0.00029697 1.5244e-05 29.038 4.3244 0.00029697
56 0.00027847 2.9327e-06 8.425 1.3963 0.00027847
57 0.00028499 2.5228e-06 10.015 1.2081 0.00028498
58 0.00028213 8.0092e-06 16.059 2.2435 0.00028213
59 0.0002845 7.8801e-06 22.158 4.4929 0.0002845
60 0.00028512 2.8194e-06 11.188 2.206 0.00028512
61 0.00029545 1.1485e-05 21.99 3.0952 0.00029545
62 0.00027939 2.9117e-06 8.3374 1.1458 0.00027939
63 0.00028732 2.8417e-06 11.19 1.9058 0.00028731
64 0.00026916 9.5495e-06 7.0957 0.30545 0.00026916
65 0.00028202 1.4794e-05 14.838 1.1445 0.00028202
66 0.00026824 2.3653e-06 3.5273 0.14665 0.00026824
67 0.00028365 8.3666e-06 16.686 1.7914 0.00028365
68 0.00028865 8.8736e-06 24.593 5.1255 0.00028865
69 0.00028706 3.0431e-06 11.994 2.2428 0.00028706
70 0.00032365 4.0081e-05 70.056 12.728 0.00032365
71 0.00028508 3.1884e-06 8.9471 0.70042 0.00028508
72 0.00028441 2.4323e-06 9.6756 1.3936 0.00028441
73 0.0002904 9.124e-06 17.773 1.9316 0.0002904
74 0.00027811 2.7196e-06 7.8231 0.77394 0.00027811
75 0.00028805 3.3596e-06 13.196 2.7515 0.00028804
76 0.00027848 4.3317e-06 8.7992 0.69738 0.00027848
77 0.00028382 3.6436e-06 10.27 1.3387 0.00028382
78 0.0002823 2.725e-06 10.921 2.5452 0.0002823
79 0.00027815 4.1662e-06 8.473 0.66744 0.00027815
80 0.00028689 4.9278e-06 13.741 1.6165 0.00028689
81 0.00028685 3.504e-06 13.82 2.7565 0.00028684
82 0.00027042 2.3729e-06 4.9637 0.30979 0.00027042
83 0.00027745 2.8236e-06 8.1416 1.1121 0.00027742
84 0.00028146 2.7821e-06 11.183 1.669 0.00028146
85 0.00027964 6.2602e-06 12.664 1.8091 0.00027964
86 0.0002825 2.7801e-06 7.873 0.94916 0.00028249
87 0.00028333 2.4693e-06 9.86 1.7412 0.00028333
88 0.00028717 6.4733e-06 12.751 1.5582 0.00028717
89 0.00029284 6.677e-06 18.241 3.2436 0.00029284
90 0.00028428 2.4411e-06 9.7152 1.7519 0.00028427
91 0.00029061 9.6182e-06 18.722 2.2415 0.00029061
92 0.00029046 5.3703e-06 14.791 2.3066 0.00029046
93 0.00028539 2.4205e-06 9.5957 1.4129 0.00028539
<lo_statistics>
<cumulated_time> 1757.346835999999 </cumulated_time>
</lo_statistics>