  0.00942234952792093  0.01514421581645205  0.02374151150949952  0.03405034796277241
  0.04437458640334861  0.05486884938081614  0.06523271628455449  0.07556050729175279
  0.08585180575462950  0.09642086856881002  0.10710863843370767  0.11802369680754146
  0.12890388375646239  0.14006595070997083  0.15088634720712329  0.16186701282944485
  0.17299694381087838  0.18442023132632665  0.19592952101771133  0.20710729732480904
  0.21811316478071888  0.22859629528048278  0.23807295212428234  0.24734755871961359
  0.25636044303733085  0.26531899562545558  0.27425542265625596  0.28360394192150890
  0.29321780582934359  0.30349336495037738  0.31395590966440751  0.32493421306401710
  0.33635028627484054  0.34801743390325818  0.35945191067497773  0.37055138709396113
  0.38148513773083181  0.39253522290049603  0.40253751111843533  0.41225772484511075
  0.42251356256292094  0.43326179187098701  0.44373524928713393  0.45382784012660077
  0.46441518463905790  0.47560000530439400  0.48585370253798504  0.49611595878568937
  0.50674040489757843  0.51825085373732960  0.52849603722906524  0.53857990473355044
  0.54809289324197963  0.55743578223120904  0.56703595003320773  0.57684212196543760
  0.58684246629636516  0.59672582683580755  0.60683009812029864  0.61802371082501961
  0.62934852337695923  0.64072330721731008  0.65241801760433571  0.66447195474012710
  0.67544462906425706  0.68581754326608957  0.69634942246050857  0.70719027942568113
  0.71796494577954062  0.72850963212605846  0.73848828694317070  0.74785088464959659
  0.75706170385282268  0.76603894887589441  0.77581141338078108  0.78621076580422922
  0.79764812275323260  0.80952773165477521  0.82076811162408803  0.83139768351174503
  0.84224873689171853  0.85297681418526472  0.86329311721006929  0.87376180037561924
  0.88459872230060532  0.89518009244499308  0.90536508776601132  0.91535145581310240
  0.92536650054812264  0.93539105442668824  0.94560442311671233  0.95597943743943725
  0.96609211051297383  0.97614167725334644  0.98757807094647743  1.00000000000000000
  0.00957886771497699  0.01520915272642917  0.02314606113267493  0.03145436789945731
  0.03947430583897033  0.04838651110564157  0.05805587302873197  0.06776496153832759
  0.07684725561590321  0.08631884341140021  0.09690965249119909  0.10824520714204762
  0.11955200403382416  0.13085211519397549  0.14194637304918464  0.15259895844258878
  0.16308153972107603  0.17371250050616849  0.18446592496346675  0.19479586910106100
  0.20460457392724840  0.21441493592367783  0.22447529460690926  0.23450913024898243
  0.24462018176037856  0.25496142730155796  0.26541273669334803  0.27587169140345474
  0.28650074390403935  0.29777234578602491  0.30954261141302675  0.32117477131966410
  0.33244608690627930  0.34313188299894243  0.35406654919317593  0.36535203256270893
  0.37678957264816471  0.38738634115959586  0.39765923274808207  0.40793408708845080
  0.41764545909635281  0.42684335695280162  0.43658028521506081  0.44776741934222680
  0.45911218177268392  0.46945799307040814  0.47938238270748262  0.48920255407729490
  0.49881607013871804  0.50833400112219540  0.51810138714208820  0.52833688899910292
  0.53874742697979172  0.54916302715972298  0.55981899079014119  0.57084914756799432
  0.58202872615291468  0.59308020527351935  0.60409966000545112  0.61504150430787563
  0.62562311277773353  0.63534950597799789  0.64473600516493967  0.65405921984140170
  0.66370637393644949  0.67406043824824802  0.68490033747323253  0.69603834643707707
  0.70716459721013569  0.71754685198514112  0.72761408235398750  0.73748673336292070
  0.74705638564636090  0.75678043193191147  0.76683121271724564  0.77713209479781398
  0.78752764656278607  0.79834277863798608  0.80979993401320505  0.82133084819027535
  0.83256302549690242  0.84354913678228660  0.85424150645487973  0.86477969529696763
  0.87515648989126194  0.88554949222637358  0.89630243029503032  0.90745307512868767
  0.91857658463618885  0.92927344147069901  0.94018087624726121  0.95185800563239154
  0.96354420570338206  0.97535712626755100  0.98753179120848977  1.00000000000000000
  0.05683151684043680  0.05925942487714902  0.06198780391660472  0.06511201294110761
  0.06842541770434576  0.07189786466048742  0.07570761090435135  0.07950525965090260
  0.08331537566027078  0.08728855993600848  0.09129163642859396  0.09532287007215018
  0.09946313025629680  0.10368120794636121  0.10801448096619577  0.11240447843258460
  0.11687229557005710  0.12147352527961224  0.12602508372673918  0.13075674855497146
  0.13584937539256001  0.14139808003205831  0.14570451300425272  0.14789475978585365
  0.14942154386488402  0.15058334487507682  0.15179270685876842  0.15337417678731610
  0.15600076463373641  0.15839429853469109  0.16079616313907688  0.16316653690554977
  0.16556234026047037  0.16797456279769774  0.17038114285867398  0.17279189736581349
  0.17519906694745252  0.17762085682152939  0.18005431307623090  0.18248863760246328
  0.18493704041175471  0.18741715684300617  0.18993317961028738  0.19248789899870436
  0.19508968924484316  0.19775331508266059  0.20046104933785222  0.20316872138124012
  0.20588791138977636  0.20861371149131469  0.21137054936573368  0.21416560694114367
  0.21706442988338476  0.21996591501896556  0.22289835814212630  0.22584446398760674
  0.22884232913573135  0.23191006996950417  0.23502709335078090  0.23818554605153680
  0.24137089764423128  0.24459433052242188  0.24785101143059110  0.25116893047278394
  0.25455020150385360  0.25797553149828789  0.26145399010639153  0.26501811782287266
  0.26866676554532876  0.27238865770563092  0.27618567611849326  0.28008333447457523
  0.28410658925517968  0.28825245044475539  0.29251679142082737  0.29691635873904892
  0.30147992136322077  0.30619449125773113  0.31107474914825728  0.31616437351499366
  0.32149353402992037  0.32708578431780544  0.33302792743630716  0.33940085781812152
  0.34632473253125595  0.35378866954883137  0.36197136066979185  0.37116329599227110
  0.38158216259030991  0.39382886337841605  0.40879223841544127  0.42745913106574840
  0.45362790471965136  0.49562787961957644  0.58710159121872108  1.00000000000000000
 -0.00272593503474583  0.01064953697295073  0.02295886553266847  0.03530297118474399
  0.04792600566715168  0.06061325133748326  0.07270723394568042  0.08412401127829318
  0.09484694543308866  0.10516160489014278  0.11575448065364090  0.12661703750708370
  0.13740469393621457  0.14808357850992673  0.15821364426287790  0.16864064689657843
  0.17852672552363413  0.18866919861593670  0.19889878833815058  0.20898698066900054
  0.21934069105031703  0.23026087541559750  0.24264257903004646  0.25474412519349121
  0.26614476141703508  0.27706053242648493  0.28796087258858749  0.29931156922071023
  0.31107940723943245  0.32292636147748982  0.33397529513273050  0.34417008820998557
  0.35434254503153667  0.36490864553363705  0.37526433523355468  0.38506682291950184
  0.39483185462336856  0.40456921204969654  0.41377699005442858  0.42244117329286252
  0.43095036483100979  0.44006876074139228  0.45015396094389698  0.46020256336972098
  0.47010745178618213  0.47987934134037585  0.48955441275136280  0.49949420782322901
  0.50952923792198956  0.51957942629151666  0.52966185016154377  0.54013200618341783
  0.55105967904246977  0.56205654672198035  0.57296404220562747  0.58386057583221618
  0.59470213316038201  0.60535480433945776  0.61587708480470660  0.62627983117425134
  0.63608773747058522  0.64605899394744215  0.65588144924856095  0.66542861784998530
  0.67474699213313405  0.68419682006705496  0.69383884589446221  0.70355018410299330
  0.71289555538201932  0.72171864244282213  0.73078416856024064  0.74007077661170539
  0.74965920550380405  0.75976569214767020  0.76989507386618827  0.78004560682140689
  0.79040933745442565  0.80074406091517314  0.81104212186942892  0.82140335605901660
  0.83214329704946055  0.84373100884765639  0.85593796741612549  0.86863327096659038
  0.88162798828092426  0.89433654739143231  0.90652122694268134  0.91802392053043669
  0.92880158506746058  0.93911159947445466  0.94917363285860035  0.95913943275695690
  0.96913890966592842  0.97914355824095600  0.98967858684639287  1.00000000000000000
 -0.00216106428375826  0.00932040750989459  0.01853773551236065  0.02837140066073383
  0.03775625501513804  0.04760500874513209  0.05774288151975010  0.06893261649448491
  0.08050507466620618  0.09035534967186852  0.09939332093557848  0.10917024328198781
  0.11876259095097408  0.12878906758195358  0.13854049194092460  0.14877315155456064
  0.16109815202384931  0.17295222196014026  0.18473533416829943  0.19653093219919790
  0.20847220322591695  0.22069580615202170  0.23254684438979559  0.24456453299377340
  0.25562928686089292  0.26639150781917170  0.27738465482366192  0.28841293663742301
  0.29964592188035843  0.31099385361235365  0.32213735757753520  0.33317570658495216
  0.34420570827273839  0.35498182189082089  0.36551574118419911  0.37622370119899734
  0.38733962887218287  0.39841934355950859  0.40892338277507223  0.41876052055331781
  0.42807498798751886  0.43732839659359385  0.44639776002560405  0.45477439660900737
  0.46283020665077368  0.47114715869234347  0.47980345869824637  0.48941142977337704
  0.49885596249502218  0.50839710294408824  0.51817279564705598  0.52760956472332687
  0.53731762801336624  0.54699504909219498  0.55674506083074660  0.56644336674357576
  0.57590362678142615  0.58524781260640812  0.59514927309243137  0.60541043456870691
  0.61569493822459420  0.62655479499745492  0.63860631171965421  0.65101346345925837
  0.66297188538696661  0.67420469870406796  0.68543045337074215  0.69663194659940131
  0.70833224319728449  0.72012887468597708  0.73196564582002976  0.74376487607554598
  0.75538963718003860  0.76674969157768280  0.77814153098321570  0.78982111990407144
  0.80186260685021948  0.81298964329649981  0.82391105989813385  0.83400204515552945
  0.84418023904687745  0.85437003510749998  0.86484491733342428  0.87522679000600045
  0.88505171127863724  0.89468971389502572  0.90479334659466371  0.91527459841417724
  0.92620976656804066  0.93736929605196584  0.94913909158108301  0.96039046756517599
  0.97040088061462226  0.98057862521680661  0.99016312298475617  1.00000000000000000
 -0.00301969054206543  0.01131374897076808  0.02332973312186135  0.03513262982668144
  0.04783106429672564  0.06098468456988856  0.07327146446946163  0.08546758525880339
  0.09732232541041909  0.10849086783459283  0.11806261448588837  0.12782780892567594
  0.13706098935442418  0.14645165981111918  0.15582782668942771  0.16512783371032852
  0.17466196001144077  0.18457505584882000  0.19511966619960922  0.20580313360069566
  0.21634339367247016  0.22683538163768024  0.23794236546210457  0.24976071329770053
  0.26185729892190168  0.27382610413378272  0.28563497491675277  0.29720128697018122
  0.30806533716501472  0.31876357377725456  0.32874104355740624  0.33838042510273947
  0.34769325370052917  0.35701337156073010  0.36638101836622838  0.37586304929927766
  0.38560841572559879  0.39575599398770434  0.40653229072391567  0.41742832392720697
  0.42785137070820084  0.43778575325772751  0.44754551539111576  0.45717105120302715
  0.46646412097943624  0.47536662731915796  0.48431929495871057  0.49314871671727922
  0.50176485392377357  0.51026700613821985  0.51885769920439095  0.52805170754068975
  0.53752739249907600  0.54770429889418770  0.55829821293587989  0.56880424958719067
  0.57942848340463204  0.59028044551685221  0.60177032191090829  0.61350207810716895
  0.62494271250363376  0.63469605863056544  0.64400540361841940  0.65331612290181484
  0.66264864636864107  0.67177977301112668  0.68099071397394895  0.69078662073693642
  0.70146335653111680  0.71233818502768786  0.72285337473945677  0.73272886891248157
  0.74180996423435930  0.75102763957239038  0.76107378121562097  0.77118436724996264
  0.78065191262579325  0.78997141547948002  0.80015021289370036  0.81068665572644916
  0.82075416722847261  0.83084857582510940  0.84115239947095322  0.85162098062001412
  0.86250596839822558  0.87411231854086324  0.88667005623454631  0.89973250599590870
  0.91305034550105080  0.92565240929658177  0.93835671540412791  0.95131884325616589
  0.96382442019874759  0.97668307238739671  0.98854572773223548  1.00000000000000000
 -0.00248118295958171  0.00968758174429481  0.01992534047477146  0.03090242351216683
  0.04163056452417339  0.05225970622112097  0.06272409496463542  0.07276879186023955
  0.08301381268960578  0.09352833968047934  0.10414685582198294  0.11553133591320557
  0.12695564172953810  0.13791638720478128  0.14879765739619724  0.15902375914946509
  0.16986023549961146  0.18068340485795140  0.19242021834390208  0.20481331201019135
  0.21592837411653087  0.22696204050499225  0.23716465834975253  0.24692504239747734
  0.25690361568580689  0.26654710976396756  0.27683899267967826  0.28712482585191379
  0.29748678056927158  0.30832899112202855  0.31910244140978639  0.32996045739282509
  0.33943011904292897  0.34870124668300839  0.35816496721421598  0.36796878441355263
  0.37699114843410725  0.38678514903115047  0.39673838011741930  0.40886256704695317
  0.42071335293384804  0.43260419195165550  0.44439076396476668  0.45619639492714370
  0.46767750581684991  0.47908387998130364  0.49056079888994253  0.50202869213862344
  0.51264894820782092  0.52300678024288039  0.53333001341821817  0.54432291017962164
  0.55525759920990947  0.56685581002492380  0.57907777454888132  0.59087304563308962
  0.60218003761156857  0.61261019284305940  0.62277837932940994  0.63269330922589251
  0.64268931123797446  0.65306245672059404  0.66302544473826197  0.67348850186431619
  0.68453051244609342  0.69514802025072220  0.70538556849033007  0.71552967309692306
  0.72599948846072937  0.73590800345189811  0.74517181713841008  0.75495919378055232
  0.76522294859423268  0.77530358939998112  0.78524120805349529  0.79568011889539614
  0.80650181494582041  0.81706616148843125  0.82794288746870348  0.83850450368387197
  0.84893295720934991  0.85920311860605336  0.86917002880228278  0.87905384820143673
  0.88867134113019419  0.89868725788082804  0.91039542982440624  0.92153453258556428
  0.93232329742713393  0.94209297247270907  0.95151422712665357  0.96114192345618055
  0.97110809680033794  0.98117996546808695  0.99069875051782741  1.00000000000000000
 -0.00283907831702858  0.01045991143118459  0.02160412596946703  0.03317794491827097
  0.04482339231656161  0.05662357918145106  0.06845146113303058  0.08019457109762555
  0.09197948304483974  0.10337052737600722  0.11416081383342132  0.12472865562558574
  0.13536568014549652  0.14571983698761659  0.15529426461585688  0.16453614278782072
  0.17388353233260442  0.18333512466062776  0.19257765041595981  0.20144354449668658
  0.21068290418319219  0.22072420044575033  0.23108727469493048  0.24148634587748083
  0.25201598493691996  0.26274869622818181  0.27381698047940600  0.28504870280338396
  0.29623402340764521  0.30703095382082035  0.31748740290357380  0.32777198307663791
  0.33780549582659930  0.34767297893696819  0.35789531807347297  0.36839352825489458
  0.37851590145313996  0.38876076808785676  0.39933482974554491  0.41059607200188153
  0.42181126173628564  0.43288010492407164  0.44336036168210097  0.45350914632145051
  0.46370467904774665  0.47426344005349153  0.48470836958844754  0.49508558977082845
  0.50516137654690196  0.51553721627695592  0.52510177487388154  0.53403005335325238
  0.54282266238688237  0.55174006244010676  0.56092398002011767  0.57036915619776052
  0.58006488423021885  0.59031901937318132  0.60104412213771929  0.61197201949998836
  0.62265360509495071  0.63301745693931288  0.64372626634060437  0.65477930039060850
  0.66668305809928452  0.67894265437085688  0.69073780421421993  0.70137038176078870
  0.71170307945109390  0.72210395505604907  0.73250920895186744  0.74307167568026233
  0.75431567040797964  0.76576321416361992  0.77616379335165608  0.78550370242045642
  0.79484493460870409  0.80419148104324856  0.81390604841949910  0.82380703517813714
  0.83382279590495789  0.84478100931777911  0.85555333113558019  0.86643303453305531
  0.87737554538962725  0.88896500504231968  0.90086976289449416  0.91266269161350266
  0.92455808183335075  0.93605344541743551  0.94764736535355087  0.95925213825808653
  0.96947335139879187  0.97988545169908936  0.98962118397005594  1.00000000000000000
   2.1563260491206489E-008  -1.0000000000000000     
 F F F F F F F F F F F F F F F F F F F F F F F F F F F F F F F F F F F F F F F F F F F F F F F F F F F F F F F F F F F F F F F F F F F F F F F F F F F F F F F F F F F F F F F F F F F F F F F F F F F F F F F F F F F F F F F F F F F F F F F F F F F F F F F F
  <DiscreteSampler_grid>
  grouped_processes
  1 # 1 for a reference and 2 for a running grid.
  10 # Attribute 'min_bin_probing_points' of the grid.
  1 # Attribute 'grid_mode' of the grid. 1=='default',2=='initialization'
  0.0000000000000000 # Attribute 'small_contrib_threshold' of the grid.
  0.5000000000000000 # Attribute 'damping_power' of the grid.
 # binID   n_entries weight   weight_sqr   abs_weight
    10   10   9.066357799313341E+004   2.406675125284719E+010   9.066357799313341E+004
    16   10   9.066357799313341E+004   2.406675125284719E+010   9.066357799313341E+004
  </DiscreteSampler_grid>
