  0.00001617579395550  0.00004711649866747  0.00007146324448728  0.00009185328021393
  0.00011205028187886  0.00013425994029887  0.00016104985286883  0.00019460952970713
  0.00023532034607076  0.00028670623600516  0.00035066389686763  0.00042541995741860
  0.00052176916410982  0.00064284779609923  0.00078533138623319  0.00095284947958536
  0.00114983161654091  0.00138115420768313  0.00163936958868317  0.00193132622932410
  0.00227512624146637  0.00270582410821228  0.00327482819255959  0.00401119886020533
  0.00495709934537062  0.00617223718148172  0.00778127356424424  0.00999953257202326
  0.01342009388257365  0.01902062969195943  0.02710234736506559  0.03808578828729748
  0.05198693839100810  0.06780373183774462  0.08494912524109816  0.10283687914618660
  0.12102849690637470  0.13939223013305121  0.15792779431997281  0.17657248128764616
  0.19518065195405893  0.21374928668863935  0.23261589840886904  0.25148774348880798
  0.27016704024055327  0.28880782883239386  0.30743492435905173  0.32617631203134939
  0.34504132103522955  0.36388154065543082  0.38261725501516330  0.40130560779234858
  0.41987911530134037  0.43834945772259470  0.45690670714928389  0.47555545132110000
  0.49424304408433722  0.51286777771738312  0.53134461992020521  0.54975406726021281
  0.56820628999365930  0.58669256912763612  0.60520070126223979  0.62359985236816762
  0.64191765353894970  0.66022622015785293  0.67853048279226813  0.69697888971365529
  0.71555926069152420  0.73394314764615765  0.75200470493535332  0.76999339208244588
  0.78808979977706239  0.80591870761437767  0.82338334897128362  0.84078413552519415
  0.85821106810317960  0.87541923329302895  0.89225073740584793  0.90863443417761280
  0.92439283461709809  0.93923528711883919  0.95267041278822684  0.96428562929239892
  0.97372653500679551  0.98116503509928799  0.98670756144448180  0.99061342832153065
  0.99333253143362477  0.99526570867119701  0.99669927882057163  0.99778141033823886
  0.99857759891299358  0.99915037136141338  0.99960377389589594  1.00000000000000000
  0.00022430467977698  0.00026663965929083  0.00028914130644897  0.00030801639565216
  0.00033372788268344  0.00036544086875837  0.00040744251976916  0.00047823880955763
  0.00067696773420001  0.00110447255238693  0.00158492487721548  0.00203470919033760
  0.00255171501078424  0.00315574547345322  0.00383656371055625  0.00465603391593498
  0.00566553223721545  0.00686513614097660  0.00824889412659282  0.00984055830642882
  0.01168122116462630  0.01378936295709810  0.01618755038122718  0.01896306137882171
  0.02219331853309025  0.02605971739576058  0.03070315266320794  0.03625136087406831
  0.04236251921927368  0.04839953736559616  0.05348805039513968  0.05725108080659469
  0.05989291047525053  0.06173903014597083  0.06301398403382319  0.06391201763707599
  0.06457808539724738  0.06509804211540118  0.06551953721546463  0.06586481604622303
  0.06615289274099879  0.06640356746687477  0.06662706994948336  0.06682833174383156
  0.06701263091867991  0.06718392335398216  0.06734561313553333  0.06750011692023039
  0.06764929029477526  0.06779521781417758  0.06794056885328217  0.06808687399895538
  0.06823489742129496  0.06838670144826549  0.06854572339873448  0.06871446944354406
  0.06889406815188745  0.06908663391487718  0.06929829265313411  0.06953574605992735
  0.06980458540871903  0.07011500148086024  0.07048494413322579  0.07093664012716862
  0.07149836048329671  0.07221768139263110  0.07317426400564776  0.07450440088955976
  0.07646313158349768  0.07950505681123834  0.08429077235873762  0.09156512705269068
  0.10217812592954832  0.11655653242747914  0.13395104437644303  0.15507460014763819
  0.18482610240575487  0.23048449213782096  0.29754773437718818  0.38914471686184071
  0.48900028866447687  0.56369641201530796  0.60643640944053689  0.63213650090326923
  0.65489000020610522  0.67684629411305142  0.69712218137755966  0.71633436835481978
  0.73602426466208326  0.75788798976395744  0.77998119582989045  0.80091245897690089
  0.82401651731981695  0.86047351589565846  0.88448859221480369  1.00000000000000000
  0.00047714761368666  0.00085508582033738  0.00107753946603650  0.00128541765892240
  0.00151287052409858  0.00176552907090250  0.00204419470757993  0.00234970467247665
  0.00268341935540777  0.00304910204979700  0.00345151056075484  0.00389348915052877
  0.00437263556194573  0.00487974620523330  0.00539673344987384  0.00590842301242983
  0.00641613611984773  0.00692976475286218  0.00745403508640108  0.00799024471892567
  0.00854560756570000  0.00912855277290750  0.00972784014593588  0.01035693459964961
  0.01099163256098981  0.01159988313508330  0.01222578616392763  0.01289628896637347
  0.01364362772047249  0.01442311797058176  0.01524639044722122  0.01611685084190597
  0.01702252990854997  0.01795074510302837  0.01891666139230415  0.01991695933205391
  0.02098454980516557  0.02210480189089472  0.02329430947190731  0.02448406440962005
  0.02572038208023286  0.02699352485936268  0.02834825708598090  0.02979880685556677
  0.03130532440538698  0.03289899976170938  0.03456670866166228  0.03633554589928771
  0.03820223264849677  0.04015086438577943  0.04196770731859972  0.04382555650041366
  0.04576368951269475  0.04798130466527434  0.05038575229341830  0.05293207368182606
  0.05558754463460532  0.05816730115922941  0.06084544907773826  0.06365470073120492
  0.06673665894047733  0.06999336513330666  0.07350089515021610  0.07710467730041357
  0.08077549400856206  0.08469561316779373  0.08891690945500563  0.09349254300751617
  0.09842530859914714  0.10365019791460013  0.10918104978226069  0.11478682713887162
  0.12068288409206963  0.12703437462300107  0.13351967759007499  0.14094308662073907
  0.14855040520998591  0.15706334527033608  0.16640082626056835  0.17643208033654365
  0.18699817024200360  0.19823730378861185  0.21012994314236247  0.22288812705500655
  0.23618310991031183  0.25112321226771733  0.26727334825517601  0.28456122289435376
  0.30282470743745843  0.32297194396192352  0.34568889587041723  0.37191174591733234
  0.40284076081278425  0.44347896700495154  0.52567431088235139  1.00000000000000000
 -0.00198469811774655  0.00822571007044620  0.01854978605152317  0.02840044220866363
  0.03823596534111226  0.04760600127676999  0.05739362558850523  0.06724546238471117
  0.07716348167233218  0.08679093732012592  0.09625442673382632  0.10508919581747991
  0.11369297614976893  0.12266350532638905  0.13175292176005007  0.14135172246131900
  0.15110323593631522  0.16099817977944103  0.17092592972313006  0.18081433599477645
  0.19073651807954486  0.20072270746286383  0.21069206083808983  0.22057330407726858
  0.23052148740536535  0.24056545634745885  0.25083405521380631  0.26119152389121508
  0.27151233448370726  0.28189568539761484  0.29233923628270286  0.30270731751188718
  0.31277131630555011  0.32277167987280858  0.33278661588716085  0.34307194229869564
  0.35379110992250984  0.36447624220382080  0.37492322076475632  0.38477945528262075
  0.39443410980334676  0.40419663857992899  0.41390457067585279  0.42439296264110649
  0.43513030819796139  0.44601863733853553  0.45661759769379745  0.46708423258217863
  0.47788204300002307  0.48888654246788671  0.50016738970539920  0.51149427111112367
  0.52301820750812766  0.53461186016183881  0.54609614463331824  0.55756056231944595
  0.56891040051934461  0.57997509933848246  0.59085899608349679  0.60184236956481429
  0.61296391716962784  0.62415371659421526  0.63546658440571624  0.64697525567817660
  0.65843965752190969  0.66990112163370474  0.68140568177513938  0.69280246142504720
  0.70396985805086776  0.71536704102070925  0.72718092857310690  0.73876928086541094
  0.74965100260153861  0.75995997446023456  0.77038012210155515  0.78105866818233827
  0.79194373551246056  0.80292057296778274  0.81393502774062554  0.82554174164809058
  0.83704607080254667  0.84833859749838025  0.85913909238551089  0.86961611755808899
  0.87973802295217196  0.88967800616317894  0.90007387505418313  0.91055550158308529
  0.92112871548799191  0.93177473634273744  0.94290675729363060  0.95453363917936462
  0.96628413473397101  0.97734287759869098  0.98906208832523057  1.00000000000000000
 -0.00243831402197580  0.00959000977720713  0.02002515140603729  0.03107224693263643
  0.04170302641215114  0.05210080501405417  0.06294377176528712  0.07395905271644601
  0.08443296795242833  0.09484583566380078  0.10516214478694594  0.11613981568844607
  0.12713928555680595  0.13813055106675301  0.14894704182215959  0.15965192237188677
  0.17023760670428861  0.18102463923906964  0.19188546357291023  0.20276209717146076
  0.21332888309765860  0.22374478147919652  0.23420334224219960  0.24490347554459513
  0.25575580064038461  0.26645805465463634  0.27728371022029280  0.28772822123727559
  0.29799220746193394  0.30837098082900394  0.31881025012069297  0.32947646891703208
  0.33988321390737841  0.34965051206508074  0.35936722968686652  0.36939071195186202
  0.38004068859560253  0.39088018144640624  0.40150138106893751  0.41193957470439135
  0.42244965697164433  0.43326737236589175  0.44393768572914200  0.45473890040987397
  0.46523771081479531  0.47592436327074256  0.48615129984613115  0.49642293096323603
  0.50663210185939689  0.51746022794925051  0.52773743928888894  0.53758562965137680
  0.54729099168687823  0.55726695345115662  0.56770980497051915  0.57807080496293073
  0.58837643893965452  0.59886978937304747  0.60937572953538588  0.61990939769125630
  0.63070672634203950  0.64131081898596776  0.65252510041150658  0.66366492121329113
  0.67487570955804999  0.68527482123060257  0.69516558936621975  0.70484540956582187
  0.71482255402030725  0.72518374434010568  0.73511722650027989  0.74512412007897677
  0.75536285216508436  0.76622656553188251  0.77732936143365949  0.78809605314854436
  0.79885080202118453  0.80969591799157126  0.82018203011182167  0.83060870146337218
  0.84091705523492444  0.85142827090627360  0.86199236172185412  0.87273015388030750
  0.88333761327473104  0.89369124277036127  0.90387350428924162  0.91417041947254984
  0.92478133737464951  0.93550992716499171  0.94665729186213465  0.95785475107992890
  0.96865316618136443  0.97903313941520276  0.98967695686312274  1.00000000000000000
 -0.00215894078911598  0.00869288019867829  0.01854856268086737  0.02889346332162311
  0.03888619297279373  0.04842331610377214  0.05800163305143451  0.06709860332400257
  0.07668545502477132  0.08656579617347414  0.09637005515051116  0.10587146589469136
  0.11520535572895610  0.12464777108908785  0.13414885930764872  0.14381077739545953
  0.15344922248860376  0.16281257628372178  0.17207376092464466  0.18123322408090423
  0.19060647731841590  0.20012954820563134  0.20977052176141109  0.21947784402324608
  0.22920888323982047  0.23909700509197263  0.24924696927420056  0.25967744120903569
  0.27007179059127051  0.28016266778413340  0.29023184538450020  0.30036339264136758
  0.31082987512639926  0.32113214262973439  0.33126636382100666  0.34148384765572476
  0.35205104618939620  0.36274598898080174  0.37350103384261779  0.38436400190549980
  0.39538668676276256  0.40656363561679637  0.41752170369256342  0.42818269383902852
  0.43879981633441323  0.44969998643143222  0.46088928000780832  0.47220366999496316
  0.48352912533828479  0.49482942240534489  0.50601353388327619  0.51714628963732046
  0.52831869523966057  0.53956424546596682  0.55101646500620083  0.56255276318436576
  0.57395479877368982  0.58496062848413055  0.59573112509048287  0.60663260040765798
  0.61786025266748590  0.62921006722944495  0.64048742338552922  0.65162907710597529
  0.66275859474829835  0.67399731368803140  0.68548591547517101  0.69716379574428855
  0.70894620236814654  0.72060469798919702  0.73187659775875935  0.74270194234001208
  0.75336818472326661  0.76425111192871498  0.77533588949444110  0.78653519174425912
  0.79778448038822025  0.80910125388095699  0.82037050329376204  0.83132870590633423
  0.84164485745603312  0.85182194909022690  0.86218187630812682  0.87300517931039123
  0.88409347438386998  0.89486405676624836  0.90554307178212146  0.91609147247972977
  0.92658972262554573  0.93683693503055987  0.94656878205842221  0.95645358221795485
  0.96709478835521245  0.97858803856773913  0.98946203892742723  1.00000000000000000
 -0.00180306734093274  0.00760228550617719  0.01704404885749637  0.02747742017008047
  0.03816294451231739  0.04896467578984399  0.06025385956706282  0.07100069556410249
  0.08122981125993657  0.09132489823831128  0.10163941719218808  0.11239992859446507
  0.12311348801563915  0.13357016065657973  0.14397290763423756  0.15469891250527076
  0.16514168887517913  0.17591473677958694  0.18683186658271678  0.19741632502877829
  0.20772823719150710  0.21806606271421186  0.22848407008531510  0.23869021177106073
  0.24900633115276496  0.25950781348997043  0.27012721210279284  0.28036494744510843
  0.29063907203149847  0.30120957909996449  0.31181130808256735  0.32228928847150290
  0.33290192539538072  0.34370233319580967  0.35459877566979392  0.36545251102132381
  0.37625548633845868  0.38677394265528525  0.39674312857511673  0.40645685895890959
  0.41642119227297730  0.42693392665749835  0.43738289802978475  0.44798170573818763
  0.45858983679616538  0.46949901960604562  0.48052256412632111  0.49146808339680198
  0.50235941690098196  0.51304617810341779  0.52373055036451777  0.53440013440983425
  0.54481271934598074  0.55510116187521708  0.56532461494132369  0.57595054768893561
  0.58661936195034736  0.59723043527952946  0.60786654973335619  0.61849744826168174
  0.62917065640267855  0.63982860924205254  0.65052365378435684  0.66146527177764924
  0.67226932302028042  0.68310943091045029  0.69386066308319028  0.70472755876641036
  0.71558460509691357  0.72656318354731186  0.73761179434601742  0.74880566555231443
  0.76007568944476522  0.77111135901287842  0.78200686645082729  0.79240343756930676
  0.80268817955467542  0.81297077029826492  0.82343085912878689  0.83393696913841064
  0.84474449361788972  0.85565604278671414  0.86684045873995663  0.87790872247389173
  0.88896900382826294  0.90006739132511315  0.91076617468742027  0.92110528791248192
  0.93126362708242005  0.94112691611997612  0.95063975629951614  0.96004576490195970
  0.96959223796278826  0.97960265022362869  0.98943993755019588  1.00000000000000000
 -0.00226138010296824  0.00856041619469695  0.01866762619371417  0.02947949896968080
  0.03978750417694596  0.05020086118553513  0.06064871525398328  0.07066455596726641
  0.08072918764663412  0.09074634525882110  0.10139143684071240  0.11238190748832333
  0.12358823318050820  0.13471625840998630  0.14522291720548225  0.15565721050961973
  0.16613405363397293  0.17716216470299626  0.18811791466428104  0.19932230804459236
  0.21040926638781232  0.22117469260820483  0.23153875498379894  0.24198790891520666
  0.25270552193496199  0.26346807459827926  0.27388822958135817  0.28436792472422323
  0.29500525493885849  0.30571237541330926  0.31602112698502249  0.32633143323584818
  0.33655786587052061  0.34726877281765844  0.35772439473952489  0.36776828526078970
  0.37803211556858796  0.38848810191224747  0.39982659514872926  0.41086327399840572
  0.42188763002078616  0.43248554121955329  0.44280383101775689  0.45301304203186288
  0.46365002668586358  0.47458834568273145  0.48532653474361181  0.49605875276268835
  0.50701464991121825  0.51776029711130733  0.52851813352774646  0.53929706419008572
  0.55037347084410193  0.56124393186359456  0.57208438380590076  0.58272464639793686
  0.59341053601816163  0.60368098045655405  0.61386376814410770  0.62413480972905322
  0.63430176254062665  0.64479133322237947  0.65542507936909311  0.66636571923569821
  0.67720392384604988  0.68777852111379678  0.69816779618162916  0.70866311795996240
  0.71891782489894451  0.72893010617611598  0.73894374010626329  0.74951462245524081
  0.76010657754598854  0.77060774529984744  0.78109494926662670  0.79142532669654009
  0.80155780198552196  0.81166673413806689  0.82236143244425486  0.83323601300233219
  0.84420574172823049  0.85424925445733291  0.86391958382902578  0.87380343717669995
  0.88389280594959196  0.89461849334009047  0.90495281719233334  0.91559830730675995
  0.92607581528809402  0.93669569865560987  0.94723122156418427  0.95816301238876522
  0.96867758323320963  0.97904333290124412  0.98944542566267801  1.00000000000000000
   1.2226099875648892E-011  -1.0000000000000000     
 F F F F F F F F F F F F F F F F F F F F F F F F F F F F F F F F F F F F F F F F F F F F F F F F F F F F F F F F F F F F F F F F F F F F F F F F F F F F F F F F F F F F F F F F F F F F F F F F F F F F F F F F F F F F F F F F F F F F F F F F F F F F F F F F
  <DiscreteSampler_grid>
  grouped_processes
  1 # 1 for a reference and 2 for a running grid.
  10 # Attribute 'min_bin_probing_points' of the grid.
  1 # Attribute 'grid_mode' of the grid. 1=='default',2=='initialization'
  0.0000000000000000 # Attribute 'small_contrib_threshold' of the grid.
  0.5000000000000000 # Attribute 'damping_power' of the grid.
 # binID   n_entries weight   weight_sqr   abs_weight
    10   10   4.024519014575598E+000   7.706748761508868E+001   4.024519014575598E+000
    16   10   4.024519014575598E+000   7.706748761508871E+001   4.024519014575598E+000
    22   10   4.024519014575598E+000   7.706748761508871E+001   4.024519014575598E+000
    28   10   4.024519014575598E+000   7.706748761508871E+001   4.024519014575598E+000
  </DiscreteSampler_grid>
