  0.00956357765692522  0.01531865557835054  0.02395308079493554  0.03323465046158135
  0.04278232222416352  0.05292244781828297  0.06353337831182425  0.07388320686881790
  0.08383222954536688  0.09350040899175321  0.10327623830382016  0.11283498043003513
  0.12203232806118783  0.13135803848646202  0.14088644976210535  0.15076448868438413
  0.16048235420446957  0.17037010184536558  0.18082564872113302  0.19174780165779853
  0.20284388876114806  0.21390338910006662  0.22504914150249283  0.23653618110549565
  0.24843994792583457  0.26027020408215573  0.27126715973364768  0.28129170466400272
  0.29100291898386421  0.30104089072594981  0.31142076202062646  0.32200244422489688
  0.33275265554985700  0.34345712987431193  0.35376217701973772  0.36339499107124473
  0.37276010506653429  0.38207891084101420  0.39124306921373331  0.40071337524239614
  0.41068391519418995  0.42141536292910725  0.43293916547212474  0.44450400115019639
  0.45586817972639299  0.46717422429008121  0.47826448695692392  0.48892727725663343
  0.49905950547622091  0.50884022161346232  0.51863806767145193  0.52860617802925647
  0.53824161270859250  0.54768371187817555  0.55699459779320326  0.56632322870973006
  0.57573216673452576  0.58521902387362834  0.59457575211857450  0.60414100382910751
  0.61424224398782779  0.62475180316812362  0.63561315112842476  0.64697616580996398
  0.65875152178210616  0.67079005373965095  0.68273371959240470  0.69434466765074654
  0.70584338753892517  0.71737112826491645  0.72895731315946222  0.74049396243119159
  0.75190920731795974  0.76352677087744414  0.77557637649718281  0.78790959690178808
  0.80004203449786060  0.81197681344777728  0.82204573103401779  0.83236084421434542
  0.84244956058189191  0.85171593360612641  0.86095207834564169  0.87036379152642407
  0.88047655486773913  0.89116013211149336  0.90218079546101793  0.91347011874159689
  0.92494517424625711  0.93657691552915923  0.94817313173782480  0.95920988044239819
  0.96971984450491311  0.98008561353445056  0.99149878653277645  1.00000000000000000
  0.00922889841660721  0.01598429676916656  0.02609821137982547  0.03681174815043338
  0.04705430463288755  0.05714531813196133  0.06747665624398283  0.07856009443892062
  0.08989094870472036  0.10139678222057949  0.11280701502864647  0.12420446461505130
  0.13530448436002054  0.14591582093235886  0.15642297630330176  0.16663267984117566
  0.17645806714468640  0.18634273092748435  0.19661423535130082  0.20702728380337188
  0.21731098691392081  0.22798140508885800  0.23935758542561331  0.25101670114622615
  0.26251919580159566  0.27378937711738138  0.28531781627805214  0.29688767466127125
  0.30883833675411093  0.31978966237772416  0.33067763180382720  0.34087626197041704
  0.35106560328995789  0.36076883347002148  0.37037974369185339  0.38066447741344633
  0.39074571956094489  0.40082591125230277  0.41048343193413511  0.42017827169705613
  0.42996933253020014  0.43971213693968020  0.44971047862098978  0.45987343805775116
  0.47026264297544579  0.48057063180954890  0.49062314459044259  0.50087197688286755
  0.51134364616607086  0.52243263652872196  0.53400693270656729  0.54555886634197248
  0.55680881955474137  0.56821532717298084  0.57980969625493683  0.59069277561007094
  0.60160127769441296  0.61267026461085927  0.62382130867546526  0.63446113457551423
  0.64468218309733882  0.65472846594352052  0.66466781997894997  0.67490109951107624
  0.68526595073477525  0.69497091216730844  0.70440903617460260  0.71409910911481056
  0.72396108823533434  0.73428473607549849  0.74344408952284424  0.75291582813047964
  0.76213819576610442  0.77190678759826359  0.78182182484375873  0.79203572843238379
  0.80201364984791290  0.81219157651726293  0.82268033793814066  0.83304461353406734
  0.84337036006484101  0.85384786693334069  0.86508545470527343  0.87685082273469506
  0.88828372351972917  0.89891130794490848  0.90837624211337686  0.91782499150923447
  0.92685698427312257  0.93573137425587882  0.94475444682284981  0.95451652786852104
  0.96472716265974767  0.97616803663232221  0.98772603313319529  1.00000000000000000
  0.05696391581097393  0.05845255908167279  0.06050331176178261  0.06304784080478421
  0.06606570009130415  0.06993243063796396  0.07393678837755624  0.07784386144078254
  0.08181406047949592  0.08584547090186734  0.08994469554238380  0.09409516753477488
  0.09836904935691297  0.10274064704336293  0.10716275799614862  0.11160932754117248
  0.11618445221054134  0.12086317077757348  0.12556219717960454  0.13049994584860553
  0.13574193982139476  0.14179655008329645  0.14647451211933443  0.14873868416159150
  0.14961981133347765  0.15087210788021677  0.15201402440337258  0.15391361604677847
  0.15638699754357074  0.15871503978376936  0.16107661320409947  0.16345778254381318
  0.16584529842790649  0.16822294684245889  0.17061486381703592  0.17302165814976150
  0.17543697171435541  0.17782785468203591  0.18021966594378128  0.18264238499565863
  0.18511664305354195  0.18763278535113473  0.19017404551074873  0.19274873816447571
  0.19534036274148489  0.19795247121606216  0.20059854680496184  0.20325290496078732
  0.20593568314143304  0.20868590400745410  0.21144495002519978  0.21419928468529431
  0.21696394946936517  0.21980594843143383  0.22271633783027586  0.22566018812046001
  0.22862927238195346  0.23164061976646169  0.23473972335079463  0.23790822494752792
  0.24114010614253162  0.24438931387299956  0.24767491075741485  0.25103176350756207
  0.25447917731303776  0.25798904774268583  0.26155484627154368  0.26518783249988953
  0.26889295964450327  0.27267013788215405  0.27650101561375784  0.28037911867395837
  0.28433203648087707  0.28843868278308299  0.29265942560887731  0.29707116676362538
  0.30170167627429484  0.30647701827780216  0.31135978854625235  0.31638471164855092
  0.32164973742604880  0.32724766005679612  0.33325493207020851  0.33972869111138571
  0.34666783036570481  0.35427905101987056  0.36262310485615934  0.37199269358311976
  0.38258099251962152  0.39485249776055681  0.41006848367318444  0.42888464418892397
  0.45551639487069345  0.49872300245912721  0.58609105815886409  1.00000000000000000
 -0.00267148628454063  0.01130840204363679  0.02261263789087786  0.03348676099244189
  0.04455828831448540  0.05674643512478578  0.06882330012703480  0.08081561771844005
  0.09147631947644594  0.10234913049240031  0.11260875053960924  0.12314032581377694
  0.13371660924704235  0.14401914704067764  0.15419294440996964  0.16436938712962132
  0.17457621914236029  0.18501584211679320  0.19526230280178591  0.20540414899996642
  0.21558426743936843  0.22614768800659724  0.23732209213897329  0.24892764300776521
  0.25945745647601731  0.26943864040522447  0.27914379959942714  0.28878578323270815
  0.29808745323891611  0.30750793947032462  0.31744957267567403  0.32724333141361595
  0.33638523164697626  0.34541465928519643  0.35463981146647444  0.36401630006522512
  0.37346312994147224  0.38391398072558741  0.39530378488285917  0.40689481666159311
  0.41838395152608432  0.42944178374006736  0.44038057287629739  0.45137072750465462
  0.46233931663597061  0.47342960917482019  0.48394038213476698  0.49421941573023198
  0.50430685101284323  0.51460126659844163  0.52481461391000928  0.53498171490519164
  0.54538761901398158  0.55613995033652497  0.56699957316496941  0.57781182072160675
  0.58853979216556085  0.59952077063822717  0.61062128748032451  0.62161456394425696
  0.63272375387094271  0.64401354318051141  0.65540369475267735  0.66654048489200379
  0.67689459555464460  0.68665792378140900  0.69617353289951645  0.70552331213361918
  0.71476491748071946  0.72362067790122842  0.73267997279481889  0.74208852119623980
  0.75189600909116183  0.76198303832208014  0.77179294053011804  0.78138844623542969
  0.79096677771307411  0.80044655529350739  0.81008940620285097  0.82001216107142616
  0.82988548664148987  0.84051913951671742  0.85087720880728901  0.86176311819886176
  0.87307327509001642  0.88492607869839812  0.89660332732236347  0.90740857006631992
  0.91797189482418784  0.92830378688588300  0.93853472486713607  0.94883338599021272
  0.95979515114147218  0.97301965019882264  0.98658461590064495  1.00000000000000000
 -0.00243000905128187  0.00983370315529139  0.01993272369882143  0.03068335971416000
  0.04157331442763276  0.05145525368948737  0.06121074177927613  0.07191372054879748
  0.08293790222040469  0.09402336461612154  0.10498588301444159  0.11492877773405699
  0.12476360320467395  0.13458615143417921  0.14445330668391418  0.15469362000320025
  0.16509889749624207  0.17667011657608953  0.18849332653705037  0.19988463145837909
  0.21127568829065710  0.22277225688343294  0.23479072345276908  0.24647467494295466
  0.25755774318168045  0.26835738464495612  0.27932351271766553  0.29084879998926289
  0.30278320210576520  0.31433080130820412  0.32498274037002167  0.33544028908651502
  0.34597357030775927  0.35628639527194922  0.36642587562596945  0.37653331031203524
  0.38694897831979774  0.39745977800202859  0.40821224095368341  0.41891457953824651
  0.42909801133526104  0.43933678731248321  0.44988935289205451  0.46052345671102901
  0.47080018596894468  0.48139407440477294  0.49229964814909827  0.50285827116574977
  0.51292160142493148  0.52303849988012041  0.53343781359219844  0.54354497165977944
  0.55338540612819609  0.56328542747832977  0.57388879920105729  0.58406959205472608
  0.59423135806918848  0.60429057523082330  0.61480297152548624  0.62544664036913344
  0.63563940348818193  0.64591351493828608  0.65558224665945164  0.66499037843599385
  0.67510021878864435  0.68538200125398463  0.69627014393043807  0.70729700818892649
  0.71899817157573587  0.73052128095250057  0.74070974361699726  0.75097036641076031
  0.76057450790964176  0.76990841724483017  0.77939643416561344  0.78886860224887201
  0.79879112577736078  0.80898415282869274  0.81966336479484359  0.83069673721998716
  0.84145809512472558  0.85180543455632907  0.86169890886163292  0.87167265641406533
  0.88182092931433476  0.89256585089946150  0.90268133641089732  0.91306116688009642
  0.92437698884621855  0.93641489307760439  0.94803153874113044  0.95894587520788421
  0.96911612942160685  0.97928794363920468  0.98966109722297702  1.00000000000000000
 -0.00241923732101517  0.01050886102801192  0.02072665086411605  0.03214188381062309
  0.04397607674889283  0.05604517105359137  0.06780431810679327  0.07968454118757691
  0.09153710108064009  0.10316099966090329  0.11417184300993882  0.12482845939175127
  0.13573052009789580  0.14637858493034858  0.15619574154798790  0.16551615728141644
  0.17483860825787984  0.18414465065092658  0.19361377134366348  0.20351872769912457
  0.21424870967964840  0.22559520984174938  0.23663080925011121  0.24714756850918271
  0.25677959726578731  0.26582739926813254  0.27500044856543343  0.28445053560488176
  0.29416495233489126  0.30385815040533232  0.31355490353546700  0.32331637915312450
  0.33289707933372947  0.34226325067353730  0.35178801728693943  0.36187630712840696
  0.37202651512195939  0.38126792759705852  0.38984551136381157  0.39860050225384658
  0.40803676841841335  0.41798869992244159  0.42808353158666534  0.43825209339806925
  0.44885093509575019  0.45932910225840878  0.46902183925707008  0.47814890713823377
  0.48682284947966736  0.49533602025203466  0.50425331430484366  0.51329688380967875
  0.52264471541383573  0.53221319364515252  0.54140230541870027  0.54981447941509753
  0.55805575807167496  0.56676969200067029  0.57580645069563563  0.58511455198584006
  0.59409257801981308  0.60270778609787856  0.61316526046501862  0.62428045575648716
  0.63539915556454674  0.64661001219003567  0.65782222666753409  0.66887074906588717
  0.67970907890561316  0.69077024872809045  0.70241266128380542  0.71444856120171374
  0.72667916987253312  0.73912790159022823  0.75161651155594600  0.76400492348514937
  0.77614752523646591  0.78769294086406494  0.79894284406770910  0.81021768387866100
  0.82097366617409417  0.83206404771724407  0.84272233740655222  0.85382370122018514
  0.86496830850877826  0.87597140657222039  0.88718371241372029  0.89864590769400621
  0.91127461361751261  0.92444751357115551  0.93785259059536175  0.95152368994641734
  0.96403149178579151  0.97651138193088127  0.98833706219934869  1.00000000000000000
 -0.00220016872905671  0.00895585538225135  0.01882902942664510  0.02887841363596762
  0.03901135940297312  0.04939060557489798  0.05968972006334043  0.06990250251608099
  0.07973985638434222  0.08964095925407482  0.09986598557483223  0.11090937056401295
  0.12237382949564535  0.13350134098869978  0.14423792432585913  0.15531568437795781
  0.16635309200422427  0.17757844307078305  0.18857456568494615  0.19928331192419249
  0.20988299364179477  0.22056173799059567  0.23109356738778181  0.24108448846480168
  0.25134648184780684  0.26168566757362371  0.27156745788050929  0.28089660640196484
  0.29022615540387042  0.29939881000007190  0.30874975819175138  0.31756726307499661
  0.32622743337394061  0.33496875758181938  0.34480024926643144  0.35462016927097600
  0.36481333986592351  0.37522859763835531  0.38608380923668562  0.39688781385453481
  0.40719314756610220  0.41763459563091138  0.42804319940930380  0.43797331007745954
  0.44806036549511413  0.45871225246688396  0.47115301548075089  0.48300546026571994
  0.49290959111997495  0.50282365529370687  0.51194773477735256  0.52146673767022955
  0.53096323515155031  0.54098553561656570  0.55124219223787940  0.56145651967004562
  0.57201764748153072  0.58299546011142422  0.59450486412248993  0.60638805668491091
  0.61859314169656210  0.63088749294444735  0.64298658154781951  0.65483046847858517
  0.66674903729462986  0.67823441044502730  0.68997297866159979  0.70138351923705466
  0.71293054035382786  0.72290658138243802  0.73367513230137782  0.74438850882418672
  0.75554358170163438  0.76651227433968216  0.77766901811424283  0.78928508211102255
  0.80015492967145707  0.81084558980877730  0.82055422228525232  0.83013484821198968
  0.83929325640190178  0.84850047530869666  0.85754203878661950  0.86657258894598332
  0.87593443365315693  0.88619078262009887  0.89710861522139185  0.90805529575644417
  0.91895244067623405  0.93021609441537945  0.94198294520475379  0.95384341556443419
  0.96558989519411498  0.97728755758595809  0.98836729853521177  1.00000000000000000
 -0.00295042837041610  0.01100385647240335  0.02223579964479935  0.03206470466687147
  0.04182894511160015  0.05120487870956268  0.06064872069048182  0.06994202725686344
  0.07895846457968997  0.08828275561005759  0.09825324801941235  0.10845906498094687
  0.11833488001694004  0.12787480997121439  0.13708200596046641  0.14667901508106501
  0.15655696231894703  0.16642708256738956  0.17645869232123695  0.18679402235288423
  0.19718651783545482  0.20781107490552364  0.21870126823896391  0.22946922488351656
  0.24017372175344770  0.25116458847997603  0.26295127463386930  0.27448466625012546
  0.28528374953775554  0.29574726697675008  0.30654695717048275  0.31737537848737352
  0.32788140977585439  0.33848967923684614  0.34926487567146253  0.36018213196811694
  0.37069709444993693  0.38196123796032289  0.39380561015012572  0.40570911993137487
  0.41719338426459252  0.42740420398289208  0.43774314148650811  0.44814953690372267
  0.45900580720694073  0.46933224961635656  0.48042617651750957  0.49189648580700401
  0.50315572768001549  0.51401126059102509  0.52534460482066170  0.53715023204654089
  0.54866774890217185  0.56022098258311859  0.57114822515543606  0.58189455410036472
  0.59243380024027970  0.60234231277374650  0.61264028137067728  0.62324317957782027
  0.63566000799365618  0.64776327068293027  0.65887722054906495  0.66958308442150394
  0.67984643830752611  0.68969683801114823  0.69940581889030806  0.70932364784208413
  0.71917168447098334  0.72864894882655040  0.73790097555576784  0.74735185800734549
  0.75683171946336913  0.76650800782411455  0.77627733647125452  0.78605197191093357
  0.79584687099339324  0.80558960616319486  0.81570469140326085  0.82650979094075794
  0.83738026460432569  0.84748649655692088  0.85721796068044032  0.86724163655586961
  0.87741269001620659  0.88747789544284972  0.89730891664918844  0.90746386675606361
  0.91805987490847241  0.92900489767617100  0.94010971180265046  0.95111925584911661
  0.96227858186907556  0.97439749952781740  0.98696904154367759  1.00000000000000000
   2.1886605293706186E-008  -1.0000000000000000     
 F F F F F F F F F F F F F F F F F F F F F F F F F F F F F F F F F F F F F F F F F F F F F F F F F F F F F F F F F F F F F F F F F F F F F F F F F F F F F F F F F F F F F F F F F F F F F F F F F F F F F F F F F F F F F F F F F F F F F F F F F F F F F F F F
  <DiscreteSampler_grid>
  grouped_processes
  1 # 1 for a reference and 2 for a running grid.
  10 # Attribute 'min_bin_probing_points' of the grid.
  1 # Attribute 'grid_mode' of the grid. 1=='default',2=='initialization'
  0.0000000000000000 # Attribute 'small_contrib_threshold' of the grid.
  0.5000000000000000 # Attribute 'damping_power' of the grid.
 # binID   n_entries weight   weight_sqr   abs_weight
    10   10   2.895646620761812E+004   3.836746841636028E+009   2.895646620761812E+004
    16   10   2.895646620761811E+004   3.836746841636027E+009   2.895646620761811E+004
  </DiscreteSampler_grid>
