  0.00884667831882623  0.01702618166871542  0.02781224936296321  0.03944080887565078
  0.05064560849429972  0.06238471818968024  0.07267744662424193  0.08319704175722027
  0.09339841798109835  0.10327562910768397  0.11273500562680826  0.12196170800992193
  0.13252518708603173  0.14365905021303957  0.15478608525158999  0.16612431715292555
  0.17751583218616152  0.18910466947051580  0.20084457578388593  0.21266364629628878
  0.22430889060224909  0.23547451691223881  0.24618164044970403  0.25672812279130475
  0.26731289600481206  0.27796334188720107  0.28879767804696982  0.29969133338350551
  0.31033753116304030  0.32079679297057700  0.33134280900795765  0.34196751308525175
  0.35254562978562132  0.36272022651488262  0.37233992613138378  0.38121259450659711
  0.38961856044154741  0.39807879563954196  0.40649026767183188  0.41466932122961203
  0.42337272745738630  0.43222773404092674  0.44169941058501250  0.45218202268585345
  0.46213683244981790  0.47241169877968814  0.48281101386030706  0.49420382910859584
  0.50570466155717697  0.51620882487019615  0.52615948699972004  0.53601640302109210
  0.54610317633127581  0.55631594152435704  0.56716567972321275  0.57918472095508466
  0.59113887467098702  0.60291117846872755  0.61440540771149965  0.62575771052264939
  0.63703784413233722  0.64804355911656975  0.65912031872059484  0.67030405325199793
  0.68179559228575981  0.69279572526453170  0.70312508363773485  0.71327484553678211
  0.72348327039030402  0.73314466197814432  0.74245670610033776  0.75195882369593381
  0.76211274774930859  0.77215577577807815  0.78157567663899630  0.79094983422807075
  0.80009328180137806  0.80942309898064146  0.81852018881670396  0.82795590159608923
  0.83722991962974436  0.84783734232661367  0.85840448676038694  0.86931405487844371
  0.88035286443207850  0.89138401849376880  0.90195074382218099  0.91176251689559007
  0.92149930814225678  0.93141897458636302  0.94206971553040908  0.95259839908793142
  0.96338762979270820  0.97507461474838042  0.98733732743908642  1.00000000000000000
  0.00910285649872004  0.01652848260304050  0.02586737539060653  0.03709606161862678
  0.04773912494344919  0.05876725339693967  0.06849182741703275  0.07806147132280046
  0.08791662391734634  0.09779494848754199  0.10775250398290909  0.11740161881918738
  0.12680132096301397  0.13604220558024560  0.14492188821262864  0.15444994306674217
  0.16458744239543899  0.17485601357621497  0.18521616232091295  0.19590318063740306
  0.20692666349942326  0.21777139984194394  0.22907523850659667  0.24094049126334119
  0.25251240367941491  0.26222625991076098  0.27228315038823830  0.28192559337573997
  0.29150333320627719  0.30106375003581026  0.31057498304933195  0.32051811861007273
  0.33076715183112476  0.34137309234355084  0.35235265318713871  0.36317958769432218
  0.37409392409713188  0.38581440308420412  0.39781668425536898  0.40973138628634981
  0.42080782134299055  0.43123785535722026  0.44123628942723347  0.45085682455050768
  0.46059476759136325  0.46982356959895194  0.47919994801576993  0.48842104681237963
  0.49745572968585633  0.50668924610656463  0.51655490193200815  0.52660234796464822
  0.53650191592638641  0.54668090550051673  0.55749814334797443  0.56876562015242038
  0.57974361801306196  0.59020115075571711  0.60038503098639584  0.61027058022616720
  0.62034599662518575  0.63043784865231256  0.64035072155894046  0.65031637158138866
  0.66009279050961855  0.67056100459271617  0.68124005430720014  0.69226321651833034
  0.70366932449521902  0.71500741192577322  0.72653117658986488  0.73848806372519205
  0.75027793724004332  0.76163274721343766  0.77240448369045667  0.78268848022905413
  0.79304012505464394  0.80350094888274481  0.81418364429259260  0.82539246496988050
  0.83687578166141774  0.84838237450338227  0.85944119724743084  0.87016761661537534
  0.88059230172679126  0.89068918760999949  0.90072773358409131  0.91080012445594161
  0.92101128866206883  0.93142472677697763  0.94227642020516622  0.95410464547658591
  0.96588072041779804  0.97751108358183592  0.98885764599880965  1.00000000000000000
  0.05696403373845404  0.05897119249736593  0.06135055316591665  0.06403586766502038
  0.06696870158646435  0.07044199175621541  0.07419829287169266  0.07788843020742041
  0.08165446069477746  0.08549952219436882  0.08942639761512577  0.09334970001322339
  0.09724841064406962  0.10135419454345969  0.10554303076833019  0.10976285953225487
  0.11417753307079397  0.11872199571474533  0.12331575589172070  0.12806805381963460
  0.13295136992106271  0.13849775127883054  0.14322954881474084  0.14686131520423901
  0.14890817929776290  0.14993649913201471  0.15117946572126165  0.15234940047673873
  0.15465138241281687  0.15707149364855455  0.15944041704505596  0.16181517240365345
  0.16423062340529640  0.16669271466723867  0.16915200905222316  0.17158878984150899
  0.17400843893734988  0.17642989184767030  0.17886299927125990  0.18130577155697461
  0.18379762763034066  0.18633538080403153  0.18887397819214818  0.19139965241194368
  0.19392092039262696  0.19652045985511482  0.19918146389758978  0.20189975589203671
  0.20462552774387724  0.20736939470887561  0.21011305714211070  0.21292062838506254
  0.21578679236153545  0.21866735992867201  0.22155714673935842  0.22450384757585662
  0.22753257045369610  0.23062749469972993  0.23376767133981480  0.23695813363827253
  0.24018473986852162  0.24343955002621048  0.24673582703382210  0.25010700857292584
  0.25355034123111286  0.25702044892839276  0.26052416098198145  0.26407348380594414
  0.26769589131369748  0.27142787615464370  0.27528909467289131  0.27924315828826213
  0.28327902022450829  0.28740666421591776  0.29166713026353275  0.29605677196167746
  0.30058100390806231  0.30525871701384460  0.31019338380165873  0.31542470389683352
  0.32088610697379072  0.32654519117113218  0.33252687184050411  0.33890181434442784
  0.34576328101029746  0.35330349797631627  0.36160528867433217  0.37080087786296395
  0.38129684037947159  0.39355914094770827  0.40842958807219482  0.42707160986356613
  0.45321431827547570  0.49518050594846685  0.58262547987822144  1.00000000000000000
 -0.00292732926168908  0.01166532855264600  0.02375364777359419  0.03640123694616881
  0.04915571199283805  0.06193488064223397  0.07426909116488636  0.08627716888134861
  0.09658417031701767  0.10729157534853649  0.11823375669099141  0.12970344339431325
  0.14148668097867440  0.15332259387841204  0.16499423702824503  0.17611644503421947
  0.18700288425527573  0.19759304130542563  0.20825394640791978  0.21987533011529539
  0.23161799970966346  0.24325509863073289  0.25477376278220665  0.26584917860474611
  0.27655459622927397  0.28659916995917639  0.29595586736685686  0.30477848926103546
  0.31349521658099655  0.32219984703002391  0.33081590336984529  0.33944732164187402
  0.34778947231061536  0.35702285223687913  0.36649070700314845  0.37645659403384379
  0.38661350685321599  0.39656944350918560  0.40611885887710097  0.41560967483684547
  0.42531398353726296  0.43520992167398170  0.44489077956986822  0.45464140006497922
  0.46491235648870394  0.47582376369402241  0.48616405127593987  0.49580118618247626
  0.50557917153497645  0.51546340121260392  0.52572766604931598  0.53629469094826776
  0.54707052696998948  0.55752717090853920  0.56781532795447431  0.57818780600668995
  0.58849244387894561  0.59881737791623912  0.60918196191012119  0.61973498903575097
  0.63009159121440483  0.64031301113732686  0.65041564880814529  0.66011381043102524
  0.66929276901952051  0.67818228432983862  0.68736349229766414  0.69628803380688564
  0.70473177707855117  0.71320945451611284  0.72190573783679868  0.73108749991946664
  0.74101862000739016  0.75159216259234340  0.76307591385548101  0.77458318882646016
  0.78589251426390128  0.79682939442197087  0.80756582065288340  0.81840456151630814
  0.82897710757789844  0.83907540400296254  0.84900762672415708  0.85958590027371351
  0.87087938121767672  0.88230334769966234  0.89388863919708861  0.90632099122418008
  0.91848427017353484  0.92949857404064362  0.94039161031613361  0.95143768131068507
  0.96253843050099941  0.97335983148822613  0.98583123905333059  1.00000000000000000
 -0.00286450216215904  0.01108254294563114  0.02201866104726810  0.03200179623829337
  0.04164977184104687  0.05159070781490922  0.06165941861260934  0.07160901517024802
  0.08149477651905072  0.09272006979225499  0.10412130759011386  0.11473518769437954
  0.12510464257686893  0.13565226425847657  0.14626409005923954  0.15687885956334355
  0.16806525177796652  0.17774705623718395  0.18728410841490567  0.19687068162038368
  0.20705925237750966  0.21682960736563936  0.22667879302592109  0.23632934288057381
  0.24634998132585098  0.25633136436133019  0.26651381923354550  0.27697575735871011
  0.28798465015694563  0.29979548273385032  0.31186997650203246  0.32292469511116800
  0.33330242639423852  0.34383947693114342  0.35466996437988568  0.36520432452086149
  0.37565004069989483  0.38653688641315398  0.39789052104532979  0.40921388220253069
  0.41991193213995187  0.42991456392358490  0.43972563115460700  0.44990890698930891
  0.46050863153197824  0.47110904057606517  0.48192448219901030  0.49317613149449813
  0.50464456193759588  0.51613538455850627  0.52782296005674212  0.53905018126923576
  0.55016571320889474  0.56110886130207294  0.57246655878845221  0.58377068480972927
  0.59435977581249910  0.60473845418538241  0.61444861403167306  0.62478723241344769
  0.63541410761605543  0.64599021389265332  0.65681053547695090  0.66787283340940118
  0.67899431529532239  0.68970058286817582  0.70022399339537911  0.71018941707896022
  0.71993788674165526  0.72942465123446343  0.73903830087542632  0.74888169698235441
  0.75883681781271739  0.76909467147161248  0.78020120195864706  0.79122740684675918
  0.80165405491259645  0.81185311545571248  0.82140358555441351  0.83123267783119814
  0.84115310488429262  0.85101224732669889  0.86081080853546865  0.87073088395788822
  0.88188462193697348  0.89377515654618367  0.90573625955279680  0.91752592746912542
  0.92958798909166251  0.94111252215890961  0.95180060998883986  0.96174745491200475
  0.97104450197030234  0.98023392261109532  0.98975733550711731  1.00000000000000000
 -0.00240570832958028  0.01063733721093493  0.02169710000240453  0.03306443633418130
  0.04492381349235015  0.05647159706935223  0.06805709777280787  0.08032698933070681
  0.09252982446239690  0.10497028035044920  0.11762565756277253  0.12956529365365929
  0.14132477055018941  0.15269291360399898  0.16414981095499406  0.17503097237642931
  0.18607791658695108  0.19747389811882637  0.20914788942739626  0.22110019654703600
  0.23260003077688146  0.24385186711110693  0.25508409857719783  0.26623889475456086
  0.27688899134227940  0.28733141443998378  0.29804856677299285  0.30930150862151645
  0.32077223278373351  0.33207715227574830  0.34321125079654108  0.35388436540931867
  0.36382470778263815  0.37354570258404024  0.38284594612085071  0.39186964503341687
  0.40095775928236216  0.40990328867841508  0.41877451247101954  0.42824222897880471
  0.43803515425541451  0.44803097178363693  0.45800265003695778  0.46812800010399314
  0.47887409425504718  0.48969646276871071  0.50015085797911907  0.51051306580078981
  0.52044729835030767  0.53013233997616371  0.53994868607597213  0.54920716999315400
  0.55795155148622277  0.56658248510736597  0.57523252912455403  0.58430174099395682
  0.59436608550770920  0.60495195713016303  0.61611286894515305  0.62775810019273715
  0.63928908283160879  0.64985866637838363  0.65986836650209491  0.67004306417754878
  0.67996063304069820  0.68955239254851874  0.69909511497218801  0.70881549438859948
  0.71876286000365663  0.72861926255655296  0.73881913087677575  0.74913559899244098
  0.76000914497388539  0.77063993850260060  0.78078499016219882  0.79041996912294199
  0.80014555900405093  0.81003825084654701  0.81959592570558637  0.82930033329134667
  0.83859753403974613  0.84813450133964918  0.85803738098555882  0.86756648522506641
  0.87684812237095966  0.88633897951147556  0.89615152398585385  0.90652477495033545
  0.91760952517275296  0.92854866070285125  0.93927541604081810  0.94994854460818079
  0.96154937734935797  0.97463693167655918  0.98739372962096039  1.00000000000000000
 -0.00296764068517056  0.01084325975238797  0.02229024173606119  0.03354237535657403
  0.04493494851314228  0.05653225587654128  0.06741820742003579  0.07745502854850161
  0.08737389714413635  0.09723529883082600  0.10701184770728056  0.11676207971019160
  0.12691396049019163  0.13787516892446705  0.14909566164203072  0.16013889295594638
  0.17119400051520400  0.18220903109167880  0.19333188977690244  0.20450139113332788
  0.21554220716085162  0.22694196212269543  0.23895807966535143  0.25102774261242705
  0.26244715798218682  0.27327723065827575  0.28394094403041414  0.29431434814026330
  0.30433355266407058  0.31421035190002161  0.32430963047439848  0.33460401738619122
  0.34489476635225380  0.35519513877294639  0.36531161868726281  0.37549086111714919
  0.38629465334942659  0.39713651143652712  0.40771473732908564  0.41790929845846880
  0.42773789527703254  0.43769490020746726  0.44743516176845299  0.45712902607839540
  0.46705250761013312  0.47711368170030427  0.48742564589317883  0.49756894315716044
  0.50775471984019982  0.51764113315591465  0.52771081111290674  0.53758276808781158
  0.54785066136564442  0.55776682153296508  0.56808310012090457  0.57905054124520461
  0.58982348670222384  0.59982701354036461  0.60968072101113335  0.61928436521363173
  0.62952762149492991  0.64001633229469124  0.65080533232461646  0.66122175153265073
  0.67176814942828167  0.68195962925346376  0.69219639548545309  0.70245127001090613
  0.71317023278827341  0.72401603889438182  0.73516466340280617  0.74631064148817794
  0.75696588804162845  0.76719712102724735  0.77757477539104580  0.78827058561518981
  0.79910846930897228  0.80989217060202057  0.82099820683156344  0.83171140125840570
  0.84268995094060750  0.85368024976615353  0.86520420255806729  0.87716556404231460
  0.88909184661823260  0.90140787540382539  0.91330451130852819  0.92402684441282901
  0.93412232552506680  0.94380892421299145  0.95299280309141110  0.96194300666040689
  0.97069761348252759  0.97960573192353473  0.98996187250707279  1.00000000000000000
 -0.00276133053664031  0.00953929023887801  0.02109908587175557  0.03305038284718054
  0.04552667421221250  0.05761953125470475  0.06952743775262106  0.08142483399088771
  0.09329329047305804  0.10473944178198369  0.11553739621056079  0.12588528580208985
  0.13572599666324175  0.14530558854342024  0.15466141751506376  0.16393577748948532
  0.17309443421673221  0.18207919545017240  0.19146089160657606  0.20176781390019616
  0.21233903031743379  0.22373295203824134  0.23492579551333675  0.24604393089324908
  0.25721902424693777  0.26845320025158115  0.27944379743716530  0.29043943378731601
  0.30203889272598966  0.31361386533313512  0.32539186107580181  0.33692259754698095
  0.34824806923114943  0.35934032162818502  0.37058092223661115  0.38100099562445072
  0.39089127685106895  0.40058181409918492  0.41049462310409784  0.42073402515506092
  0.43169054279250596  0.44250691521399105  0.45268016781797282  0.46246484883805161
  0.47245422497990636  0.48302135486509296  0.49374755718666941  0.50418985467175859
  0.51426950335555122  0.52411780258159746  0.53362783702546535  0.54343496072527298
  0.55347133199401100  0.56383442156298036  0.57503482532978956  0.58557329476796705
  0.59608266629046758  0.60655714841221786  0.61673175685625603  0.62670154609158080
  0.63680630121438619  0.64688642541917274  0.65704414790179022  0.66719148493338520
  0.67789619797072831  0.68879288346991463  0.69963620499077905  0.71014229666157880
  0.72003168554152408  0.72990780038377745  0.74014019660777297  0.75068544415244898
  0.76063406722261095  0.77052000987770652  0.78009618412383164  0.78972967198589927
  0.79914879427535257  0.80860523961857722  0.81828768539000618  0.82788792685552759
  0.83767425346889690  0.84787393080688100  0.85841573404697646  0.86897192335756135
  0.87978733364451434  0.89105494683776065  0.90264945927829299  0.91410218040457902
  0.92495347816226947  0.93526554885913549  0.94582033411027655  0.95650667876853723
  0.96724378975815328  0.97749206570103131  0.98880293817329323  1.00000000000000000
   2.1800193231313010E-008  -1.0000000000000000     
 F F F F F F F F F F F F F F F F F F F F F F F F F F F F F F F F F F F F F F F F F F F F F F F F F F F F F F F F F F F F F F F F F F F F F F F F F F F F F F F F F F F F F F F F F F F F F F F F F F F F F F F F F F F F F F F F F F F F F F F F F F F F F F F F
  <DiscreteSampler_grid>
  grouped_processes
  1 # 1 for a reference and 2 for a running grid.
  10 # Attribute 'min_bin_probing_points' of the grid.
  1 # Attribute 'grid_mode' of the grid. 1=='default',2=='initialization'
  0.0000000000000000 # Attribute 'small_contrib_threshold' of the grid.
  0.5000000000000000 # Attribute 'damping_power' of the grid.
 # binID   n_entries weight   weight_sqr   abs_weight
    10   10   2.792641509057367E+004   2.589309379419700E+009   2.792641509057367E+004
    16   10   2.792641509057368E+004   2.589309379419700E+009   2.792641509057368E+004
  </DiscreteSampler_grid>
