  0.00935882443453122  0.01517005586915662  0.02412033178631912  0.03523091240223767
  0.04601695313823911  0.05696537219056805  0.06738070107136991  0.07709325233073884
  0.08702352502294260  0.09713184771296643  0.10682947800888236  0.11606265491778817
  0.12546530061428451  0.13604708392006182  0.14691101052411834  0.15715396350298788
  0.16728129652990928  0.17785625896878143  0.18864399659945721  0.20011369735806467
  0.21182167276363764  0.22211682771839386  0.23233523381576771  0.24238418255228303
  0.25295565805951054  0.26284503427628203  0.27293990355066611  0.28376996606546123
  0.29458393683507622  0.30566731893280996  0.31712221787747019  0.32926117148556627
  0.34121645299659092  0.35281744211021776  0.36421601874368464  0.37544694854083410
  0.38588525119956152  0.39617340145280289  0.40650213423370918  0.41720572585496229
  0.42812488290236300  0.43914992101888362  0.45053223208205218  0.46236890234829603
  0.47442364780059421  0.48503668030300601  0.49470282237626872  0.50442685794192210
  0.51377579663145612  0.52315302177828071  0.53231723217381777  0.54243823240270073
  0.55392736926041408  0.56569185133575151  0.57721018257118106  0.58876932703145424
  0.60018262451898263  0.61122716435545954  0.62178346652722571  0.63251593937134343
  0.64352332102286702  0.65436710212171545  0.66532348299315680  0.67633648309311711
  0.68732819342122875  0.69836426330880974  0.70922191962568015  0.71978077269181240
  0.73020208213037552  0.74035281973738964  0.75040356836364086  0.76003114508362235
  0.76931839661560120  0.77866629884421967  0.78836033521285998  0.79889311142825536
  0.80981449151699103  0.82087436538522507  0.83199591286958230  0.84267887121168927
  0.85294906187080988  0.86337140490722664  0.87404356297218577  0.88406836300735570
  0.89405266613638790  0.90446256602814812  0.91497216449100538  0.92495111143419906
  0.93450315163993458  0.94420839782162713  0.95419870345180591  0.96367368494619166
  0.97309602506085335  0.98266118690295501  0.99115590801363340  1.00000000000000000
  0.00907395321514657  0.01676563829300138  0.02696184061882304  0.03751627377406520
  0.04781959520154135  0.05840875951708203  0.06884798186506820  0.07943032151043385
  0.09031785470326997  0.10258894714439939  0.11268290868019773  0.12302107291838643
  0.13274898884721512  0.14244399788113907  0.15197343605640692  0.16160459952847125
  0.17126422082568468  0.18132551247679601  0.19177885291659080  0.20283290175488050
  0.21333762947117660  0.22339471784087739  0.23306660754240011  0.24207596748894122
  0.25113730695443570  0.26031147714672137  0.26977291921466084  0.27914131608350295
  0.28852877890774153  0.29824176073666997  0.30846284748496333  0.31872804715161163
  0.32897811542366867  0.33932697734841921  0.34989652936226689  0.36079409042234017
  0.37193713916890120  0.38277630604044321  0.39341695543323746  0.40437106599322936
  0.41510202281713421  0.42545147650096471  0.43529780586316585  0.44502975250825205
  0.45474736791347808  0.46417416844302023  0.47342551268905680  0.48306620674444023
  0.49279958257472001  0.50238502396694129  0.51198003686591120  0.52191882433418024
  0.53260490090915658  0.54366531571008980  0.55476665143317883  0.56579737372931427
  0.57677807077919363  0.58792129852090924  0.59924460869365825  0.61065399834174827
  0.62197903931150866  0.63284459832405615  0.64280592774310363  0.65252636402385511
  0.66227577173124585  0.67263360643958392  0.68299777281667962  0.69358546260418963
  0.70419259028795256  0.71547997537748564  0.72680475169747316  0.73795236981536738
  0.74897667770703491  0.76022605078965633  0.77197096091261286  0.78370484430575327
  0.79446212088712675  0.80394610872426087  0.81289222694849705  0.82208608998663768
  0.83160869274672911  0.84112884148229727  0.85079215466058189  0.86114917876455033
  0.87193595309219996  0.88243455642425617  0.89296606461178540  0.90422727969134564
  0.91616847383777256  0.92827234601224629  0.94004215493426235  0.95113628390967053
  0.96166334160343425  0.97199429882140487  0.98182414762633607  1.00000000000000000
  0.05755813475765243  0.05890267284114915  0.06087990172431758  0.06330985135006074
  0.06602228518673157  0.06960809959933857  0.07341419749810357  0.07710692882260003
  0.08090218498733401  0.08478049561302381  0.08884373490928071  0.09293081968423192
  0.09703651159810861  0.10132655470148269  0.10568083522134962  0.11003696863779032
  0.11452142021880385  0.11909880649891198  0.12382256313711718  0.12865089093743909
  0.13358984381921529  0.13927008217833012  0.14446521299745030  0.14836517478258540
  0.14903587132169085  0.15024915679462744  0.15145510514083826  0.15294684099050171
  0.15528007573647357  0.15770504192332094  0.16007544701908910  0.16246069338207317
  0.16485171313017671  0.16723675879374453  0.16962253171084721  0.17199116602353617
  0.17439214369793837  0.17680763402592492  0.17924972306129000  0.18170334932788890
  0.18417803673266361  0.18670688247741402  0.18926826281958523  0.19185016541643254
  0.19443272737934184  0.19700560612615622  0.19960364976586700  0.20223199114957652
  0.20493132734148675  0.20768056896170334  0.21048827333553807  0.21333044351431060
  0.21621490088525214  0.21914521875904469  0.22208438671524056  0.22509534690899144
  0.22816643024236252  0.23127339557772353  0.23438220553969777  0.23749387786002510
  0.24062734520549484  0.24381288176421828  0.24703854221898081  0.25031373092370263
  0.25368055081968399  0.25713339667037916  0.26066252197203349  0.26426064368811536
  0.26793476606387190  0.27168299273581786  0.27550545631822371  0.27943888949364115
  0.28345506118855457  0.28764647384425357  0.29192382128681887  0.29636169216775676
  0.30096848682429395  0.30576081508095942  0.31068734825722671  0.31584981196787371
  0.32131493090264462  0.32706975099195940  0.33308989265033651  0.33953095186620580
  0.34653053370191184  0.35414640632666544  0.36240990399795836  0.37155785198129637
  0.38200629879550713  0.39421181726492377  0.40906142708433818  0.42745919825957607
  0.45320958828853780  0.49439259068193181  0.58367751127877099  1.00000000000000000
 -0.00310579226858884  0.01187956534502315  0.02416806718129007  0.03600292624747819
  0.04772094853463468  0.05899676564038575  0.07012093801573177  0.08145509633263566
  0.09276025472680918  0.10407103890259199  0.11506437512024864  0.12613547083396873
  0.13714719300793501  0.14838334958083463  0.16027429002996887  0.17239590661627605
  0.18446442700165819  0.19621313728452647  0.20726394216514021  0.21770614663352186
  0.22798846523868149  0.23862407514379780  0.24922074232111696  0.25901309247092441
  0.26875037166055626  0.27872172198503176  0.28866782680667480  0.29853669941255345
  0.30861444497123408  0.31890534040500484  0.32942608778080701  0.33952512240206523
  0.34937301537675880  0.35899932322730899  0.36794125107884573  0.37700416958085564
  0.38605679223721473  0.39499901497705975  0.40392909237100894  0.41309532608109834
  0.42303802795352757  0.43330596209238370  0.44345295769245269  0.45405689704969249
  0.46464958481387997  0.47583478393395900  0.48680806044243513  0.49715848607731261
  0.50797470636050790  0.51803936353704805  0.52784895248376129  0.53691703839540994
  0.54630898241290038  0.55566850773656817  0.56517768856935358  0.57498927415245538
  0.58507218018413110  0.59580379342063838  0.60611736017637408  0.61638313472157691
  0.62681681462911099  0.63757734900399810  0.64832886646256727  0.65902279347666948
  0.66926729684982766  0.67907768560662496  0.68864474311290136  0.69810960651866971
  0.70769689139658076  0.71753625720723269  0.72742125540403524  0.73688604651956191
  0.74619887342969060  0.75564541678921293  0.76517558376246109  0.77449395354317541
  0.78336231980003368  0.79267041820448081  0.80307423663022348  0.81379184581488317
  0.82415338741129007  0.83442666064218973  0.84450302427217028  0.85500837008881581
  0.86579021799113343  0.87649571066264320  0.88707802018394522  0.89796962451342754
  0.90993174097097040  0.92244146169994923  0.93521656906292949  0.94796636420619351
  0.96065430799762308  0.97372863938975363  0.98657762548093630  1.00000000000000000
 -0.00286021107642962  0.01115114046465660  0.02228459383731680  0.03355823173753959
  0.04489180841858659  0.05683652921046106  0.06845661194746579  0.07952688673672367
  0.09047483096836731  0.10109625560542899  0.11116735103862307  0.12124484804361199
  0.13216482617700001  0.14412173089868649  0.15662003955759204  0.16921090591378257
  0.18166130480080636  0.19364211164391726  0.20510382418736028  0.21594076173136395
  0.22650634297531186  0.23712544945121933  0.24750814868367824  0.25796797495938917
  0.26869251165199187  0.28017111623613433  0.29153678245268660  0.30227108344626957
  0.31267238452245188  0.32346470888565010  0.33355428275005417  0.34272787526242343
  0.35185691145139120  0.36156212831464940  0.37185318600919615  0.38164671551396734
  0.39119445757657934  0.40141310001059399  0.41237418535728182  0.42332893791121018
  0.43414374097005287  0.44510652612648338  0.45600658691132184  0.46667786212766121
  0.47734451646688730  0.48870304760304245  0.50027281854055816  0.51177098436540402
  0.52286169022886197  0.53334977232944814  0.54357342280943066  0.55362499574508073
  0.56341459880020839  0.57243647771928419  0.58190014903047893  0.59175850385752782
  0.60156255015031135  0.61111523706926896  0.62046775739241955  0.63014600421482292
  0.64045692350264849  0.65116162640192365  0.66240114889201418  0.67371119134121260
  0.68489518008770778  0.69488033832600526  0.70426070333902679  0.71402434370669132
  0.72390757754710588  0.73312003604992082  0.74164456122093503  0.75004418048087185
  0.75897139239370903  0.76830132805265106  0.77814354392588059  0.78763781216360851
  0.79833632024743162  0.80968257866018944  0.82145229450562962  0.83278475337647062
  0.84294565569257329  0.85245722421554937  0.86215054033880278  0.87194291600933205
  0.88199999292137565  0.89184818867459481  0.90198851246740164  0.91260923718982501
  0.92299221376537599  0.93351888027628016  0.94425873641461067  0.95517992528216145
  0.96664931608349514  0.97788449911452169  0.98901736429661058  1.00000000000000000
 -0.00232193185412649  0.01068584607098346  0.02122994192326074  0.03255559339399147
  0.04369160356753676  0.05577383381353079  0.06806720781104861  0.08062123614845720
  0.09169525486548048  0.10202830343728153  0.11227058357452102  0.12255300291467507
  0.13277735516433203  0.14306030673985290  0.15319683441607301  0.16371250596196374
  0.17419526800231316  0.18426437415103897  0.19428107086547733  0.20447656036588541
  0.21542968889767689  0.22679770497876800  0.23788636457137138  0.24870384012338748
  0.25916338875941503  0.26954199193861206  0.28066256574724091  0.29175102138343778
  0.30260311058039535  0.31334061660864304  0.32465387496944087  0.33570558313631810
  0.34603570481944357  0.35632731236334708  0.36687466958515708  0.37753356917394087
  0.38769052567165152  0.39756899253436845  0.40770838984137769  0.41822931635541788
  0.42908396816773159  0.44011026376075640  0.45119316467890946  0.46160297537316985
  0.47116648952903678  0.48103244577918353  0.49065561884217462  0.50060766814296820
  0.51065673851686721  0.52058133490387870  0.53043420517541873  0.54018180607261634
  0.55012760254085946  0.56037888454650897  0.57087186936566348  0.58145878560120001
  0.59142652265559270  0.60069024494355139  0.60939266702872186  0.61780292428615158
  0.62634571259404170  0.63508241097939477  0.64386350453462082  0.65383129429039100
  0.66380149592718518  0.67394137449233782  0.68416512041994526  0.69430351174863014
  0.70429202073395980  0.71435541617435305  0.72451487553023264  0.73488226212217955
  0.74544998068692991  0.75624903318276371  0.76725946403323264  0.77820039308841538
  0.78892918683970570  0.79953491755656658  0.81010241109038417  0.82088868030366424
  0.83168424632153992  0.84214359781882397  0.85263668006304461  0.86336482145013349
  0.87411135483938696  0.88443225058696051  0.89485424192884289  0.90664590522368815
  0.91894657045388661  0.93079668516722180  0.94280544553040724  0.95507186925430920
  0.96635369384993908  0.97738182245137084  0.98867015489283316  1.00000000000000000
 -0.00272632482658740  0.00979682159388079  0.02054442742363737  0.03048918691775566
  0.04032286538077126  0.05017534132379309  0.06066505075096690  0.07023303704462179
  0.07982402309886218  0.08954366935110628  0.09901618296996807  0.10861072540084907
  0.11769669571467888  0.12700587135002481  0.13648453112723055  0.14608333448093322
  0.15615276464250366  0.16629323719809230  0.17625481393278086  0.18611369424349614
  0.19607581726304740  0.20594151216389131  0.21539919553309919  0.22498704577830034
  0.23505548076906832  0.24539120066993483  0.25613300079407647  0.26729643088215044
  0.27861734308912645  0.28992943205857280  0.30124121062788672  0.31246520938895556
  0.32336525533912114  0.33411714425082822  0.34509792570523828  0.35608989666495983
  0.36666774286651860  0.37728419473421715  0.38835165834376195  0.39953907351538037
  0.41054094343442532  0.42136529373150500  0.43219934178875991  0.44329733737467836
  0.45464057027032656  0.46595450637199165  0.47718932279267701  0.48815238364132307
  0.49881725007148237  0.50950653158565051  0.52016987471564757  0.53234840923669602
  0.54411485993256226  0.55493607177887261  0.56550978366581983  0.57603246614615122
  0.58614558617928592  0.59570744301920087  0.60540358828424268  0.61602688434447983
  0.62645700435300777  0.63655255944741662  0.64643379136900225  0.65706779861928766
  0.66789845621613386  0.67858239594199676  0.68888250139765583  0.69883892094963140
  0.70892201849241898  0.71972924604844313  0.73128956633805164  0.74279224031146296
  0.75377567078531260  0.76376618415510233  0.77409461752444431  0.78422853437791185
  0.79432475357162957  0.80476369008735349  0.81626022239692808  0.82844933112016095
  0.84043888920487209  0.85184806001890412  0.86283316768117890  0.87363816934854965
  0.88437621454787252  0.89482148330493516  0.90515378567085691  0.91574745583710704
  0.92676997301295605  0.93754443885605609  0.94783691679729276  0.95818932644804422
  0.96873603790429819  0.97952017044174056  0.98983199396930122  1.00000000000000000
 -0.00272117541898104  0.01061623474329619  0.02145094723061954  0.03167591448840339
  0.04213868625361115  0.05334474376594509  0.06527765578939765  0.07727203218497986
  0.08896067689639142  0.10059751232458303  0.11238256941413795  0.12408438744350936
  0.13506818088608660  0.14599447957988790  0.15700820484078543  0.16787386465793380
  0.17852707711721080  0.18959036046542824  0.20101780035640038  0.21215135729382736
  0.22283003966863221  0.23269947306097563  0.24181818967014906  0.25120283386977477
  0.26132438152393589  0.27186724651222188  0.28228443594889452  0.29265708217949027
  0.30348616304655973  0.31440134123655095  0.32542824898523676  0.33597795473560327
  0.34604814786757676  0.35623812854349013  0.36668683917642414  0.37661949139962714
  0.38597516172063340  0.39544623707742482  0.40533840157925116  0.41537104383057227
  0.42529509440515445  0.43549704287339280  0.44596782489038517  0.45657634097388772
  0.46638478746194639  0.47630449592113139  0.48648247852111176  0.49631881579755738
  0.50549856970156548  0.51436353430828363  0.52348138070752126  0.53312565749445873
  0.54327711636461806  0.55407295845310800  0.56523716677225122  0.57654739485980044
  0.58782181461484240  0.59883956568638452  0.60992265344731056  0.62057021032280846
  0.63081450710460918  0.64100322927537767  0.65169977022256498  0.66315215748617062
  0.67553664731445318  0.68791152632982699  0.69996779451946556  0.71201123752840068
  0.72405793092540627  0.73630619513809303  0.74776479953321773  0.75882962106054253
  0.76959631122668448  0.78017202162640265  0.79030564928742286  0.80012492366817589
  0.80990291685793991  0.81958718426872257  0.82916319399606042  0.83937117491396196
  0.85018240878565920  0.86011175028270115  0.86981039207843480  0.87922812748603951
  0.88862577540404497  0.89816818669055709  0.90772933519182275  0.91727358534574233
  0.92767870427351973  0.93844200675701805  0.94922818616183458  0.95983445667824896
  0.97029253293213891  0.98038324341030658  0.99033479638891586  1.00000000000000000
   2.1699326229739717E-008  -1.0000000000000000     
 F F F F F F F F F F F F F F F F F F F F F F F F F F F F F F F F F F F F F F F F F F F F F F F F F F F F F F F F F F F F F F F F F F F F F F F F F F F F F F F F F F F F F F F F F F F F F F F F F F F F F F F F F F F F F F F F F F F F F F F F F F F F F F F F
  <DiscreteSampler_grid>
  grouped_processes
  1 # 1 for a reference and 2 for a running grid.
  10 # Attribute 'min_bin_probing_points' of the grid.
  1 # Attribute 'grid_mode' of the grid. 1=='default',2=='initialization'
  0.0000000000000000 # Attribute 'small_contrib_threshold' of the grid.
  0.5000000000000000 # Attribute 'damping_power' of the grid.
 # binID   n_entries weight   weight_sqr   abs_weight
    10   10   3.135068156333383E+004   2.065917213371293E+009   3.135068156333383E+004
    16   10   3.135068156333383E+004   2.065917213371293E+009   3.135068156333383E+004
  </DiscreteSampler_grid>
