  0.00022285258655989  0.00027898518263487  0.00031112450550190  0.00034418079928133
  0.00038457844695786  0.00043165526208223  0.00050153853776386  0.00075323825165571
  0.00120201497717483  0.00161174280042628  0.00196738989166262  0.00238650757588154
  0.00284017532743452  0.00334154775176985  0.00390691705799223  0.00457152317431182
  0.00534953768330277  0.00626329616029823  0.00728123255727948  0.00839611542179617
  0.00965322697902474  0.01110761943758200  0.01270483757484201  0.01446585751962201
  0.01624793650248292  0.01823990750514178  0.02051661088114976  0.02344628031680942
  0.02700448932878587  0.03103528730930544  0.03557519194253087  0.04062923306999083
  0.04587413421017306  0.05086448167551259  0.05509546017337760  0.05820242975190451
  0.06037706457442751  0.06189351379734943  0.06297050509710757  0.06378560785223270
  0.06440696212896391  0.06488875075950565  0.06528443833097512  0.06562213414849288
  0.06591308515939208  0.06616360554835278  0.06638273058908148  0.06657986920485170
  0.06676113021562616  0.06692944301342930  0.06708694514354681  0.06723575397031548
  0.06737692376959692  0.06751156458919988  0.06764185709196770  0.06777038857551235
  0.06789694189680577  0.06802344182849702  0.06815132196107601  0.06828140762140419
  0.06841469927820885  0.06855229435378214  0.06869537664901733  0.06884746862008308
  0.06901106074850683  0.06918616800229613  0.06937580319257870  0.06958791062288347
  0.06983024403950104  0.07010729782691412  0.07042415138195074  0.07079189069007642
  0.07123198631943639  0.07177740211150463  0.07247239942227221  0.07337752269484671
  0.07458779757406840  0.07626750622873241  0.07869233408221223  0.08230277753924571
  0.08775662314677657  0.09580264762401665  0.10698505503411843  0.12191556898453443
  0.14153385815949129  0.16682555500466387  0.19925551196531874  0.24281239017846362
  0.30137133297428281  0.38002131229029423  0.48015003316405813  0.58870606120782321
  0.69215143786444600  0.79554882049663111  0.90267566780894548  1.00000000000000000
  0.00015454642567018  0.00023789919157294  0.00028230569543119  0.00032589242535356
  0.00038031653196783  0.00044167154541094  0.00059961014735187  0.00097038830206170
  0.00147030654925512  0.00191981279332393  0.00239129237243567  0.00291344568325895
  0.00350631362095182  0.00417521546415614  0.00496350005006309  0.00592988286062926
  0.00710545567501966  0.00849928964619504  0.01007058492956314  0.01170664753477027
  0.01343190484735425  0.01548206930362864  0.01813664955163958  0.02123683015252194
  0.02495998107981592  0.02916033865011461  0.03351661059298786  0.03860568786318448
  0.04425053233678293  0.04969777649530544  0.05438070586623435  0.05786836993268028
  0.06022188906567562  0.06183915001332096  0.06299088507183713  0.06383630858908441
  0.06447545430451740  0.06497645631770643  0.06538430862979519  0.06572507603950156
  0.06601430715629530  0.06626385552583561  0.06648379912437247  0.06668200181756044
  0.06686326159796829  0.06702999045987371  0.06718621678812488  0.06733397096908451
  0.06747560431745139  0.06761294105485047  0.06774726462322561  0.06788028872441201
  0.06801313453445758  0.06814704821038105  0.06828310295439355  0.06842273670869056
  0.06856826503929754  0.06872179684058584  0.06888551621093832  0.06905861532390002
  0.06924613495324475  0.06945781560430110  0.06969757694229682  0.06996840312879518
  0.07027722921818666  0.07063603067366178  0.07106585332769225  0.07160262993011775
  0.07228539655185523  0.07316077844659120  0.07433630673636502  0.07599011647111974
  0.07844751006706682  0.08217537211449270  0.08761687912042984  0.09538880476923318
  0.10639234866846506  0.12158201643695865  0.14162656482579372  0.16789395499989110
  0.20156964833797814  0.24595894650064970  0.30381150888743680  0.38296154559991835
  0.47358622056131972  0.54951050069059926  0.60017375651190819  0.63908514219298329
  0.67194396711226467  0.70422049141222187  0.73578236968392841  0.76876442700073877
  0.80569026806253208  0.84930734928922935  0.88900361227372571  1.00000000000000000
  0.00031671922175988  0.00072159669808477  0.00097003986334664  0.00120000840299179
  0.00146038793968975  0.00175055452172763  0.00206633257165365  0.00240932529959351
  0.00278136375001397  0.00318156597964272  0.00361357496526641  0.00407650180630416
  0.00456211501956181  0.00505442210491397  0.00554323051163601  0.00601959494920998
  0.00648247738481902  0.00695730446813828  0.00741975956527003  0.00790644097876185
  0.00842687436297879  0.00893571837407615  0.00944896707337169  0.00999156589246366
  0.01055041361413717  0.01114251607110023  0.01178734314548831  0.01247016992388728
  0.01318816800471838  0.01394350980607795  0.01473423578854744  0.01554540841172096
  0.01638164979110118  0.01725049373840504  0.01817144349109579  0.01915148420050213
  0.02020430426245913  0.02131203611725359  0.02245010865928282  0.02363769073985240
  0.02489785218703717  0.02623131870731541  0.02759581040994324  0.02903110711759298
  0.03054821346394631  0.03216418364817994  0.03384881212502599  0.03554864345965324
  0.03729603283768058  0.03912058861430436  0.04108948044823576  0.04317508575632427
  0.04538379515364294  0.04769798889764065  0.05012539171053855  0.05268219457756165
  0.05535101348710586  0.05808650986271802  0.06096079024277211  0.06394434110581960
  0.06706475329989353  0.07043253317521880  0.07402460675139003  0.07794488449322885
  0.08196090006869883  0.08593280362516166  0.09017543119858323  0.09472219500974012
  0.09954992330122538  0.10472069949893922  0.11000980940502955  0.11574775346506307
  0.12218453099333808  0.12911831562170034  0.13618912108782383  0.14362799506209925
  0.15152248160801210  0.16025838026128261  0.16993048555653043  0.18058085180440087
  0.19203201922824484  0.20396519933495930  0.21659364515287385  0.22994371417445789
  0.24389375299817695  0.25870589830839535  0.27447400911588854  0.29130709348550249
  0.30987310904628729  0.33042451880117057  0.35385031783449811  0.38078454505948939
  0.41151121354737152  0.45205685070711599  0.53452450128099382  1.00000000000000000
 -0.00217640191288119  0.00845733903446990  0.01890975317408083  0.02876082424654447
  0.03876138015927894  0.04852596949902806  0.05857774233288702  0.06849727592906059
  0.07827166693352490  0.08753752663336539  0.09643132721506568  0.10555389497913145
  0.11500107590243351  0.12465099551305250  0.13369204348137792  0.14290239311718581
  0.15202471059236783  0.16174699063013454  0.17138051826671652  0.18110994359642021
  0.19057079520817180  0.20024709413441802  0.21011874324183910  0.22016163504157704
  0.22988282290867881  0.23947089783538411  0.24884603503620864  0.25892839430221765
  0.26882733785565960  0.27904082730990398  0.28920348955518860  0.29949670666917311
  0.31000471571782451  0.32041045936089085  0.33058009959137957  0.34061931104358817
  0.35095563946486830  0.36181488963062192  0.37252571957871822  0.38314475462635322
  0.39397410778780689  0.40487461960415316  0.41580614230476548  0.42681406449980352
  0.43789290730465791  0.44884695194195312  0.45951482861531645  0.46991997713019573
  0.48030272640787464  0.49099126238440055  0.50173822375336652  0.51296057068265710
  0.52414764114508061  0.53442008430115251  0.54472581522825536  0.55507834495005526
  0.56590788701443295  0.57678543689842166  0.58788338328193601  0.59913406676051195
  0.61052343958129351  0.62175784838770598  0.63285964730718391  0.64391023877599407
  0.65501180655513280  0.66648695393672386  0.67796618574294898  0.68944361887538497
  0.70069195661858696  0.71188964979683134  0.72313575273298913  0.73423707931927462
  0.74555889374590989  0.75700305840520765  0.76840072509086443  0.77902805629485683
  0.78970558831707227  0.80036210274433284  0.81164009104473500  0.82307477508905924
  0.83459566790235784  0.84549759708900329  0.85645703452129196  0.86728864925217075
  0.87848279869032042  0.88930806426107623  0.90044483617894977  0.91157093920991406
  0.92315136496834782  0.93440601488768404  0.94554397765624776  0.95667765020146278
  0.96809924099601841  0.97906187165287373  0.98965516739903470  1.00000000000000000
 -0.00221098342049335  0.00862617948901562  0.01883072443732395  0.02987550715859961
  0.04089971203199084  0.05177040488175352  0.06242309876612274  0.07328699561631272
  0.08391043953576029  0.09433157984361677  0.10510495464317542  0.11592174939443434
  0.12690642584369352  0.13705411112441263  0.14735665812438944  0.15756724092312299
  0.16786126717396863  0.17827364335450255  0.18852034171558252  0.19899624523284737
  0.20966576695357436  0.22037355039921988  0.23015918898505117  0.24002595953767550
  0.24992195799854405  0.26052159702241212  0.27133009257113427  0.28167372619396924
  0.29217136215824491  0.30263781792451022  0.31307680427547779  0.32339341432876872
  0.33379100621747965  0.34439167844132407  0.35507113375668037  0.36579205622470901
  0.37634323209963982  0.38676873059493339  0.39727206831949902  0.40792615953639938
  0.41898025086795437  0.43028157528184779  0.44150286752057344  0.45250565375852525
  0.46326298171813923  0.47399539911643834  0.48462904838126120  0.49516308120963265
  0.50578335324096635  0.51649357279532515  0.52718093044497227  0.53798083892038673
  0.54859190723716411  0.55951145603286800  0.57040327132008783  0.58137034585701075
  0.59227299923022958  0.60307930887318162  0.61378757153493946  0.62437745801240507
  0.63489736599078195  0.64552613997771724  0.65616746320181285  0.66668500782739804
  0.67719922502053564  0.68792882224689089  0.69851391788746220  0.70884488092449938
  0.71900008703643270  0.72945372187928226  0.74010289127903084  0.75073453237336574
  0.76124515287492089  0.77187858705783918  0.78216891281959233  0.79253553427188572
  0.80301688105750446  0.81372026687153853  0.82391412203219672  0.83355388305956479
  0.84296880528422435  0.85273730091760724  0.86311782861503794  0.87338792800438858
  0.88428597781098084  0.89493438845343576  0.90495641218919398  0.91509732559931578
  0.92550188484458262  0.93586675153215293  0.94661858332486581  0.95698528526937487
  0.96722061781418811  0.97742918932146017  0.98841278200205585  1.00000000000000000
 -0.00167281399468568  0.00699690230649344  0.01583866784939848  0.02491663519703886
  0.03454246870498581  0.04431566546456514  0.05385463238140532  0.06369581497020917
  0.07361081523777216  0.08337339662613866  0.09313341033859794  0.10300471237865232
  0.11298578006957277  0.12271313132517210  0.13223366943469139  0.14181645737019899
  0.15145869239447499  0.16137726532146129  0.17103540004512408  0.18081881722123966
  0.19061696835211420  0.20062221812297404  0.21021829515310628  0.21990323982102838
  0.22950686087599065  0.23966886911377591  0.24984148072543683  0.26001007383895436
  0.27031189752437673  0.28052900447015283  0.29085137937574645  0.30113779871303170
  0.31113467870920714  0.32120034878686859  0.33110648918436508  0.34122855910463573
  0.35156590550695332  0.36234896524553895  0.37316727797591870  0.38380040485002676
  0.39470550278855987  0.40557889438942141  0.41654050543572874  0.42674619237550554
  0.43706125346267716  0.44715035437501488  0.45797533321686018  0.46884407883880491
  0.47980593520706888  0.49072950774191421  0.50208846583702016  0.51346168900286282
  0.52496870879955926  0.53648840850498614  0.54724739183772741  0.55798091129241634
  0.56874133684498629  0.57996603983616046  0.59171201696173503  0.60352492163226734
  0.61532320960427977  0.62684338543772666  0.63818579363625694  0.64956910745593721
  0.66099415727912669  0.67252649416189159  0.68382660642344584  0.69516794553094019
  0.70606870738214988  0.71702436757718957  0.72810333537781446  0.73944529828942518
  0.75088956567467890  0.76194661817279807  0.77276154342081438  0.78327256781065058
  0.79412789813084383  0.80503296422273296  0.81563796261907962  0.82593916352774399
  0.83683875405808239  0.84798145741827535  0.85882671852803349  0.86911137085312140
  0.87985291137242039  0.89065375173902872  0.90146085024887546  0.91178504079659106
  0.92199809975124281  0.93232065927678154  0.94314028439159192  0.95425775271198210
  0.96526280735503922  0.97737105054719631  0.98868668437056728  1.00000000000000000
 -0.00227305648946128  0.00903625731875682  0.01871736886675814  0.02950575696276436
  0.03990620151507172  0.05042957820811280  0.06133149438903103  0.07237622301049819
  0.08329569766357171  0.09418196047852373  0.10516479493083472  0.11595266534858420
  0.12651858529062282  0.13727753434052911  0.14836960663206816  0.15932154122097206
  0.16926996336717559  0.17907455553677554  0.18882063906354427  0.19935441045331440
  0.20992509251694680  0.22079052635958193  0.23163811850735982  0.24224700401806656
  0.25284038412080900  0.26331600455953480  0.27351328473298697  0.28391022349820549
  0.29426840803424198  0.30507453224251285  0.31610679316394308  0.32723532213370377
  0.33814346366637049  0.34885422783654341  0.35955179047522884  0.36989158325602012
  0.38034888138524747  0.39075246761957910  0.40150302100297414  0.41244281775794284
  0.42321365967464425  0.43353817734309397  0.44391455940988195  0.45417210593225094
  0.46424662489436364  0.47440928576414371  0.48409595330993505  0.49459677525843115
  0.50522916853738509  0.51629719136168695  0.52705520135677419  0.53708878398215409
  0.54711243106991159  0.55749300431541260  0.56821001417290040  0.57871662816056035
  0.58921210616783193  0.60006302700109815  0.61078901899815541  0.62135470420802785
  0.63188053476397399  0.64234672344685084  0.65268301013532415  0.66285824311351393
  0.67291358595767947  0.68312255600814675  0.69351588804123498  0.70411541244434539
  0.71467307819186054  0.72509330347339851  0.73564636809717365  0.74628649903069355
  0.75706011488916702  0.76764332380964251  0.77818759911604529  0.78841879976637375
  0.79848151903936226  0.80827644474927318  0.81823230064711738  0.82852192965957783
  0.83956853031307632  0.85053281734922892  0.86144077551054354  0.87205082197044326
  0.88229952890554730  0.89247090485297775  0.90285376396004680  0.91349249730867288
  0.92449956443948000  0.93552741426562824  0.94660342392678920  0.95759914565798843
  0.96868616095874727  0.97954117592739487  0.99000112348878500  1.00000000000000000
 -0.00238107696103275  0.00935127033326417  0.02014069403560292  0.03139099488811323
  0.04273734784200738  0.05316779737613926  0.06372532326930580  0.07435879443082649
  0.08478713024184856  0.09615586043248622  0.10710344658701229  0.11769237305379067
  0.12846591342251659  0.13863856442574574  0.14884142627570676  0.15941415428718667
  0.16930739455408930  0.17944709799862182  0.18863953160683225  0.19807797685918388
  0.20797401115740752  0.21838839283134756  0.22862722435527313  0.23875893614553662
  0.24910679415627557  0.25992135178018372  0.27119520404626213  0.28204185862641939
  0.29256281791011035  0.30291182902469810  0.31322569049399429  0.32383587157618321
  0.33448308806134253  0.34489029408164762  0.35548386008103144  0.36626130717815736
  0.37694640200524043  0.38723924151441597  0.39747811389569881  0.40812762818095721
  0.41919180254858351  0.43001902694181243  0.44079611331412738  0.45148465171894336
  0.46236235747421262  0.47324989471471829  0.48392304920105594  0.49442949087360105
  0.50506296473069068  0.51609197255638961  0.52714633816941037  0.53801186297440140
  0.54804460515212261  0.55799276459281655  0.56801841459674662  0.57877154627182881
  0.58969093634686554  0.60071641512657437  0.61174933535824438  0.62279860490892502
  0.63358404880976171  0.64415771029224689  0.65471129944043582  0.66482248132648236
  0.67418357620249780  0.68355704973789599  0.69322224278106970  0.70365667926981934
  0.71421887732547140  0.72484647458766871  0.73556180911149105  0.74636517951993753
  0.75715050215801516  0.76783844692657321  0.77836318837718033  0.78881349062343986
  0.79918597531771118  0.80974248190946641  0.82042285674928439  0.83127020663487972
  0.84171769618489145  0.85211535317651954  0.86254454400045821  0.87334317071273171
  0.88428159504826043  0.89496264297436323  0.90554560583931487  0.91605379192261926
  0.92710008995194648  0.93778754757471461  0.94780044973195499  0.95807512749087953
  0.96803520040335456  0.97887247251571841  0.98931917916838108  1.00000000000000000
   1.1967560361160798E-011  -1.0000000000000000     
 F F F F F F F F F F F F F F F F F F F F F F F F F F F F F F F F F F F F F F F F F F F F F F F F F F F F F F F F F F F F F F F F F F F F F F F F F F F F F F F F F F F F F F F F F F F F F F F F F F F F F F F F F F F F F F F F F F F F F F F F F F F F F F F F
  <DiscreteSampler_grid>
  grouped_processes
  1 # 1 for a reference and 2 for a running grid.
  10 # Attribute 'min_bin_probing_points' of the grid.
  1 # Attribute 'grid_mode' of the grid. 1=='default',2=='initialization'
  0.0000000000000000 # Attribute 'small_contrib_threshold' of the grid.
  0.5000000000000000 # Attribute 'damping_power' of the grid.
 # binID   n_entries weight   weight_sqr   abs_weight
    10   10   8.450822140140655E-001   6.543945020040018E+000   8.450822140140655E-001
    16   10   8.450822140140654E-001   6.543945020040015E+000   8.450822140140654E-001
    22   10   8.450822140140657E-001   6.543945020040020E+000   8.450822140140657E-001
    28   10   8.450822140140655E-001   6.543945020040018E+000   8.450822140140655E-001
  </DiscreteSampler_grid>
