  0.00002409397634864  0.00004531741599311  0.00006547291762632  0.00008149150333040
  0.00009681030096416  0.00011245901398409  0.00012893330235457  0.00014833954775601
  0.00017203906318015  0.00020038255887922  0.00023666402754315  0.00028449684829486
  0.00034680663791862  0.00042863470386005  0.00053318465232821  0.00066213702617131
  0.00081418293552941  0.00098739888849186  0.00119476520744342  0.00145631689284928
  0.00178094561189782  0.00214513671848024  0.00258621418827159  0.00313370174281073
  0.00383301678061359  0.00476066830754565  0.00596547855469662  0.00764715161119258
  0.01024002457640626  0.01447902438343304  0.02118839637382940  0.03063339458870796
  0.04303921411653257  0.05844358792560923  0.07565949559677454  0.09388360602671411
  0.11280339939683078  0.13214822753285710  0.15149409207125672  0.17066670431335595
  0.18977577447757843  0.20903358948345960  0.22853937049778952  0.24815842906152738
  0.26761769323316881  0.28713416806808850  0.30668730721552717  0.32610996737301473
  0.34553115887571345  0.36498355424985363  0.38446170493568249  0.40404824762205183
  0.42366165108823545  0.44309767675834061  0.46241443001761257  0.48166411832168449
  0.50088789045555449  0.52010795684509137  0.53931983197797662  0.55853240458301168
  0.57774597425466467  0.59691871966561760  0.61604902397813954  0.63520325611900186
  0.65444566701901241  0.67364527302382926  0.69219690923583788  0.70991344793757405
  0.72765111355106049  0.74687830128270483  0.76563579121373393  0.78428735780969294
  0.80282577234733377  0.82116686526778238  0.83946013574425116  0.85758957804088909
  0.87543610145100548  0.89289968118949614  0.90981924940020442  0.92591012350338431
  0.94081942015739894  0.95439596177655761  0.96618750463058201  0.97576090877791610
  0.98298444302272481  0.98817014670332171  0.99170129681586194  0.99411860923639561
  0.99584386895141108  0.99708175881184236  0.99798881739290657  0.99866508639444707
  0.99915016790477218  0.99949367083645280  0.99976294845136815  1.00000000000000000
  0.00002367093596373  0.00005338571104220  0.00007012806097992  0.00008383780444312
  0.00009884033015138  0.00011616985072188  0.00013664601958005  0.00016158709698689
  0.00019377571610019  0.00023595944815427  0.00028794122356298  0.00034792437024455
  0.00041906077330868  0.00050969841576758  0.00061701220343597  0.00075352362770874
  0.00092397130586993  0.00112630735008284  0.00138199114308685  0.00168765231133395
  0.00206636010305117  0.00253643513480732  0.00311492946080693  0.00385874244289824
  0.00484412208356812  0.00607275955428444  0.00763120906471223  0.00996149914403678
  0.01352318173859289  0.01976916136307894  0.02911206990238080  0.04129401440013861
  0.05648968504104790  0.07401692433491500  0.09260031413036872  0.11184315855638222
  0.13143822435918712  0.15121940720136789  0.17103693315995183  0.19081571949127177
  0.21060975750362862  0.23049287462652521  0.25044136084387758  0.27037217408758840
  0.29030820973137506  0.31025781212357911  0.33014477426420463  0.35006712947014723
  0.36993553953892577  0.38977845884660206  0.40962195088883863  0.42947322305191588
  0.44940314843620222  0.46934382376604539  0.48927908834118233  0.50915991446590958
  0.52895554392221511  0.54871623787703838  0.56854607778341193  0.58827884426486143
  0.60785182948037242  0.62743425822387833  0.64706961657080175  0.66670257237390129
  0.68629600326782503  0.70580790185483211  0.72523270220195735  0.74459846752070979
  0.76367827558418022  0.78242837867304760  0.80141043131465484  0.82025251221200901
  0.83885129268426595  0.85746180967630214  0.87577092301417292  0.89373740300671345
  0.91128312662623179  0.92805266245020546  0.94338303910206078  0.95673119552049724
  0.96817288714501237  0.97745816542188679  0.98423011040994868  0.98895253238264302
  0.99229200511097693  0.99472802522147785  0.99649022605512694  0.99763510419421564
  0.99841452447980450  0.99891848326614308  0.99921342425785442  0.99945932611534938
  0.99960598617630625  0.99974849527332810  0.99987424763666399  1.00000000000000000
  0.00132462496151628  0.00171296725612632  0.00189211724771961  0.00210750916617983
  0.00234439834147343  0.00263949418944425  0.00295754881094568  0.00327378455991866
  0.00361115767377228  0.00398548245109581  0.00439914376644211  0.00486693200592231
  0.00539478515499985  0.00596724833504638  0.00655571225128456  0.00714602210143149
  0.00774144546360797  0.00834331812221990  0.00895025844890987  0.00957060954744880
  0.01021464965750384  0.01089046442531833  0.01159272864806698  0.01230841590593495
  0.01303609773753383  0.01378745043962445  0.01456755136346019  0.01536941960644013
  0.01619120760617384  0.01705180751200136  0.01792525200163987  0.01882184025288917
  0.01980124657401236  0.02085679208417381  0.02197176921424731  0.02312641214058684
  0.02430907172325839  0.02554736682789291  0.02684596240378908  0.02819417107622674
  0.02960385042168042  0.03108963802454778  0.03266025016950572  0.03430097662411527
  0.03600172150199499  0.03775856008181275  0.03952020575923975  0.04135834255181062
  0.04329675723359200  0.04542321079330043  0.04763086469575181  0.04985164346789925
  0.05216042880475010  0.05460045192477674  0.05718625963798927  0.05984991249473529
  0.06250985888861334  0.06528751289707081  0.06826565510408453  0.07153058704715391
  0.07491829106930836  0.07841259538789269  0.08204447327769747  0.08590855085647450
  0.09001701785582236  0.09434116736777515  0.09877661657533628  0.10314665615511075
  0.10783320431769697  0.11286693224784100  0.11849090066678213  0.12434652702931537
  0.13038732643830522  0.13666265587223092  0.14330900034182784  0.15054678534099419
  0.15827811527813468  0.16669077088547621  0.17570906694441904  0.18553852689378811
  0.19624274049392637  0.20787808715983089  0.21999907327315454  0.23241076342980974
  0.24561058025625718  0.25928856927405652  0.27440209798664655  0.29048279728042509
  0.30901784367316976  0.32933821712814804  0.35108337049720739  0.37523931490124918
  0.40521478787455595  0.44318190517706446  0.56710364177667605  1.00000000000000000
 -0.00235441433914960  0.00905853558821446  0.01988978472793953  0.03008030711557461
  0.04046885404673931  0.05080383746475520  0.06032900760223938  0.07004248545353142
  0.07902164893776542  0.08853202499891737  0.09781355263326406  0.10734243576907894
  0.11648967225179528  0.12613174974992589  0.13534861383790275  0.14490108803179280
  0.15436085756290646  0.16412612864581441  0.17351495581830914  0.18296436113984194
  0.19217098256950452  0.20039777918149387  0.20854392451377307  0.21730789071820322
  0.22732986907990455  0.23792887710879060  0.24822374440439635  0.25844893413486242
  0.26846365956016965  0.27862248789572214  0.28865214792471716  0.29849296132365805
  0.30821515893772339  0.31815488090048172  0.32871155777578837  0.33951392564202998
  0.35031888448076226  0.36124790997768746  0.37221332838553456  0.38323973104902415
  0.39416940067654799  0.40518378880307249  0.41607219197387640  0.42684231355128399
  0.43771879519716633  0.44882368357581537  0.45988236282490746  0.47037759440108495
  0.48081541591264892  0.49141899263761751  0.50278336228612219  0.51425821893545831
  0.52579693262668947  0.53744875873922504  0.54911236593186730  0.56065542926496748
  0.57205540733156168  0.58324020424616418  0.59453840056820406  0.60592314254514279
  0.61759761820891712  0.62919546461903630  0.64053060195659606  0.65179934884968982
  0.66267264907306567  0.67360589378539137  0.68436102364021467  0.69585809822168210
  0.70774099193762818  0.71957060469266276  0.73096648001388609  0.74157196799879677
  0.75256172060764170  0.76371871561246785  0.77578783963956899  0.78767098535644198
  0.79922782207097787  0.81098306493998673  0.82220270691911246  0.83293902313343793
  0.84317538430991312  0.85273609391377969  0.86286966924375053  0.87393512255269401
  0.88500622787639027  0.89551486266159042  0.90556160634754346  0.91577739817305670
  0.92606861422334597  0.93615877743006559  0.94605696042908738  0.95581689317223617
  0.96640142962900089  0.97729184426885518  0.98868417752551763  1.00000000000000000
 -0.00239608382382531  0.00938653875222825  0.02013606136363937  0.03146221430937989
  0.04199157212067123  0.05325238755151276  0.06352373191485886  0.07382514998934557
  0.08402599593520266  0.09470744951424184  0.10567937760893298  0.11645987098313131
  0.12711068501293937  0.13797280341286733  0.14839738037298766  0.15877544683912673
  0.16889128861436803  0.17937604784155292  0.18997864738198880  0.20062640269805596
  0.21118121268852127  0.22197440641975719  0.23279175572834554  0.24338689754383147
  0.25358365974119101  0.26386835347222631  0.27479186991216781  0.28539239025665375
  0.29580490206465587  0.30612466050743342  0.31709268649249933  0.32797481324705458
  0.33841641698046021  0.34853626536816129  0.35896619921421086  0.36982159593466285
  0.38090236146336481  0.39196244134833697  0.40322859576858711  0.41398834273743212
  0.42437914017920020  0.43479530791410864  0.44559169167015950  0.45673442944641340
  0.46767396271655665  0.47862958970873898  0.48910812022001271  0.49957525244573076
  0.50984479705114905  0.52019596706426252  0.53058583980270058  0.54134731799207469
  0.55195558344501583  0.56272405988036156  0.57365964485409238  0.58462310797367822
  0.59546097550922839  0.60601019772224596  0.61653291700953294  0.62709209472563765
  0.63767539071498158  0.64796553701451520  0.65811835951125963  0.66847699428726159
  0.67846158749402175  0.68905485355477514  0.69920417589319717  0.70981023230202878
  0.72025365878375336  0.73016536514411590  0.73998586865525362  0.74997019673991394
  0.75985429065130672  0.76996708483599563  0.78016479873986411  0.79077804648343764
  0.80158933020070111  0.81233401699133634  0.82330228866365329  0.83442426601543862
  0.84549671665678816  0.85611708847791945  0.86599631939636490  0.87577848195438901
  0.88493559213775641  0.89428234581313915  0.90437676646938803  0.91446737628571073
  0.92483402056492803  0.93514248156430102  0.94595522109808072  0.95690572502124571
  0.96790548840664836  0.97850783379129314  0.98942322396454185  1.00000000000000000
 -0.00228153226668417  0.00871204944850166  0.01890547503897218  0.02991301564197467
  0.03963478097332115  0.04912375334255154  0.05760150610752304  0.06568097297555796
  0.07413885724243202  0.08315261569259561  0.09227887726185531  0.10126596422692534
  0.11035485085271510  0.11969362019377705  0.12920255241341294  0.13876442501573641
  0.14785321803443341  0.15704284969710863  0.16636383183965370  0.17635674219823991
  0.18581874968107387  0.19528269986143507  0.20457603794735910  0.21410484906340271
  0.22361335349169437  0.23323068092753335  0.24321207474584169  0.25356249305464401
  0.26408593376278516  0.27455112433367945  0.28476012507736193  0.29468394266036330
  0.30470478180320559  0.31496393705885578  0.32547870649016397  0.33622709457110261
  0.34700323934611599  0.35767274267102872  0.36831986404240569  0.37878678105017777
  0.38933057884326938  0.39986121885090381  0.41059743583739278  0.42157889256028863
  0.43256974561178607  0.44362589720973811  0.45482301722616875  0.46597938038673814
  0.47701271679759738  0.48762435066818155  0.49826148723772162  0.50857088086178170
  0.51905480721728547  0.52955268257099564  0.54062302547754737  0.55251027160268007
  0.56455012768991086  0.57605211834901460  0.58746714438270542  0.59847346132704482
  0.60970148131737523  0.62105008503335823  0.63277485229584074  0.64352080793455535
  0.65399978387312063  0.66401423273943838  0.67524230674872510  0.68704751148407850
  0.69894915450218753  0.71090443359987121  0.72252242001813438  0.73401920863075032
  0.74522640086268821  0.75680723517648352  0.76848395294012151  0.77895870947771551
  0.78921759842748918  0.79934212662926485  0.81081096386523110  0.82186632091620071
  0.83236074122917802  0.84266921898999692  0.85379186526995521  0.86506729635867763
  0.87613691800414850  0.88729466423637238  0.89840499435711341  0.90975574689916339
  0.92106741235691336  0.93276934980107939  0.94456894504925859  0.95599722315470126
  0.96720294370876547  0.97863100355470467  0.98955556934666589  1.00000000000000000
 -0.00232483592065553  0.00858761483337028  0.01814383487685501  0.02924121659331618
  0.03991965609968094  0.05011321729377452  0.06001877362811928  0.06995820922937378
  0.07952250670676902  0.08996229641456399  0.10044177283375544  0.11145633357341003
  0.12234532767016271  0.13290887098749765  0.14338583609907107  0.15385967566159947
  0.16416277435106866  0.17438803890464669  0.18462522424911407  0.19515852815287160
  0.20606803255822215  0.21705670676473920  0.22794435340199698  0.23854157381003613
  0.24888792570895130  0.25910017005398112  0.26928690521666709  0.27950728564703387
  0.28913460425102250  0.29872238040940274  0.30885224043259185  0.31963817308748110
  0.33079208850600234  0.34194950695713300  0.35309105468183072  0.36404442989873298
  0.37459153781159266  0.38490175253145664  0.39520681490699988  0.40574706127343468
  0.41638210493227851  0.42692852972455686  0.43745974531609194  0.44796031651645318
  0.45834717442094769  0.46853450839650285  0.47875536308955713  0.48939905033063508
  0.50038201010021899  0.51173396518447811  0.52293415880882044  0.53384634533623354
  0.54433155918895737  0.55466134933839528  0.56530849953535467  0.57621262786102623
  0.58710936596187524  0.59769222657652699  0.60788939960067612  0.61821428321218719
  0.62868538401540541  0.63968324605023419  0.65064495106791542  0.66174637720910501
  0.67271533986649035  0.68345342063905878  0.69376296463627807  0.70415804832092410
  0.71491330251384633  0.72601400785842696  0.73675371990333416  0.74714944986767085
  0.75772500151455091  0.76868654731263464  0.77976901833601264  0.79064790348731395
  0.80142284140398357  0.81193075637924361  0.82208205918814592  0.83246719220846399
  0.84313512946487823  0.85389947738326244  0.86431508540878366  0.87476423899662337
  0.88548663728672450  0.89620667852741398  0.90677030735718323  0.91746388623386721
  0.92803347421134508  0.93789746038809874  0.94754573977156786  0.95712247130571759
  0.96784732276652363  0.97869867531136490  0.98941284884714464  1.00000000000000000
 -0.00230508658993644  0.00936469130859260  0.01988784222263087  0.03149764504413224
  0.04293576054790763  0.05394115614708300  0.06445237764405148  0.07484921666123744
  0.08532885241462457  0.09618292748995382  0.10703167540948277  0.11729663204776514
  0.12810370584494177  0.13792997190426459  0.14827693953859228  0.15873316257209216
  0.16876891558303159  0.17961639598973062  0.19004797867203591  0.20073735204069665
  0.21153884975610132  0.22254675404555013  0.23372602260391204  0.24477463404532587
  0.25527387810160851  0.26564744335897506  0.27600095371010752  0.28639430424328716
  0.29691819812447928  0.30734135495085319  0.31766268376949830  0.32779211781540585
  0.33803410305547027  0.34845506356641998  0.35916573070343999  0.36996460697238348
  0.38100587963072563  0.39200531497422914  0.40271155044346402  0.41355037465738964
  0.42451449957187221  0.43535378702483035  0.44578956274725812  0.45621941176504804
  0.46693838009322014  0.47781469767787482  0.48866244800077024  0.49937943133390783
  0.51013875261987551  0.52093424375880204  0.53162597744610030  0.54208022366231134
  0.55236068193115817  0.56234106951434082  0.57185189318882268  0.58073784656205574
  0.58894181603405682  0.59745541818374959  0.60639559895351713  0.61633969774379205
  0.62626470742120388  0.63646265388262524  0.64664873426358915  0.65703792884539980
  0.66741380586777077  0.67807760562498709  0.68906103740608105  0.69978071003215780
  0.71050781451159584  0.72130751543570049  0.73193819425680362  0.74225597224876572
  0.75249907275512651  0.76299639238242556  0.77385488997029706  0.78434805187921919
  0.79490712995443169  0.80554131783067551  0.81640556562767341  0.82713209201773397
  0.83785950683044874  0.84842408890040588  0.85943978468854276  0.87034713020073329
  0.88105580020994012  0.89163558985549485  0.90214216161882888  0.91314335256780921
  0.92392119702938535  0.93502370285175185  0.94571391383408943  0.95640256372823995
  0.96708850483074948  0.97751823514350633  0.98896719458076254  1.00000000000000000
   1.2450065641265847E-011  -1.0000000000000000     
 F F F F F F F F F F F F F F F F F F F F F F F F F F F F F F F F F F F F F F F F F F F F F F F F F F F F F F F F F F F F F F F F F F F F F F F F F F F F F F F F F F F F F F F F F F F F F F F F F F F F F F F F F F F F F F F F F F F F F F F F F F F F F F F F
  <DiscreteSampler_grid>
  grouped_processes
  1 # 1 for a reference and 2 for a running grid.
  10 # Attribute 'min_bin_probing_points' of the grid.
  1 # Attribute 'grid_mode' of the grid. 1=='default',2=='initialization'
  0.0000000000000000 # Attribute 'small_contrib_threshold' of the grid.
  0.5000000000000000 # Attribute 'damping_power' of the grid.
 # binID   n_entries weight   weight_sqr   abs_weight
    10   10   1.148370276356830E+001   4.883095660640791E+002   1.148370276356830E+001
    16   10   1.148370276356830E+001   4.883095660640788E+002   1.148370276356830E+001
    22   10   1.148370276356830E+001   4.883095660640790E+002   1.148370276356830E+001
    28   10   1.148370276356830E+001   4.883095660640788E+002   1.148370276356830E+001
  </DiscreteSampler_grid>
