  0.00956925360081143  0.01487844149124061  0.02299920302541528  0.03184224653420292
  0.04094211054710301  0.05105065321793692  0.06194104657115952  0.07270133824932354
  0.08310649587840493  0.09301078424691490  0.10245220522883272  0.11144936020074607
  0.12006663922903139  0.12887199142674749  0.13819401960415142  0.14796209770290991
  0.15778131475238449  0.16783590195538237  0.17831307892502987  0.18896919589712771
  0.19991425538406665  0.21138974618515052  0.22353943132482684  0.23560856520416915
  0.24745556703596494  0.25925364244635635  0.27124948202912791  0.28333627560492342
  0.29528899520284002  0.30713912791803871  0.31902133716187103  0.33100202471341000
  0.34261244043206990  0.35427867383306522  0.36517371864524656  0.37588947153325719
  0.38622524166117062  0.39625456910880480  0.40770528482578383  0.41906362236665801
  0.43064387457297137  0.44223641857398771  0.45322446017208251  0.46365249409225856
  0.47356773485383247  0.48358944751464722  0.49378786554245663  0.50402117092500498
  0.51458717880574345  0.52609247480147558  0.53814888175095144  0.54905201724063046
  0.55885975335620663  0.56855705200592532  0.57809716778466103  0.58732311096796375
  0.59621100131446159  0.60541010849673671  0.61572478477130854  0.62635048899950085
  0.63743020230403258  0.64844015302101421  0.65908632877688578  0.66944765935028239
  0.67972135666829436  0.69027997497265237  0.70119612426535516  0.71268738795500197
  0.72503017621983568  0.73746820089426257  0.74891561750807034  0.75987290590213086
  0.77056667958720371  0.78155654028881316  0.79253897329983625  0.80325737495206029
  0.81390251790285717  0.82427494139286051  0.83433604395247229  0.84441887425591278
  0.85458774277624094  0.86487403713894073  0.87521323853295430  0.88559440755273100
  0.89584504110354768  0.90619101233859445  0.91662003193248254  0.92699268426788994
  0.93720780577571816  0.94734360322899480  0.95715741536007404  0.96611740014987713
  0.97477622787088369  0.98388691783864834  0.99088882768676045  1.00000000000000000
  0.00904114565647592  0.01647708023210710  0.02696848760434271  0.03705419836510410
  0.04671924188239607  0.05659879975967463  0.06696160204485860  0.07745528974989163
  0.08781063174217121  0.09837065025834599  0.10920344572117753  0.12016013570248932
  0.13052898190064069  0.14069723299259254  0.15141009570233621  0.16285784614681792
  0.17414049128751838  0.18515616780920299  0.19684098235357006  0.20849537530666981
  0.21923114171206226  0.22942375901515691  0.23942011535968313  0.24954852018580195
  0.25990118576478283  0.27063859512468930  0.28215609940495068  0.29380655862191241
  0.30501574411820964  0.31556563094087609  0.32514005469889168  0.33465036380040597
  0.34382795874067973  0.35340456066588088  0.36300635298565048  0.37250981499490754
  0.38210421649459503  0.39183900153301582  0.40220714799293422  0.41275821710342153
  0.42304371070941921  0.43242132083348461  0.44220685434792240  0.45246924509876318
  0.46257774043386324  0.47175923478033333  0.48121496341565156  0.49114496045541628
  0.50099275144243050  0.51062477431949094  0.52058436418254250  0.53123200701100348
  0.54209527930502943  0.55275830404282067  0.56368626170538894  0.57477911239179946
  0.58537700152049088  0.59563428768349314  0.60636771603152306  0.61767542402446862
  0.62827370096032542  0.63811934426025807  0.64816510991864262  0.65917299743908264
  0.67001666143396421  0.68057008908856331  0.69109151554649839  0.70199719763974533
  0.71232166807732289  0.72197947028349663  0.73151772423059658  0.74126017259566068
  0.75133634271946492  0.76164368581418040  0.77169890164336097  0.78120761521316484
  0.79049211784183737  0.80010944830847908  0.81045046999851988  0.82087727526942555
  0.83090058553731494  0.84094300956544721  0.85167430649668319  0.86331712773332303
  0.87541871528490389  0.88741508756990939  0.89933853178260170  0.91146835677347537
  0.92298659411107498  0.93434287233634117  0.94557921682938795  0.95740070365068597
  0.96953041851961319  0.98079707453585474  0.99147764845696995  1.00000000000000000
  0.05676464100733964  0.05881765529582236  0.06138201253293545  0.06426010701804752
  0.06726154496714812  0.07077458369254047  0.07449003381482583  0.07813253012259659
  0.08185996410316301  0.08568922019393657  0.08963105510566000  0.09361804134330348
  0.09766904315895142  0.10188402200267144  0.10616134178011287  0.11045027904269569
  0.11487953515467400  0.11939185546434559  0.12394163007906711  0.12871332298655166
  0.13367632745097860  0.13919245166602962  0.14363194225644219  0.14699335053959564
  0.14904774429802442  0.15006338534452815  0.15129465650581431  0.15239640404712365
  0.15486529689283043  0.15728633892046381  0.15968147073820382  0.16210735553230149
  0.16456285465291570  0.16703567982788797  0.16950747797640728  0.17195914067504717
  0.17438975546819727  0.17681697216005965  0.17925548098073341  0.18171450935812769
  0.18419987325024770  0.18669773737541626  0.18920309657284340  0.19171985678083797
  0.19427513652131692  0.19687742800149627  0.19952346977335139  0.20218862767252438
  0.20488311622752364  0.20765780724218585  0.21047925660172442  0.21335786893837816
  0.21625269053588736  0.21916799716120314  0.22207145364959352  0.22501943270474278
  0.22802818960824989  0.23110242890825239  0.23424392050133322  0.23744064162416331
  0.24071522932450759  0.24401641491225504  0.24729780908439411  0.25057155339239079
  0.25390046296814567  0.25732242882432249  0.26083756815449344  0.26440627911097664
  0.26800143826313244  0.27166469863972076  0.27541134579754151  0.27928702120860499
  0.28327239327637177  0.28743829513668961  0.29176523663658965  0.29626455989039763
  0.30087915223151185  0.30557580136013773  0.31043091815697188  0.31550907096697284
  0.32089309480599609  0.32660952542298372  0.33270458233612110  0.33918770796349873
  0.34615177670654762  0.35387514485097166  0.36236679814009032  0.37169967266765203
  0.38225431381023306  0.39461135351837517  0.40989463180586222  0.42877965302055104
  0.45553088217484933  0.49908702609992739  0.58423676579487338  1.00000000000000000
 -0.00259388699590889  0.01072441409992213  0.02229284744272080  0.03352653820440758
  0.04514107251832826  0.05732492729564367  0.06932149344182924  0.08055260892880269
  0.09218309387897727  0.10402610644041431  0.11569335548778573  0.12763917941035591
  0.13940790895387498  0.15146212573977258  0.16332385763947621  0.17437415491786731
  0.18485447373851463  0.19518897463464646  0.20565662239429292  0.21576392033207700
  0.22575970154695438  0.23576786273154970  0.24595571556484083  0.25559636668641689
  0.26476159827582135  0.27386751830143691  0.28290276467242692  0.29164295447003491
  0.30061387051967992  0.30989105888355911  0.32013290059977928  0.33060509384580694
  0.34074170900611123  0.35075874234443188  0.36096813197106309  0.37139544652401230
  0.38218906383624685  0.39316595376555208  0.40327674499197819  0.41380979558444697
  0.42395665294847157  0.43390136099558768  0.44268006720131614  0.45091943037100002
  0.45932331270291593  0.46808610278079038  0.47684576555386299  0.48527395990952149
  0.49371606137166529  0.50264949299742101  0.51201739459798512  0.52136286550721345
  0.53081146098927046  0.54084754077166186  0.55175556813577897  0.56316080940550717
  0.57423037727566040  0.58524173874214691  0.59640140172450828  0.60753331088048268
  0.61814357392284613  0.62822531858001107  0.63836477614773379  0.64859682100569327
  0.65873840752589075  0.66901993072545329  0.67918367259744139  0.68913884668996384
  0.69895403133746004  0.70889765215650391  0.71943447699266982  0.73040546417497132
  0.74160161369855970  0.75282485744736416  0.76475598610787043  0.77559293484545389
  0.78676093810833059  0.79759646461640776  0.80841456268717860  0.81862101332969450
  0.82892199441972780  0.83958651158536246  0.85087686352481595  0.86252294966508980
  0.87381118267662727  0.88453006964883762  0.89506182943820378  0.90598653186066103
  0.91718380687791257  0.92821264372071499  0.94007140318219384  0.95305140932951848
  0.96543494832247445  0.97727585442291565  0.98868716020620406  1.00000000000000000
 -0.00227243120835188  0.00924103344447574  0.01951879288273332  0.03044160382962328
  0.04128323043779180  0.05211665976077082  0.06304998437867257  0.07359142600611594
  0.08383565363537843  0.09371162489292356  0.10400324685709361  0.11420162753340721
  0.12426827888976485  0.13469359840672726  0.14485803076301806  0.15444583714565693
  0.16350256019855530  0.17291357798139262  0.18212463583224767  0.19169196944977010
  0.20147171386175269  0.21173227675608838  0.22375734438743214  0.23551529121255352
  0.24738829801992399  0.25887084785512354  0.27013688363767629  0.28073281285800206
  0.29144342043642341  0.30262545218670978  0.31355426861432667  0.32379850738936777
  0.33387880700278311  0.34439805554466624  0.35486534996333996  0.36524905199500146
  0.37599311774759725  0.38768856624739351  0.40012709524406370  0.41243684185847856
  0.42359595067257044  0.43321769101888535  0.44317744771378986  0.45305466693603114
  0.46292490166734990  0.47227859674399925  0.48150223800604841  0.49102071681492826
  0.50079939466245638  0.51115692369933197  0.52222308439558796  0.53343695695382043
  0.54441711290219408  0.55541172442793696  0.56592459701128695  0.57577310669173198
  0.58559933086904314  0.59607845028540241  0.60661224388151880  0.61671859362374315
  0.62680241283383864  0.63747780437784707  0.64841284183944348  0.65872308003966329
  0.66920507523330997  0.68048845926212431  0.69174442723915464  0.70299365870631081
  0.71393550087971802  0.72445089277011587  0.73449673009162419  0.74476696389392505
  0.75490639863978071  0.76547745296488168  0.77608862881982443  0.78707387127099304
  0.79707483341689178  0.80619809750897964  0.81533966064680641  0.82460525046919209
  0.83395581488594861  0.84350608774276048  0.85357645577267138  0.86492602025738452
  0.87722665379603471  0.88925703887649010  0.90051142899357506  0.91085909556836231
  0.92175085475452700  0.93287861755010604  0.94362094049261991  0.95414462667129685
  0.96490321965001435  0.97663581582522230  0.98823769892293800  1.00000000000000000
 -0.00265394266240188  0.01123731142042922  0.02248249228977457  0.03482916719256730
  0.04628640543920849  0.05714801904833437  0.06846156564198848  0.07959312122134168
  0.09042472905180136  0.10160075399385597  0.11368145904729174  0.12595391677220408
  0.13798564637413849  0.14992864305840323  0.16182757314859886  0.17333861492878949
  0.18424084057369725  0.19487552990947232  0.20502249989094842  0.21429193975263613
  0.22278745416489845  0.23132425707379092  0.24030904303632303  0.24961679696601419
  0.25903821957421919  0.26837698205921140  0.27845836903157323  0.28907941285002442
  0.29959565881496414  0.31030717317150946  0.32154131099289657  0.33295911623772462
  0.34397719001239663  0.35462182162416639  0.36490672190285678  0.37470565917684628
  0.38446142652422810  0.39421577492634829  0.40401318323911123  0.41378449686615376
  0.42377798930219329  0.43407202190786487  0.44406374718657915  0.45391585060735956
  0.46398595262464160  0.47460365580285419  0.48536673911963224  0.49561175754170944
  0.50620068699051024  0.51664943170721422  0.52624535991199162  0.53565201865317569
  0.54505080391755301  0.55440309593189974  0.56386904462469201  0.57327981418120899
  0.58323106040411721  0.59337533568022816  0.60388795124794636  0.61448209285478006
  0.62512420089549747  0.63494877295350771  0.64489334679596833  0.65458628090243876
  0.66409294975907718  0.67332756903560909  0.68265953068578711  0.69209658605315438
  0.70188808816539783  0.71174668579509026  0.72208806938874615  0.73241605529804543
  0.74207278433921675  0.75211254835963359  0.76320841271285178  0.77449551777778014
  0.78522054705152777  0.79583802936463655  0.80652781809644314  0.81768320246208059
  0.82892617548584724  0.83943783900576718  0.84949214666035699  0.85960436990214606
  0.86977757857893756  0.87998601687778999  0.88972844937763995  0.90032171360341728
  0.91236161387878345  0.92397480110409269  0.93512248827271405  0.94679450068566595
  0.95935232786379765  0.97285356928255817  0.98639381484904021  1.00000000000000000
 -0.00247998839010064  0.00980890675459977  0.01990715290806819  0.03098118007854805
  0.04213034438466259  0.05280146473061949  0.06323416798493517  0.07502594422530420
  0.08675226888458641  0.09882482636433836  0.11073827101042563  0.12222921175835082
  0.13296903310782471  0.14355613661869715  0.15412356289930901  0.16439661707483100
  0.17399569639427470  0.18318048373496693  0.19251051993932450  0.20212436828014979
  0.21223178379635033  0.22249071342677734  0.23333046489765891  0.24471146480480013
  0.25583120337738574  0.26702985371658366  0.27815962250923437  0.28929778718612009
  0.30042742671611361  0.31142351658068979  0.32235732830551128  0.33342155135175722
  0.34458696296268593  0.35584520692569704  0.36740391867077438  0.37912991950722674
  0.39076686501447983  0.40234903930869875  0.41384342645041794  0.42559310682120916
  0.43748236914555272  0.44931690439594957  0.46101573386926520  0.47197497044562620
  0.48263475343075812  0.49207578144852721  0.50237613478177801  0.51273162134781936
  0.52269161371221096  0.53194296291871956  0.54168329635481649  0.55126056258399403
  0.56047144626827494  0.56961071021598519  0.57888640054166352  0.58773967469073729
  0.59607393012794629  0.60480572630344853  0.61438692861957689  0.62400042243245712
  0.63337911340857611  0.64281962388322522  0.65332929187450473  0.66462074508730218
  0.67640585997996661  0.68827440581744193  0.69964607529124656  0.71029369404584342
  0.72030112032805660  0.73043952495428111  0.74042871270311428  0.75001868550078021
  0.75983444382477427  0.76972272963362143  0.78092865173086368  0.79188762076153596
  0.80201870644402773  0.81189184784119672  0.82192269809054275  0.83221686356680646
  0.84246951390996283  0.85223025905261685  0.86211646401796260  0.87220671881752332
  0.88299798831791876  0.89424055062096253  0.90614551723017189  0.91807143335212993
  0.93018191289888608  0.94119726956137806  0.95113870766316155  0.96072759214764258
  0.97025497457327936  0.98013953391108000  0.98976107137863190  1.00000000000000000
 -0.00272262677797043  0.00924659367626517  0.02013778154787095  0.03138405801354924
  0.04294431984149327  0.05452940300693777  0.06604192991629498  0.07732065170118244
  0.08801744111764619  0.09842314798374910  0.10923777123119370  0.12021737656342810
  0.13080138783559070  0.14102428170237266  0.15142581050294526  0.16247875975659146
  0.17354809756782397  0.18467189601427361  0.19581743674817356  0.20671307170529402
  0.21721295912935437  0.22788930848452282  0.23912108858938019  0.25024298416250323
  0.26067094529590579  0.27109621653191784  0.28195018300696434  0.29268123082511083
  0.30309859819955320  0.31324246737222877  0.32332662514503480  0.33368230058304144
  0.34375820520189115  0.35367983257989138  0.36255927555929285  0.37164880209080597
  0.38127415067895332  0.39094275088242075  0.40088404233601083  0.41093661029347234
  0.42141606554945049  0.43215704322115311  0.44228751134914207  0.45225740324462471
  0.46237445688252921  0.47288011229608301  0.48321815540189128  0.49337851523029957
  0.50381769347145111  0.51571974291933864  0.52706597895067908  0.53798920600953326
  0.54887259582424663  0.55996983828923141  0.57010745848704658  0.57970562252578806
  0.58988100423768952  0.60090214499783468  0.61142892132382110  0.62136223815450509
  0.63132048030774890  0.64181968229047381  0.65250723400415156  0.66308833898863417
  0.67337446858692662  0.68416274913292086  0.69507880780440001  0.70668738073015569
  0.71824944581225147  0.72987990561852312  0.74157601577271592  0.75288939648827680
  0.76377131952805943  0.77476581937154942  0.78612368834150903  0.79745139855407332
  0.80807835497817793  0.81904674088261009  0.82972558982889433  0.83962153533284323
  0.84907581564413215  0.85824114602844337  0.86748269862084582  0.87720712945618085
  0.88643490397701552  0.89541291323417904  0.90437192724036786  0.91330978531093965
  0.92239917489955681  0.93219307881450808  0.94291026554623858  0.95509931945352955
  0.96699247973652669  0.97819825034704688  0.98917899622347305  1.00000000000000000
   2.1606156287455432E-008  -1.0000000000000000     
 F F F F F F F F F F F F F F F F F F F F F F F F F F F F F F F F F F F F F F F F F F F F F F F F F F F F F F F F F F F F F F F F F F F F F F F F F F F F F F F F F F F F F F F F F F F F F F F F F F F F F F F F F F F F F F F F F F F F F F F F F F F F F F F F
  <DiscreteSampler_grid>
  grouped_processes
  1 # 1 for a reference and 2 for a running grid.
  10 # Attribute 'min_bin_probing_points' of the grid.
  1 # Attribute 'grid_mode' of the grid. 1=='default',2=='initialization'
  0.0000000000000000 # Attribute 'small_contrib_threshold' of the grid.
  0.5000000000000000 # Attribute 'damping_power' of the grid.
 # binID   n_entries weight   weight_sqr   abs_weight
    10   10   2.243121617922620E+004   1.551039261359879E+009   2.243121617922620E+004
    16   10   2.243121617922620E+004   1.551039261359880E+009   2.243121617922620E+004
  </DiscreteSampler_grid>
