  0.00923887700981641  0.01642896969065934  0.02569653859035570  0.03473245032060067
  0.04361723429348676  0.05234598703674202  0.06093291250207379  0.06958549135471398
  0.07820723529730338  0.08788308884634771  0.09812499899722005  0.10927440737685999
  0.12074567049039432  0.13108873746077351  0.14059651850612206  0.14992077444251983
  0.15896766153848838  0.16802196020598384  0.17697328972501850  0.18599993378654436
  0.19650508679866788  0.20675158810611977  0.21721062307483024  0.22756077251442502
  0.23871985475433832  0.25030777304762991  0.26036197397996064  0.27094807773035956
  0.28176285152697383  0.29265454596641405  0.30368645006725786  0.31474997785521924
  0.32617738767955234  0.33736528111591868  0.34886074733183187  0.36038233179794676
  0.37229467139006783  0.38389127816687246  0.39508602120360264  0.40564045102821578
  0.41598247362303281  0.42616083393006854  0.43664637186351779  0.44739955508685120
  0.45837144519270512  0.46931548060685951  0.47978837707799432  0.49035022563347258
  0.50103318974523758  0.51190379066125924  0.52281623264083699  0.53376382783161169
  0.54494909973393935  0.55631568148725463  0.56727441939356382  0.57745364051509640
  0.58801176718069514  0.59917792159389172  0.61001290482064319  0.62006759577552983
  0.63010086431015144  0.64045592833686416  0.65119498286760213  0.66225810960179643
  0.67400206074242430  0.68625261729966136  0.69774429912117475  0.70840828092278652
  0.71843070756013450  0.72835230196451484  0.73819428102187357  0.74816312924206541
  0.75854847413832283  0.76902383330442714  0.77976898464773625  0.79061049046631260
  0.80071597592563115  0.81086022525936008  0.82101480290621709  0.83140968312221497
  0.84131678784614494  0.85117732436003157  0.86174165231979527  0.87193939491492123
  0.88193445145449545  0.89173684368112172  0.90234313366310270  0.91359632349043940
  0.92541282038478268  0.93696564022519180  0.94801660361127105  0.95863910375097328
  0.96957130135656688  0.98045110445937267  0.99137011737888503  1.00000000000000000
  0.00962560550035770  0.01451278908632857  0.02261818395106337  0.03201649306430580
  0.04208067751001521  0.05211428327676930  0.06236802237807106  0.07324155191686604
  0.08380386272229449  0.09395264007128216  0.10404063021761192  0.11427789924943266
  0.12459698673567410  0.13479050650607374  0.14480902688044422  0.15465735680036410
  0.16452541755162947  0.17460543825816510  0.18511433300746008  0.19601098742286371
  0.20716052973572041  0.21832424649791546  0.22915041851553525  0.23939220508053408
  0.24953049360723129  0.25999902274878578  0.27046878170732597  0.28088630292519118
  0.29169275667827255  0.30322843694660223  0.31456476686528728  0.32522052654124828
  0.33565013705866203  0.34626432356010323  0.35714199431927690  0.36833338591771042
  0.37958895894171263  0.39072333536173282  0.40176217895903099  0.41268383353351312
  0.42318740076950029  0.43338195270364477  0.44419929945775877  0.45575822607675337
  0.46741707797981308  0.47865038451206260  0.48965956978448488  0.50027749471462002
  0.51055778051890044  0.52066204384580761  0.53073361281747700  0.54086837065496807
  0.55087433201947777  0.56091414241269255  0.57156744472169363  0.58276138450559256
  0.59375575024777494  0.60435705140967333  0.61464397905750157  0.62495285431029135
  0.63526721640748629  0.64556497983245575  0.65623475650042740  0.66732327364347455
  0.67794351460342550  0.68815739610811899  0.69767850476679394  0.70700089511116238
  0.71647717430693136  0.72611713778886933  0.73595891046717843  0.74596779383033307
  0.75661726742890245  0.76779376999889148  0.77881495581776816  0.78937550517522448
  0.79935121269076725  0.80939269454644747  0.82003559927635616  0.83114631307064846
  0.84172904776969248  0.85249493100596230  0.86371354322133975  0.87520679354017950
  0.88565638749840336  0.89582769784196958  0.90646941718249818  0.91710834848527434
  0.92793969107576690  0.93876561227689581  0.94947059141805745  0.96054287925741688
  0.97161643165225842  0.98204228242938474  0.99137522068068906  1.00000000000000000
  0.05650488555373048  0.05824159634658746  0.06038247642856080  0.06287968449588571
  0.06564237741135889  0.06955743549436946  0.07344085925035906  0.07723835793129342
  0.08111058259700758  0.08502172090525348  0.08904113502199872  0.09309796010872533
  0.09720986144151410  0.10157827252403298  0.10600875003707755  0.11045850801774035
  0.11504639122681345  0.11970969996468322  0.12444925107861186  0.12932853250347909
  0.13431702120298405  0.14013900928822678  0.14514446076110957  0.14855568310614450
  0.14921480316506772  0.15046881156190686  0.15164600558380370  0.15329059608841880
  0.15569678804097620  0.15811618625929844  0.16051070815965693  0.16290435360313316
  0.16529130629818303  0.16767727443799388  0.17008019240675404  0.17248304053258562
  0.17488625504653743  0.17729449443028106  0.17971483001744384  0.18214744700772081
  0.18460341092396076  0.18710061911269560  0.18964910271814553  0.19223046054290582
  0.19481487672541778  0.19739006681518084  0.19999428469271499  0.20264718822986236
  0.20535028715643072  0.20810163822276787  0.21088426737502078  0.21367083571824935
  0.21652130263972655  0.21943460364412989  0.22239353289562391  0.22538412711274464
  0.22837937066264780  0.23142353551105158  0.23448172977794038  0.23759730800886497
  0.24076608008486569  0.24401460785416337  0.24732012245218182  0.25067201185435523
  0.25409455625250005  0.25758005292142616  0.26109669922209844  0.26466891115641389
  0.26829557931608722  0.27196752214767306  0.27573941906130306  0.27960571683683139
  0.28361723837401537  0.28777329212315672  0.29204789965091443  0.29644613707249962
  0.30103792539698671  0.30578348352034429  0.31072600478578349  0.31590500789455772
  0.32131440011249224  0.32696028520038273  0.33293149176275727  0.33935792996682890
  0.34637094428946097  0.35395499174956158  0.36221101747785223  0.37145899057454818
  0.38196978454025876  0.39422296930777606  0.40908987606858921  0.42766408958867336
  0.45364120813618042  0.49458598271001836  0.58342501148352877  1.00000000000000000
 -0.00253775586242715  0.01143077988887232  0.02277335889230223  0.03383165398448498
  0.04501124502142522  0.05642505961164186  0.06767360321037467  0.07866701047969764
  0.09028153370644504  0.10246220246912843  0.11468941580136313  0.12691285865900118
  0.13908916973377691  0.15075412611732564  0.16152415638616976  0.17241874828920886
  0.18331518869046276  0.19388584596812669  0.20407490931479766  0.21473570590069499
  0.22591989017316444  0.23727168245518007  0.24824755370666313  0.25913731462421086
  0.27006793860933465  0.28120717682020840  0.29221345304048946  0.30233338572021035
  0.31182236832583932  0.32144177758690134  0.33125190145815808  0.34089994820931557
  0.35041935114438466  0.36080119457069548  0.37176524193798244  0.38248571913599272
  0.39272743188190157  0.40309384963715317  0.41421187735193871  0.42530457829323115
  0.43632933656990924  0.44670195980153499  0.45685833928711805  0.46635430985042692
  0.47595370786446511  0.48494635841175315  0.49402094610294189  0.50335259939183763
  0.51213929761854504  0.52076735447277145  0.52929600298991220  0.53756700048345463
  0.54582304086312827  0.55439525945008672  0.56313474332652369  0.57322976037274675
  0.58356037708722774  0.59332855048620436  0.60322528230023054  0.61318316420148555
  0.62362991300045323  0.63340781538587365  0.64293989896643322  0.65290650976433517
  0.66303541684696488  0.67296535386702983  0.68300249510434652  0.69352789767813372
  0.70438816110973490  0.71454657466909310  0.72490283039559433  0.73457091983801215
  0.74401172248027203  0.75338397505996557  0.76293925228056503  0.77264803291907236
  0.78248855907497883  0.79262472669885553  0.80396943474296789  0.81559580168776613
  0.82670695883070833  0.83718354777093362  0.84723333365917597  0.85739837989141199
  0.86802901226631723  0.87834622234528026  0.88960877422221873  0.90060751155375574
  0.91231682755649846  0.92364970314651451  0.93555274790660958  0.94828905216175785
  0.96120893318264977  0.97430110648910273  0.98712842215034757  1.00000000000000000
 -0.00278156263895000  0.01030077262878948  0.02191834130044469  0.03337475937055262
  0.04462594035219820  0.05480217026621212  0.06470890875230079  0.07476621767826386
  0.08523819342966359  0.09599530210012087  0.10720434005023841  0.11915781195406813
  0.13096398027377956  0.14208143303362863  0.15227309468726011  0.16209266250108639
  0.17198232665096008  0.18225247228759034  0.19274711085552657  0.20281981376759808
  0.21304249160960145  0.22310693586564678  0.23368032219969465  0.24457430454628834
  0.25493090531396073  0.26493870783517010  0.27499537429780252  0.28470552283263667
  0.29417315820098516  0.30328277470257192  0.31261023912377722  0.32242188565025170
  0.33188249783139384  0.34170187267875657  0.35134003743696318  0.36186486258237599
  0.37312957413742154  0.38453900143027864  0.39574694380544601  0.40482203836205083
  0.41453862048983509  0.42472462695406032  0.43507305058917056  0.44499893262998563
  0.45463090664661715  0.46454006107446144  0.47498507039100418  0.48538077960789316
  0.49577965601053453  0.50630745803952948  0.51704436501380391  0.52814689292749994
  0.53936010091733599  0.55023380537211319  0.56146064882599733  0.57176135284588592
  0.58192108615079563  0.59204465854295496  0.60223806769433230  0.61337226344723617
  0.62438680156954385  0.63589266177308756  0.64663776298745779  0.65729580283968436
  0.66769806644244112  0.67811831591106697  0.68900951115537923  0.70085244662117130
  0.71278730202710239  0.72309462094916932  0.73353296382131339  0.74368448463633563
  0.75420042673857901  0.76463886391360403  0.77595607651341958  0.78815038900926848
  0.80055842518357190  0.81198055242963385  0.82316983506280406  0.83427262762852505
  0.84591286504924490  0.85758988597382324  0.86936884435765038  0.88057458003762046
  0.89120428633848747  0.90127973276081141  0.91100624413155906  0.92121273579156837
  0.93171841240762221  0.94219492606690880  0.95268524945730293  0.96272764200000693
  0.97217250874832839  0.98114766749603721  0.99019491763919087  1.00000000000000000
 -0.00338786437402314  0.01281155181007894  0.02606717295339306  0.03873578902254703
  0.05085011743335505  0.06291659468049175  0.07541861322307668  0.08688163599341150
  0.09727950148217350  0.10738794625628838  0.11725672041643133  0.12697209026904313
  0.13658590949015353  0.14625295539370997  0.15740144777256609  0.16882435826279393
  0.18056946786739189  0.19148197771645759  0.20119571928606500  0.21146699307368508
  0.22140181638297396  0.23137113802112436  0.24054655995427127  0.25011995810416154
  0.25992251924663035  0.26942423569072377  0.27895509100363836  0.28897382531852855
  0.29971401291515842  0.31046911015163348  0.32069676140867004  0.33076033205404159
  0.34091706994323590  0.35087104868385882  0.36052896911973153  0.36986442030570216
  0.37912233043269494  0.38895395861945253  0.39891412494814255  0.40929716479204731
  0.41977388814244687  0.42969920551829871  0.43906601323225547  0.44799026912229473
  0.45712143791818549  0.46636562086619376  0.47588920700943338  0.48584986279055348
  0.49618036389064818  0.50636370041263623  0.51621080352050130  0.52616659245304109
  0.53653316504388548  0.54704773874934065  0.55743111122416733  0.56793649115402189
  0.57886437292834958  0.59008720787436120  0.60088955661380783  0.61128688561474065
  0.62174856191976036  0.63239854345995117  0.64333968798947827  0.65330244026346140
  0.66343956208347998  0.67307768770458098  0.68261805413270249  0.69234297707801451
  0.70167203765356700  0.71119846662393893  0.72066465604767882  0.73070559951218950
  0.74140631070739660  0.75214505908868323  0.76226401758057116  0.77262607032735331
  0.78315787263273651  0.79364763551711381  0.80391443320826128  0.81401727959682713
  0.82442884380549708  0.83491832511886244  0.84506989232978724  0.85543686357524273
  0.86632993535607195  0.87772636261159753  0.88901537356833371  0.90042675573003339
  0.91235261722220407  0.92488655512866957  0.93755158471094746  0.95003585841067795
  0.96248346780909044  0.97545682661185462  0.98790167209677981  1.00000000000000000
 -0.00286860416330167  0.01102929154809406  0.02229103589287486  0.03312497774859335
  0.04369190664463283  0.05334809690655802  0.06312099702129799  0.07297073993107504
  0.08258500935765212  0.09201874019855513  0.10140516600664828  0.11151569579417683
  0.12299095718879355  0.13465191901816936  0.14669137071324284  0.15802151748035592
  0.16878970199236953  0.17945663132836476  0.19043486932110248  0.20204768268980980
  0.21373617350753565  0.22498900599397575  0.23607204124609438  0.24678769789177699
  0.25768689905298853  0.26851363615443519  0.27880562947645737  0.28906793069542025
  0.29906148570149332  0.30901870733436487  0.31874387160789086  0.32851332386553639
  0.33933708348843283  0.35079733154870740  0.36278414506035483  0.37463004638519076
  0.38454609807252788  0.39431403544933502  0.40346556892102814  0.41236235539504557
  0.42107609519788936  0.42971572459406343  0.43880741666503298  0.44856678137226619
  0.45864955261465196  0.46914611266529094  0.47989623145320492  0.49053885299654937
  0.50076694992678539  0.51044543866767733  0.52003975708658001  0.52978981495050781
  0.53970645709744380  0.54941811970770049  0.55851109740958726  0.56826993274115223
  0.57863118034757832  0.58907774975505456  0.59938553287594998  0.60951930149998423
  0.61955076562531508  0.62955148139475314  0.63960700453561059  0.65053915985887589
  0.66210786124353993  0.67343050031502738  0.68414149653317868  0.69518840955154793
  0.70601415808449475  0.71600390277823034  0.72542441193047791  0.73518410649061738
  0.74535285917158367  0.75548931350584969  0.76527247147559752  0.77620070198409696
  0.78767528604963089  0.79940906098874975  0.81123244461358601  0.82353406551448050
  0.83561568838839217  0.84705113869100312  0.85802227110033225  0.86873040131951929
  0.87931421138551569  0.88977470334031983  0.90069156246187820  0.91234110513612410
  0.92352342711980795  0.93451799884879239  0.94474207685539469  0.95501385125432792
  0.96547849560218357  0.97693553976139225  0.98827414765598676  1.00000000000000000
 -0.00234208066978141  0.00931736672358465  0.01940867355118399  0.02973395611091798
  0.03978196217232005  0.05046420765775328  0.06179108094312394  0.07257902169354526
  0.08307631588460734  0.09317830286601997  0.10355828127009978  0.11382688049539733
  0.12388342897154912  0.13358592772044484  0.14299764061054396  0.15179604346844625
  0.16035268564965224  0.16936859464901444  0.17870819651554512  0.18817654514736037
  0.19799637023475111  0.20817702533086646  0.21902604740459472  0.22990353993624230
  0.24064857041196677  0.25175635393835744  0.26313659302602699  0.27445976590072502
  0.28566375540175531  0.29701891250997198  0.30858143330976873  0.31997397329867927
  0.33108957452694654  0.34243736505760203  0.35381693954296811  0.36472231917910042
  0.37567128673454586  0.38695916506576011  0.39807255523395907  0.40906048871011708
  0.42021120477981727  0.43119598929595626  0.44240224288180252  0.45350602859699823
  0.46486346443386090  0.47583468558848557  0.48694133361241165  0.49826365468412814
  0.50927974954609545  0.52038997595302972  0.53003559949945678  0.53944673819907574
  0.54831791923376227  0.55705705145744444  0.56632044924049085  0.57506553024322626
  0.58414166535908241  0.59383857877404755  0.60367555186467836  0.61355904510569959
  0.62352509028941538  0.63392289927916912  0.64428464163859300  0.65449819740743298
  0.66472920411961489  0.67494661573764159  0.68520800013196803  0.69580906431123635
  0.70706361265015205  0.71835981198309717  0.72958092150221621  0.74083599089390972
  0.75224596565237400  0.76309169470924354  0.77348541821490646  0.78399116885061293
  0.79438606074805607  0.80481907070555248  0.81511885867724376  0.82514966762803577
  0.83544409563352984  0.84587886065077400  0.85676971763639553  0.86734772168916385
  0.87809064402720216  0.88947637718524042  0.90121379785334488  0.91385177323923972
  0.92513944570756201  0.93564901638020881  0.94555479633709916  0.95548870109021200
  0.96597977471742980  0.97686837533444415  0.98841318726889160  1.00000000000000000
   2.2184694422645166E-008  -1.0000000000000000     
 F F F F F F F F F F F F F F F F F F F F F F F F F F F F F F F F F F F F F F F F F F F F F F F F F F F F F F F F F F F F F F F F F F F F F F F F F F F F F F F F F F F F F F F F F F F F F F F F F F F F F F F F F F F F F F F F F F F F F F F F F F F F F F F F
  <DiscreteSampler_grid>
  grouped_processes
  1 # 1 for a reference and 2 for a running grid.
  10 # Attribute 'min_bin_probing_points' of the grid.
  1 # Attribute 'grid_mode' of the grid. 1=='default',2=='initialization'
  0.0000000000000000 # Attribute 'small_contrib_threshold' of the grid.
  0.5000000000000000 # Attribute 'damping_power' of the grid.
 # binID   n_entries weight   weight_sqr   abs_weight
    10   10   6.052287102545814E+004   1.081700978025870E+010   6.052287102545814E+004
    16   10   6.052287102545812E+004   1.081700978025869E+010   6.052287102545812E+004
  </DiscreteSampler_grid>
