  0.00899907279416583  0.01613775826304617  0.02777297031521619  0.03950042092824330
  0.05117546306816295  0.06259218958711250  0.07419044473345539  0.08556556354090881
  0.09621779332390357  0.10703045024806154  0.11808659615381292  0.12934451263284188
  0.14038808307492293  0.15152640013178756  0.16248319282139914  0.17353204487391646
  0.18482471215171317  0.19612808597567799  0.20668280508316639  0.21638451515602258
  0.22597363186180675  0.23549464330960540  0.24491233663511039  0.25421597579867866
  0.26317707536461921  0.27183079410917194  0.28044555414307826  0.28967728013024485
  0.29945858553361959  0.30909888563427806  0.31879077445983978  0.32869012202221048
  0.33899519227891278  0.34963262404092893  0.36039109807098296  0.37103463656243141
  0.38107485218460413  0.39066743688221234  0.40049467330880151  0.41020811577862243
  0.41943731938296452  0.42842854554871235  0.43738322088195875  0.44699637392050073
  0.45615743967766376  0.46552823115066411  0.47512718399000520  0.48526058015489748
  0.49565784038714156  0.50601660719461516  0.51619531726984424  0.52609854975240544
  0.53610360093309906  0.54666071854506226  0.55773104740494173  0.56895063116954125
  0.58026979285068159  0.59204051766799271  0.60393215326384309  0.61487813675155256
  0.62563541970804193  0.63676507975496277  0.64777995202468908  0.65800114748906047
  0.66865404897014136  0.67985056051259851  0.69053250900736396  0.70049949816922974
  0.71101502477330913  0.72186791611061363  0.73227778069868765  0.74209059482827133
  0.75200643759133001  0.76246504882396771  0.77316561481262913  0.78369377864140932
  0.79387346481320142  0.80370521732994127  0.81371219534926065  0.82438433381253284
  0.83495865320548812  0.84544281207041427  0.85539764189033274  0.86513405529082832
  0.87479159140121998  0.88464547849281083  0.89420027737918828  0.90422014113410965
  0.91441590823461461  0.92543251474049915  0.93782679261232749  0.95023354501960988
  0.96281918383332532  0.97495765684173863  0.98735169761263775  1.00000000000000000
  0.00946975561444745  0.01533750611791577  0.02477195139673153  0.03606240412718461
  0.04724963792434630  0.05845727075888432  0.06852330824998258  0.07775249930011366
  0.08736162649547755  0.09749854326249104  0.10753745189194935  0.11717954165197680
  0.12715822486726866  0.13792892517937905  0.14861805170802334  0.15867789240808583
  0.16854320661082339  0.17841312066266715  0.18810350080306446  0.19792195376314017
  0.20816934752403460  0.21861329586134104  0.22884880695752025  0.23923001742347158
  0.25001862340611708  0.26106747030648786  0.27263104380333680  0.28493835738500334
  0.29712705950346985  0.30927225382747786  0.32135506264095182  0.33365861749340464
  0.34386967664292895  0.35429443706966607  0.36377447818605135  0.37336762157569964
  0.38241543119285848  0.39148363166998323  0.40135744515871424  0.41150990786195774
  0.42144352532304380  0.43200885408299355  0.44241239608920269  0.45262666772430171
  0.46280466997311770  0.47262357145319783  0.48219058517939939  0.49162781534550487
  0.50146147257316076  0.51173427953993289  0.52207766029428249  0.53242309735478999
  0.54249182445486477  0.55251196116175172  0.56252985342014472  0.57285416909513209
  0.58350170841985438  0.59393292093930716  0.60454351294316355  0.61570160652105954
  0.62705704411361740  0.63905546536738800  0.65123747818137656  0.66360273688022220
  0.67572616739258673  0.68724079357525114  0.69849101590568607  0.70986495895301460
  0.72170623941346312  0.73414553456695031  0.74656632114407551  0.75796627367377312
  0.76863217550725627  0.77911714525008524  0.78930313254210238  0.79924750068226069
  0.80880992219669645  0.81923746316293555  0.82972372813893014  0.83981795636693402
  0.84934429355280472  0.85950847707968292  0.87032080893099284  0.88059743162445447
  0.88982969316447880  0.89939808669140486  0.90921170950521324  0.91876548317198381
  0.92803906874891418  0.93749110984245276  0.94800418738356584  0.95878272026300648
  0.96943127580156729  0.97981585100327073  0.99136115219182153  1.00000000000000000
  0.05673471084635446  0.05994994456869122  0.06256905916811450  0.06537186023680991
  0.06925139174880297  0.07309424842428169  0.07687914935489222  0.08072976795101316
  0.08461382867846093  0.08859969505234208  0.09260855456289002  0.09664493821019240
  0.10087213853824985  0.10513897727017918  0.10942651435428349  0.11380294070332721
  0.11824390883831820  0.12284574140541167  0.12745075724809710  0.13210130909681156
  0.13763662802934554  0.14329868597115472  0.14835855114963273  0.14885148893537875
  0.14998766345725792  0.15120810625419057  0.15260447799028506  0.15471617589925801
  0.15710842859975244  0.15945912907401089  0.16183719774010447  0.16424577616707015
  0.16664557705423125  0.16902024966689785  0.17139146902481120  0.17376853107854207
  0.17616436013915357  0.17855237461474946  0.18097276744623542  0.18341255793689817
  0.18590199429175203  0.18841342284630994  0.19095820665608687  0.19353180126801725
  0.19610627356351007  0.19869376384120335  0.20132957164117984  0.20399262364959075
  0.20670261665171158  0.20944589681049128  0.21218333431534597  0.21493215596960999
  0.21774274044778083  0.22061714531893609  0.22353690032548273  0.22648271757285693
  0.22946080178677375  0.23249969155791775  0.23559553782077500  0.23871877268728336
  0.24187472741497371  0.24506958883220051  0.24832179037603486  0.25162232546458002
  0.25497152374893678  0.25838531684192900  0.26187946499496700  0.26542380735407428
  0.26900217095800411  0.27269423281045929  0.27647339742490523  0.28036243499369590
  0.28434600749197309  0.28847593217778983  0.29272441573111246  0.29709868865320127
  0.30168620680551900  0.30647607302840962  0.31146953525988408  0.31663327251250695
  0.32201064373522503  0.32772281766713574  0.33381239746860031  0.34025092213510139
  0.34716883672442445  0.35474911938846421  0.36308275345733859  0.37236309862496686
  0.38288899776363622  0.39526629866877161  0.41037055159288865  0.42926822563646450
  0.45615876009970263  0.49943433163312728  0.58447682973726134  1.00000000000000000
 -0.00291900038879900  0.01208493478738915  0.02340406159669007  0.03586550191264996
  0.04738998939139377  0.06001402238804616  0.07175153344306041  0.08365319812888278
  0.09497783094024953  0.10638018045997234  0.11733092101696938  0.12738410012755125
  0.13806702689275771  0.14900325392911445  0.16057625170587836  0.17228912989972936
  0.18359547764830522  0.19472113324691950  0.20575473907417199  0.21698767095727020
  0.22855587372395061  0.23949822906056661  0.25046517762793552  0.26147385566751868
  0.27220178206314044  0.28294406069973299  0.29370795372057434  0.30472431832437652
  0.31552520175784582  0.32601662980924878  0.33660847604009381  0.34746803618143696
  0.35818550751639827  0.36870757696277762  0.37948280712505589  0.39063592175611989
  0.40207372354776238  0.41354621178366280  0.42432466142557618  0.43449532139543962
  0.44464967138915107  0.45430132877903406  0.46397121146870635  0.47362002187978375
  0.48442032385719086  0.49618733642937785  0.50760192555788453  0.51895576320423931
  0.52922641550389171  0.53930008032960686  0.54917895100989589  0.55884721805452509
  0.56850313406579223  0.57832253664713729  0.58784037812677703  0.59691705024259056
  0.60583685679877342  0.61532565013281848  0.62498599911656971  0.63389124616756687
  0.64267315224542121  0.65238036739217231  0.66239076436918776  0.67215119773861587
  0.68133390554059936  0.69099737923412352  0.70085144537056643  0.71079178003954735
  0.72045707997907038  0.73045195475013480  0.74023150911409363  0.74987818749938207
  0.75963024211116625  0.76934056301161513  0.77865743735113113  0.78783174551784851
  0.79720456018676356  0.80712802844628662  0.81686466586310114  0.82680259130351597
  0.83666872982286900  0.84637437503016322  0.85638119505030108  0.86665858769249060
  0.87694440984051913  0.88740230176783352  0.89875624516941899  0.91065246581928527
  0.92185178669376255  0.93259116494566141  0.94358764271278894  0.95532201515313697
  0.96701063331644932  0.97816655211433667  0.98898240082125721  1.00000000000000000
 -0.00258040258562304  0.01020283513331684  0.02200104198165591  0.03371898490565253
  0.04594064487068830  0.05799813674731398  0.06941142060592670  0.07937433428877806
  0.08970926204509219  0.10021432785385184  0.11050184267276948  0.12010780453312767
  0.13001289106976607  0.13993475614999648  0.15003326234082628  0.15980489450437516
  0.17031746682962728  0.18194262349212376  0.19288512386722031  0.20273838427507479
  0.21257534678016576  0.22163624668190157  0.23155958212050709  0.24136112854824018
  0.25138891056841717  0.26213750490030585  0.27248491866441438  0.28401955643557625
  0.29563040134700119  0.30737519811150343  0.31882537104733677  0.32948271775294102
  0.34007967560917174  0.35100707613847548  0.36207685571114295  0.37348564730221551
  0.38503076891589866  0.39654065208289796  0.40788927517993079  0.41885137374150000
  0.42953669063001909  0.44023295566590875  0.45105614524484600  0.46179001321602342
  0.47224259931841955  0.48230271036458605  0.49207619884733056  0.50190450415931620
  0.51200224316006426  0.52216423851881877  0.53211942520930933  0.54234684315385029
  0.55297686913910049  0.56365147618751044  0.57422964144325672  0.58453631881530965
  0.59456228924779198  0.60472357487238981  0.61513291144792781  0.62534894793365359
  0.63558251372535657  0.64575549390763431  0.65645980975548479  0.66709389065585967
  0.67811613379687863  0.68927288600747483  0.70070522441442595  0.71190586073739626
  0.72286939119974358  0.73278796884304132  0.74230060765577899  0.75183785514283730
  0.76141135653047898  0.77094189017569226  0.78032673735045210  0.78976921926411803
  0.80085937086346504  0.81248647481184211  0.82322688777218556  0.83343334125880120
  0.84440107956810628  0.85504475588449624  0.86541767156916272  0.87593686131258786
  0.88717176608135129  0.89808832070181599  0.90821478345232498  0.91839986408646035
  0.92810808382344245  0.93828357709000487  0.94793669513175760  0.95738928841921966
  0.96752361947662213  0.97765440009959981  0.98885936721290413  1.00000000000000000
 -0.00248222445271202  0.01095826525982610  0.02170261936742061  0.03228768289665714
  0.04305777009437770  0.05462324818086247  0.06634988199097029  0.07785704824892299
  0.08978815868512516  0.10205982340275252  0.11306054325986993  0.12357941793697287
  0.13418150764094758  0.14485525103111099  0.15543758073690012  0.16612596756008602
  0.17706259048537160  0.18789141503160389  0.19838263487437627  0.20854779353829217
  0.21788734408149657  0.22682957355085695  0.23621980119240815  0.24595509974354871
  0.25580801814583159  0.26560129759622664  0.27573555248817772  0.28618036238939520
  0.29661557107018377  0.30704726348503053  0.31746394652600235  0.32801154000944066
  0.33881278449262897  0.34994932484803287  0.36103723328112813  0.37207893951017534
  0.38318348407908676  0.39421056067357729  0.40523464670646142  0.41589301972137782
  0.42538526990181608  0.43465487886249804  0.44448482042412391  0.45416555221024268
  0.46354673038431105  0.47238213027406772  0.48099789191134090  0.49011686028466672
  0.49971645133015952  0.50999032242241127  0.52038233310044180  0.52997962299515511
  0.53915407742910559  0.54866791548203198  0.55833093939215694  0.56758821651487856
  0.57626458413413273  0.58494120503584246  0.59380885496471181  0.60263558190001310
  0.61155997225923520  0.62047638826707174  0.63019590490222510  0.64072639264637865
  0.65143593280805356  0.66220535791959945  0.67264583847853054  0.68250675212238132
  0.69226023418163840  0.70199367161441839  0.71194453655151735  0.72211083682829291
  0.73254114695706984  0.74361567244198512  0.75512130839111136  0.76673654988714468
  0.77837844204995466  0.78963762520416758  0.80086004087941798  0.81228156894686909
  0.82384600309808109  0.83563632452396064  0.84701935105984238  0.85870855719018868
  0.87017217014488879  0.88106409742965319  0.89084256617124380  0.90131731257677128
  0.91319408868227547  0.92541739584755800  0.93715634174693874  0.94920516342792771
  0.96165865967933961  0.97417082164866753  0.98721887144052467  1.00000000000000000
 -0.00274232782051988  0.00981676215577237  0.02023485241523342  0.03038851854335314
  0.04047654021336832  0.05099666159489167  0.06113702301829050  0.07121141716127426
  0.08169140877749977  0.09291481469662217  0.10406635682670277  0.11475532500580991
  0.12512061085469783  0.13489694705787195  0.14524345992630119  0.15596684212657275
  0.16655755676607090  0.17696072481440156  0.18749864682936795  0.19868951447515909
  0.21008090389698664  0.22149342437765637  0.23269125525473527  0.24370592205160607
  0.25447198298544110  0.26508118385602741  0.27566362066798683  0.28650584225239684
  0.29700485795697890  0.30725950911918659  0.31754246209379089  0.32809055235829027
  0.33854270773436607  0.34901547156245788  0.35984547094134606  0.37052622046937900
  0.38110556962175912  0.39195593013770319  0.40207312516253718  0.41255827398320283
  0.42344869436666172  0.43551939314824034  0.44724968168834039  0.45887423445677544
  0.47028696852318219  0.48106387466660477  0.49127417905395965  0.50157030290628102
  0.51218349508182304  0.52283070995190606  0.53324691824318293  0.54360805621542618
  0.55414874127856861  0.56469197485980527  0.57483420178012090  0.58518471512306236
  0.59548328443019471  0.60599274096967926  0.61699253953262956  0.62825545696197083
  0.63964164088300302  0.65066164941018678  0.66154730244804116  0.67198138907727167
  0.68190620558253767  0.69148754804355872  0.70107039082894251  0.71083834653456257
  0.72041300993695223  0.73026766336989180  0.74051126000328771  0.75093561294385802
  0.76116897968760278  0.77154174758268623  0.78220758856217953  0.79249376423422102
  0.80256370240743213  0.81281569250045793  0.82445171897149172  0.83640351001763569
  0.84832768457518903  0.85979246974801926  0.87049027226635767  0.88080629617682593
  0.89097285357328071  0.90131148324247445  0.91177508485019176  0.92204638978646991
  0.93238794354430665  0.94246085720469441  0.95259458088569371  0.96237681928553820
  0.97170057668620435  0.98113782414699513  0.99062736451052580  1.00000000000000000
 -0.00184851867256345  0.00888020335452994  0.01838898437391998  0.02791054960850831
  0.03757746851552226  0.04744313373934523  0.05770126290499882  0.06777868952441438
  0.07772473366101197  0.08776815475684484  0.09840467392318822  0.10903907316140127
  0.11995390720116550  0.13122598586057879  0.14271993697930443  0.15384468887361949
  0.16445254509267271  0.17525290349052586  0.18554045783051601  0.19551434676134283
  0.20491330295227858  0.21437386873072439  0.22400397300929784  0.23389709770579675
  0.24404136471468993  0.25452756706086216  0.26552944773936243  0.27657887732045500
  0.28764042940061957  0.29911991933666554  0.31059009961405271  0.32163643809198150
  0.33217324630345957  0.34255182448949306  0.35315321274351091  0.36391048514507690
  0.37520720499041593  0.38584983529774103  0.39614366611337565  0.40692939724816501
  0.41793789325433123  0.42913729220949409  0.44011394727171166  0.45114697426248934
  0.46219791559837053  0.47360800540552034  0.48490553969176897  0.49683208118986938
  0.50687858894319338  0.51692896804964761  0.52657428261140848  0.53650691478023971
  0.54631757774280509  0.55625554042132153  0.56619577585228897  0.57658356001705380
  0.58684678045930261  0.59744580212449516  0.60774561598097421  0.61814071617901512
  0.62853268139533713  0.63909937007053041  0.65026673625680931  0.66110134104042129
  0.67208763086238166  0.68338291405106621  0.69378833501318748  0.70381997314731704
  0.71362779774679586  0.72320787560184485  0.73335420946764940  0.74369077844018794
  0.75430734206890782  0.76470597657849859  0.77474303736605821  0.78523756209898310
  0.79563181128280780  0.80564203265441348  0.81605083955370972  0.82585863926033731
  0.83551776690515678  0.84511396434030805  0.85482062021181004  0.86501282637446941
  0.87573975711770402  0.88741836191421786  0.89912498764738136  0.91000271436463098
  0.92112897860295040  0.93217531666075359  0.94357325836587314  0.95493332374098694
  0.96618661791254679  0.97730272249860373  0.98834788983715316  1.00000000000000000
   2.2077096952186142E-008  -1.0000000000000000     
 F F F F F F F F F F F F F F F F F F F F F F F F F F F F F F F F F F F F F F F F F F F F F F F F F F F F F F F F F F F F F F F F F F F F F F F F F F F F F F F F F F F F F F F F F F F F F F F F F F F F F F F F F F F F F F F F F F F F F F F F F F F F F F F F
  <DiscreteSampler_grid>
  grouped_processes
  1 # 1 for a reference and 2 for a running grid.
  10 # Attribute 'min_bin_probing_points' of the grid.
  1 # Attribute 'grid_mode' of the grid. 1=='default',2=='initialization'
  0.0000000000000000 # Attribute 'small_contrib_threshold' of the grid.
  0.5000000000000000 # Attribute 'damping_power' of the grid.
 # binID   n_entries weight   weight_sqr   abs_weight
    10   10   1.309242992519531E+004   7.655775703928704E+008   1.309242992519531E+004
    16   10   1.309242992519531E+004   7.655775703928704E+008   1.309242992519531E+004
  </DiscreteSampler_grid>
