  0.00893845710481330  0.01615731227580722  0.02667562921786130  0.03765864083800505
  0.04746373651998763  0.05647442715373190  0.06560890416561777  0.07503446416619304
  0.08470677593718350  0.09466412854767481  0.10459687141361387  0.11456874506000499
  0.12460083480939922  0.13423425083087498  0.14392002303478379  0.15386588093582174
  0.16429108431935874  0.17492956741821922  0.18566934123168027  0.19650865011536608
  0.20745604372031687  0.21717044701488858  0.22652879853739158  0.23665282112835867
  0.24743510262430893  0.25808750960443860  0.26800979974919109  0.27810007823145860
  0.28866624102783844  0.29916437818717989  0.30974208567087780  0.32058119681261904
  0.33154900755114569  0.34228201781554318  0.35277735031800367  0.36320085612833719
  0.37358074883264714  0.38396664572647399  0.39455277574001169  0.40509298439918184
  0.41560276537347440  0.42631844371288330  0.43755342443148798  0.44904044541607901
  0.45989044666778262  0.47045156818760753  0.48103792235184212  0.49134042912164189
  0.50199487855045077  0.51245533697536372  0.52302911642780459  0.53350065538716807
  0.54387775640250180  0.55431732150401780  0.56452416998767663  0.57479776736655375
  0.58518785173804966  0.59561650969015134  0.60633042512341651  0.61721280694919634
  0.62745078822286349  0.63702042834769002  0.64651789632296486  0.65592674931364781
  0.66516979313118663  0.67436150698377395  0.68330282425181010  0.69281338412007387
  0.70262519665875256  0.71341493096380548  0.72475071569147986  0.73573495535526912
  0.74643243353193300  0.75683059748468073  0.76675681105542615  0.77641389800066041
  0.78630855146276468  0.79673004857565699  0.80733386738390700  0.81755036995283537
  0.82753117892990746  0.83775800157059832  0.84828856745867010  0.85910067186372618
  0.86966305747825712  0.88043540368110607  0.89157504118226638  0.90302328470035109
  0.91485919815233308  0.92656254556917461  0.93804584932898349  0.94855588976601801
  0.95925262252620713  0.97040768104046371  0.98095704817395613  1.00000000000000000
  0.00895042920372746  0.01670562177364488  0.02700363288384423  0.03850537946861977
  0.04928481947195951  0.06023067184384070  0.07085155998037687  0.08150496267618021
  0.09260943774271374  0.10331788007550236  0.11366120025491630  0.12400116889389717
  0.13525362112871914  0.14679994246310099  0.15782007831598985  0.16846964329976924
  0.17909561092647033  0.18983289066477541  0.20072772268254843  0.21200110548645359
  0.22346719899160311  0.23507706825945604  0.24689485997177377  0.25864757991190340
  0.26996635802912289  0.28080970556785567  0.29108898135427763  0.30079529136773431
  0.31016984289483529  0.31934717948739244  0.32840793891859277  0.33721103706361283
  0.34604914635366324  0.35542135865780117  0.36520555758624051  0.37501504742460723
  0.38484472645414192  0.39487949544248174  0.40567099464036610  0.41664967945248221
  0.42742151506963960  0.43818177888227161  0.44797202490671850  0.45795008453867497
  0.46776085370820808  0.47760261905024798  0.48762437419948018  0.49835305656606793
  0.50894556003054514  0.51948780815206363  0.52997962127874432  0.54094676755142523
  0.55222963138239400  0.56305637930602714  0.57318858682885376  0.58306351450204263
  0.59345911317380962  0.60398442545308595  0.61427113081608231  0.62448182979610189
  0.63579243139430053  0.64693285350886220  0.65796777921211469  0.66837050934366571
  0.67876987694545721  0.68920087053354917  0.70052849100555037  0.71139693111342917
  0.72174123894174502  0.73283226419086755  0.74469465586615180  0.75560108999651332
  0.76552438319180249  0.77540883179756204  0.78496350691469541  0.79465238860851384
  0.80449021557894185  0.81489220918710259  0.82603863311128078  0.83651098950948388
  0.84672160504805638  0.85709129388442895  0.86831429001349991  0.87946043628279402
  0.89018908479205661  0.90033638993339271  0.91029192342572440  0.92026539149394471
  0.93039913389593665  0.94070016066138074  0.95032025058862224  0.96002624787489832
  0.97013266546428067  0.98011839765687447  0.99153582422515951  1.00000000000000000
  0.05757427910146357  0.05944556581882674  0.06183589324012152  0.06489312042023097
  0.06817754171536484  0.07167118203023301  0.07558926209637774  0.07945455393687333
  0.08330638710077448  0.08735033168840041  0.09143166191696503  0.09556177800571795
  0.09980022497896644  0.10410079239389049  0.10851706642617634  0.11298022220131261
  0.11749862816320344  0.12218985464465784  0.12687792917177601  0.13158463859464001
  0.13644590798853426  0.14166630808672592  0.14649871323677693  0.14874191726052355
  0.14959840088931511  0.15086887004752292  0.15206050293483836  0.15408951118093112
  0.15651892464473910  0.15892602209304427  0.16132983328898523  0.16373307261764733
  0.16612320944366810  0.16851431176775414  0.17089853027228613  0.17329998457613588
  0.17571984300002585  0.17815664573067863  0.18059801849823126  0.18305957357713701
  0.18555954584968620  0.18809030192486548  0.19064408072283792  0.19320391295468881
  0.19577468703595685  0.19835913572455968  0.20098541760131083  0.20365494681617588
  0.20635879973757709  0.20908724659230674  0.21184318832416221  0.21461740905646706
  0.21746174566474405  0.22033474456632707  0.22322569756256327  0.22614749435730344
  0.22912956886199706  0.23214759199697493  0.23526036349256058  0.23840595339531526
  0.24159980995091865  0.24484991672320439  0.24813385086941916  0.25146725917743301
  0.25488763239946571  0.25837578014488738  0.26192054275851201  0.26554463408197310
  0.26922711547215794  0.27296251505251734  0.27677670393475001  0.28068821385928672
  0.28471554031924129  0.28888722232327452  0.29315990535000941  0.29754614451427863
  0.30208081306465673  0.30681853130839659  0.31177035654409929  0.31695649110906438
  0.32238240780939437  0.32809259532401452  0.33412852209934824  0.34054317394608907
  0.34742674652767375  0.35495694765152186  0.36337545505292235  0.37267676252080267
  0.38313103988935598  0.39524927014648431  0.41024757862838079  0.42891774035582259
  0.45548133146582909  0.49832667678857367  0.58590109648894850  1.00000000000000000
 -0.00297516676280945  0.01169944602600867  0.02445836113446120  0.03695499927756103
  0.04988079506818343  0.06210601791878422  0.07404273295775388  0.08526417604873864
  0.09701167910065524  0.10826789619533615  0.11971168197060307  0.13083465162367627
  0.14143931255963621  0.15205200651780812  0.16284306474404139  0.17395758008930379
  0.18476190232442571  0.19552464849152132  0.20706912822499030  0.21835993944884133
  0.22973500595848567  0.24087460708940386  0.25229514063924441  0.26381886024070561
  0.27476144982073814  0.28503500689790223  0.29550850173814758  0.30628070540898544
  0.31667281454844393  0.32637628631186688  0.33613605941598179  0.34640283378443176
  0.35630757600501017  0.36591180102582654  0.37574699811836187  0.38580565309496029
  0.39532273305338284  0.40425968560145126  0.41332081068125659  0.42285523281522358
  0.43301645631006697  0.44293371085595801  0.45206064378231803  0.46115185887529120
  0.47039553846919796  0.47994876290447924  0.49008173432406521  0.50042856065943775
  0.51124089775048343  0.52175749515953807  0.53190531300907473  0.54161272195968058
  0.55097804697161779  0.56062184670210857  0.57097294034263146  0.58143494340825153
  0.59188013296219466  0.60193286055128425  0.61274565428922068  0.62375854869539893
  0.63408439699304686  0.64406478008452606  0.65379012644053103  0.66327952801308931
  0.67266985687999803  0.68199035101218364  0.69219075563637322  0.70305242356952991
  0.71360940099400616  0.72424025019806459  0.73536321750356626  0.74677270907650306
  0.75792483360207807  0.76886581959165345  0.78002791898253732  0.79119429362181626
  0.80163413659131899  0.81149097377318480  0.82143624569584073  0.83155001211516810
  0.84122705124365826  0.85054333451563791  0.85987350317323141  0.86920906961083655
  0.87872406924793200  0.88803803689884608  0.89774469889423736  0.90792664690865987
  0.91879410356284097  0.93058359428949811  0.94232371933975301  0.95362964822557772
  0.96508198275512747  0.97675436359678081  0.98845587463420448  1.00000000000000000
 -0.00224357317892179  0.00918981970500612  0.01863751683771967  0.02867742409022313
  0.03820934321406300  0.04792017308880019  0.05769227555991832  0.06758696888618307
  0.07714487045338618  0.08675200293932601  0.09619261791309233  0.10560950132684013
  0.11508541517797544  0.12465383504520909  0.13524509426952019  0.14670210758957394
  0.15852787895964993  0.16994091326292757  0.18108047699203508  0.19183590654741620
  0.20220246237641190  0.21221225295587937  0.22188524323288555  0.23159456090862862
  0.24108996288555459  0.25053264521560487  0.26071731866527764  0.27126540247596881
  0.28200020162060452  0.29280493253830381  0.30326815377721050  0.31360787871055690
  0.32278995748922845  0.33218818716920451  0.34204922474177157  0.35230449547410686
  0.36237678260394979  0.37241513083775962  0.38293819081933711  0.39361295351965520
  0.40371174964382112  0.41353155594627972  0.42374810779028399  0.43428720598107956
  0.44424287826385206  0.45358406842415383  0.46347177833813080  0.47435698167063589
  0.48572863480924222  0.49747689682989343  0.50998326490503065  0.52269787168995552
  0.53460649378602154  0.54594431353890760  0.55721988136843070  0.56883707438916609
  0.58064013165478334  0.59224615219107546  0.60356460323339167  0.61476210244578833
  0.62578232282398583  0.63691783197097451  0.64817692572160235  0.65959125862391488
  0.67085467819522249  0.68211905896686309  0.69350203491266726  0.70478447218266160
  0.71549671264220926  0.72567029130173188  0.73612972346375838  0.74661891201934427
  0.75736206149492391  0.76776345315302696  0.77838329943766660  0.78911096742088183
  0.80024266022490476  0.81151876683761004  0.82238826059207737  0.83326939449321658
  0.84413608031123810  0.85507188651489441  0.86596497259961136  0.87697087320186740
  0.88830841735585064  0.89951986987034938  0.91054555605044785  0.92106246747996512
  0.93071847284926490  0.94017549923699095  0.94984363079643575  0.95973717006959569
  0.96950194945150747  0.97911483914746478  0.98958336263110258  1.00000000000000000
 -0.00283494446675558  0.01154649599353356  0.02347650358221768  0.03532634662122722
  0.04684737804054401  0.05832269314618711  0.07038226915089020  0.08207290123919726
  0.09326274927284391  0.10395380141109818  0.11456474030743310  0.12572624133538599
  0.13720150493699110  0.14789090680740741  0.15848841761878515  0.16956340566085459
  0.18173020603424256  0.19367737910589711  0.20488706588581829  0.21577049613151053
  0.22623147461421331  0.23660570924897001  0.24708306123584084  0.25827156602911849
  0.26974067201115554  0.28096282110997500  0.29239076280542525  0.30392882716333780
  0.31514907543964582  0.32586023299844208  0.33650408148476307  0.34719805527556596
  0.35816002274827086  0.36904797491291175  0.37911202470875788  0.38869259685897001
  0.39857303263085903  0.40888623731465168  0.41894420440906321  0.42831911568407732
  0.43748870996232508  0.44696883121024406  0.45677549884474111  0.46675288186563219
  0.47675597496167366  0.48662737349425467  0.49645205284397598  0.50648373986184647
  0.51645996101280101  0.52614649233107180  0.53580745061936985  0.54547205906808915
  0.55522569526867127  0.56463786029382002  0.57344418853590373  0.58188991336106477
  0.59031070231334892  0.59888196350391132  0.60740983766961032  0.61578992500831686
  0.62408440466211212  0.63318334784203156  0.64231358175009712  0.65134007389478876
  0.66026079226825773  0.66960898940585145  0.68184555347399822  0.69320009872387400
  0.70469227537473833  0.71461023779200838  0.72429613090501443  0.73406312927828299
  0.74420564314776816  0.75470784812178782  0.76509542254688767  0.77586096904381752
  0.78661409482407174  0.79725941466433481  0.80800975558567512  0.81833219323671291
  0.82808049506523518  0.83799985500906193  0.84805275167261918  0.85852994015136630
  0.86888384945780683  0.88059026336549617  0.89348888396985460  0.90631566558045307
  0.91817557642264014  0.92999751902489802  0.94160683228759468  0.95388741750487127
  0.96576904223035875  0.97743242688721477  0.98871025316303185  1.00000000000000000
 -0.00304190714236136  0.01048044995894609  0.02166569076405159  0.03176284028263202
  0.04182676261832448  0.05180881266472640  0.06172147026930624  0.07104564874124555
  0.08033609439714634  0.09040557992655092  0.10027421709674754  0.10974793344350332
  0.11900460686752798  0.12845594872609803  0.13869948491635473  0.14887150325658230
  0.15903467048588979  0.16926204089260541  0.17988513886181040  0.19085320725493896
  0.20324084747666649  0.21497170445145497  0.22623810431023059  0.23761972841290988
  0.24908829073215119  0.26015829611101066  0.27062556240221008  0.28019369473330119
  0.28975447743781185  0.29927715724096504  0.30889091241210193  0.31847008975192853
  0.32795027130316851  0.33802310864833396  0.34852164692233778  0.35981075021571768
  0.37126857260234941  0.38290918588046358  0.39398799200338891  0.40359961740890826
  0.41337125631466454  0.42372846141926562  0.43399180149760969  0.44373712236531854
  0.45331132109357597  0.46356200602153208  0.47424416095643651  0.48413608938660935
  0.49343450819784285  0.50299687293617446  0.51251211176570666  0.52198661369075183
  0.53140598662737359  0.54096256783870500  0.55171906155875416  0.56270034686252557
  0.57318705342379550  0.58325747032484121  0.59328231293271405  0.60350912319490402
  0.61418062592951872  0.62532868982097256  0.63668284193782720  0.64838695187667084
  0.66018290115241074  0.67230024784671916  0.68387475751330795  0.69517984738052940
  0.70670079787847506  0.71859183342585364  0.73077684705676349  0.74321575942818796
  0.75563127769583083  0.76774796228077591  0.77844265683397962  0.78879848422356613
  0.79862934177287270  0.80848542543997415  0.81806372216422696  0.82774064717594875
  0.83816511468524357  0.84905953975089510  0.86103755037730756  0.87320538150912419
  0.88451995078769829  0.89543365102131345  0.90625769846420046  0.91707329300320595
  0.92712422995780530  0.93760361905772149  0.94818949996080149  0.95832493046164557
  0.96824724528315298  0.97817978838485731  0.98906931692918498  1.00000000000000000
 -0.00238657013106240  0.00904290044142630  0.01893235644289544  0.02964149224938558
  0.04057794687655610  0.05038908955891697  0.06028537846414959  0.06942940537675293
  0.07865841619056885  0.08801317489020832  0.09729100748242889  0.10661384363211332
  0.11677214762266325  0.12702385349879763  0.13820437756267434  0.14944334932705330
  0.16116481746800360  0.17355834593971348  0.18633952310122770  0.19887423944482710
  0.21098471093745841  0.22213148373104186  0.23300054807453222  0.24357228554921959
  0.25408376431290086  0.26422631621464038  0.27432661144728065  0.28518037955465803
  0.29658393139521561  0.30760048016668790  0.31806445764530111  0.32821464198742140
  0.33850257463875760  0.34931949455118544  0.36001102640565708  0.37055581696185469
  0.38090565001964150  0.39068166596794712  0.39976506289394254  0.40831521454834602
  0.41727576683625733  0.42703238147102235  0.43728172426946843  0.44766172395616383
  0.45824497214427040  0.46924963354909832  0.48062402020710587  0.49193784492750486
  0.50339042626372865  0.51544424450294912  0.52753172242061663  0.53966409965934647
  0.55060789667553400  0.56090589358012866  0.57100367010307640  0.58102066924021489
  0.59112872321057108  0.60107994856220348  0.61139154432007836  0.62186803938670443
  0.63245896617970088  0.64265399245299948  0.65349150152008761  0.66465929761908638
  0.67550152171635924  0.68631202832961491  0.69705446192671838  0.70757666828133170
  0.71757969793616616  0.72737092681238458  0.73788077209670133  0.74878008100610127
  0.75921748421820101  0.76913431779487695  0.77887129437452451  0.78855709226355375
  0.79836282408595260  0.80815319623889914  0.81830517692431481  0.82886081421252933
  0.83947932092311595  0.85091685501180014  0.86236079207027472  0.87412644148791019
  0.88580296966640759  0.89736108373795564  0.90860759330724583  0.91982092294667817
  0.93159953758299430  0.94218035046187254  0.95202399384602920  0.96196225981169559
  0.97180752373363388  0.98145438535571472  0.99049341935757806  1.00000000000000000
   2.1688464856895883E-008  -1.0000000000000000     
 F F F F F F F F F F F F F F F F F F F F F F F F F F F F F F F F F F F F F F F F F F F F F F F F F F F F F F F F F F F F F F F F F F F F F F F F F F F F F F F F F F F F F F F F F F F F F F F F F F F F F F F F F F F F F F F F F F F F F F F F F F F F F F F F
  <DiscreteSampler_grid>
  grouped_processes
  1 # 1 for a reference and 2 for a running grid.
  10 # Attribute 'min_bin_probing_points' of the grid.
  1 # Attribute 'grid_mode' of the grid. 1=='default',2=='initialization'
  0.0000000000000000 # Attribute 'small_contrib_threshold' of the grid.
  0.5000000000000000 # Attribute 'damping_power' of the grid.
 # binID   n_entries weight   weight_sqr   abs_weight
    10   10   2.959494356024193E+004   2.490748117675449E+009   2.959494356024193E+004
    16   10   2.959494356024193E+004   2.490748117675449E+009   2.959494356024193E+004
  </DiscreteSampler_grid>
