  0.00917866923219973  0.01631297284485373  0.02695859093993960  0.03875575489359313
  0.05009340302478425  0.06085132766458357  0.07197223935676289  0.08283805518973138
  0.09396737748468451  0.10475410950388274  0.11478567077446769  0.12502852206108386
  0.13492159438461235  0.14502092114218726  0.15546458240228891  0.16575184554169517
  0.17642871343808669  0.18713632952555059  0.19861027625724859  0.21052138885991437
  0.22232550001381796  0.23347839923700786  0.24447238486972300  0.25417195460167796
  0.26351189154105659  0.27294217832045103  0.28263671934078316  0.29209238546555716
  0.30070277327796896  0.30927405426582927  0.31855312681666381  0.32825106751786648
  0.33742971030659458  0.34653466655415344  0.35582624248690964  0.36572191284619715
  0.37536057990389010  0.38484364407500887  0.39429206938286099  0.40485218997948302
  0.41581490344392341  0.42640449142867087  0.43677637550117204  0.44719892061675370
  0.45798627241468065  0.46894640186767866  0.47976202124325457  0.49124529955645385
  0.50241177491741007  0.51329331680095613  0.52431073424607388  0.53495390980912338
  0.54527830964973267  0.55595565336409236  0.56645388151922871  0.57668922913506382
  0.58663352249611711  0.59650469271164597  0.60638752618675651  0.61602973919185700
  0.62572543122987900  0.63608952975998456  0.64681140363422951  0.65724148302965291
  0.66747252063926832  0.67775785404749445  0.68800380033748043  0.69799948666311862
  0.70783301499040674  0.71818474898415841  0.72880830486458292  0.74001876848589321
  0.75173682617174231  0.76393516959001206  0.77597696999317911  0.78779498714218288
  0.79947493174998618  0.81077204060532648  0.82051837107969572  0.83070979561496083
  0.84056314233962326  0.85072223612215503  0.86099227488021612  0.87115119110564887
  0.88162733379762348  0.89246671424556068  0.90307502302046272  0.91321813102407390
  0.92345502804045809  0.93390724107817935  0.94476687321850594  0.95522911259108045
  0.96624673876637135  0.97762371596367292  0.98884347435466891  1.00000000000000000
  0.00937027770880640  0.01514446863916512  0.02459652032247762  0.03600778821393545
  0.04706870278666324  0.05774142881724807  0.06788685445506810  0.07789825760119508
  0.08801742423758703  0.09787361329714725  0.10714595013826678  0.11620269726192858
  0.12535625397231601  0.13475599488424045  0.14402955591187014  0.15324019481077794
  0.16235766086599110  0.17183096529269862  0.18190455198878483  0.19250518454579799
  0.20353059601527909  0.21483293436653525  0.22608701864960110  0.23736154611694157
  0.24861858956327973  0.25971613161222368  0.27054008864867501  0.28099458384493581
  0.29099016405160427  0.30064766256353087  0.31031717211961229  0.32034187365404843
  0.33036074804167165  0.34015621157376813  0.35010243667349905  0.36039928196407933
  0.37103769865684944  0.38151589310688144  0.39217506653298478  0.40330552382033469
  0.41446676492857676  0.42520921008090384  0.43544438889611092  0.44526541307988898
  0.45511953585623555  0.46524008310387988  0.47507978812475415  0.48490494508219745
  0.49468185206661269  0.50529308728080102  0.51673915705988660  0.52813489693726989
  0.53927435489601561  0.55035893703490235  0.56182076038091988  0.57356772026572800
  0.58518886297339801  0.59689795468275642  0.60786757292851923  0.61879881335285125
  0.62939419175364120  0.64014099334005004  0.65067314360897388  0.66113126666994326
  0.67080587547310178  0.68044641370714587  0.69021167171236242  0.70060810046257638
  0.71097201308702329  0.72088749954424558  0.73053278201033855  0.74004741830646326
  0.74961891278519555  0.75926871319917677  0.76888324370943140  0.77820675067044121
  0.78744794662506679  0.79739649914560440  0.80777962771099487  0.81799346530632477
  0.82769258013887426  0.83815301190975111  0.84965414972952336  0.86092971825699349
  0.87197653909126549  0.88290514382555108  0.89383653901329874  0.90491738168098423
  0.91637934128215892  0.92806641406873502  0.93953039563339125  0.95034602468966556
  0.96072538454100365  0.97095054274647230  0.98181088401034766  1.00000000000000000
  0.05634962214574753  0.05896441053258165  0.06174027873870971  0.06468062687745955
  0.06778736977106811  0.07122000417086637  0.07513620471740041  0.07899373501741751
  0.08285572624261127  0.08687176448506530  0.09095785695145049  0.09511851732510326
  0.09932963935981076  0.10361565327340028  0.10809667113161807  0.11260287847011353
  0.11715263850876761  0.12194855013814160  0.12688897362736504  0.13193969335207234
  0.13685528030328639  0.14170942620341825  0.14613894261249949  0.14886185250358830
  0.14971322802494202  0.15101353504209777  0.15214679914686699  0.15440471631963987
  0.15678653370101595  0.15910393686272467  0.16143378267806519  0.16377684040820259
  0.16613685593213282  0.16852113530587864  0.17090601305498776  0.17329343076936615
  0.17568912360844705  0.17808769403050601  0.18050903788958886  0.18296013692089691
  0.18545227972705289  0.18797456086694625  0.19052087970551301  0.19308780362345962
  0.19568968285462801  0.19832066556727609  0.20095936770645065  0.20361214930850988
  0.20629187708138658  0.20901756436151422  0.21181442043337315  0.21465222848690527
  0.21752615572964026  0.22038849576069516  0.22326520927532270  0.22620244396735756
  0.22920649935229184  0.23225910391323415  0.23537315671920572  0.23852428133549017
  0.24168818778063825  0.24485991241807420  0.24810325673399061  0.25142619836720581
  0.25484062653820644  0.25832391151775630  0.26187763153153965  0.26551068792643462
  0.26919412387149083  0.27290067867623657  0.27665608153562116  0.28051602442722950
  0.28448498120187254  0.28857420414474588  0.29277654689263277  0.29715365794727877
  0.30172189184948744  0.30644414519767083  0.31130334770140711  0.31643192206421078
  0.32187906600751820  0.32756658481783724  0.33353395464821439  0.33991644498892271
  0.34684995397962876  0.35440816771099115  0.36273049079134650  0.37195867273908112
  0.38245138637952081  0.39454079385580981  0.40962848487104786  0.42833654666657683
  0.45457104291930767  0.49809097876229141  0.58342193408023524  1.00000000000000000
 -0.00246036284407310  0.01103992680225617  0.02232284213561616  0.03389396235064654
  0.04584144195784554  0.05820164810481118  0.07029204291100027  0.08203565539605608
  0.09382534466384580  0.10601416657862228  0.11854382890190211  0.13074912369768893
  0.14264291066880230  0.15447809959389444  0.16607773982237262  0.17750284865840893
  0.18853176753379453  0.20007395813692638  0.21131254662109661  0.22244393520691585
  0.23373096269068089  0.24525734993630596  0.25691719798258222  0.26807787434116537
  0.27857896749651972  0.28865301235689050  0.29849473663068293  0.30805306277454125
  0.31697981237961070  0.32528844348082037  0.33379155143016581  0.34263085413379096
  0.35159450101845940  0.36063368637510312  0.37018383698826701  0.38028357089324893
  0.39065785631752986  0.40078111652017201  0.41109033575472409  0.42174164896351268
  0.43230734250971847  0.44314364331630829  0.45389395463916876  0.46421789819111969
  0.47419110027790617  0.48392857143850876  0.49368418549583365  0.50350863739527163
  0.51315258278622922  0.52241701831766496  0.53131537675799556  0.54050499747555580
  0.55043373069412549  0.56068567490233279  0.57079823667608565  0.58084350634215998
  0.59132731079846879  0.60226867702841536  0.61334256036528079  0.62435024492913926
  0.63509120488821647  0.64541907783859709  0.65520117900108610  0.66448077207218781
  0.67375876895442854  0.68302292145120946  0.69220729413411086  0.70153476567614981
  0.71100685593393576  0.72047126513700299  0.72967264336988091  0.73921365185538457
  0.74919069449601672  0.75963759037837641  0.77035535739731498  0.78127276281376234
  0.79208605824086620  0.80229324870767749  0.81268342001253602  0.82357552368086173
  0.83405929861703554  0.84414682703892441  0.85465928765586130  0.86589390135258171
  0.87712130418509859  0.88792149705456613  0.89912902304573661  0.91097460120120421
  0.92260708837112526  0.93433188345476303  0.94672588509344424  0.95838071532314373
  0.96896164760420778  0.97904503529630393  0.98957669812615923  1.00000000000000000
 -0.00225202967083772  0.00906966357098797  0.01917704464952931  0.02919146071846134
  0.03926686076987632  0.04903383097250139  0.05838396236267891  0.06785699387959478
  0.07763848593880480  0.08802341613022657  0.09888761521961732  0.10964883125988789
  0.12116704405427017  0.13250631884172634  0.14375908559717349  0.15508376437190780
  0.16644805931138987  0.17760008385341283  0.18890155813448251  0.19994359338378051
  0.21084253511658324  0.22068876088869510  0.23069998378646728  0.24077583849380191
  0.25137168710510405  0.26272816564128737  0.27320496532404553  0.28427679536902478
  0.29531977159551687  0.30755292784222865  0.31863188740993870  0.32865750695947471
  0.33929161007135566  0.35036254205654888  0.36312359964759805  0.37504947476334760
  0.38520732498908788  0.39483684903211191  0.40462487816937104  0.41435854164394254
  0.42392289898737712  0.43361652928124861  0.44362192194196332  0.45418191958189513
  0.46434193456042266  0.47497089337953535  0.48588796370057818  0.49685937862753554
  0.50756991743923008  0.51808833639567786  0.52896007927376043  0.53991055760608464
  0.55099391298056122  0.56106520835084872  0.57226446395781971  0.58332688688878220
  0.59480562667454673  0.60607260116972894  0.61721955196833078  0.62760127033771373
  0.63726115496923597  0.64678376742116916  0.65629695549423572  0.66570301373871343
  0.67461015893213694  0.68322495724806587  0.69198286068951087  0.70191281576935705
  0.71158592394978004  0.72108228323414447  0.73071737178809537  0.74102796393041404
  0.75159033201919645  0.76175683334065492  0.77234146901063006  0.78272933611244488
  0.79314479385324932  0.80337951546454955  0.81349943821960202  0.82363636833391152
  0.83378075816246189  0.84480756116097444  0.85622097625640825  0.86764599000895293
  0.87846851082991662  0.88894850144869986  0.89967196692990592  0.91037494450245982
  0.92082173091475428  0.93107993779165599  0.94170675523225467  0.95230678432337312
  0.96309682506115524  0.97402146253696120  0.98664570800151552  1.00000000000000000
 -0.00212695839476855  0.00922626625570105  0.01871536989747417  0.02915289114774030
  0.04040205451756898  0.05163317455289687  0.06258110090460663  0.07337425674457997
  0.08402317577621184  0.09416674841090583  0.10411976338314798  0.11429899272853816
  0.12479204748502637  0.13552268965766476  0.14636199964904306  0.15769002695576223
  0.16908084556051114  0.18047060681516741  0.19177830461413634  0.20326777639788546
  0.21495006668862382  0.22635531614640661  0.23759582958204586  0.24825756391641271
  0.25833794034547714  0.26819590783651254  0.27786645681698979  0.28801283898278107
  0.29849137715055801  0.30847531250648735  0.31813595219066521  0.32758855563307004
  0.33712112113737402  0.34692347666628220  0.35700593255578061  0.36750098001005332
  0.37817191326470728  0.38857483628705647  0.39875251908480425  0.40838555771796742
  0.41802859012983679  0.42768602467390660  0.43775136744475379  0.44812641504940648
  0.45871319783625880  0.46959082433655625  0.48025179251634970  0.49019759480293323
  0.49969648700460245  0.50894848640906465  0.51845863419126736  0.52755984672740419
  0.53666911565380959  0.54552762637502095  0.55440161337120120  0.56351176343981801
  0.57293961294388362  0.58250946454419417  0.59233028961471046  0.60230323237442640
  0.61281908430469800  0.62349931849943729  0.63341153527275273  0.64314208607030821
  0.65257771893293126  0.66169490710757728  0.67102794661466991  0.68048827554384228
  0.69028335940300267  0.70063917247184360  0.71119258696683363  0.72178211600251130
  0.73274812987436366  0.74361633757521106  0.75361236144405608  0.76295582976025200
  0.77269358373682673  0.78271567291389832  0.79301052529761951  0.80310465298058642
  0.81370068937721374  0.82560348951215168  0.83785489772846733  0.85004458584527243
  0.86259260625954159  0.87508742018368424  0.88715387698107040  0.89881873896804487
  0.91070629336604947  0.92333152401144103  0.93624975553927658  0.94936596948288909
  0.96227650056880887  0.97507674219618667  0.98761431728390980  1.00000000000000000
 -0.00270483121558855  0.01021246455310210  0.02058708392889834  0.03104229849700482
  0.04130732524056531  0.05141848118453269  0.06169770850031301  0.07189992567624863
  0.08270696346448418  0.09298522116729578  0.10327885938238020  0.11398325581060718
  0.12445464451542289  0.13505787118877824  0.14551562341166061  0.15688451419555777
  0.16853190089174588  0.17989916702382644  0.19130930055440931  0.20253161069723993
  0.21374541961843951  0.22496231580410059  0.23609245552332536  0.24708374301395833
  0.25825514504779756  0.26976568430835907  0.28150430536237547  0.29311222487013039
  0.30463106404335660  0.31550147636320008  0.32598337810959560  0.33582500485469075
  0.34520382935674176  0.35448132067012705  0.36374892584271662  0.37328165638920940
  0.38321402587249653  0.39316109028647694  0.40371697252141198  0.41456074326305353
  0.42491566538170578  0.43521777566154285  0.44528174646827628  0.45564320407036063
  0.46557009695939028  0.47580790300046644  0.48584318781030711  0.49612851014035664
  0.50651519225920238  0.51723673694460348  0.52739776124040516  0.53724004988959695
  0.54719258324304088  0.55808848393499988  0.56936041998856546  0.58126746797634443
  0.59298456316732007  0.60461063963905948  0.61472959418702766  0.62518831711072531
  0.63570930119028279  0.64627653981454880  0.65662045917384915  0.66685633070358941
  0.67759461515700015  0.68838012258356418  0.69902215219587027  0.70973996784192828
  0.72015652118834828  0.73041706217754632  0.74083535592289740  0.75155040320958255
  0.76229776733747001  0.77301713832029317  0.78379435262903607  0.79451651426425629
  0.80485419911507394  0.81557670476355082  0.82677801699561926  0.83821254600285455
  0.84968364352948811  0.86052346689991399  0.87058595213253742  0.88037575873321405
  0.89027218754127979  0.90013992146845290  0.90991920120226910  0.92019032652777200
  0.93033945291225928  0.94026092765690417  0.95020320843913531  0.96010222901493880
  0.96987028060421421  0.97968433060919025  0.98977068458674100  1.00000000000000000
 -0.00216275111345374  0.00861073221006863  0.01747094899363711  0.02699857695669932
  0.03649365191925498  0.04606371053212550  0.05590948793280701  0.06646514089774395
  0.07777016774799130  0.08955243987604565  0.10074043102629553  0.11212906131574139
  0.12308983984356807  0.13419388343586380  0.14508478266510080  0.15640831906449726
  0.16783061129247559  0.17954049676925671  0.19082023971429640  0.20120033258051112
  0.21139356840293252  0.22056386019088228  0.22968421033550310  0.23885459877565854
  0.24839034128204249  0.25765065128657549  0.26664685948348898  0.27596160508302969
  0.28535352437679595  0.29468061489490854  0.30426940759845578  0.31445836408946559
  0.32539989387108836  0.33652192174627632  0.34762841539790845  0.35819533032039430
  0.36792934722995846  0.37750435105561858  0.38720820676166862  0.39725244080758759
  0.40704873389780294  0.41712616634716571  0.42781274120726626  0.43846655740172180
  0.44886210631005241  0.45933642577786371  0.47010611845133871  0.48073258823183235
  0.49100250276678620  0.50110405565075655  0.51124743176533050  0.52163629599730177
  0.53228360152534460  0.54317125871806626  0.55407016429095746  0.56480515255324137
  0.57545210684274473  0.58604853484487041  0.59649592441198784  0.60680849096602318
  0.61710700928353246  0.62720028247165038  0.63712591915384920  0.64738702976845230
  0.65837483853946377  0.66923923609492397  0.67971903650028720  0.69037048996102723
  0.70154475083013190  0.71306214016445590  0.72497300422672539  0.73708237459616477
  0.74894382441541674  0.76012040259007618  0.77107253463446113  0.78171031018006043
  0.79279379948162021  0.80404870656480176  0.81483264291563040  0.82556171915038912
  0.83656704525362680  0.84835515097738012  0.86013497492176227  0.87158897892583276
  0.88249959072751716  0.89252142714969529  0.90285776475318891  0.91315331504694985
  0.92385135146731878  0.93460005180642447  0.94594299633815382  0.95760609940960617
  0.96908118250494391  0.98023431788438986  0.99028017862448336  1.00000000000000000
   2.2133094961634408E-008  -1.0000000000000000     
 F F F F F F F F F F F F F F F F F F F F F F F F F F F F F F F F F F F F F F F F F F F F F F F F F F F F F F F F F F F F F F F F F F F F F F F F F F F F F F F F F F F F F F F F F F F F F F F F F F F F F F F F F F F F F F F F F F F F F F F F F F F F F F F F
  <DiscreteSampler_grid>
  grouped_processes
  1 # 1 for a reference and 2 for a running grid.
  10 # Attribute 'min_bin_probing_points' of the grid.
  1 # Attribute 'grid_mode' of the grid. 1=='default',2=='initialization'
  0.0000000000000000 # Attribute 'small_contrib_threshold' of the grid.
  0.5000000000000000 # Attribute 'damping_power' of the grid.
 # binID   n_entries weight   weight_sqr   abs_weight
    10   10   2.230281456704275E+004   1.226102373199295E+009   2.230281456704275E+004
    16   10   2.230281456704275E+004   1.226102373199294E+009   2.230281456704275E+004
  </DiscreteSampler_grid>
