  0.00891683486810962  0.01677339760096063  0.02755858826348415  0.03978744020366873
  0.05055634496016411  0.06189349930726440  0.07175245900817172  0.08234859337683385
  0.09224743182148580  0.10257459097075546  0.11319462014346755  0.12350180324420498
  0.13380159698777547  0.14408087508253514  0.15605856493972367  0.16816822103898743
  0.18006368542911211  0.19140393161678818  0.20251813321081477  0.21368656282603818
  0.22484417408585600  0.23606585315995876  0.24731401483126741  0.25851479626775065
  0.26915871631541455  0.27935501988041600  0.28941417750054188  0.29928806155813120
  0.30878606332314357  0.31848758372876668  0.32827801167523396  0.33841992706279750
  0.34876291622858713  0.35947074095883635  0.37033277215955629  0.38117457794130860
  0.39222034256754046  0.40308230927414962  0.41387267496876790  0.42444046122048723
  0.43483779072674572  0.44525442068074417  0.45573086524300949  0.46599356110881374
  0.47597759998197453  0.48561351408511011  0.49458223147872343  0.50378847709518071
  0.51317728096028714  0.52298232579664039  0.53284989320680365  0.54285872655559830
  0.55307279644458740  0.56356597663768349  0.57405218051277707  0.58458721226670929
  0.59495223441741452  0.60495898575021001  0.61452882618818849  0.62401636130340954
  0.63353669107634847  0.64295933402908834  0.65255594656049276  0.66219237668171915
  0.67206085258360759  0.68214214502761228  0.69238104505499076  0.70275419768901071
  0.71288543055912990  0.72272492166628421  0.73272073067062582  0.74296984830590340
  0.75315594166758815  0.76275069166047715  0.77234712776448455  0.78282477251506499
  0.79332870097217956  0.80340373041346647  0.81344648013102605  0.82369536323534531
  0.83412289293273245  0.84462862851570197  0.85551266670339676  0.86730332875825256
  0.87942884318529102  0.89122089611395738  0.90242342929612329  0.91281724479793458
  0.92328702958094078  0.93377046535173613  0.94454453836481189  0.95543989148199227
  0.96644637409525858  0.97768622120155468  0.98886544105756768  1.00000000000000000
  0.00964486055157923  0.01458015651995515  0.02305391387205914  0.03338488341632100
  0.04416396309215743  0.05487978343832408  0.06566142262033005  0.07684237670388713
  0.08802907070986647  0.09909668442571656  0.10965987554122041  0.11976036622891426
  0.13015936965938762  0.14108120296814619  0.15186793664147757  0.16224588281239391
  0.17224863713723104  0.18207678656820389  0.19202174441784539  0.20246004437513165
  0.21322814296504847  0.22400120456499314  0.23474739900826383  0.24567667918968897
  0.25688570843122693  0.26806256715235827  0.27876369811638180  0.28886579049124339
  0.29867848979976397  0.30845923845822465  0.31864313778382197  0.32869361168163874
  0.33860267581487941  0.34835248668248237  0.35849579657064029  0.36929302511738937
  0.38008755225036833  0.39040655469733937  0.40034577653020198  0.41001021265791954
  0.41971812659954050  0.42971040560663765  0.44016162085331001  0.45103516574008834
  0.46165175346174930  0.47173971042435803  0.48196899816141281  0.49240277903859486
  0.50332530867193093  0.51482903980259709  0.52647690261011260  0.53819870364072342
  0.54940013660708487  0.56050600077405466  0.57165935379090105  0.58241281289809399
  0.59313408557866520  0.60408450918483714  0.61534106401178090  0.62639504569043447
  0.63718355848065666  0.64769199529380983  0.65814425048872216  0.66834250542077300
  0.67850062458642124  0.68931351185582479  0.70027129980382130  0.71075658084535576
  0.72052802855677689  0.73017764351252057  0.73992664526406093  0.74970684070371607
  0.75995738641052046  0.77092308202429094  0.78277795471455280  0.79387895042518686
  0.80412925263327317  0.81438428975422428  0.82479214356406250  0.83472244587663003
  0.84461398711107727  0.85384079263986223  0.86536107404051865  0.87659879880321079
  0.88801567235373036  0.89913192670759712  0.91001789494273333  0.92079659823641957
  0.93210039319134441  0.94267545949070364  0.95328707021587233  0.96368523182694066
  0.97341324660745576  0.98313199120072947  0.99101247340388476  1.00000000000000000
  0.05715542260769121  0.05799083068425943  0.05991610989427444  0.06223463370997766
  0.06450949795752521  0.06836976432957230  0.07221870973948648  0.07594925661077367
  0.07975418133662757  0.08361329661941927  0.08781150187726627  0.09199890959110246
  0.09617396284368299  0.10060457588968626  0.10510314659368063  0.10966789383583679
  0.11433758315556064  0.11907748126034724  0.12398766973660023  0.12893187539455675
  0.13390809379553428  0.13913173318753785  0.14425882216598374  0.14855166147643381
  0.14913990933237181  0.15035140293235358  0.15154900009686650  0.15318654204571253
  0.15550277816471486  0.15791652455445337  0.16032076138482299  0.16274753174392881
  0.16518313929393513  0.16759464863627874  0.17002017642392578  0.17243733137816655
  0.17486296315376429  0.17728808268628690  0.17970377753921374  0.18212718706766529
  0.18458318581025249  0.18708453848822859  0.18961738476217091  0.19216825222652420
  0.19474754453433116  0.19736847072033245  0.20004268714618192  0.20277062409248037
  0.20551427779081760  0.20826842122702757  0.21104372884129788  0.21384087739752330
  0.21669535197010359  0.21961633825031446  0.22260029301224363  0.22560231255306212
  0.22860064390803422  0.23162321029021754  0.23471315133424364  0.23787651684487185
  0.24108418350164326  0.24431217248895917  0.24759866066451156  0.25094622059238214
  0.25436212059444224  0.25785041620264154  0.26139353994325754  0.26497415411845765
  0.26858392332948139  0.27226586544865783  0.27605161190819050  0.27994578747183896
  0.28396453608359618  0.28816452321771491  0.29251571053171016  0.29692500699561963
  0.30148059173780400  0.30622321487240439  0.31116186748423069  0.31629874571059996
  0.32168003668156231  0.32737819333905410  0.33344245865778127  0.33987361008417372
  0.34676292215280735  0.35434951860384184  0.36268683041430677  0.37189532594451541
  0.38222703661292184  0.39432339227645841  0.40913043413960715  0.42759694079951766
  0.45327784415370531  0.49462695531736750  0.58775197128628720  1.00000000000000000
 -0.00272492115908779  0.01087440338050657  0.02128122564817189  0.03274494448080494
  0.04398928025663613  0.05492408831468693  0.06664107247905335  0.07932748756784107
  0.09066287430354313  0.10145753149903688  0.11171161114358097  0.12158760825689281
  0.13113913713738792  0.14056393704613385  0.15061212996526829  0.16092749326751815
  0.17118435780881913  0.18176167491716627  0.19279717881367792  0.20453699227294311
  0.21569841823171201  0.22607183906024350  0.23644117464310302  0.24666932369817590
  0.25704068749765813  0.26743821022805148  0.27769950408204414  0.28785947311091126
  0.29793240461077330  0.30811397887782349  0.31847180684973758  0.32884159890797149
  0.33921868993474402  0.34979956034910398  0.36068295209388263  0.37148487586585183
  0.38135355963317852  0.39022621346120462  0.39982663083853082  0.40974487180107894
  0.41957512101905869  0.42886858540275852  0.43842436652141847  0.44870344782868726
  0.45977043441752713  0.47002765675447233  0.48049427611002871  0.49013040598105651
  0.50045526371153415  0.51135960568586147  0.52205502235655599  0.53234438876326684
  0.54229561422628803  0.55221053304381840  0.56220229492629936  0.57199830153655828
  0.58149388088817855  0.59057434512310347  0.59940868992306051  0.60835838788090857
  0.61773588421520120  0.62759412712361362  0.63768915598937514  0.64798286310462294
  0.65860896676094971  0.66984179042574321  0.68132701805712903  0.69230432443901269
  0.70278471778462470  0.71333886297340754  0.72432297685178682  0.73545196558244430
  0.74655593682989230  0.75804330604683734  0.76985752706708743  0.78158399920901001
  0.79321514675412919  0.80469555061806430  0.81563480668330712  0.82581478936417696
  0.83564510014715243  0.84564893977882249  0.85585500124361125  0.86603018869656645
  0.87660683659480920  0.88748067647416051  0.89867154652870618  0.91005350384044392
  0.92157657598440690  0.93274961868596074  0.94337400380434921  0.95401301350117684
  0.96495178272364601  0.97628984651754369  0.98798420520564501  1.00000000000000000
 -0.00251696547938507  0.00990620880938242  0.01991441180861161  0.03052811212754797
  0.04118420707222827  0.05148135913297411  0.06116333130685526  0.07167314604203404
  0.08199305934619947  0.09268508273208051  0.10380520948674370  0.11549255232574544
  0.12691151105381815  0.13752626960035502  0.14800346398244993  0.15820243729611130
  0.16843489309587534  0.17855931732146926  0.18913336589475999  0.19981098196381678
  0.21111639771611665  0.22280244685383990  0.23447157914081948  0.24565829257947286
  0.25628012780578296  0.26667451400634551  0.27768983199136565  0.28889429192103538
  0.29984378748167451  0.31025835179066075  0.32108686833287620  0.33169021225411199
  0.34131989494351050  0.35056386218404451  0.35999292709115410  0.36976481722881349
  0.37977759556626917  0.38943291288622744  0.39888112376029700  0.40936848770229095
  0.41981792537141543  0.42984914249980116  0.43977594511996199  0.44879961104602750
  0.45867319416905350  0.46888069814502781  0.47909157603109787  0.48913174260150688
  0.49923076647095277  0.51049701217657872  0.52178379307984324  0.53257475807572974
  0.54361993834660105  0.55452723718503161  0.56514517501963457  0.57559632384596637
  0.58589646074376112  0.59582305344063569  0.60574727921565519  0.61563658195917259
  0.62553144367941493  0.63508657441711136  0.64486435009991194  0.65513796818641434
  0.66615858338335843  0.67706868300115897  0.68806118019956242  0.69903032558472955
  0.70977110620119910  0.72009460974824369  0.73027889768816867  0.74052466581887710
  0.75069796860658167  0.76053345759611457  0.77002767430729213  0.77974018678605073
  0.78961499639940091  0.79988084135103388  0.81056730208345429  0.82195954248844405
  0.83361088100558844  0.84479973515918561  0.85598771234487803  0.86718979121310991
  0.87835101299456542  0.88903850095670478  0.89986222571682239  0.91161716706757367
  0.92354090534742994  0.93582341087914012  0.94707806804311534  0.95774091386606042
  0.96833569306456180  0.97905054751317022  0.98957849699410472  1.00000000000000000
 -0.00211314714908563  0.00954804926674448  0.01954899336675305  0.03024675984639344
  0.04097818364460513  0.05132323696909605  0.06209631762185602  0.07423060045087454
  0.08707575224636380  0.09955287443913932  0.11165494203600763  0.12330026158391484
  0.13453643569881271  0.14574495527155981  0.15718767267524592  0.16899312551899484
  0.18086126174922224  0.19176271065748077  0.20192056997540622  0.21187847667794729
  0.22164240378490407  0.23127763239763682  0.24068549250644394  0.25001908436387921
  0.25937340990208979  0.26891613222438382  0.27864394818407501  0.28889030679055266
  0.29927804378799755  0.30948332347503749  0.31923355035093809  0.32871800112680227
  0.33861315280083404  0.34900992604396763  0.35931590482390585  0.36937888525998713
  0.37941968446141910  0.38978580846606298  0.40001727107937146  0.40991560948438505
  0.41950657971406063  0.42963135176551098  0.43991110153212620  0.45039215282359835
  0.46113737320696691  0.47260534742432964  0.48400878553849741  0.49559387414042666
  0.50721770114294096  0.51850867657022004  0.52983223148011127  0.54106371763218797
  0.55208968846453410  0.56249495021644069  0.57220182574245959  0.58166120575542291
  0.59112448198984524  0.60074776084748260  0.61074289896669731  0.62105109777359724
  0.63139743968916384  0.64181328991630382  0.65265405978320723  0.66359497358678488
  0.67398762626819753  0.68401276234223840  0.69407309430784392  0.70453023367599732
  0.71492555617902043  0.72498834097510267  0.73472904048558341  0.74466372066258657
  0.75461267940999066  0.76489345691652277  0.77506377546438077  0.78575171824657852
  0.79675549464308248  0.80832376341241474  0.81950294786167732  0.83041714720453486
  0.84098523889857812  0.85141578709003507  0.86159541497158332  0.87181807978515147
  0.88242008098244951  0.89312935126798809  0.90368931855328261  0.91450492911477921
  0.92548784704859266  0.93628409831840487  0.94675101398020345  0.95727173626113993
  0.96798599179285538  0.97856596722887723  0.98925310547378131  1.00000000000000000
 -0.00205199835067599  0.00888444229942347  0.01809085203227484  0.02821330263280940
  0.03858341814930620  0.05008002702262848  0.06212126997801411  0.07349487312087992
  0.08455512448264177  0.09511118319795797  0.10539628020462272  0.11528336918509914
  0.12551773875396824  0.13588328154590260  0.14615703948247474  0.15660965778165847
  0.16712575391631654  0.17780347677488734  0.18861656920042014  0.19936871269186704
  0.21017559555189327  0.22066071435301354  0.23120323726460745  0.24202445547369617
  0.25253926554011952  0.26274173368341075  0.27290391833821714  0.28325092366413723
  0.29372546327563409  0.30403421158126737  0.31427004371568207  0.32467098094292529
  0.33501867382099620  0.34553783341309446  0.35670472874664416  0.36851369087011959
  0.38039531419047240  0.39204749090128266  0.40344169299576194  0.41438340608948421
  0.42502220318482570  0.43516403720977059  0.44465812014749329  0.45442276753889643
  0.46423200368730461  0.47394986402120470  0.48347991636734255  0.49310023642082018
  0.50304263507852998  0.51373452905246342  0.52475134059788120  0.53641871741197900
  0.54811182498157174  0.55956172871564513  0.57027353033472405  0.58121004808782362
  0.59201807067901191  0.60268298100242801  0.61303099958808116  0.62321049450729638
  0.63291494104389256  0.64236858803288166  0.65196179026786139  0.66138956239459168
  0.67086942891550894  0.68051813022835561  0.69037712404341378  0.70016360110368903
  0.71013186885252011  0.72049627721070442  0.73073003301077599  0.74048229015124944
  0.75072225456891817  0.76195862813378579  0.77299980963700010  0.78341510991076968
  0.79414509466491434  0.80529320179301789  0.81648898172476736  0.82730780392152270
  0.83869517271591587  0.85119520635908386  0.86342655243111333  0.87529196468670079
  0.88647809628014151  0.89765247092490563  0.90895596139241108  0.92044526963035345
  0.93154379685842814  0.94206575466701847  0.95247281609721179  0.96238628506746449
  0.97212542628869969  0.98146615445292928  0.99079753072711763  1.00000000000000000
 -0.00276981150556478  0.00964407082033628  0.02082310082787355  0.03154182825876882
  0.04231516648302047  0.05303743422483186  0.06397583716413423  0.07553818307655859
  0.08643666754327510  0.09640633360364463  0.10599653501713051  0.11550171053601985
  0.12497922871494942  0.13471242837564706  0.14403808588251926  0.15576302177323426
  0.16725933280385602  0.17831871953014980  0.18849998738172147  0.19931017189482736
  0.20990551459923204  0.22053834565928399  0.23076083813240247  0.24081417589607060
  0.25053432260602199  0.26054230870334866  0.27069687914323620  0.28132857463242811
  0.29178828125154821  0.30171890188100386  0.31153441166007362  0.32128776459438124
  0.33125707688400247  0.34106962690448867  0.35082299331149086  0.36068524612279951
  0.37125581100906901  0.38299232332010291  0.39495547230231759  0.40592931823113260
  0.41668447852182322  0.42766185066298934  0.43856141038746499  0.44900922611494654
  0.45949900805538052  0.47029489034570554  0.48121459448952525  0.49214653789974194
  0.50288228785530231  0.51310637118889935  0.52307896441379709  0.53343666006820945
  0.54409697739559859  0.55463973038223413  0.56527156555043256  0.57621163023418642
  0.58739941570659504  0.59838618591890835  0.60953552297367131  0.62084416172028067
  0.63171010465148303  0.64251024732414730  0.65363054191519632  0.66455141859912492
  0.67498240187288405  0.68501703667586544  0.69435927952109511  0.70324812286040683
  0.71219222903401724  0.72160821061726133  0.73166951233764710  0.74207033168671332
  0.75243718086387634  0.76295883132659537  0.77383441965568689  0.78521084344280379
  0.79610161526970535  0.80615993210537729  0.81605726611278906  0.82593392704662316
  0.83569579006701489  0.84507815385567786  0.85442427870876003  0.86437699124435075
  0.87484516052541295  0.88622431747508823  0.89788513328762531  0.90949437652133125
  0.92076447740695577  0.93169234525575539  0.94244715726905648  0.95353681291084424
  0.96506242686844146  0.97689998455197280  0.98848005044817788  1.00000000000000000
   2.2049776461432478E-008  -1.0000000000000000     
 F F F F F F F F F F F F F F F F F F F F F F F F F F F F F F F F F F F F F F F F F F F F F F F F F F F F F F F F F F F F F F F F F F F F F F F F F F F F F F F F F F F F F F F F F F F F F F F F F F F F F F F F F F F F F F F F F F F F F F F F F F F F F F F F
  <DiscreteSampler_grid>
  grouped_processes
  1 # 1 for a reference and 2 for a running grid.
  10 # Attribute 'min_bin_probing_points' of the grid.
  1 # Attribute 'grid_mode' of the grid. 1=='default',2=='initialization'
  0.0000000000000000 # Attribute 'small_contrib_threshold' of the grid.
  0.5000000000000000 # Attribute 'damping_power' of the grid.
 # binID   n_entries weight   weight_sqr   abs_weight
    10   10   7.890630515005266E+004   2.070475847137475E+010   7.890630515005266E+004
    16   10   7.890630515005268E+004   2.070475847137475E+010   7.890630515005268E+004
  </DiscreteSampler_grid>
