  0.00930630463081929  0.01585539617330715  0.02577842097756827  0.03602325447479607
  0.04615271014476970  0.05637754140332674  0.06657362676140188  0.07664825141180558
  0.08649015106679939  0.09606500417933367  0.10584978498500359  0.11610252816811635
  0.12626437682054908  0.13640454735041885  0.14654350172990477  0.15686329369377788
  0.16738823554334725  0.17804487174197114  0.18852708373396337  0.19881580826354525
  0.20891861296104028  0.21957856515705781  0.22978891517834754  0.24065582730725682
  0.25155754793171675  0.26208974579920086  0.27250185278649125  0.28262842717508807
  0.29261072563771556  0.30255482699048064  0.31255247674085562  0.32249190641289283
  0.33240125245485957  0.34267449491563490  0.35264178259962831  0.36166153396906414
  0.37061164773980382  0.37985616921929594  0.38978193996097393  0.39965852911257327
  0.40915639301492124  0.41866272493472090  0.42872849512815919  0.43865163459030809
  0.44872302834521038  0.45895146610501503  0.46956268210109187  0.48007047016007415
  0.49040994839527285  0.50080470965939361  0.51140173933891586  0.52202559885558053
  0.53242153884711763  0.54290996819252868  0.55385304344700892  0.56526406473216184
  0.57693785204927595  0.58869999284078955  0.60026998592920755  0.61138639054835331
  0.62231224877317159  0.63313912693820296  0.64401134274552885  0.65476866487328556
  0.66505063854383395  0.67510586053982669  0.68502614866169909  0.69530007374448088
  0.70600669193457743  0.71646310236949229  0.72653358406913415  0.73629630884192698
  0.74625340702934517  0.75634990150364179  0.76653711726515350  0.77680195084516823
  0.78744006850803339  0.79847779276196984  0.80988025690146404  0.82136260761844004
  0.83301549075335424  0.84478946004963307  0.85611948568649920  0.86690910243264641
  0.87756019903676807  0.88855284024946246  0.89958517540262872  0.91024532154164262
  0.92107276438515673  0.93200745156938525  0.94313237797928540  0.95423195723490128
  0.96570406658532404  0.97757607663576851  0.98880159507736143  1.00000000000000000
  0.00954170855359627  0.01491223821741194  0.02396526367598000  0.03539202289816561
  0.04669813362984880  0.05759385246567063  0.06766266136931047  0.07731282878822865
  0.08707529421865343  0.09734735845021700  0.10764229358104858  0.11789320507597058
  0.12849213964907594  0.13963415897056519  0.15094069874987681  0.16231151951575667
  0.17338890271370844  0.18410020847354905  0.19468953113498624  0.20532656463812632
  0.21579126827991735  0.22604102959869227  0.23613357681026631  0.24616774405790970
  0.25655690630751410  0.26671520321647535  0.27650077407874596  0.28563942286812860
  0.29489664321594888  0.30407693145352249  0.31327080596989754  0.32268918784978334
  0.33279395276057872  0.34401145684323098  0.35575113197110941  0.36728313335656204
  0.37858435098565829  0.38963396047211130  0.40054791860719530  0.41149097805194984
  0.42225187858819591  0.43316427301014915  0.44414648791797401  0.45510205407341392
  0.46587523314129908  0.47635025874188913  0.48645096551416700  0.49634511625439681
  0.50650918101272946  0.51704144723675260  0.52791084826932522  0.53871205102396913
  0.54944947134761168  0.56023535468750685  0.57134208070727810  0.58303057624294852
  0.59426545171802325  0.60518454794778376  0.61631899240028376  0.62725776624253848
  0.63841023442989753  0.64942968835507409  0.66062103987691345  0.67179422300340119
  0.68242800110638568  0.69324476946118785  0.70379299578936327  0.71517765873309180
  0.72581338666244932  0.73697128759853525  0.74836470081906292  0.75994062305115329
  0.77152657265013269  0.78314775295678174  0.79489570166184953  0.80685643228093007
  0.81900102664889163  0.83100846753666280  0.84220690865348102  0.85259854194624785
  0.86289031471231969  0.87302936036058931  0.88268579260455360  0.89195183458231264
  0.90101866017923748  0.90987031894535220  0.91856574154649984  0.92728947152036023
  0.93583720688825478  0.94516234537319654  0.95469236069284158  0.96399680745346350
  0.97345290850836907  0.98270345956332350  0.99127426454483070  1.00000000000000000
  0.05659437317170360  0.05829276308513776  0.06056078949513591  0.06315655717691290
  0.06591889503921027  0.06960754498331069  0.07345675058462213  0.07721883454076155
  0.08105048512616431  0.08494099534113111  0.08897339623409695  0.09301953984138914
  0.09705890733481717  0.10124519253367283  0.10550118634278868  0.10978378329667758
  0.11416579921338704  0.11863523467239630  0.12325530520547399  0.12794146120191502
  0.13270359880649552  0.13838143472608117  0.14382515975034488  0.14837024953997255
  0.14893725146888087  0.15016303086291102  0.15137674150220620  0.15284831042691899
  0.15513068322691409  0.15756618634085640  0.15994795328980357  0.16233936399900170
  0.16475387157276350  0.16719512309785328  0.16965135454105160  0.17210841730515875
  0.17454907281576512  0.17697583411324605  0.17939331474555631  0.18183185024501763
  0.18431410538727014  0.18686368791608604  0.18943632104241220  0.19205987028658411
  0.19472781314024579  0.19740270892872361  0.20007027535929314  0.20275691757705436
  0.20545376923568648  0.20819931149063589  0.21096896114616445  0.21378554882887804
  0.21664692177102085  0.21955350062854820  0.22250249670718752  0.22549484774588838
  0.22848847106198056  0.23150753249096323  0.23458437431774201  0.23770165296300949
  0.24086044023289077  0.24407136404618932  0.24733575084658802  0.25067266133181193
  0.25405642087290081  0.25748817684048952  0.26098467155327881  0.26455674510894706
  0.26818952756760361  0.27190435406771152  0.27572714072820931  0.27963321357772913
  0.28363192222802702  0.28776017033924456  0.29207558506723352  0.29653756925722796
  0.30116671433966108  0.30591138254330269  0.31084002345683065  0.31602552717148974
  0.32147069834911196  0.32718920513991717  0.33322402179776262  0.33963965125159346
  0.34654647636067276  0.35408593853138409  0.36247462367885969  0.37197296331251611
  0.38265870548147407  0.39488594577581509  0.41005869242791632  0.42887052810070575
  0.45558342533134194  0.49877083184215354  0.58552833447082753  1.00000000000000000
 -0.00328595730043067  0.01206167471955055  0.02404427763291443  0.03602384936590122
  0.04791751144035475  0.06055363323483150  0.07198235721783586  0.08384954109517843
  0.09650068601107294  0.10873738009087841  0.12042575970543386  0.13097948325926234
  0.14117795886457979  0.15118071283123610  0.16077749160109020  0.17058620947222181
  0.18074411374464044  0.19103546314637510  0.20230735354154528  0.21354850059926833
  0.22511098450705205  0.23610116140600965  0.24687194724623218  0.25713109391672823
  0.26696686850973844  0.27717807886133400  0.28771007346786459  0.29846833588094324
  0.30929093421118198  0.32001032176935529  0.33101937914266416  0.34121049962515132
  0.35130818237576050  0.36187922208749862  0.37267918614767492  0.38274041982564239
  0.39272426974784314  0.40242660285235649  0.41212498758157950  0.42154007340870547
  0.43074919442543963  0.43958386479724115  0.44837413190744974  0.45700353062774207
  0.46601714391594062  0.47571521495725172  0.48583686166259454  0.49614511706573355
  0.50644029511542721  0.51666166034818506  0.52704218995384144  0.53789591698458772
  0.54923958100599601  0.56062502510351331  0.57141519269629826  0.58150340915868215
  0.59112925839550245  0.60020154568242079  0.60927630136849176  0.61830624260918310
  0.62752486427604326  0.63690883138994336  0.64637467215056221  0.65596660124424089
  0.66561977785970650  0.67530144319851393  0.68488518223550410  0.69461322762362254
  0.70446504175961522  0.71431146098146925  0.72428652071015787  0.73465879312569582
  0.74545604898556561  0.75651584892291601  0.76733916447913664  0.77752181702286993
  0.78737725011589199  0.79727296397116121  0.80709607900528946  0.81686196079325846
  0.82619665204238191  0.83662978841461555  0.84859561619199897  0.86106961306299168
  0.87315369456151759  0.88425905593329179  0.89494614182456578  0.90582543554866901
  0.91691758658436051  0.92821226496186737  0.93968186859843472  0.95127100215909133
  0.96305707249629235  0.97516622003053122  0.98730465113460752  1.00000000000000000
 -0.00276350605362205  0.00999171042942351  0.02080396032054426  0.03148449048480043
  0.04205444247908389  0.05194939195184206  0.06154194462811969  0.07118130297727772
  0.08073990439754761  0.09077149635245926  0.10133550594660587  0.11275883030371051
  0.12479005384175541  0.13698814551840965  0.14865944367731504  0.15946914517282240
  0.17030521726287212  0.18093246511170308  0.19118439246406443  0.20146031398750819
  0.21228982510318725  0.22415955933501794  0.23594626279044517  0.24761545749540048
  0.25758812076578652  0.26707469684110985  0.27670670464316027  0.28576678894450452
  0.29494523078525070  0.30380165097465378  0.31265609408245237  0.32254409956682001
  0.33304609017032782  0.34360939793174405  0.35427928669960129  0.36539024647861706
  0.37645151541906569  0.38727766536890568  0.39838649741112947  0.40983688481658387
  0.42141226722884190  0.43274065146946378  0.44402660020583895  0.45487808265828078
  0.46520057753960870  0.47528071834963087  0.48553396405891081  0.49599130643926898
  0.50652007854063119  0.51738366684382453  0.52869583119579178  0.54019765045642532
  0.55155145362015623  0.56288567614696094  0.57467162132546612  0.58698332771758621
  0.59952541554792205  0.61189282737495465  0.62407026063607962  0.63596256742535517
  0.64725868532382635  0.65778384724262273  0.66808276131114674  0.67766072184390980
  0.68733953922131541  0.69658234061532998  0.70603796044858003  0.71508032343689776
  0.72393347579993317  0.73300894254751614  0.74247461455820429  0.75207111591149312
  0.76170648532800789  0.77093896663696460  0.77982738505445437  0.78870545396967540
  0.79777569856254593  0.80699924413235991  0.81644110671181525  0.82587323067656526
  0.83562394549603236  0.84581544888642368  0.85622801793966918  0.86718075000256323
  0.87902118873998869  0.89181717849636977  0.90408137516321985  0.91574834867366595
  0.92743696782090246  0.93842789136938065  0.94938265038039682  0.96008895443558306
  0.97083576356662771  0.98121809487374156  0.99071047575600957  1.00000000000000000
 -0.00271025429468733  0.01076294982589141  0.02232579043985296  0.03418268966030617
  0.04640068805425519  0.05754208830470196  0.06855166051698400  0.07920104799689212
  0.08993038365774607  0.10035630905637234  0.11113400342653225  0.12229568109508078
  0.13323646133035316  0.14416119137907066  0.15510042311680139  0.16567439695025232
  0.17552436923769885  0.18538552390871990  0.19569451942273272  0.20593005221092175
  0.21607628427065692  0.22642739487827626  0.23793067622183292  0.24967565602178549
  0.26082055851594765  0.27136330915785545  0.28146017187212707  0.29155370873868236
  0.30172968484615131  0.31162622932536005  0.32088698736178617  0.32981850649769212
  0.33910264029161813  0.34892233129339773  0.35888391633952793  0.36853509805753437
  0.37800758867716122  0.38768125929223302  0.39742750694574075  0.40707816301050004
  0.41673844764442958  0.42669189817701125  0.43679007660428570  0.44701499743526724
  0.45734267030394837  0.46735136663917742  0.47766599948452027  0.48745363391024293
  0.49686311495102259  0.50617050096917782  0.51543084642399006  0.52460133404863274
  0.53361592952805692  0.54260550506871585  0.55178837289255955  0.56102500936308608
  0.57015890614807807  0.57938331377831642  0.58860365199724163  0.59787840519584978
  0.60747256594417809  0.61721704688591095  0.62692628461441058  0.63710617710575523
  0.64809960815694057  0.65979457751206261  0.67135960592929389  0.68248300016251795
  0.69391727582139673  0.70522828841663310  0.71584061771921959  0.72634102430602721
  0.73730685418565434  0.74876092568927766  0.76066212614256434  0.77237781677147743
  0.78366777514088759  0.79442477705727188  0.80482216956530173  0.81541740866569457
  0.82592399442979769  0.83722972155115927  0.84887780567370508  0.86092190184222961
  0.87307778384758905  0.88531947800057564  0.89766789391380175  0.90996111368305088
  0.92208367199461683  0.93402174685035422  0.94569752084446779  0.95713200970804890
  0.96796508721392371  0.97832543493667590  0.98897927321510715  1.00000000000000000
 -0.00275714808074011  0.00970836256661363  0.02083722967280540  0.03142769666504894
  0.04175197437852521  0.05127749208763101  0.06050719551611833  0.06984855068687353
  0.07941116125184076  0.08959844366001699  0.09999518763433680  0.11097938935446576
  0.12215808057498570  0.13285117012212827  0.14325936923388785  0.15369232507544286
  0.16417017025049307  0.17463196205854589  0.18469146411704834  0.19409924235753828
  0.20315301583614168  0.21262532150561880  0.22235846847302279  0.23216836229452650
  0.24219348957909320  0.25238116518529785  0.26291857474456781  0.27359917917575272
  0.28489260034762198  0.29668153705173905  0.30885041088330240  0.32069713844758335
  0.33225123949188484  0.34326688866621641  0.35407284987745058  0.36529020004834789
  0.37732228879601720  0.38972935651694035  0.40125778149126007  0.41182805892448499
  0.42232465068957842  0.43327157906881836  0.44432146793293287  0.45508966126720513
  0.46598603748095874  0.47673342416480585  0.48729707518069038  0.49765772624187277
  0.50805661737572394  0.51849246927981829  0.52919187153182268  0.53991240719594114
  0.55075597358925177  0.56174993343119139  0.57335915188265607  0.58450547682796461
  0.59397865722279197  0.60324221834776970  0.61362890536454739  0.62440410363063470
  0.63485215708987808  0.64461230391958790  0.65469014387795355  0.66509714772889816
  0.67505523830311598  0.68557026990112468  0.69657601524719559  0.70823479394473055
  0.72008667330938003  0.73146371031291912  0.74242992560030763  0.75307084073870789
  0.76388104702856341  0.77407324400304423  0.78355899212269664  0.79294995051748463
  0.80245194738663894  0.81223465912378301  0.82196804246853961  0.83168418014897549
  0.84166503485199062  0.85165651904680018  0.86156118177199659  0.87191097182050759
  0.88272491873621517  0.89335902692496194  0.90337382367020591  0.91319519786923165
  0.92352651190986146  0.93359452318834679  0.94391948607455156  0.95424173359921349
  0.96496977074105206  0.97646353638206473  0.98780041189731860  1.00000000000000000
 -0.00173569923280317  0.00795917930096913  0.01625279506719500  0.02503345956655334
  0.03482589411779795  0.04503685045718069  0.05623897162309463  0.06779581444903600
  0.07949150766097958  0.09045228121563199  0.10068849305282634  0.11130236931057436
  0.12162460445453428  0.13182011310113997  0.14194834928323444  0.15284779628251163
  0.16437584853962961  0.17564743918596626  0.18635974044073231  0.19665954033186697
  0.20681897173713085  0.21757958711885755  0.22852230602474391  0.23927640753284674
  0.25004142249984301  0.26114397710965509  0.27223178434069850  0.28284042517993452
  0.29338996941138912  0.30418203242143332  0.31500377324466539  0.32579003570888809
  0.33650074918550466  0.34727330268107498  0.35816722190648098  0.36903273621286486
  0.38001962470413908  0.39135515124727605  0.40323969064539467  0.41512522252589928
  0.42622858079273751  0.43663338800534279  0.44678181732180505  0.45709134203316820
  0.46823266651966727  0.47968598855130529  0.49058040891812643  0.50078910710213187
  0.51081591084885924  0.52099998381007961  0.53112753137750968  0.54113473712816562
  0.55092429250893471  0.56087846434091915  0.57138406396612895  0.58204302709774591
  0.59231637100425716  0.60269081491758103  0.61306911311083989  0.62353104268727233
  0.63306539103835147  0.64231293079194529  0.65206890063688094  0.66209045712530101
  0.67224665390872784  0.68235958479591097  0.69281647720741824  0.70370621804185174
  0.71474784408616754  0.72602053674243516  0.73644875138826082  0.74697916092256422
  0.75704293990770499  0.76686704651997672  0.77697840630990811  0.78703827665298975
  0.79764728695875886  0.80870168939024489  0.82120392213086968  0.83379328524990703
  0.84617809669393351  0.85771170239401373  0.86881969895975486  0.87984034412265988
  0.89071607224483207  0.90077231012586401  0.91010136961199750  0.91986241599483642
  0.92958837110665649  0.93915844216211286  0.94854295370290809  0.95805583345125167
  0.96843847266981331  0.97876893850857061  0.98942054708139171  1.00000000000000000
   2.1969333726148597E-008  -1.0000000000000000     
 F F F F F F F F F F F F F F F F F F F F F F F F F F F F F F F F F F F F F F F F F F F F F F F F F F F F F F F F F F F F F F F F F F F F F F F F F F F F F F F F F F F F F F F F F F F F F F F F F F F F F F F F F F F F F F F F F F F F F F F F F F F F F F F F
  <DiscreteSampler_grid>
  grouped_processes
  1 # 1 for a reference and 2 for a running grid.
  10 # Attribute 'min_bin_probing_points' of the grid.
  1 # Attribute 'grid_mode' of the grid. 1=='default',2=='initialization'
  0.0000000000000000 # Attribute 'small_contrib_threshold' of the grid.
  0.5000000000000000 # Attribute 'damping_power' of the grid.
 # binID   n_entries weight   weight_sqr   abs_weight
    10   10   4.602541145250088E+004   8.784738710926838E+009   4.602541145250088E+004
    16   10   4.602541145250088E+004   8.784738710926838E+009   4.602541145250088E+004
  </DiscreteSampler_grid>
