  0.00918608266922395  0.01631856696783410  0.02554581619542981  0.03565156392194996
  0.04540346432118007  0.05510440367942252  0.06496348861846081  0.07499208050106285
  0.08512408663950273  0.09523439351413769  0.10539254846811780  0.11575363801466468
  0.12614236129491993  0.13654416975863176  0.14725124163955963  0.15853253955620084
  0.17009905587746774  0.18151424491600721  0.19283141433981588  0.20410952408908872
  0.21548035768691076  0.22687291957800984  0.23826961968927315  0.24940363518517300
  0.26029338060378693  0.27130959529162713  0.28251583577503864  0.29402549054056970
  0.30417541947580717  0.31426306687295869  0.32402347113673247  0.33385670216665803
  0.34374865956644907  0.35378212505432638  0.36446847063736415  0.37553559839115708
  0.38683556361950189  0.39852570820079958  0.40941244120018411  0.42049823001279785
  0.43158989525737868  0.44255769426437092  0.45374245807873448  0.46379378405939098
  0.47390636084999488  0.48338604864438173  0.49288598083143564  0.50277065392981346
  0.51262221815691800  0.52267112388715009  0.53310295270636576  0.54363336422242958
  0.55546026524716730  0.56698189172402647  0.57839075756622449  0.58942808159734428
  0.60041637914456447  0.61049951022295423  0.62020949803527514  0.63031285735095710
  0.64059249241857874  0.65084816740877816  0.66079474892029066  0.67170526295653965
  0.68318237737384546  0.69362561209863849  0.70347041084322204  0.71334655217953025
  0.72335552750225030  0.73296224310814406  0.74236924172030483  0.75189112563349025
  0.76250647658173032  0.77289260108564506  0.78401272976034020  0.79551953534003972
  0.80702273569376648  0.81816595913882328  0.82885891003041645  0.83916030225157023
  0.84904809139433379  0.85942231404653202  0.87027102712552062  0.88053253067525705
  0.89000152733119764  0.89999533574582458  0.91036879185975816  0.92068280447777284
  0.93088491011240826  0.94148843091386425  0.95193013296094153  0.96187473170535320
  0.97155250544396476  0.98166247235886750  0.99145998955106762  1.00000000000000000
  0.00967231215315787  0.01430384351345955  0.02234059148739140  0.03220383206798157
  0.04174344123608024  0.05046142739879050  0.05918760447307461  0.06801387741150615
  0.07674687945718929  0.08532632457247802  0.09373727526677594  0.10239014535600154
  0.11206207649481371  0.12193122715952309  0.13297935187026136  0.14385917398563064
  0.15457748185534348  0.16508907077627294  0.17446434727536983  0.18391112684795449
  0.19394435131726845  0.20438232557857561  0.21445728677570436  0.22431346274343045
  0.23486383125592172  0.24621320051733259  0.25624157424701721  0.26559648010990994
  0.27494635175516202  0.28413097701021273  0.29310230166928014  0.30209017212316636
  0.31195134288807302  0.32311538209126983  0.33481299131238718  0.34655634160475851
  0.35810783551253678  0.36940395871678589  0.38065979891783530  0.39223920066717466
  0.40425544388735540  0.41600375073672718  0.42714896286737802  0.43828084973857140
  0.44944330505381164  0.46045370802939700  0.47141335044216293  0.48281473742328018
  0.49420707454090090  0.50466069411521997  0.51436287671022307  0.52465815582585262
  0.53529015302751048  0.54617180805425281  0.55683084570217822  0.56783924483334769
  0.57901930569834115  0.58931943719275404  0.59959103992089358  0.61010571886224307
  0.62086464851185441  0.63089459048549335  0.64038262253624878  0.65031397704875993
  0.66054706372071548  0.67086526128602930  0.68069650474568899  0.69104193866398533
  0.70214053930481857  0.71308104281195217  0.72420285463520306  0.73536963999304017
  0.74702784727725147  0.75910327496311369  0.77112011976437589  0.78268170441767160
  0.79381118307837084  0.80492727389713681  0.81595744794865621  0.82692317594108056
  0.83772697975335264  0.84817674258804998  0.85827356382181796  0.86813534347415766
  0.87827251853033894  0.88889102849166857  0.89933781263397339  0.90993770589368261
  0.92061419417804724  0.93167738349333873  0.94249018142316465  0.95271945672225089
  0.96256386003542882  0.97200157698421541  0.98130454432534153  1.00000000000000000
  0.05760816819860724  0.05824042504986219  0.05989703046953334  0.06220424541331602
  0.06464477294305458  0.06823697424776894  0.07207471527124816  0.07575453894801677
  0.07950955743433658  0.08332611171639129  0.08738875588296260  0.09149032981085657
  0.09561824921197455  0.09996196842249870  0.10438787921904610  0.10881735909526230
  0.11334194247330287  0.11793997552831660  0.12269658252295976  0.12747437315528212
  0.13227256335963422  0.13791872093214735  0.14345846595925119  0.14836893075613880
  0.14886015568212679  0.15001195398077924  0.15123883719384451  0.15265504807100844
  0.15483115009077594  0.15727757750728968  0.15966895748696849  0.16207229439081872
  0.16447622639994616  0.16688424329550239  0.16930315948113969  0.17173794786743055
  0.17417854771678529  0.17660328960982760  0.17901403896518434  0.18142842228948744
  0.18386451657204189  0.18635439983679936  0.18884317026314382  0.19137339527390124
  0.19396668900427960  0.19661787962706567  0.19931393481535753  0.20202275983879006
  0.20472667688945953  0.20748070003155231  0.21028476554504280  0.21311197316270541
  0.21596355693768227  0.21883881858421844  0.22177015700597585  0.22477736622355129
  0.22783625953506326  0.23091957701661237  0.23402423309166351  0.23717226807022976
  0.24036087722525976  0.24359930270244820  0.24687150298699367  0.25018508280221691
  0.25357943429749097  0.25705096248655046  0.26056646752287760  0.26413831334212678
  0.26777181221087715  0.27146279866904216  0.27525369104094782  0.27914965777398032
  0.28313714254250405  0.28728660620837598  0.29156769631262652  0.29600563465519097
  0.30061059329401812  0.30538906737372307  0.31037878610426112  0.31559040688438550
  0.32100319018705376  0.32664344081061703  0.33265134973307914  0.33907525395872745
  0.34591651326765399  0.35336246850751923  0.36156584232301514  0.37075646496085640
  0.38121648368458488  0.39341724358782404  0.40819954667977276  0.42679112298843058
  0.45304438013012177  0.49441510954562501  0.58547407696237364  1.00000000000000000
 -0.00286286895835870  0.01129741957232260  0.02250056754671673  0.03420754029436988
  0.04632875187710486  0.05878088922560842  0.07137955300761466  0.08321952590334300
  0.09450023082294895  0.10558488251946813  0.11699661895223651  0.12757992471275903
  0.13808502586419855  0.14867174836881686  0.15942425014528161  0.17050064841449372
  0.18107526328326642  0.19156665026285080  0.20157547483930560  0.21186248862447454
  0.22185649124653134  0.23198806212244438  0.24212751690172818  0.25178378146778324
  0.26086209785339137  0.26975983670835457  0.27829123370126474  0.28692307283996865
  0.29596389137270956  0.30498881631755959  0.31393847355102794  0.32307942132727235
  0.33240237118041405  0.34252076549811683  0.35319119937677412  0.36356757917177879
  0.37342821741582616  0.38298878136629894  0.39275407112779609  0.40334421061183634
  0.41440381179227825  0.42528761708524188  0.43643765723218503  0.44743803408355937
  0.45874927277556599  0.46935942049381757  0.47989765912769439  0.49018833551845081
  0.50036782417399250  0.51018030984466556  0.51966514372520933  0.52891906852272730
  0.53831890027346874  0.54823336419455515  0.55814668328048456  0.56796417999425530
  0.57783044854269727  0.58816198356066329  0.59941004718597291  0.61050151141365172
  0.62078523774106664  0.63069268734232875  0.64029198900931983  0.64958143330386986
  0.65869333190776325  0.66837971519976613  0.67840041767416548  0.68825421573913570
  0.69782230825952574  0.70748487076351507  0.71776718926423544  0.72776010120463830
  0.73789878769191886  0.74831077185304418  0.76003867693261729  0.77206645212730785
  0.78369564825482529  0.79500178713974146  0.80630589465055647  0.81784111376263202
  0.82974856594705204  0.84173755401557382  0.85353642954722320  0.86496826076768529
  0.87618175704890933  0.88760731947019278  0.89929735415014833  0.91144078848135457
  0.92327854836488121  0.93468046890095635  0.94603840246262527  0.95700405372199526
  0.96730504301270437  0.97764249481685417  0.98860847740526814  1.00000000000000000
 -0.00318509526487440  0.01092187308814140  0.02224641062289579  0.03375874499234572
  0.04519944846760152  0.05676718429521827  0.06835800636356189  0.08012812327380643
  0.09203863466464250  0.10381439547776163  0.11558161092643991  0.12705299373429246
  0.13809053820700495  0.14902974456929663  0.16005647329675224  0.17185104874361179
  0.18401911223832976  0.19552153200151418  0.20681382010639307  0.21816083565465469
  0.22938346162730597  0.24000066166652850  0.25014195039933323  0.26009093849710135
  0.26979576087666313  0.27951826987524042  0.28938209023704708  0.29949600129344250
  0.30973486690545460  0.32026064314577196  0.33102289964957504  0.34210954535641147
  0.35319730977774799  0.36393038086897089  0.37433124356548581  0.38452407146728723
  0.39507695266434645  0.40604221371929311  0.41725257233320018  0.42791954423376877
  0.43815065136539527  0.44836455820777654  0.45881002484848860  0.46954142545124372
  0.48029067250617907  0.49035593060039501  0.50043608161593611  0.51021361761883621
  0.52003123582819433  0.52922049133687432  0.53867006677378715  0.54871994763065957
  0.55927056725888658  0.56936743042396509  0.57925719442602308  0.58931995334147635
  0.60008598601794860  0.61073080588749917  0.62145147544510626  0.63187760044470076
  0.64199026585667796  0.65187310189679570  0.66177002151647268  0.67191795709462199
  0.68223870213219517  0.69291835501942523  0.70469799049828863  0.71664944479400350
  0.72895415860645874  0.74057468661279602  0.75166548082427576  0.76233681466780756
  0.77297757309073234  0.78279696332600168  0.79284562165765771  0.80262225025916001
  0.81210007508690873  0.82067505292358878  0.82932037636569345  0.83864441044216786
  0.84853217548644022  0.85842726094205202  0.86786868139485684  0.87785830872062476
  0.88866232128614664  0.89872534578258645  0.90818257667865920  0.91812718618427636
  0.92881582437275123  0.93924380943972663  0.94922888219156787  0.95880257925065782
  0.96888801193583551  0.97891264245804166  0.98931615452174926  1.00000000000000000
 -0.00264096896623250  0.01108790643137152  0.02290313995037236  0.03518214881225012
  0.04756733730285066  0.05880868192370624  0.06942012967033025  0.07973857162470070
  0.09034957753992166  0.10112381792982028  0.11273137253022880  0.12449681531856784
  0.13675436969037735  0.14858326366317012  0.16035715315653593  0.17170059326903700
  0.18261703830290629  0.19367167100405189  0.20463105330273210  0.21554762343636927
  0.22620965569917581  0.23734318633766971  0.24862168207082913  0.25979933040345371
  0.27081802708355351  0.28195741454010004  0.29323581693946693  0.30436886300222454
  0.31486705551687666  0.32470042177243941  0.33434538325310986  0.34388496449468337
  0.35313419694467335  0.36278105980211589  0.37247766849746483  0.38249797731915020
  0.39245232216590475  0.40220726268084045  0.41186576294023924  0.42114653171415739
  0.42984472571867649  0.43848900513045697  0.44734815898500113  0.45647631238586833
  0.46611481675942257  0.47586936450928385  0.48623234203571125  0.49692286167496419
  0.50807760853873107  0.51894728474543217  0.52866586350197697  0.53775565582409102
  0.54739569993101245  0.55677642021051355  0.56587400574702174  0.57435415431431258
  0.58296277134888452  0.59357009920516757  0.60446909123766901  0.61546492952849430
  0.62656239895292731  0.63795170930922440  0.64916344467428355  0.65985917735920296
  0.66998695186490109  0.67995734575737099  0.69005086231348733  0.70028981702872550
  0.71060576705814504  0.72111932363353382  0.73201007002062213  0.74276531916393362
  0.75320332006850954  0.76340330078499619  0.77365743877037452  0.78362241179528946
  0.79327863759129391  0.80262693515378658  0.81196527692587472  0.82133845798359673
  0.83082250944985458  0.84092532808513198  0.85155644202800651  0.86299975302404908
  0.87484237952526445  0.88680516235627460  0.89892528514234427  0.91105673386356800
  0.92255115262716292  0.93375334317475511  0.94505682933399027  0.95646600750309851
  0.96779036345005032  0.97860001825697396  0.98940332248905538  1.00000000000000000
 -0.00311943380161139  0.01116927401725050  0.02211420554822661  0.03332133175727067
  0.04484445005348960  0.05687999467798603  0.06865960368194547  0.07981278475440631
  0.09081410609563267  0.10171224181380120  0.11222755293165346  0.12244150488138236
  0.13201908022155373  0.14136962941909484  0.15041957628186750  0.15938813071422028
  0.16862578883807261  0.17877133457488784  0.18943447741369071  0.20127326723721875
  0.21250285700968868  0.22286423158940191  0.23311932750585060  0.24301032224239663
  0.25255842848808374  0.26185330586659017  0.27131256624223543  0.28133505339736409
  0.29106827292893506  0.30108565563816936  0.31151212552058827  0.32270725476135581
  0.33396165530105976  0.34447027223482141  0.35533921443763822  0.36642515397275571
  0.37778781661244037  0.38854083923684585  0.39947135126165839  0.41068272601844424
  0.42176923256427129  0.43281885765121281  0.44377752413326244  0.45432691086829513
  0.46481575589843960  0.47504546057802460  0.48584778837712816  0.49703503549552608
  0.50861991895726699  0.52021728897614938  0.53013477445582746  0.54052678218009886
  0.55006843466550004  0.55946571494047415  0.56848568127826349  0.57747380075058496
  0.58717670269297717  0.59774006406773028  0.60868395985879109  0.61932581343846960
  0.63011782406640804  0.64088733421231436  0.65194371641632309  0.66330154093934879
  0.67496248774691880  0.68686653118738994  0.69799141367354745  0.70891958042669356
  0.71955190030697269  0.72931625094081409  0.73832883756682333  0.74721168713959141
  0.75676710932207614  0.76670501027581384  0.77667346163023387  0.78659423830015740
  0.79665634935410246  0.80706737750129787  0.81795656829188401  0.82912221736874425
  0.84043362113340692  0.85170469869853704  0.86314437773902863  0.87472117865158128
  0.88627424298766144  0.89769274186992443  0.90892261597992885  0.92007643380664517
  0.93132109509782457  0.94197181521085149  0.95177019846858679  0.96137859767876988
  0.97115726330727148  0.98090473006561341  0.99047806441914532  1.00000000000000000
 -0.00291383206752681  0.01108067811711391  0.02256763028733403  0.03437026861032547
  0.04545554582354606  0.05618534026287472  0.06685630237181550  0.07731314824445740
  0.08701952959717454  0.09606826473059540  0.10533773617209165  0.11550051695502261
  0.12590492538048181  0.13579923207661559  0.14544888547269533  0.15485981769017582
  0.16401938198554961  0.17309329751385522  0.18234809286675349  0.19191814505672725
  0.20172766194443539  0.21225218589086997  0.22376016536193369  0.23570379812445535
  0.24754917114131564  0.25941224615779623  0.27094690592929604  0.28141136228891184
  0.29147529477204681  0.30173501609479375  0.31260333279337782  0.32367998907296125
  0.33507262502431251  0.34666143488096834  0.35780586406139497  0.36851878240027464
  0.37881303596381022  0.38882860053130525  0.39875659659895690  0.40862549299143619
  0.41820630391541874  0.42720532396100047  0.43624566663381437  0.44630566886177270
  0.45658500910943578  0.46701977860480359  0.47751355713512716  0.48852465924629540
  0.49966467730223452  0.51061704009218056  0.52178999965784789  0.53287127646706300
  0.54354556187637693  0.55393446834813620  0.56419231752236854  0.57476251631696496
  0.58597828063153212  0.59763927967342179  0.60893908537861652  0.61972142189920520
  0.63033050681667924  0.64084580883363818  0.65159371257224519  0.66272326401704718
  0.67418869755930078  0.68605656371277457  0.69786818600640232  0.70942126879287115
  0.71993196910805302  0.73019575495004740  0.74003221844472977  0.75013942494462227
  0.76064842462644666  0.77114539589424147  0.78139540659166906  0.79117226675566521
  0.80118544186589635  0.81155096641324986  0.82186036679779395  0.83167868653801491
  0.84163805886334220  0.85145474611520966  0.86132324318625275  0.87138645952531113
  0.88163121056352800  0.89220773959863431  0.90240680893134506  0.91261691106512288
  0.92294551737776342  0.93359476883337855  0.94412267604840439  0.95491342625451370
  0.96604066409396017  0.97765907620644343  0.98879824285890316  1.00000000000000000
   2.2127893663177650E-008  -1.0000000000000000     
 F F F F F F F F F F F F F F F F F F F F F F F F F F F F F F F F F F F F F F F F F F F F F F F F F F F F F F F F F F F F F F F F F F F F F F F F F F F F F F F F F F F F F F F F F F F F F F F F F F F F F F F F F F F F F F F F F F F F F F F F F F F F F F F F
  <DiscreteSampler_grid>
  grouped_processes
  1 # 1 for a reference and 2 for a running grid.
  10 # Attribute 'min_bin_probing_points' of the grid.
  1 # Attribute 'grid_mode' of the grid. 1=='default',2=='initialization'
  0.0000000000000000 # Attribute 'small_contrib_threshold' of the grid.
  0.5000000000000000 # Attribute 'damping_power' of the grid.
 # binID   n_entries weight   weight_sqr   abs_weight
    10   10   5.359188214758241E+004   5.646154524114141E+009   5.359188214758241E+004
    16   10   5.359188214758241E+004   5.646154524114142E+009   5.359188214758241E+004
  </DiscreteSampler_grid>
