  0.00029021758969505  0.00034341161160975  0.00037063379894206  0.00040088952031675
  0.00043332730861267  0.00049233551219071  0.00068159984584148  0.00110538998949281
  0.00153093387606468  0.00189312646801697  0.00229561973221047  0.00272453743383620
  0.00320692162431238  0.00377326001399965  0.00446971553654819  0.00524357917900079
  0.00611531408807520  0.00713551323827092  0.00831990935961835  0.00966399035026922
  0.01124648834171883  0.01306218198077414  0.01511452256381183  0.01737763373548801
  0.02001616879116701  0.02310635077197800  0.02665431003562791  0.03052199634994123
  0.03455563864699116  0.03894687087077868  0.04384999549518879  0.04886959909038290
  0.05333418574042019  0.05687920102007769  0.05944362191716954  0.06122079507686842
  0.06247183479658489  0.06338907460973342  0.06408344328126921  0.06462599176125478
  0.06506687115915186  0.06543117747471247  0.06573621784933657  0.06600135899070797
  0.06623639147865082  0.06644337241923717  0.06662870053071135  0.06679948682698524
  0.06695875797009920  0.06710848638065084  0.06725055371977197  0.06738598616600720
  0.06751576602545237  0.06764232459377581  0.06776690184900651  0.06789025120848896
  0.06801368543676933  0.06813846808361984  0.06826545572120936  0.06839517687455758
  0.06852862037768649  0.06866827717627767  0.06881683497122594  0.06897333051632168
  0.06913965968693084  0.06931896615067393  0.06951906528982199  0.06974654060446532
  0.07000168217437502  0.07029307550813581  0.07062801140003933  0.07102289906633447
  0.07150175151107753  0.07209579522008890  0.07283672211418817  0.07380078567239684
  0.07507009723063675  0.07685013604633768  0.07962577219356019  0.08358348279252276
  0.08939068607637926  0.09777828456112790  0.10966643860346185  0.12542567516907654
  0.14575274724654300  0.17352196304899509  0.20907674412397853  0.25560362180706508
  0.31702097663969508  0.40310769995710893  0.50899556331768325  0.61159922125085509
  0.71088993322468941  0.81689112669419561  0.90367192515360450  1.00000000000000000
  0.00001463672902755  0.00003727937453504  0.00007099752353116  0.00010828631659123
  0.00014908098045278  0.00019516412542981  0.00025933676892475  0.00033702086349058
  0.00043147485003183  0.00055327426620165  0.00071471119281713  0.00092120008598862
  0.00118724252109812  0.00151951028635667  0.00191963474929025  0.00245316431603809
  0.00317118679575915  0.00411801963289363  0.00535638003657272  0.00706847891769936
  0.00945192270441052  0.01293976852968446  0.01808673330995991  0.02582991689278578
  0.03690179167467809  0.05069784594653468  0.06633612973987976  0.08309610071421789
  0.10052660849185821  0.11837213171120566  0.13639398109806145  0.15443834380234661
  0.17248756483217245  0.19059869833529011  0.20893294614588423  0.22718917930198107
  0.24511157211938239  0.26291010651511076  0.28080020933389765  0.29879828269514414
  0.31695846398528260  0.33522655550575725  0.35336379644283550  0.37129778754271431
  0.38915282220493419  0.40711661431515245  0.42486941537668077  0.44300357819604458
  0.46117511952687362  0.47914714970211175  0.49708361021437986  0.51486615244192480
  0.53259668064332011  0.55039013206390996  0.56821990056530780  0.58603166587932642
  0.60382449324021237  0.62160472342296591  0.63933480727064085  0.65709791536424556
  0.67466434776280382  0.69214248540885004  0.70961770101609001  0.72696832900226827
  0.74442297010793690  0.76178547679657105  0.77902327050030085  0.79619591438476789
  0.81327685338489908  0.83035497026137994  0.84718540284504296  0.86391798382276419
  0.88036455522943491  0.89612042216188248  0.91142645446207127  0.92610106309233398
  0.94004422805339805  0.95289602094982340  0.96405944146628197  0.97329099398892660
  0.98055175824168839  0.98596804423158269  0.98981869688907587  0.99257538757405783
  0.99460068754009856  0.99608869242562859  0.99718795991944331  0.99803238822646023
  0.99867573175240987  0.99913232826084242  0.99938747113738124  0.99955140409816901
  0.99967548202561274  0.99978507652025839  0.99989118529700594  1.00000000000000000
  0.00052380636510934  0.00083342375343420  0.00102164219959688  0.00119929813015155
  0.00138767594844876  0.00159537853978679  0.00182958623159006  0.00209348714022062
  0.00238602686837216  0.00270597739744474  0.00305370177361814  0.00343268696468262
  0.00384925127813262  0.00430561436257760  0.00479669417262316  0.00531089382125663
  0.00583313021546911  0.00635771721932519  0.00688227337953722  0.00740499930110285
  0.00793580347700843  0.00849103476149480  0.00907163234801818  0.00966448931568126
  0.01026525307507630  0.01088656968970458  0.01154891808316190  0.01224749786190164
  0.01296398145633408  0.01369732880370583  0.01445828733448988  0.01526300630017398
  0.01611130382358502  0.01700075283807661  0.01792888548127681  0.01889931905318900
  0.01989489381610188  0.02093336919729545  0.02197853014125385  0.02306181581049876
  0.02416059776170723  0.02534732232468674  0.02657753902765570  0.02790461474429163
  0.02930243551736551  0.03075002287444582  0.03226801649929234  0.03387510469358269
  0.03560085604308807  0.03740660111459172  0.03928230233057461  0.04130418848402401
  0.04331890988990796  0.04548061469339463  0.04770163519385456  0.05005368043761139
  0.05261447906161037  0.05526577974098779  0.05810661570122146  0.06103752778443422
  0.06405145388884084  0.06712501516728672  0.07036918253238170  0.07387017318116718
  0.07757876155948140  0.08149648346908354  0.08569560396904054  0.09014782017114803
  0.09480529975167326  0.09960069538209082  0.10467450286741882  0.11014348109546925
  0.11618487098227795  0.12265827860270467  0.12943572687933774  0.13665119124332215
  0.14456430591510105  0.15319817930334731  0.16254284065259866  0.17259384528419688
  0.18368555839028164  0.19573358304222027  0.20848477683668279  0.22192542451974495
  0.23637695710147333  0.25213934983178532  0.26906012115233041  0.28688770211939063
  0.30558997635737806  0.32596374852377069  0.34893569259331425  0.37569703634433177
  0.40773639730164751  0.45238270673237424  0.54813376899113753  1.00000000000000000
 -0.00220812272743854  0.00833624290425346  0.01762790797007176  0.02756153205879801
  0.03721357703550414  0.04668233262524360  0.05651955605833810  0.06569021760324646
  0.07503349254607365  0.08399884548266721  0.09299135282770812  0.10207907576489449
  0.11149571217989572  0.12103841196213741  0.13034378176110403  0.13957599247524707
  0.14908164899105139  0.15886569992129765  0.16892320279057488  0.17872119620739010
  0.18852695601712208  0.19823880110095543  0.20800246137907863  0.21768374884709285
  0.22723504141942738  0.23676408304268035  0.24662110403420204  0.25674467624917541
  0.26691844162237877  0.27701442485342792  0.28709826685434053  0.29728636017703297
  0.30748736385636588  0.31770010304315444  0.32850531954866036  0.33885248678144836
  0.34910717740279368  0.35942926881693338  0.36995193793508280  0.38078666992203503
  0.39153328489569039  0.40239371832054349  0.41347373004703830  0.42468116902827580
  0.43586693281310795  0.44687803408380344  0.45787800219780989  0.46913915585357296
  0.48029455400268595  0.49141911571464575  0.50242932126450368  0.51359063190316978
  0.52495113574011476  0.53609924226980943  0.54714161858825272  0.55808874583308898
  0.56914464988345670  0.58056823455168083  0.59209987056539637  0.60365811018191873
  0.61509308800678997  0.62687948109454439  0.63852908510953610  0.65002299516485351
  0.66093915430692629  0.67203043163569010  0.68326767369266062  0.69424245174327326
  0.70525906788171755  0.71623856768842842  0.72743491267105165  0.73842917033298261
  0.74961738103146480  0.76082312705056898  0.77179481131706662  0.78265578255742840
  0.79338105159464078  0.80436901722140275  0.81552362890971786  0.82667069478594724
  0.83781956463516483  0.84893799441545525  0.86030653087595554  0.87145749777964299
  0.88235586518118270  0.89307540931634377  0.90409639893931126  0.91495119096295174
  0.92606434004215399  0.93709267158526655  0.94770363055610496  0.95826351066368276
  0.96821827038254216  0.97917338729966874  0.98935367999403057  1.00000000000000000
 -0.00220189503827234  0.00883960726122465  0.01884863255810029  0.02991086874571741
  0.04064658276008208  0.05187255178646555  0.06274258610905814  0.07388259610808866
  0.08469321618124878  0.09588257740254889  0.10655524782948426  0.11721958729764569
  0.12728624696397961  0.13743118581879274  0.14759759458672647  0.15818617051375000
  0.16885611564848491  0.17964341821116583  0.19018022806491613  0.20065433702339067
  0.21124800582622669  0.22138690155989335  0.23123237102927435  0.24121680594283343
  0.25134722229095496  0.26214062222318324  0.27250355105415119  0.28294571134750091
  0.29351374380265199  0.30431080375143765  0.31520541724490136  0.32568252118136698
  0.33612236470254686  0.34668932796979268  0.35730981543342449  0.36779269241639723
  0.37801803991963628  0.38794582221749224  0.39806404230209719  0.40833947957483291
  0.41888791060097530  0.42930874004439823  0.44003902729616517  0.45134254250598271
  0.46244450237126905  0.47304688761111080  0.48347924771868123  0.49401914247462830
  0.50455316463729638  0.51543507620658180  0.52622495895845611  0.53711249943317863
  0.54753097287800445  0.55779604004179895  0.56796029076275567  0.57804389865832573
  0.58806332010080575  0.59833384749989060  0.60842544824595923  0.61871479887296343
  0.62899966477950109  0.63926731215732546  0.64945091930549181  0.65957644672945215
  0.67056337421697088  0.68106473856379401  0.69131693056718646  0.70149047156113653
  0.71206263941754766  0.72281433544113916  0.73351885686310858  0.74423886755804114
  0.75504422769370361  0.76549470014811893  0.77595670347700418  0.78641032174301106
  0.79715847946509000  0.80788386219055031  0.81869474732037906  0.82951262914754564
  0.84021408227383620  0.85050909801711660  0.86095650179806826  0.87130208416972432
  0.88206832065751861  0.89265516547850998  0.90350936087067291  0.91448287773324066
  0.92555565108489413  0.93641588174216372  0.94721053251805765  0.95803705826665364
  0.96891966484648773  0.97943265120945411  0.98972038727022515  1.00000000000000000
 -0.00218093307407120  0.00880453813823677  0.01930040671858152  0.02941031639373962
  0.03966973175220916  0.04957603137270913  0.05892665635994463  0.06819916304178490
  0.07700206935628530  0.08590624918490374  0.09512677418008691  0.10469115506712905
  0.11415457798780787  0.12364479587416609  0.13313546490654696  0.14298834294495213
  0.15317960477147233  0.16339977956687129  0.17347516134230534  0.18350286623252357
  0.19338338907441291  0.20329225066627091  0.21323955741729844  0.22321170205796159
  0.23295061444381818  0.24265081357162901  0.25253512358021313  0.26268314284796224
  0.27283990703275812  0.28293003308492876  0.29295520463884844  0.30310689184265976
  0.31346518065442708  0.32401986764015001  0.33455002078845669  0.34504555657409985
  0.35563818019445087  0.36633430573521730  0.37719372732005396  0.38804533198694635
  0.39903868909868279  0.40998929835008774  0.42075190411339902  0.43132594086450687
  0.44198842389657200  0.45287883142575386  0.46388596044446345  0.47496551673404130
  0.48604996828884106  0.49704030302555602  0.50781390553662553  0.51863740886909138
  0.52955851617646255  0.54056389567404228  0.55149507810629828  0.56242233455861490
  0.57355822252401722  0.58466672674226305  0.59580347284396562  0.60689429172500264
  0.61819773127652100  0.62926386017368263  0.64013626142380342  0.65087136551152081
  0.66192753164363916  0.67306258621955672  0.68426442388012898  0.69559746988436022
  0.70704493026604553  0.71852091515805794  0.72985529889505574  0.74122975442351291
  0.75283566627286014  0.76422748194207513  0.77534769694314720  0.78627966781804071
  0.79718171594754517  0.80772047679714620  0.81807564246686726  0.82822230929982266
  0.83879637525260620  0.84968511652527223  0.86086681951062338  0.87237319178945227
  0.88367421499227272  0.89458903440724302  0.90507899203472397  0.91571358764767730
  0.92592772148660452  0.93631522769499043  0.94638134247359118  0.95668111873289297
  0.96731475106503906  0.97773425363707422  0.98875160302937382  1.00000000000000000
 -0.00214469486712827  0.00871165434088486  0.01914689510822756  0.03020811469844280
  0.04110668244443988  0.05182907491913263  0.06212776998968492  0.07249783284812084
  0.08309032863040056  0.09383462553382549  0.10465619119408370  0.11527228815451679
  0.12573763304392246  0.13623187837192849  0.14694899136349238  0.15764073987869667
  0.16788732647290772  0.17809670664941676  0.18829037771896553  0.19948485717615799
  0.21045745760932139  0.22131208478747766  0.23196059487195167  0.24259903773989369
  0.25331881784759541  0.26407599244525309  0.27470010642618797  0.28507225702413669
  0.29534276349245542  0.30503245449638738  0.31469353183953258  0.32451658134110850
  0.33461574647119152  0.34493036124494564  0.35475432959001973  0.36474410120075990
  0.37489567680282720  0.38546079599587901  0.39623869655126132  0.40721765816648953
  0.41806728625674955  0.42875698064577555  0.43941363532963212  0.45004302292007659
  0.46060427980876728  0.47098234455904975  0.48155116043299218  0.49199342661824375
  0.50249486019517986  0.51295213875329382  0.52352722096282089  0.53400148971266814
  0.54449671106934350  0.55517268871299064  0.56615640065718320  0.57711032314263178
  0.58794544640335844  0.59875260362641836  0.60931375302170598  0.61986834467208929
  0.63033881720592533  0.64082350651985398  0.65127278337799954  0.66183734585955045
  0.67282971032983818  0.68374334667074688  0.69419596021256824  0.70451519357273884
  0.71494500508570002  0.72552073778048964  0.73584021558285295  0.74615615146739600
  0.75669217853156379  0.76728161388678295  0.77803526268917811  0.78875461198830887
  0.79922450564418202  0.80902958401859593  0.81906196322620106  0.82938533308770546
  0.83987606428130523  0.85046957041438265  0.86133043166905332  0.87215004816714381
  0.88284119500053748  0.89336928052174625  0.90359549691655927  0.91402264031625824
  0.92476894528449283  0.93563717591460771  0.94648311261675300  0.95668637485966812
  0.96775300401076592  0.97836525962532450  0.98949136574869279  1.00000000000000000
 -0.00221268179118551  0.00888589850297682  0.01896480229297497  0.03038797585044230
  0.04081224742633505  0.05133523259489629  0.06178296415725677  0.07240756504815640
  0.08342329026802832  0.09363594985255574  0.10403893937774289  0.11412745823396048
  0.12453576630280712  0.13503698527847774  0.14553278959718119  0.15566707105884234
  0.16568104679450082  0.17570864836172276  0.18611944894250612  0.19663012234639970
  0.20705655382150401  0.21745454680126786  0.22773787970689266  0.23798924234626168
  0.24842893060790291  0.25930402034930156  0.27028432579903039  0.28097755313194422
  0.29150543690994085  0.30179145415127800  0.31212442187510137  0.32231907815568489
  0.33260913765255817  0.34296806086268988  0.35364870072320542  0.36427760030399275
  0.37492407316129933  0.38549070704540855  0.39606463447982743  0.40664363031630657
  0.41731707543012475  0.42785064494633013  0.43830372902001358  0.44885004558459407
  0.45956351675926088  0.47020330701824914  0.48091732555938843  0.49135279206814902
  0.50171060750508689  0.51219016197317935  0.52298900453985109  0.53388329353079622
  0.54441840544715048  0.55487940747879372  0.56547838874277823  0.57633130610677907
  0.58735144885202284  0.59844678078625890  0.60944788242795433  0.62015385396769296
  0.63073727197920659  0.64129949877902670  0.65196854619348110  0.66276798803702541
  0.67364051759563259  0.68450092654361039  0.69467923728880865  0.70475540044284013
  0.71466917027232579  0.72511104880438226  0.73560730337314684  0.74616736813994111
  0.75688790323671407  0.76760746529724333  0.77802726586921922  0.78877092893311440
  0.79919965228882317  0.81013458641399416  0.82068783726724248  0.83122996265392268
  0.84191447134481900  0.85266364640499281  0.86379018709208399  0.87455083157492308
  0.88523993694957670  0.89571752866752563  0.90616912893173585  0.91674845151684514
  0.92750960223583367  0.93802826050115051  0.94822722672447801  0.95794933097959745
  0.96837579203931834  0.97853411986205852  0.98919970655237122  1.00000000000000000
   1.2043941928500059E-011  -1.0000000000000000     
 F F F F F F F F F F F F F F F F F F F F F F F F F F F F F F F F F F F F F F F F F F F F F F F F F F F F F F F F F F F F F F F F F F F F F F F F F F F F F F F F F F F F F F F F F F F F F F F F F F F F F F F F F F F F F F F F F F F F F F F F F F F F F F F F
  <DiscreteSampler_grid>
  grouped_processes
  1 # 1 for a reference and 2 for a running grid.
  10 # Attribute 'min_bin_probing_points' of the grid.
  1 # Attribute 'grid_mode' of the grid. 1=='default',2=='initialization'
  0.0000000000000000 # Attribute 'small_contrib_threshold' of the grid.
  0.5000000000000000 # Attribute 'damping_power' of the grid.
 # binID   n_entries weight   weight_sqr   abs_weight
    10   10   3.982787884416347E-001   3.901097496149578E-001   3.982787884416347E-001
    16   10   3.982787884416347E-001   3.901097496149579E-001   3.982787884416347E-001
    22   10   3.982787884416347E-001   3.901097496149579E-001   3.982787884416347E-001
    28   10   3.982787884416347E-001   3.901097496149579E-001   3.982787884416347E-001
  </DiscreteSampler_grid>
