  0.00926753256877482  0.01568816636348551  0.02511421547658975  0.03507343833736092
  0.04471672320116145  0.05422388063687363  0.06439606682577259  0.07467191457145073
  0.08494452949489821  0.09489708436280792  0.10480019761670316  0.11484180264495804
  0.12535547013698806  0.13643157361490821  0.14770449138913688  0.15930400729879396
  0.17024747647769475  0.17989676758298129  0.19001391731201800  0.20047288063809970
  0.21132951287723803  0.22197773148326194  0.23271441452008845  0.24406928428421770
  0.25499544594568119  0.26595253535590230  0.27725133596976231  0.28874646222938416
  0.29920101443843744  0.30936539022477366  0.31961565724848479  0.32992413874294318
  0.33976010468665246  0.34953093322187467  0.36006529548823957  0.37135084576378313
  0.38238399906335474  0.39256776282361400  0.40291221422785495  0.41342086867588845
  0.42479706274334350  0.43650703292443493  0.44787329765215628  0.45822697173453619
  0.46772585664895172  0.47674643973926928  0.48599361419339249  0.49566993562863992
  0.50581713280965523  0.51622639874400000  0.52730713960590747  0.53884913207149510
  0.54955808595850397  0.55927838737704516  0.56916901892000238  0.57901757998925407
  0.58857160575762657  0.59804944395760029  0.60802511148688609  0.61901343723143476
  0.62990075356495412  0.64050039447284579  0.65129417146586277  0.66255013155477083
  0.67390423684082579  0.68464739293456378  0.69557083244267792  0.70658383955856197
  0.71742352083802452  0.72772786029920544  0.73768060593986295  0.74756516796526895
  0.75732585902719352  0.76690790846979640  0.77685776864756895  0.78713173726551910
  0.79776868480239416  0.80824922103260277  0.81845510794249299  0.82827789152425946
  0.83812293428403128  0.84800942250287936  0.85815427736978001  0.86874461505105471
  0.87946636336640427  0.89046950929910029  0.90106138853112749  0.91133704504945967
  0.92164674094229992  0.93216829480177943  0.94336088807347829  0.95483461030680850
  0.96582783401996819  0.97662298185027752  0.98804044724315410  1.00000000000000000
  0.00967414949235292  0.01463806036912936  0.02236183756877080  0.03120895599609726
  0.04077738413037880  0.05116788884949353  0.06191204651843242  0.07255499476882325
  0.08322257113849038  0.09394070954025913  0.10485084279360952  0.11592078967375460
  0.12685417023880008  0.13841037978292264  0.14957220160152307  0.16135548032190414
  0.17282262938302786  0.18422959128960825  0.19583462408655747  0.20772898996522662
  0.21998753740798235  0.23153192390607652  0.24212742351257913  0.25196070250073360
  0.26151270830206330  0.27153479444467482  0.28133226476665341  0.29108791695689284
  0.30145028639041704  0.31201148097652343  0.32365647757783644  0.33505470629866901
  0.34623102879405981  0.35723437863465352  0.36831060527834364  0.37851650234067313
  0.38806519203529155  0.39768147074800442  0.40805134570376361  0.41880538901867254
  0.42912607225353538  0.43910642448066856  0.44947622977034785  0.45964871401497759
  0.46953110850029472  0.47910383442829968  0.48881400588245694  0.49891640202918691
  0.50860932548067994  0.51839329970208536  0.52791716450408355  0.53733133441557457
  0.54669213601076172  0.55669374793949611  0.56699010657085802  0.57813744090609065
  0.58859096488679974  0.59902844860586923  0.61007832432957199  0.62216680581214334
  0.63299608703235144  0.64356623260839507  0.65406282791593318  0.66455355553541384
  0.67498878991620015  0.68504716036611779  0.69579910693111169  0.70688693089343269
  0.71829969756483558  0.72983441025739926  0.74147134606356113  0.75227421482439993
  0.76239811487836473  0.77278849482849887  0.78321534344926547  0.79321956041971486
  0.80294451218199048  0.81280233524093759  0.82345991641674843  0.83397883222476143
  0.84457668193014934  0.85574998559448179  0.86614776546088013  0.87621460004117113
  0.88651942059648903  0.89677346753872866  0.90659928199415885  0.91654361529423578
  0.92659808040221936  0.93657322039569646  0.94611241788759426  0.95595918053989948
  0.96627524840491996  0.97695658307226696  0.98835338156563290  1.00000000000000000
  0.05690530562284686  0.05871195316221579  0.06114494969491267  0.06439681640443713
  0.06766064429963670  0.07104998535816830  0.07478049154005224  0.07848300728670400
  0.08217587797138175  0.08603146628439363  0.08997161539424316  0.09402751504204460
  0.09813136968279387  0.10234318143148265  0.10682062014492562  0.11134158787167703
  0.11590401910379798  0.12057452986960596  0.12531728735422445  0.13010741088234209
  0.13496126324478680  0.14008428924421740  0.14506707092194587  0.14844693636334880
  0.14916106278264227  0.15046354360129455  0.15164882384192588  0.15340406825066341
  0.15576161885862116  0.15814995110457131  0.16053244468816716  0.16292913815578136
  0.16534071782304036  0.16777964943466156  0.17023099176017589  0.17268119467694334
  0.17513443323151642  0.17758686130277637  0.18005487350717092  0.18251539600079980
  0.18498625431336096  0.18746544521772182  0.18997168970756736  0.19251958918010748
  0.19512261016406754  0.19777137508922882  0.20045876096181867  0.20316927843726929
  0.20588717283713776  0.20865828734735140  0.21148553279396548  0.21436008650048591
  0.21725421021691987  0.22018110104644376  0.22312698588218038  0.22610076589268327
  0.22910895107566234  0.23216875894829128  0.23527458776530644  0.23840631039806032
  0.24154652492635637  0.24473902594183861  0.24798866897790489  0.25131030958974898
  0.25469590559908289  0.25815416795421781  0.26168511061022454  0.26527552109177333
  0.26891631805563215  0.27263673774270619  0.27648125429762221  0.28042868131217769
  0.28446946646784993  0.28861351515417560  0.29282156101350254  0.29714902312669433
  0.30169059599385845  0.30645098401503290  0.31143132638635168  0.31664426172035920
  0.32208079671432888  0.32776009622851643  0.33373593914234101  0.34011955296797397
  0.34699702010212646  0.35452765292895938  0.36281343954754536  0.37211136411549695
  0.38259337902195861  0.39472693738639797  0.40974422997814164  0.42841980349413833
  0.45515471292906051  0.49821390903263696  0.58515060517918760  1.00000000000000000
 -0.00266267020984695  0.01097401898166593  0.02290252405231106  0.03462425730454322
  0.04650455558846171  0.05802098385386283  0.06953711215559465  0.08078082265207184
  0.09243767848890315  0.10349656038818489  0.11384416080517784  0.12396604830812018
  0.13344714127238638  0.14270553872688621  0.15149872042270932  0.16016232524883886
  0.16924294690134670  0.17927599522951856  0.18970556282307310  0.20039491541169130
  0.21106604792984149  0.22178375506183076  0.23258961806866188  0.24331353972157094
  0.25418295748650227  0.26536302122409383  0.27663962467625708  0.28792789366104454
  0.29932904704193519  0.31066562019713817  0.32151311966324481  0.33180717509317820
  0.34223718170283091  0.35247333149975540  0.36248749267907437  0.37240938136336960
  0.38254650599829776  0.39307263124409442  0.40321818584283847  0.41338738300458455
  0.42381906171056044  0.43410266084930094  0.44464040352903933  0.45497448566032800
  0.46501671716702203  0.47509553211648864  0.48518788547746550  0.49551603051630577
  0.50652749306749034  0.51752934540002127  0.52755069810584099  0.53720342526549447
  0.54683625744181552  0.55655744352993519  0.56619039764751278  0.57574364448375848
  0.58596482964457031  0.59666967901079093  0.60741947396674423  0.61810158323520248
  0.62882191438248380  0.63955103973939365  0.65030259614739216  0.66108981831970326
  0.67172723819513680  0.68217075649500758  0.69268735736047360  0.70313599281894978
  0.71373446821851727  0.72410258346696743  0.73509491536047922  0.74645138185931370
  0.75691318127522522  0.76709678060561715  0.77719359066141702  0.78709212666437278
  0.79651652110499038  0.80576397232824248  0.81544693889008657  0.82560524150174852
  0.83550148162196247  0.84470242191468159  0.85389256145352022  0.86346900230089574
  0.87304728726087033  0.88273709389302402  0.89254619501058874  0.90306568831088108
  0.91383607016005608  0.92479585237639395  0.93629060817968435  0.94798134245250543
  0.95988673035681382  0.97284606158237907  0.98632255200277619  1.00000000000000000
 -0.00239013400042182  0.00928038317453892  0.01876068956238398  0.02942404083398293
  0.04063175747850518  0.05239793627781130  0.06438953207084740  0.07671823641983110
  0.08822728676376893  0.09870295321327888  0.10921323595463563  0.11973534700673998
  0.13065356300974151  0.14110347926078021  0.15197773662193281  0.16288519750734493
  0.17483227664241188  0.18666938888770501  0.19817291714783861  0.20961087476618989
  0.22038328769097434  0.23063021692016822  0.24082364406350498  0.25119647822515950
  0.26166495176099630  0.27221975684414723  0.28243437246157499  0.29230686213747659
  0.30155738536411991  0.31104002492670285  0.32100417048089763  0.33129894604103660
  0.34165426778002933  0.35272139950829889  0.36365325259373399  0.37430376381775504
  0.38461967221334598  0.39488546054759799  0.40561777835181984  0.41659696529360568
  0.42819925988761937  0.43952495841825445  0.44985900300681525  0.46018165471180472
  0.47066200461125640  0.48128946824169927  0.49160083141245153  0.50149343309090633
  0.51155268155021283  0.52159335552424035  0.53186812006883877  0.54250873532794708
  0.55385159808055162  0.56513362781843068  0.57591895946738370  0.58656076514315370
  0.59707090722145439  0.60779091842178357  0.61822573108104395  0.62827419852534561
  0.63823395107077263  0.64838821393648427  0.65879151428558624  0.66920762821780089
  0.67950851971960646  0.68995279672064291  0.70033378790108225  0.71053897032054647
  0.72053231428279452  0.73113484391491546  0.74283666371038626  0.75452725252442399
  0.76603564590295392  0.77733264327415919  0.78872198764238710  0.79856719664014797
  0.80819498212060492  0.81774345274194571  0.82727866451258159  0.83675183188636815
  0.84602525818656782  0.85547144322393676  0.86548326383123331  0.87575299607874013
  0.88590177024252659  0.89579237123777100  0.90521959348148628  0.91484988501082920
  0.92500912647144296  0.93521646270564973  0.94525317289935351  0.95575572018959176
  0.96701971906843942  0.97862847374114559  0.98956202316687991  1.00000000000000000
 -0.00235394148477146  0.01018611365327498  0.02056504069382897  0.03126152313873670
  0.04235746651340339  0.05441604739586389  0.06588746722901677  0.07582374595139107
  0.08541576979024953  0.09536919010572792  0.10555604064528079  0.11593596732877121
  0.12642523078286849  0.13671014418184438  0.14646788044527034  0.15572900299143139
  0.16515223705943616  0.17403261013904464  0.18282290205194598  0.19202450118766637
  0.20150102490160962  0.21084719189234791  0.22023108135638156  0.22985089342369441
  0.24071739176259854  0.25179594400382654  0.26294172270577110  0.27382368745798968
  0.28449766144673022  0.29504530176640620  0.30539605862580788  0.31562067736428506
  0.32557551802088225  0.33576181033086039  0.34609368897370896  0.35638512289611446
  0.36680233408418217  0.37696663764082861  0.38731022414439326  0.39753665431137669
  0.40827839713615899  0.41915731483754681  0.43023210010695856  0.44124541877871959
  0.45192296770299112  0.46252619202171397  0.47345624976510475  0.48352781887802787
  0.49290051891642711  0.50225750665193736  0.51168445457874334  0.52135373030758114
  0.53096054362517886  0.54092167614735220  0.55136927698123939  0.56176730953004761
  0.57201805236226733  0.58220527440995817  0.59173294398832754  0.60113947540641099
  0.61037453064362046  0.61993880584656302  0.62986350048182382  0.63964575286226732
  0.64956873875614107  0.65980267400165626  0.67007797226691157  0.68037842127685133
  0.69090913535697474  0.70157113649381442  0.71234077234256921  0.72311062811423554
  0.73348984442689291  0.74380312897152645  0.75402051005557658  0.76394723280453580
  0.77355737935274449  0.78335115824307633  0.79325918171516185  0.80365910073073343
  0.81403437291503145  0.82517239748705873  0.83600664424673554  0.84706044573761785
  0.85853857133176248  0.87089790603568018  0.88374904675373300  0.89643219714494671
  0.90856714138600059  0.92068123567663962  0.93298267582667538  0.94636169712403562
  0.95953197284405445  0.97317046737301516  0.98642854249259637  1.00000000000000000
 -0.00248959886245764  0.00909215584708530  0.02024568198237043  0.03204314832633855
  0.04429212177868573  0.05590313458087661  0.06719210731965912  0.07838759121333970
  0.08919892209686715  0.09970113313632598  0.11026246378240746  0.12091567730004708
  0.13165196325935730  0.14244004936016885  0.15324369877142974  0.16389552036075786
  0.17445878527191347  0.18507148281744221  0.19574623616178466  0.20623715416099481
  0.21632874780440273  0.22617979738089342  0.23607326452991481  0.24617818707315300
  0.25583449693679511  0.26538313333911051  0.27520698681889549  0.28491642679466656
  0.29450266869742597  0.30408740671313744  0.31447355458154891  0.32686532981474054
  0.33916491969487383  0.35074329913365970  0.36165746511022434  0.37279906986130834
  0.38325306941983756  0.39372060640921441  0.40426546376140271  0.41461867644539213
  0.42537354027896335  0.43606435603833038  0.44704017420281378  0.45798249733666663
  0.46896961919984287  0.47984443496369361  0.49032896785259406  0.50054635833908057
  0.51158535362365254  0.52337662429983589  0.53572772947883784  0.54711197597665551
  0.55770269775046932  0.56786111029572395  0.57776774477963355  0.58725882417890540
  0.59653170275248635  0.60598188305150835  0.61533435054398478  0.62452920071235751
  0.63399189100356423  0.64369290951063762  0.65363215094600569  0.66403812229374226
  0.67545931854765096  0.68731747493310569  0.69784076783009297  0.70793359840779413
  0.71790818198020145  0.72813293097123966  0.73834910023478650  0.74845391936674355
  0.75854767793543865  0.76891431145723710  0.77942499533601484  0.79013152166226353
  0.80103924093545464  0.81156216193543884  0.82236776788720711  0.83306556804472420
  0.84349246644609510  0.85385088343955651  0.86313736606619873  0.87237377327210031
  0.88191974730103651  0.89200807021657669  0.90197720985405117  0.91279734957829417
  0.92356016088029347  0.93502287643378523  0.94649601674345130  0.95829077089275083
  0.96889412561646426  0.97944656745526582  0.98966325121107801  1.00000000000000000
 -0.00215313446006781  0.00945945544178322  0.01929785267607370  0.02972900893381007
  0.04017574685755516  0.05075623991443763  0.06156136788765311  0.07293322052005839
  0.08402172952201779  0.09443629295008385  0.10458627611808403  0.11414765526021892
  0.12378155531037086  0.13369283444055446  0.14411386388508576  0.15492666351633116
  0.16636138638134562  0.17769908278978874  0.18854516014045580  0.19866798559006932
  0.20840226488119801  0.21822823634916852  0.22840558139493386  0.23886891071021657
  0.24869197115176095  0.25859410071242594  0.26842685736010324  0.27899609041238616
  0.28901604214429494  0.29998925977106350  0.31104015420447079  0.32185116176961642
  0.33288520866156152  0.34380731198431846  0.35499161990199579  0.36656668988428753
  0.37749171899290562  0.38794669463036258  0.39861793031716336  0.40973932465117652
  0.42079860852778345  0.43137494082108868  0.44246635485168179  0.45409327890226758
  0.46508580797635990  0.47565988445649615  0.48635169638112191  0.49716814258728098
  0.50738729081658751  0.51698329897078699  0.52728487798810175  0.53842517672209633
  0.54986603471046158  0.56113144549939065  0.57260235380017677  0.58370540532001025
  0.59405759634024902  0.60439988193759964  0.61527322893267722  0.62638370413327960
  0.63759359236474134  0.64865351036066621  0.65896759020430007  0.66920215107023084
  0.67933590214909045  0.68968869138962019  0.69962144922261238  0.70989828070352567
  0.72055743580658493  0.73152225255722414  0.74262003910938290  0.75390642446508305
  0.76538681512778384  0.77603385883367437  0.78600643944550996  0.79605915594798482
  0.80620190008996395  0.81633503973651134  0.82586833948057004  0.83634107967514193
  0.84824623706326230  0.85928836426942368  0.86922825109844981  0.87910669562630872
  0.88931601795095294  0.89915417497675099  0.90873039828820512  0.91814349059208245
  0.92845375789129758  0.93857252049394135  0.94877790772988002  0.95915745635167038
  0.97010540315436211  0.98052900606091875  0.99026519890270903  1.00000000000000000
   2.2333786920030817E-008  -1.0000000000000000     
 F F F F F F F F F F F F F F F F F F F F F F F F F F F F F F F F F F F F F F F F F F F F F F F F F F F F F F F F F F F F F F F F F F F F F F F F F F F F F F F F F F F F F F F F F F F F F F F F F F F F F F F F F F F F F F F F F F F F F F F F F F F F F F F F
  <DiscreteSampler_grid>
  grouped_processes
  1 # 1 for a reference and 2 for a running grid.
  10 # Attribute 'min_bin_probing_points' of the grid.
  1 # Attribute 'grid_mode' of the grid. 1=='default',2=='initialization'
  0.0000000000000000 # Attribute 'small_contrib_threshold' of the grid.
  0.5000000000000000 # Attribute 'damping_power' of the grid.
 # binID   n_entries weight   weight_sqr   abs_weight
    10   10   1.446869539250994E+004   6.505753157178248E+008   1.446869539250994E+004
    16   10   1.446869539250994E+004   6.505753157178248E+008   1.446869539250994E+004
  </DiscreteSampler_grid>
