  0.00922022504986098  0.01583966024576062  0.02591681757402236  0.03772989772805670
  0.04926482312853175  0.06159563723347267  0.07368174768895662  0.08556207090826388
  0.09577989907014080  0.10615128445335056  0.11663179233283830  0.12763387124440873
  0.13828261945356543  0.14866226139415423  0.15856111828215425  0.16804834995865983
  0.17720735841837598  0.18606879206911811  0.19515001946820801  0.20465130524319430
  0.21497347451524323  0.22499843245677725  0.23519372735933428  0.24571799150221837
  0.25629733633455859  0.26729176987813197  0.27771675209617147  0.28806784969475502
  0.29843660605384958  0.30852374183812409  0.31866608137730518  0.32901574066719730
  0.33954551302666497  0.34983384629412123  0.35957396751388876  0.36907403824896989
  0.37862649352886074  0.38828888556408814  0.39798436286048922  0.40737318409453666
  0.41659151011645590  0.42568821126101142  0.43476561930933577  0.44429219072232906
  0.45451214690011893  0.46521512284732486  0.47589661401553307  0.48665578946504462
  0.49776361270704272  0.50859468658816465  0.51916497067195555  0.52876132594734038
  0.53845246203204888  0.54852410117315786  0.55884590297912762  0.56877605098056971
  0.57820665573790064  0.58786787107255811  0.59824177059464678  0.60878371291065936
  0.61932339171298834  0.63010451782855115  0.64136046840730199  0.65304184792357534
  0.66492018381121520  0.67666584965449761  0.68839819651628864  0.69995486226918857
  0.71134791842128764  0.72238769802279257  0.73275952759775931  0.74267562812402865
  0.75269466108437133  0.76341338654090152  0.77395631394336006  0.78445002457580126
  0.79511922492322584  0.80634679606045845  0.81760304570447484  0.82860379872446421
  0.84026745008786841  0.85178359959468730  0.86336573383668436  0.87476872160216856
  0.88666933669533221  0.89836152778258371  0.90941053644732406  0.92026353419082330
  0.93076760674950410  0.94103686309690571  0.95060809631221144  0.96039893158241285
  0.97063488555662580  0.98117699929975466  0.99158526815650394  1.00000000000000000
  0.00890251925199148  0.01705793783855857  0.02845462754037083  0.04062075928422090
  0.05112165802468371  0.06166525435668498  0.07281910319949336  0.08397232804253207
  0.09487489843180448  0.10558614868319177  0.11702438646604391  0.12840322494266884
  0.13967527233976812  0.15110783050603654  0.16254675840665056  0.17397356420961307
  0.18518395019962283  0.19607083498190159  0.20702743255854092  0.21825332687273513
  0.22946469489426174  0.24013113896025803  0.25043720068466635  0.26112206739771476
  0.27172275727731421  0.28162049873934930  0.29130166291080578  0.30094642269565863
  0.31080654297991112  0.32084346142227382  0.33119904948075191  0.34240287235854072
  0.35399296927048401  0.36502977002731213  0.37588243103595931  0.38678500273227828
  0.39780319973581912  0.40802528871620691  0.41815976729957371  0.42803362811452217
  0.43787439964042041  0.44783560848657633  0.45794091660022646  0.46826701002755000
  0.47862578684610702  0.48871785529029610  0.49873462674478347  0.50882140760748285
  0.51865536178108629  0.52792344798951629  0.53699313523240544  0.54641028336164421
  0.55587492039632158  0.56533435699942103  0.57497499629838755  0.58496465057625202
  0.59540547847985170  0.60569867342766459  0.61595326732805633  0.62626288128639451
  0.63646109743411305  0.64680105830667545  0.65715881660477860  0.66791887191413923
  0.67971412340524651  0.69140955576871754  0.70253355988348309  0.71333960647004380
  0.72385437023304300  0.73414347538445401  0.74413117847999732  0.75476966565568560
  0.76644921501765850  0.77847300717547585  0.79036732860832071  0.80151882626077209
  0.81203534780161024  0.82226537743629324  0.83264240346479712  0.84298285212540669
  0.85316828829767111  0.86350822019140294  0.87412355953923226  0.88504196564646376
  0.89587900737980841  0.90610529480524715  0.91565436552070301  0.92461712661219653
  0.93336646762947229  0.94232786160092818  0.95135387509074631  0.96099494664828311
  0.97108046320193775  0.98159641447145540  0.99118052170546866  1.00000000000000000
  0.05793134107904636  0.05850646849283108  0.06035234945966107  0.06281344813755428
  0.06551882660971850  0.06941997862639758  0.07339300069845486  0.07725469627020827
  0.08119819480662606  0.08518634235943726  0.08926343842735328  0.09336079029253970
  0.09749328259659788  0.10180974369058707  0.10619391273652126  0.11060753198403449
  0.11515647616217831  0.11980824831432629  0.12461159832071869  0.12948908918209773
  0.13444454940505696  0.13999830920115652  0.14500836397461003  0.14857569757274783
  0.14924702824601060  0.15048611046638999  0.15165576643566508  0.15336074463715255
  0.15580623318344358  0.15826270807180032  0.16067390780537183  0.16308342810376922
  0.16549044356699333  0.16790131281675102  0.17030714207484346  0.17272555151744112
  0.17516480924761207  0.17761720909087605  0.18006047419983315  0.18249801556328690
  0.18496009902503452  0.18747788708368315  0.19002255966064363  0.19259137557293021
  0.19517438182668506  0.19780767572786201  0.20049836440626395  0.20324138273332357
  0.20598552615141044  0.20875662946366746  0.21155700417616463  0.21440098180077094
  0.21728320224658176  0.22017296928351038  0.22306202954510754  0.22601683393414360
  0.22901045741462481  0.23204673894656780  0.23513645742301628  0.23826067783448748
  0.24142105445383497  0.24464567289489994  0.24792496330579555  0.25123181890754370
  0.25459204245311901  0.25801537522231582  0.26149094694783936  0.26504730398241561
  0.26867356893077488  0.27238767539972197  0.27622027231834900  0.28014175127802582
  0.28416530116692318  0.28834691733092471  0.29263301642820100  0.29700543485503639
  0.30150601675670735  0.30616828349564745  0.31104859572946486  0.31617338027307673
  0.32156291177073837  0.32722761475336343  0.33324810610255773  0.33970430783288608
  0.34665896054144874  0.35429496204145960  0.36262273299810854  0.37192271216793810
  0.38249739682642026  0.39476796739451520  0.40984556171152492  0.42865010000517534
  0.45512976916911307  0.49811836359442735  0.58405077128396665  1.00000000000000000
 -0.00240600508852014  0.01039898096134708  0.02093087119977730  0.03150040827047353
  0.04200987854346738  0.05244564949843851  0.06300707316451276  0.07359538664343702
  0.08425012932330164  0.09499997752714227  0.10606555720490275  0.11758699451419573
  0.12900316672085238  0.14024028315702577  0.15076821062332912  0.16115530810104040
  0.17132744831561669  0.18155292967308262  0.19149921646769574  0.20080352553179487
  0.21023786316047796  0.22025646245650249  0.23030204893393791  0.24082106665534830
  0.25131244135580161  0.26179054800663770  0.27212979054297831  0.28183868696696018
  0.29174719029399143  0.30154455413109410  0.31113410119328383  0.32141125243886465
  0.33174989058150239  0.34180614505169837  0.35192417912015467  0.36129430368128196
  0.37054120086206171  0.37959272168945718  0.38892360834705514  0.39840315713753144
  0.40863517890077922  0.41884594074129272  0.42962583165868756  0.44040709392324406
  0.45095545674848247  0.46129637354976072  0.47129380230165563  0.48108287328414701
  0.49047785499746677  0.49974059367482232  0.50963109478072921  0.51966160382991911
  0.52975263718132970  0.53988433742909303  0.54994024979622524  0.55994563402935638
  0.56973037343124922  0.57942699321492941  0.58906566774324620  0.59855495695158267
  0.60828819763429487  0.61833685578628617  0.62828824299424113  0.63808131388612144
  0.64847277956716998  0.65944045854943889  0.67055504405928268  0.68176954321819871
  0.69305578249572808  0.70463671577146436  0.71629339576586382  0.72769195248497154
  0.73925700429555863  0.75035143299435980  0.76181939314271108  0.77278613151155351
  0.78357013824564736  0.79443303518164476  0.80551119049807551  0.81596446607250039
  0.82582273592451216  0.83576147374345644  0.84617599613474426  0.85694795094723375
  0.86737290920634880  0.87816512389477697  0.88977607593962427  0.90228060778516961
  0.91536558719478278  0.92859882833261065  0.94109880060962625  0.95319465176973994
  0.96498488596326004  0.97704033197143325  0.98846023323149035  1.00000000000000000
 -0.00284383209086142  0.01042423473924079  0.02109709982390734  0.03149244676376394
  0.04202380103448455  0.05251635458598083  0.06285955412904765  0.07258139358104318
  0.08231454702934755  0.09274462683759131  0.10268358106624584  0.11302627097662929
  0.12373585915162447  0.13514744380561974  0.14666805604446467  0.15754992431324030
  0.16836385945003771  0.17941419447552195  0.19075753888498312  0.20216220547867869
  0.21232586820331423  0.22156744289952471  0.23070312667758985  0.24065800133340626
  0.25110159891000478  0.26185580298133698  0.27324924502342512  0.28586951283026946
  0.29800863206770878  0.30893515016345763  0.31924571915617311  0.32922695590583234
  0.33904364784549756  0.34896599901726599  0.35884412893414702  0.36865450317735893
  0.37838723612378650  0.38819262767552465  0.39825828990990420  0.40813965267914298
  0.41809246213709517  0.42869155747569709  0.43942047375578697  0.45043692762737630
  0.46131392526722781  0.47119867699624274  0.48151874089963415  0.49142810576554730
  0.50143768663690891  0.51123413592016798  0.52083683538262449  0.53060583350091806
  0.54050999888046225  0.55088499069686170  0.56164607528468535  0.57258358496441553
  0.58370783081597455  0.59527318531523166  0.60691360945943795  0.61767229828678527
  0.62802485129630314  0.63832757637780613  0.64864570596380366  0.65899158634301869
  0.66928561147667143  0.67976657247002414  0.68982739484202815  0.69928804444914183
  0.70874004419196679  0.71847062953884555  0.72829996422856536  0.73843182046346234
  0.74902393751897434  0.76057083691533567  0.77289130843012976  0.78503135595368156
  0.79700982167123047  0.80864711406580703  0.82023439654064068  0.83170867067381460
  0.84335861613105290  0.85469838769251272  0.86512471856757078  0.87594691067741570
  0.88715521335679570  0.89764709891184180  0.90799313492417033  0.91818249270877161
  0.93049927798322107  0.94181518502739980  0.95292930393927799  0.96292656529717957
  0.97251661682554513  0.98173014188739549  0.99087083725746405  1.00000000000000000
 -0.00262439320816642  0.01070373665110024  0.02294155378627064  0.03602968519829792
  0.04963556326944719  0.06318292024471951  0.07606526556359053  0.08813872956491849
  0.09956135979657284  0.11053650191825749  0.12142903677739338  0.13243233207153288
  0.14325262314504242  0.15387226702438167  0.16490749822965411  0.17560103580962158
  0.18567102837460944  0.19529200550094281  0.20482960764426145  0.21490584238108471
  0.22548018002272596  0.23637526836067188  0.24723910913264593  0.25750208240774697
  0.26796951936294972  0.27850157705306000  0.28852951383020642  0.29833767521287302
  0.30824692918980268  0.31800654144753260  0.32756465155984071  0.33681773877676063
  0.34590578994764415  0.35510035486848734  0.36457336692628428  0.37447577209994676
  0.38425752697867765  0.39370969995793176  0.40324378110641518  0.41305754569341890
  0.42298113425631417  0.43300725959421027  0.44359991635679391  0.45512249459916443
  0.46645064847815604  0.47765991747700670  0.48782397148981654  0.49735660849306312
  0.50690478064931821  0.51656353717273973  0.52635859090629544  0.53615779477706427
  0.54567213370633982  0.55517771168294539  0.56464283191727982  0.57343135019707347
  0.58243318817314682  0.59169876417742029  0.60098891143253419  0.61000202952367033
  0.61926970533336301  0.62921868542305182  0.63999737080111208  0.65066662913619999
  0.66084039861595767  0.67110942567473542  0.68128115548981449  0.69147629170812297
  0.70138616575346924  0.71185283262697752  0.72278951004543524  0.73347675573748183
  0.74331898063101931  0.75350596878997644  0.76424445119140649  0.77505875279712455
  0.78556204584278455  0.79627806518468336  0.80856652570144494  0.82026047920395084
  0.83224356028143720  0.84298218932126212  0.85388465080393927  0.86467218324518358
  0.87551347266491009  0.88627315448996558  0.89688586123550995  0.90755020343074144
  0.91884111531111845  0.93082828952638541  0.94334361553440327  0.95542283311295650
  0.96682318893276997  0.97806159443965246  0.98902985103887198  1.00000000000000000
 -0.00202072163627177  0.00838148433023322  0.01740378965786152  0.02718509903358265
  0.03744728857426480  0.04777556324654229  0.05866141583134966  0.06938922908596439
  0.08044003661291130  0.09097979771605545  0.10143207643868735  0.11181817707520410
  0.12220003636643711  0.13301415618595050  0.14449206200013862  0.15649875607200700
  0.16851899928494438  0.17939017513426866  0.19033309478998262  0.20071100737543701
  0.21110279232001883  0.22007902118853809  0.22880259039268203  0.23767748946228498
  0.24673897779112169  0.25638462258294459  0.26653752107472106  0.27732692972433681
  0.28874348707224823  0.30013342980174029  0.31125091939868632  0.32257708147255681
  0.33317352439721193  0.34278921024036896  0.35215163636646013  0.36200107230101858
  0.37219901936913119  0.38168541569024217  0.39076622779659226  0.40023009515673152
  0.41035114073514062  0.42032653543424586  0.43018707435099268  0.43988979949025919
  0.44985264400133457  0.46011904573027129  0.47050746846455233  0.48077532317801502
  0.49102950483576480  0.50160669524669532  0.51286515201056759  0.52415622228475789
  0.53496249898101100  0.54549358050071228  0.55589699048125374  0.56655674758280306
  0.57745771326433570  0.58840134265707777  0.59960930654804701  0.61082045894946935
  0.62187845250284668  0.63248799735975825  0.64285659693493158  0.65356952672047508
  0.66445019019311169  0.67551289042986828  0.68691508597875839  0.69854573812901588
  0.70981633887152051  0.72062455326620500  0.73181277162972214  0.74413496204833862
  0.75612960492053394  0.76741962224748184  0.77857769584837677  0.78944658246862220
  0.80019743085598449  0.81032806326353735  0.82035217965689256  0.83052371936665192
  0.84149905439461459  0.85245453839330032  0.86333149017814814  0.87422434881275335
  0.88516216843996143  0.89641681597565681  0.90743965342839361  0.91806000982027380
  0.92878734586795864  0.93899655354185285  0.94906776067613197  0.95889343184926867
  0.96959614646847803  0.97983828283689778  0.98996323454975343  1.00000000000000000
 -0.00260066124547537  0.00942787050136207  0.01971176491425606  0.03108525708958857
  0.04205707442090566  0.05212608664750261  0.06170858451449465  0.07191071456001868
  0.08235264529410255  0.09338808054856805  0.10487836880602995  0.11751978781560535
  0.13021444248983319  0.14247069538886764  0.15410708860962880  0.16553495352011330
  0.17778082500275885  0.19013094712339063  0.20196125070950621  0.21372698547255189
  0.22533019605010154  0.23675928132628393  0.24816911472779046  0.25968956209692079
  0.27162668621662722  0.28286675868709876  0.29389379205963284  0.30352637601734295
  0.31357354161871198  0.32327896085308122  0.33349675106137333  0.34336135474583013
  0.35310223699846388  0.36304264651707380  0.37322068286937199  0.38352700634140535
  0.39376860012777015  0.40388241465708674  0.41388663554591709  0.42402213781490916
  0.43477426052974033  0.44636152485675024  0.45843608964961646  0.47038260164248635
  0.48168019876951051  0.49240426750665428  0.50295052212096925  0.51365785355352489
  0.52398756731423668  0.53345937311335656  0.54316517891447058  0.55354158356802130
  0.56435617030348273  0.57511293446108380  0.58657493344165124  0.59880401588732335
  0.61125839512578584  0.62342439777915637  0.63327491849981377  0.64258088558505799
  0.65177135780118411  0.66113981724007609  0.67066860714429311  0.68019558937576419
  0.69046551208491036  0.70201635551822639  0.71368443409606008  0.72565046294420033
  0.73752659757103622  0.74979959977247035  0.76065982080125139  0.77092666742285465
  0.78121818861204639  0.79150884880802619  0.80090692889087600  0.80982404105870109
  0.81909396722723216  0.82848440266129786  0.83791291368936183  0.84714127652807480
  0.85660715705276980  0.86656787890031461  0.87660858890224747  0.88680840833360830
  0.89694041327688545  0.90678913418851448  0.91639663410214944  0.92579687948131884
  0.93529208946693843  0.94500089926473785  0.95456227796851778  0.96378724757869183
  0.97294292351512757  0.98213167188515160  0.99127036263993007  1.00000000000000000
   2.2099152212036921E-008  -1.0000000000000000     
 F F F F F F F F F F F F F F F F F F F F F F F F F F F F F F F F F F F F F F F F F F F F F F F F F F F F F F F F F F F F F F F F F F F F F F F F F F F F F F F F F F F F F F F F F F F F F F F F F F F F F F F F F F F F F F F F F F F F F F F F F F F F F F F F
  <DiscreteSampler_grid>
  grouped_processes
  1 # 1 for a reference and 2 for a running grid.
  10 # Attribute 'min_bin_probing_points' of the grid.
  1 # Attribute 'grid_mode' of the grid. 1=='default',2=='initialization'
  0.0000000000000000 # Attribute 'small_contrib_threshold' of the grid.
  0.5000000000000000 # Attribute 'damping_power' of the grid.
 # binID   n_entries weight   weight_sqr   abs_weight
    10   10   6.341352719574726E+004   1.144495483459622E+010   6.341352719574726E+004
    16   10   6.341352719574726E+004   1.144495483459622E+010   6.341352719574726E+004
  </DiscreteSampler_grid>
