  0.00023814419632412  0.00028387135813936  0.00031002911349468  0.00033626171108346
  0.00036623695475348  0.00040340138987522  0.00044900419851135  0.00053455479878781
  0.00081072159739650  0.00125568552859558  0.00161359576424897  0.00198706070031118
  0.00243184352195710  0.00295267752598006  0.00353464072891727  0.00422580219231967
  0.00499201867035422  0.00588209371651245  0.00684130006162427  0.00785410463994418
  0.00898946024640739  0.01027218248094734  0.01174618947344152  0.01342864576590251
  0.01539861077463255  0.01778245048138944  0.02038807670783727  0.02343814726245580
  0.02721924549433306  0.03154933774992730  0.03614729608118163  0.04105993155450512
  0.04599969204920640  0.05079163357676939  0.05500007248840778  0.05822102089645317
  0.06044865264540851  0.06197825576253657  0.06306446182391638  0.06386007631836232
  0.06446819004675525  0.06495046391118107  0.06534385958444555  0.06567497113137474
  0.06596031604259615  0.06620939050746949  0.06642869213055694  0.06662417532706118
  0.06680158132120770  0.06696565112801171  0.06711901842282399  0.06726405988532724
  0.06740300032470738  0.06753745423602071  0.06766869146765711  0.06779747557997963
  0.06792425476513439  0.06805240843935420  0.06818108957500105  0.06831219967612978
  0.06844706421125241  0.06858779595763681  0.06873568764808662  0.06889250892543151
  0.06905984566612830  0.06924095104496375  0.06943967389968367  0.06966026495283587
  0.06990794134125707  0.07019120848290850  0.07052280729108820  0.07091754486188348
  0.07139877973730931  0.07200131206014740  0.07277212615660195  0.07377959652562974
  0.07513101378191647  0.07704591620481052  0.07989120160731379  0.08409982635994295
  0.09022539855336474  0.09906028808828797  0.11172392387684806  0.12906055293155949
  0.15136167974357703  0.18048519237373248  0.22205565322193885  0.28033238696897572
  0.35326962334715395  0.43872761614768485  0.54703919231293696  0.63930470947846074
  0.72103391219999557  0.81273517984544985  0.90305031968595406  1.00000000000000000
  0.00001549356214573  0.00004207355700880  0.00007231332034149  0.00010946754517182
  0.00014966393359003  0.00019684625445536  0.00025738537020400  0.00033624272752865
  0.00044460534941539  0.00057480396496128  0.00076919672315829  0.00101476182545428
  0.00131064350768956  0.00167881440512015  0.00215049323595067  0.00276585833200892
  0.00359331737006692  0.00468935451719353  0.00614049187978014  0.00839691416659594
  0.01186784086683684  0.01696043741878927  0.02437273795423144  0.03466329674416651
  0.04774515401413922  0.06278120038249781  0.07918505671369688  0.09657478122220398
  0.11449147337884685  0.13241364507282033  0.15034445044017072  0.16864443766757126
  0.18708472418112054  0.20543532275995921  0.22386290992360833  0.24242874563665404
  0.26079892376040620  0.27894607297839319  0.29710608488885670  0.31504295787178282
  0.33321990874120461  0.35173868059439473  0.37029787926301910  0.38859306005384320
  0.40667811095157591  0.42476725369982543  0.44294376929783247  0.46111357772375106
  0.47928230557333668  0.49750512185381118  0.51581239604361051  0.53418521948535624
  0.55218103987452882  0.57010045893246908  0.58801831951376504  0.60577653387371300
  0.62371649811948726  0.64187592285053097  0.65994107630798071  0.67787006807903727
  0.69570425095705057  0.71347976674742375  0.73125043906546305  0.74888994177677060
  0.76632441984517496  0.78398831812612313  0.80160875843007839  0.81885103559676176
  0.83579894912783503  0.85285077652894847  0.86998941321161583  0.88685597082704626
  0.90317215982867227  0.91871814003362073  0.93322733730527807  0.94664155786049631
  0.95883543488331080  0.96942880330519698  0.97799302964541579  0.98436190572080151
  0.98895325174482562  0.99219447289484530  0.99443955967860298  0.99604046891234788
  0.99724479456345305  0.99809203546616010  0.99871424332924708  0.99913724966763195
  0.99939969266257966  0.99953641251136416  0.99963940547914587  0.99972525733836537
  0.99979242474681462  0.99986104981652779  0.99993028866399014  1.00000000000000000
  0.00043290423096605  0.00083234106462731  0.00107217407486771  0.00127576643343129
  0.00147579757448137  0.00169061065897836  0.00193106880574226  0.00219410674326589
  0.00248437402845212  0.00281028363096287  0.00316374966365924  0.00354459985755125
  0.00397313912136362  0.00444438648023856  0.00494291140303577  0.00546397631372451
  0.00599324085791655  0.00651963543535844  0.00703653565396148  0.00755492282505760
  0.00809100649028754  0.00865259106277942  0.00924123794303733  0.00984889595720244
  0.01046413362548917  0.01109515196430510  0.01176704109385258  0.01248669196140196
  0.01324942887296220  0.01403265535546380  0.01482288195226475  0.01563317009976006
  0.01647511765828718  0.01738431127971152  0.01833308161748082  0.01933337708955745
  0.02038522271705978  0.02148632230186724  0.02264841599588321  0.02386224798040502
  0.02515015055206184  0.02648825222932211  0.02785815782972471  0.02922612836091529
  0.03049705839574382  0.03184886631787435  0.03333131921932080  0.03500541038246977
  0.03680230696505468  0.03868815881330628  0.04067265056089633  0.04277505612702147
  0.04500008274705941  0.04731546536883674  0.04973292270466331  0.05220328078819553
  0.05472570548307630  0.05729651258296316  0.06005095480211416  0.06296979082356419
  0.06608864075239558  0.06934496528941246  0.07258340817357142  0.07581178834240145
  0.07919071185453941  0.08290650962122972  0.08703949775488966  0.09152166283068673
  0.09642752277322329  0.10150621341046655  0.10679382973226413  0.11243640949815618
  0.11843395686517304  0.12484884015836233  0.13144643618293167  0.13856025145075809
  0.14618336193979234  0.15397380545126590  0.16266404842519530  0.17256287323134958
  0.18370834157296762  0.19573515248146675  0.20884963756326433  0.22315898815862606
  0.23811452421786447  0.25324891173254205  0.26902525073070188  0.28622024168428822
  0.30553641249139346  0.32666356296364135  0.34970921044706127  0.37535410184352247
  0.40592941485878292  0.44606008340073489  0.52794381346358399  1.00000000000000000
 -0.00214817109904212  0.00812909272520961  0.01836394919945887  0.02880232595604107
  0.03936308047700753  0.04964287363182551  0.05970753134373606  0.06967145903878150
  0.07965549868665646  0.08941280361895904  0.09877781393887509  0.10770553190454689
  0.11647748638574169  0.12577709034005732  0.13509129750160329  0.14519754545552549
  0.15429023229559477  0.16314460448280149  0.17214943583652789  0.18125672179048011
  0.19076051412836487  0.20026179791432577  0.20933105293930471  0.21857926554714904
  0.22813066768371931  0.23799249300672304  0.24821381762266090  0.25835356219704886
  0.26835775939733569  0.27813102558079378  0.28812498094151756  0.29843196732218830
  0.30884310440577462  0.31928037596022857  0.32970327850221276  0.34026651516738060
  0.35075998341366055  0.36133118096166089  0.37210290076015373  0.38299229680734231
  0.39390020545182991  0.40471246762742724  0.41564238896133798  0.42658598623781513
  0.43751030795534851  0.44839399461556240  0.45941595892614073  0.47055747991677999
  0.48170532408298777  0.49289092053268313  0.50428292960392962  0.51577716366528192
  0.52712013183516304  0.53826063264972601  0.54931851569181467  0.56040768535684038
  0.57162967461542524  0.58290890883663093  0.59436248566119043  0.60571252094176864
  0.61658100626015666  0.62732994003581943  0.63826272256386218  0.64961163435394620
  0.66107244970084211  0.67268811240955328  0.68433078802254799  0.69591042211263643
  0.70692061199634215  0.71764170968607199  0.72811497409489045  0.73862129532109311
  0.74945568193844081  0.76068300431885716  0.77235816231982102  0.78413168903457142
  0.79561418158905195  0.80671849344540503  0.81791746288576772  0.82931394589453267
  0.84086135999716904  0.85234167421819873  0.86358991547342967  0.87424202484696389
  0.88426347776136294  0.89468229665550514  0.90525395434889433  0.91628910257616603
  0.92769777773438011  0.93827813418869921  0.94860780401446798  0.95843837417926026
  0.96798408310644901  0.97821093800445225  0.98837456568653137  1.00000000000000000
 -0.00239950336846774  0.00943277199013528  0.02031489593956477  0.03095415311554942
  0.04121798335497107  0.05111029524144179  0.06087298674325020  0.07071101206885730
  0.08081066964936175  0.09126663043747749  0.10201244353528230  0.11237734233343162
  0.12255241443736190  0.13282422009367231  0.14336966968556131  0.15396235033564279
  0.16452798200832727  0.17522447225785798  0.18595142342302026  0.19676971615735872
  0.20763812498856979  0.21838896440419298  0.22915522639504635  0.23968376505634642
  0.25039840892670856  0.26109550359995015  0.27185271476413519  0.28246852672241302
  0.29293733148651863  0.30359141419423213  0.31426762081551346  0.32496705843756002
  0.33559418492191612  0.34625789252641820  0.35690806156315186  0.36775848469701933
  0.37858627020573898  0.38941817231362458  0.39987552396982129  0.41004764544285327
  0.42046208388231754  0.43112630976438604  0.44242209886269879  0.45357046743346935
  0.46445580285996607  0.47517099536926544  0.48595745221444503  0.49635815675652667
  0.50674962976544613  0.51714386099770027  0.52803703981833661  0.53878482606166500
  0.54936367524646490  0.55996973711108078  0.57041696486527393  0.58033696119476763
  0.58996087266880415  0.59987593571753972  0.60943253395199892  0.61943632322077846
  0.63004510180455675  0.64096667267199947  0.65199976909287849  0.66281091587791818
  0.67356636397247616  0.68446392989440197  0.69538750656851522  0.70601757612654048
  0.71645115854048247  0.72706637314220868  0.73790385270540360  0.74886252223789951
  0.75966157287396618  0.76991721915791855  0.77978654899516309  0.78949954476085316
  0.79969618504263673  0.81016322672463914  0.82112458629837792  0.83173855128281382
  0.84250645855202855  0.85318825394714604  0.86374356507928796  0.87358675851226952
  0.88358632765332146  0.89376728333920563  0.90460727780621386  0.91519376110903250
  0.92568896086574970  0.93621763264671554  0.94695755344735333  0.95768517909970219
  0.96823124257817195  0.97907821091319969  0.98949748586310227  1.00000000000000000
 -0.00232278148444133  0.00890716721311847  0.01932757885489626  0.02963483308879108
  0.03997833021032753  0.05035738902267877  0.06079761181775904  0.07070318617842271
  0.08047637556969452  0.09030559262974552  0.10024832507405876  0.11009396618320869
  0.11889966364011048  0.12773893702291900  0.13647008236015887  0.14516879448647890
  0.15405049302346605  0.16328041328121112  0.17306699788771535  0.18294750624441045
  0.19264907224076389  0.20210751377541042  0.21164042908718986  0.22135640036603615
  0.23135763325277192  0.24178451924380975  0.25221001057985498  0.26247426250333994
  0.27260288924296611  0.28281764129993547  0.29293251699241563  0.30280772859579086
  0.31277139410951654  0.32324466516924261  0.33415200903216646  0.34487260324387770
  0.35518502959151149  0.36528295512843434  0.37546872204006504  0.38582274640606284
  0.39618003711302230  0.40650952771871451  0.41704620053757085  0.42782310981878935
  0.43861974179935836  0.44944719406248879  0.46034143933092631  0.47131400269664969
  0.48193259680862832  0.49241703084523863  0.50287821034233726  0.51373791881277253
  0.52476949850253030  0.53573670129703621  0.54672957064343886  0.55782885941745164
  0.56898081514009036  0.57993193483013261  0.59094267131220546  0.60212925265168793
  0.61355975545196573  0.62500622933191030  0.63648060982293386  0.64786842114269094
  0.65904851336198123  0.67015199689545579  0.68131671021637197  0.69253674199754012
  0.70360108036630775  0.71461315301046935  0.72579025674039865  0.73687293819371946
  0.74736084864941354  0.75718947096684952  0.76721345092704851  0.77811808795070825
  0.78950038778506682  0.80056942723712665  0.81130352634037395  0.82216451239782351
  0.83294486470291573  0.84398477960289142  0.85541215986147345  0.86688083760064416
  0.87802360835258664  0.88886982720887220  0.89958102934799433  0.91045718995462066
  0.92210748134204945  0.93328407887392417  0.94399455028898460  0.95493437577682216
  0.96612934343544155  0.97767856694791244  0.98912526476693408  1.00000000000000000
 -0.00219878369715152  0.00888448551133883  0.01890804723119776  0.02975533597948730
  0.04023270537706591  0.05080231835716824  0.06129065192415130  0.07213280216387602
  0.08225897217698452  0.09235658353559345  0.10258644347947690  0.11300422843199615
  0.12351985408009716  0.13405721527936487  0.14474273479410557  0.15580809992433839
  0.16693378215198751  0.17797950994297340  0.18866276690195050  0.19900505685473543
  0.20926917148106533  0.21948402775668921  0.23016188565328016  0.24082032170504528
  0.25167570740739986  0.26237503138814594  0.27304761041352599  0.28360072170934947
  0.29417602956187772  0.30490783582368158  0.31549232373898423  0.32606181683927238
  0.33668211393920172  0.34743107021310171  0.35800694528670085  0.36846976399110448
  0.37874740438097337  0.38904253759177471  0.39942249140536606  0.40994728169455863
  0.42067677360191480  0.43158276630932091  0.44239928880949531  0.45312442559241672
  0.46369890104503053  0.47433293600274384  0.48524995215338790  0.49646331406516864
  0.50770508557965044  0.51869193975499006  0.52957926731065563  0.54055324178693354
  0.55160978809242778  0.56261843511974430  0.57339377272411562  0.58373721928877953
  0.59381754560718247  0.60386055130079419  0.61436463793865004  0.62530442294867528
  0.63640538551979575  0.64749763120948600  0.65842664963125552  0.66930540429796914
  0.67995488798558212  0.69048708159647376  0.70106161960742275  0.71174804348303611
  0.72242810914873623  0.73272088157339865  0.74280909923923599  0.75308209174354446
  0.76381335064462563  0.77474684396833571  0.78553790240362664  0.79555281283064083
  0.80531366497958223  0.81501853518653966  0.82493188052142719  0.83538051374093247
  0.84610038322234282  0.85688243298596034  0.86766754291395976  0.87797355077500749
  0.88751018296387529  0.89669065941125303  0.90608082292219205  0.91683320168337024
  0.92742777702613788  0.93759371395865776  0.94779510778563558  0.95861436382566689
  0.96987711407950095  0.98070522793742920  0.99069984005771961  1.00000000000000000
 -0.00213580412244770  0.00766304385840062  0.01697720147467760  0.02721622420205648
  0.03797112461444916  0.04876691707461840  0.05948851824158098  0.06986927685205858
  0.08018698729475321  0.09067293959599312  0.10127586812455476  0.11188633485520114
  0.12252207405840713  0.13335321610701120  0.14391362213052739  0.15447356158668554
  0.16473686072556792  0.17524247126832926  0.18552984596149599  0.19567608665967046
  0.20574255464117466  0.21553936081353767  0.22551825389189126  0.23564903682776131
  0.24603734536735047  0.25639907825848574  0.26667120298313635  0.27695498937414115
  0.28752606065721692  0.29848357673147818  0.30951150995343135  0.32042721681689590
  0.33099061386825529  0.34132125491276649  0.35159893443260698  0.36181279987956810
  0.37220049788400000  0.38279982819553016  0.39372816002690864  0.40382190933224521
  0.41345483396830141  0.42375930780487731  0.43436072412620447  0.44503774864869161
  0.45541121673566531  0.46551242785428593  0.47574659600472552  0.48622425970195310
  0.49677537300728380  0.50738175191516299  0.51803707484468531  0.52877983183550192
  0.53967697556600080  0.55044299302289545  0.56091974396088828  0.57162504322940666
  0.58238717950401619  0.59327221825340537  0.60407494094210634  0.61485157893583942
  0.62580645063997831  0.63674038306964886  0.64750045070510909  0.65811468079168933
  0.66860778848342106  0.67900636132042969  0.68950812582759979  0.69964885307349078
  0.70961668806734501  0.71925992795086502  0.72924585314312584  0.73963284043017985
  0.75021183541188419  0.76112861460052328  0.77176052381583393  0.78241305688111140
  0.79302913386457519  0.80395011384149484  0.81504651005588202  0.82627406417753579
  0.83710970760071157  0.84755770496442673  0.85816258509064292  0.86902704010526111
  0.88004310684684417  0.89117189259840524  0.90228450076517508  0.91352230124565992
  0.92453874930019420  0.93559449625111890  0.94601913020125317  0.95642839760081910
  0.96669690880062287  0.97803221339629198  0.98892256180660054  1.00000000000000000
   1.2285014034138593E-011  -1.0000000000000000     
 F F F F F F F F F F F F F F F F F F F F F F F F F F F F F F F F F F F F F F F F F F F F F F F F F F F F F F F F F F F F F F F F F F F F F F F F F F F F F F F F F F F F F F F F F F F F F F F F F F F F F F F F F F F F F F F F F F F F F F F F F F F F F F F F
  <DiscreteSampler_grid>
  grouped_processes
  1 # 1 for a reference and 2 for a running grid.
  10 # Attribute 'min_bin_probing_points' of the grid.
  1 # Attribute 'grid_mode' of the grid. 1=='default',2=='initialization'
  0.0000000000000000 # Attribute 'small_contrib_threshold' of the grid.
  0.5000000000000000 # Attribute 'damping_power' of the grid.
 # binID   n_entries weight   weight_sqr   abs_weight
    10   10   3.444240481384679E+000   1.055201137901683E+002   3.444240481384679E+000
    16   10   3.444240481384679E+000   1.055201137901683E+002   3.444240481384679E+000
    22   10   3.444240481384680E+000   1.055201137901683E+002   3.444240481384680E+000
    28   10   3.444240481384679E+000   1.055201137901683E+002   3.444240481384679E+000
  </DiscreteSampler_grid>
