  0.00903479762640369  0.01699090104705381  0.02736065680847939  0.03858801569054468
  0.04837340802611539  0.05798335369649914  0.06817952192404435  0.07828923518020496
  0.08822455824439215  0.09791616589169092  0.10875717477879840  0.12100905974436897
  0.13309607435360682  0.14500831416651941  0.15657324470803505  0.16729404350915952
  0.17762050005968713  0.18770932512927996  0.19748793573526532  0.20745325856077657
  0.21763315647934592  0.22801962834870293  0.23849470576670673  0.24911557167775983
  0.26025207730790106  0.27148380402187039  0.28257016273976721  0.29341281867092250
  0.30428218271943591  0.31539907072363621  0.32690553672374167  0.33848619082987158
  0.34928501357254604  0.36035999783552702  0.37124758813561831  0.38212373947681105
  0.39320046337837988  0.40491326593486876  0.41643083018314037  0.42759308347850139
  0.43878900750226424  0.45001421625668747  0.46102860151193703  0.47174198786607857
  0.48199688346870428  0.49091030272103969  0.50014070175319969  0.50976531961278038
  0.51971202264827965  0.52926671066171393  0.53869188288416403  0.54855811678867161
  0.55900033440353636  0.56899498480098398  0.57849826629249046  0.58783922411588019
  0.59719024283408517  0.60700409175726822  0.61690179607199647  0.62670452356547024
  0.63665621865249566  0.64678627820108336  0.65710335699872668  0.66738342733967659
  0.67782416509349119  0.68779972646593468  0.69742989857098991  0.70707773127817775
  0.71762873108678948  0.72802358094008068  0.73882088395020773  0.74918928959667108
  0.76031362377236178  0.77130464111716623  0.78304276441189136  0.79422138543096499
  0.80540439496989813  0.81626598214666013  0.82718889095343351  0.83772313836034484
  0.84808186211560943  0.85834304864632938  0.86807539167404113  0.87780639478306599
  0.88737593691996508  0.89718443240246171  0.90746102886143898  0.91812328670780319
  0.92914677292889414  0.93997270862442839  0.95076724029805104  0.96149695106002464
  0.97194086841144534  0.98155558142231769  0.99138388748531503  1.00000000000000000
  0.00959404276188859  0.01478737926478626  0.02362899342437313  0.03347937763294462
  0.04355442551962632  0.05358670391662700  0.06329235380816296  0.07235727116836262
  0.08149628349665845  0.09126588907352795  0.10130893100742554  0.11152230139316631
  0.12191566276643903  0.13359593428567987  0.14544358285590445  0.15629630496176083
  0.16686165719240181  0.17753541407941345  0.18791120815346626  0.19784181639058798
  0.20751308435339216  0.21823132289485131  0.22941064358741903  0.24044017356859984
  0.25143249796287720  0.26229871072206595  0.27280133470613660  0.28271764180158582
  0.29240341156635719  0.30208134949179544  0.31175289839305248  0.32173555048372898
  0.33216551676578160  0.34313562077061177  0.35420387966401756  0.36476279194417194
  0.37492561233254867  0.38513266318293404  0.39514834280836048  0.40487147066838669
  0.41436871023494032  0.42379650602868429  0.43318409339953501  0.44258470364267899
  0.45177898662609989  0.46150029694530625  0.47171506175822664  0.48274883551622577
  0.49408118248715621  0.50504909573460754  0.51572164564194767  0.52616695152651394
  0.53665072898070731  0.54727929082641880  0.55806059429284172  0.56906619766442346
  0.57965356749822805  0.59035543690369119  0.60045931455319745  0.61017215012473935
  0.61986843926030233  0.63022307710461778  0.64199987246007195  0.65366133050478958
  0.66462882949870195  0.67519934523437108  0.68572372908861035  0.69659402890499944
  0.70787633861420862  0.71879975558077658  0.72943948227445476  0.73950566165000786
  0.74938069568607746  0.75905393870704385  0.76838355847905571  0.77810548637565335
  0.78863677233762852  0.79955272371497077  0.81014852563939033  0.82020627043980565
  0.83034473098922768  0.84079018674303108  0.85115736040250944  0.86258352055124254
  0.87439448750945570  0.88686360842135858  0.89852964586472750  0.90947635023756479
  0.92067528626069106  0.93214348997755692  0.94377169470422217  0.95510264181848337
  0.96640482185065391  0.97745887989598002  0.98867770956170364  1.00000000000000000
  0.05799004060707775  0.06071975010581016  0.06321916826088428  0.06600646793613983
  0.06980153074180463  0.07354449597054458  0.07722607722301569  0.08103204970497836
  0.08488590871402957  0.08882299794177125  0.09278329394982221  0.09676132066893055
  0.10090579611578791  0.10506103532277630  0.10922470743081228  0.11359261591233226
  0.11803002494433028  0.12253101132189420  0.12717819354178250  0.13197980343529503
  0.13721471949386618  0.14195698660194420  0.14589689197244785  0.14824950595287689
  0.14954579992542863  0.15070014619310731  0.15183066170362014  0.15358146652544927
  0.15606605445348151  0.15840443359870651  0.16075789754155567  0.16311738474972809
  0.16548121437935553  0.16783157989583586  0.17018552266719120  0.17257585701003764
  0.17498788998748913  0.17737220714956692  0.17977177267616243  0.18217980450283200
  0.18463684586434631  0.18710778411631807  0.18962240866890637  0.19215402607537094
  0.19472248544276918  0.19734096167624499  0.19998502367858256  0.20265228122501522
  0.20536287795133071  0.20811081542126841  0.21089178986585552  0.21372495640674422
  0.21661043197990645  0.21955966132627419  0.22255460676180813  0.22557651968908951
  0.22861346567862717  0.23168984863265782  0.23482347307019757  0.23800287565283804
  0.24121280126993519  0.24444306453295761  0.24773075290497915  0.25111402603387539
  0.25456694395318524  0.25804818719084677  0.26160033136385563  0.26519294670432569
  0.26885769130464138  0.27258736521021260  0.27643145167051397  0.28034946395595445
  0.28438776818731942  0.28852897091004476  0.29276985233959496  0.29710008361687418
  0.30160661588019400  0.30626686212518039  0.31115692957386620  0.31630786788706439
  0.32172880417755723  0.32739232678967728  0.33336118383018598  0.33976507966201419
  0.34679617977842914  0.35435899162665607  0.36267883899388520  0.37202127991789141
  0.38262219083957477  0.39492933088999993  0.40993730589262756  0.42859579822541582
  0.45504606948916770  0.49796597331022918  0.58443043822001928  1.00000000000000000
 -0.00277233498752650  0.01143847842503275  0.02297806553657244  0.03553460846238678
  0.04784964587636944  0.05987989216963636  0.07094747302803942  0.08158977123594961
  0.09222772666773277  0.10245330018321057  0.11201124926088774  0.12124953771833066
  0.13110034300069634  0.14178476694842337  0.15239165188866255  0.16229176145960103
  0.17215163824863913  0.18240505619882555  0.19338474570487385  0.20476064282448844
  0.21621926195979776  0.22748135168886707  0.23846399733149864  0.24877276982502605
  0.25832542014348325  0.26768945602213062  0.27738287358390529  0.28740606216914366
  0.29728589515336085  0.30679421349223945  0.31675937097471002  0.32738989047128686
  0.33811703409360011  0.34856918637754480  0.35863434870937633  0.36852748904016003
  0.37849663906565373  0.38829984567127518  0.39805327028226750  0.40767844694641625
  0.41724671634116040  0.42660863947402800  0.43579837612109334  0.44492915241822312
  0.45390478553215746  0.46296770288990541  0.47225235299613355  0.48182128184463524
  0.49180868433280278  0.50216251151804059  0.51290436576908616  0.52358515766541114
  0.53357061463435873  0.54389470524172023  0.55408628501775237  0.56447155438933228
  0.57451014476435913  0.58466719596844030  0.59494182162538134  0.60526063868673063
  0.61519588610084552  0.62480896080459358  0.63425291526193628  0.64383606046424802
  0.65403895016119473  0.66494306507369638  0.67574749453385019  0.68637648159544007
  0.69650267461754911  0.70665101282679899  0.71658097016608580  0.72707937593269467
  0.73852517314360144  0.75060251742880058  0.76144848663806231  0.77208345543254731
  0.78275085149511292  0.79355178730131193  0.80445064965209612  0.81540973998607247
  0.82656652902111227  0.83784492287511902  0.84923102346233892  0.86037879767165892
  0.87137378475307503  0.88233704212072528  0.89339939372171717  0.90417015126729550
  0.91529806698695326  0.92633121079508007  0.93688507260208020  0.94796454456474100
  0.95935146296938190  0.97271629961319661  0.98605767899369712  1.00000000000000000
 -0.00254046127802785  0.00963979688797287  0.01982518102952244  0.03069442860849528
  0.04105806329031114  0.05038934657093853  0.06028766490408407  0.07107306443936658
  0.08222410885620898  0.09237209209438904  0.10200184453965230  0.11210437750957278
  0.12279201690543647  0.13349555796521664  0.14366780094923715  0.15355900587409049
  0.16370067592814591  0.17419461409372206  0.18492894759483863  0.19589319790014248
  0.20697984008441767  0.21868182003167186  0.23049258251219770  0.24244369035859142
  0.25427658430480721  0.26592594706688250  0.27703902480751480  0.28713891465759578
  0.29667495039123315  0.30553096486850201  0.31488358143957257  0.32383018976109657
  0.33288792614065937  0.34221378961488536  0.35149568201016812  0.36067052146193362
  0.37002242200286051  0.37983839170965633  0.38979243092158294  0.39976333014796778
  0.40970901798395692  0.41973839639428090  0.43010835772968758  0.44036083949719823
  0.45034014831458213  0.46019993728390773  0.46991411496733254  0.48012630156836406
  0.49117573526914893  0.50290026568690827  0.51472705668565422  0.52640760235479833
  0.53835960389679083  0.55075833664501039  0.56330555518665393  0.57562049524932490
  0.58769133467214552  0.59964904457708001  0.61112789042964444  0.62192439723776882
  0.63311651802288915  0.64420108670946397  0.65497295152863588  0.66527545075597272
  0.67522062747740041  0.68490611748770813  0.69444735520853729  0.70391352546606889
  0.71301724696171365  0.72191452417327939  0.73099077934376022  0.74116713294966474
  0.75172439154024029  0.76201391023536991  0.77240134119288173  0.78376169241842608
  0.79539572060738162  0.80668711903249790  0.81747920874000268  0.82818324962885215
  0.83896729195452013  0.84986702733896358  0.86141129894532098  0.87258988490302847
  0.88336212840920059  0.89411751432543862  0.90562191582593488  0.91728396569052773
  0.92793786429096425  0.93905407675182739  0.95073750749446273  0.96160481166113343
  0.97141050677463925  0.98089909742807768  0.99045027746162295  1.00000000000000000
 -0.00295199465490940  0.01192465823181841  0.02362633925964733  0.03568000926580616
  0.04821310683453829  0.06164695527366517  0.07551313304103231  0.08886865506667811
  0.10204844685518764  0.11366579425187784  0.12536279200644371  0.13666077233633978
  0.14777185512781102  0.15849451507223938  0.16921751420049994  0.18131805054039066
  0.19304620483421997  0.20433736646166251  0.21456513354754425  0.22400845148281137
  0.23302154236523412  0.24191315739345082  0.25095175724580165  0.25997498281205383
  0.26902538476119187  0.27870462438871457  0.28924491251192774  0.29990823784434339
  0.31019116193943597  0.31938351400528614  0.32789946262133057  0.33669471686865593
  0.34615870212302430  0.35581295409286534  0.36544674488987383  0.37478277955226424
  0.38456526578280520  0.39469645467178288  0.40483454801611923  0.41494156082505274
  0.42463827593224429  0.43418895167897603  0.44412029052052393  0.45404085955335488
  0.46344818219687128  0.47247784397604992  0.48203190721674655  0.49227109911813471
  0.50240284662787071  0.51160363452806246  0.52117143216985196  0.53145409390309550
  0.54146060951703823  0.55075339008238666  0.56012454138748902  0.56998250755499058
  0.57942097870797893  0.58839371524133899  0.59712171896291133  0.60613405470664605
  0.61565078907829851  0.62532828691406095  0.63476486782747099  0.64399237917460372
  0.65339339617087000  0.66319556117251555  0.67302957166551791  0.68284662028369936
  0.69300844775796655  0.70375684735190835  0.71482281437298412  0.72553266060741595
  0.73676948248867191  0.74826328430752020  0.75966486210924922  0.77106424424442899
  0.78179274392127962  0.79305775930443623  0.80427861042148840  0.81501756637781608
  0.82590307709551136  0.83696380238441204  0.84862261108784243  0.86028468306309680
  0.87190838727586362  0.88392359653478825  0.89642203045965219  0.90907050578382609
  0.92183119350706266  0.93421599657142429  0.94571425411498067  0.95706121501969255
  0.96828902347926915  0.97923838403314256  0.98949599052392700  1.00000000000000000
 -0.00209057137537497  0.00898307018746609  0.01809510657164921  0.02782692932437517
  0.03784575326988168  0.04807007464218261  0.05804542123537195  0.06851077957357218
  0.07950004413755067  0.08987976734057405  0.09991798379939171  0.10996983895349204
  0.12041466144478533  0.13110428548694053  0.14160298067306443  0.15228882832162671
  0.16329425196220024  0.17439509981442039  0.18618081234813863  0.19768661819917535
  0.20913446889598525  0.22017667736826560  0.23145086387052549  0.24338305464780385
  0.25455975133078518  0.26517987403761561  0.27528842579690843  0.28541037487743176
  0.29552035804675181  0.30571672784183163  0.31656320426278545  0.32724103183748260
  0.33805588008853493  0.34872591058749081  0.35977179225025463  0.37128848488743776
  0.38248522131404022  0.39373171935241036  0.40477535126339204  0.41576014362314812
  0.42625077657787913  0.43650575148655635  0.44682855163738971  0.45701152708641252
  0.46707342565664212  0.47726863906767591  0.48774315826378306  0.49830477605849410
  0.50824486220599141  0.51780064737607046  0.52769462350198559  0.53793825195793066
  0.54820007160000950  0.55828394825149819  0.56947421543103016  0.58111379896123605
  0.59234956145496598  0.60398900805909705  0.61660435751383225  0.62806236110999536
  0.63837815323011404  0.64851040289700701  0.65867318115594875  0.66870623637264237
  0.67850401720977305  0.68842713057117733  0.69983377252752887  0.71158435250802243
  0.72374051750355850  0.73508031766417470  0.74542086595006007  0.75574472828073014
  0.76557678167404963  0.77548225671706206  0.78472528810557940  0.79469720561044355
  0.80502069768741058  0.81537180322321612  0.82524655816228465  0.83489110751690510
  0.84453776202467179  0.85450390284046873  0.86505614896959215  0.87565076286908583
  0.88666421639348625  0.89790425499992910  0.90908502481617259  0.92040413612400995
  0.93101209037525356  0.94114777844313613  0.95071070276259795  0.96039372741448581
  0.97033345314652109  0.98031011652410260  0.99022484048248438  1.00000000000000000
 -0.00273682404900699  0.00956428868618273  0.02061554453520692  0.03108617380495579
  0.04155581482719273  0.05190188205339376  0.06214630854901215  0.07253699994083164
  0.08284162380434899  0.09280417598750763  0.10264492766398038  0.11213613683438949
  0.12140268173727775  0.13115605782034043  0.14049231757158354  0.14997371222069092
  0.15964333101442457  0.17015441269122480  0.18176809162644553  0.19324930768960111
  0.20467379851603526  0.21593222991346647  0.22739988248600129  0.23893283154138945
  0.25021333886065961  0.26129046578716913  0.27239419223976885  0.28365836888490192
  0.29545511865396085  0.30724951477994006  0.31859440610787021  0.32952749625875111
  0.34063736022376062  0.35166415157613024  0.36253485787344741  0.37329506966276510
  0.38430344034300390  0.39561612386055961  0.40676540598648686  0.41818896932142141
  0.42961454003075772  0.44090230642533190  0.45198545872568524  0.46263078340547481
  0.47289892198308559  0.48300310631344162  0.49325526857137608  0.50387364044241834
  0.51456196377465502  0.52506438136108813  0.53511959776841744  0.54459533008459793
  0.55359925462872128  0.56271642870394556  0.57222230599368162  0.58211077608878470
  0.59159268184097025  0.60069690605433790  0.61023728874215333  0.62029614521960397
  0.63071273990918320  0.64129847447375754  0.65143490765959677  0.66119324228325138
  0.67111405019676162  0.68130940582384059  0.69133493519572276  0.70104300129167185
  0.71115312799424590  0.72181788436321415  0.73244906796329223  0.74216888030582961
  0.75242232160446576  0.76235379756545341  0.77250211177678962  0.78279912464205548
  0.79302823872380557  0.80390383674530796  0.81490053452139288  0.82561398967315847
  0.83607764757314362  0.84644616176111198  0.85664411782498151  0.86654233970309191
  0.87662672273785947  0.88737114675828566  0.89844201035720539  0.90935850896061021
  0.92010090878724504  0.93082052150208239  0.94182376125960765  0.95315400068745459
  0.96477372499296510  0.97651988593029870  0.98823708051485970  1.00000000000000000
   2.1788444828851801E-008  -1.0000000000000000     
 F F F F F F F F F F F F F F F F F F F F F F F F F F F F F F F F F F F F F F F F F F F F F F F F F F F F F F F F F F F F F F F F F F F F F F F F F F F F F F F F F F F F F F F F F F F F F F F F F F F F F F F F F F F F F F F F F F F F F F F F F F F F F F F F
  <DiscreteSampler_grid>
  grouped_processes
  1 # 1 for a reference and 2 for a running grid.
  10 # Attribute 'min_bin_probing_points' of the grid.
  1 # Attribute 'grid_mode' of the grid. 1=='default',2=='initialization'
  0.0000000000000000 # Attribute 'small_contrib_threshold' of the grid.
  0.5000000000000000 # Attribute 'damping_power' of the grid.
 # binID   n_entries weight   weight_sqr   abs_weight
    10   10   7.358404923245605E+004   1.237255431379776E+010   7.358404923245605E+004
    16   10   7.358404923245605E+004   1.237255431379776E+010   7.358404923245605E+004
  </DiscreteSampler_grid>
