  0.00972635379456043  0.01482138296028425  0.02303504619441939  0.03203367641561036
  0.04164307171367952  0.05153515756372609  0.06142594763868414  0.07116142995470155
  0.08091788975586414  0.09084899886111465  0.10097270230044714  0.11111012950003503
  0.12147633538943162  0.13245914124720767  0.14389211545620170  0.15526882047349030
  0.16649915731774384  0.17812062136340559  0.19017524172459679  0.20257184105325748
  0.21436759268991715  0.22583512012916232  0.23688338978262263  0.24744271350121741
  0.25813526291206290  0.26872808611913535  0.27943821034706745  0.29037632938441121
  0.30219300717124031  0.31459654501098033  0.32676216535032454  0.33834895258786041
  0.34967259233621895  0.36142180534241480  0.37301120805579918  0.38468612145636444
  0.39591249660126471  0.40722392955288833  0.41782497241001820  0.42807080372413492
  0.43818717819711073  0.44809528254754749  0.45795995968511044  0.46764075893621160
  0.47735858951997479  0.48724937193838241  0.49697374626209645  0.50717827464855625
  0.51752690142079760  0.52743918873258400  0.53713031009945689  0.54660415058541723
  0.55617229352067932  0.56602016872721961  0.57681973222392446  0.58860011717605321
  0.60123210253616488  0.61251201876234518  0.62335511376858177  0.63438342552716653
  0.64568383244599092  0.65714277823422174  0.66791818643005840  0.67782770156123295
  0.68756228371315897  0.69737430672255696  0.70710271099209643  0.71681140441936475
  0.72641699523460290  0.73720761938096413  0.74827210236109398  0.75951893599244968
  0.77056972458962480  0.78030026943244413  0.78967497693512845  0.79919585670168225
  0.80889975286910820  0.81806914716883716  0.82674415518314770  0.83580809161230574
  0.84648820911097933  0.85632503260989301  0.86502138651856253  0.87404596718037353
  0.88360428704162786  0.89309038051416856  0.90253145765842246  0.91215497866431217
  0.92266289464744633  0.93382900530433721  0.94516522957861893  0.95656641085702176
  0.96784476887022874  0.97877653794744024  0.98955199707598163  1.00000000000000000
  0.00909672595996462  0.01594009158932418  0.02701273673536255  0.03965666752850115
  0.05040204746586489  0.06071505054761381  0.07044116040284866  0.08009514132690017
  0.09013450645506049  0.10041992175450810  0.11147076640937180  0.12329673693527261
  0.13468483153998165  0.14599394495157436  0.15710737254610552  0.16825485217572470
  0.17926668489586364  0.19077869992083113  0.20238660245860579  0.21336609377609786
  0.22391144091273785  0.23488164086255145  0.24645270011146850  0.25837776178699012
  0.26977094440764632  0.28160942732159294  0.29312836396333802  0.30450730684655924
  0.31518963739172823  0.32528045454945231  0.33545647125287315  0.34619095922875137
  0.35658123543784609  0.36706903103096283  0.37758102547124955  0.38926243646067427
  0.40050295652620338  0.41171977650125025  0.42240920168128848  0.43252467993682731
  0.44247844054050733  0.45209896988465909  0.46165743113968927  0.47088774209839507
  0.48036063740236767  0.49002124034743949  0.49958522505573677  0.50900208726444851
  0.51874753495361337  0.52912429661403082  0.53992543224835288  0.55089942102151468
  0.56202203470589029  0.57327869246554242  0.58394629163458855  0.59384366631014640
  0.60357708519423414  0.61366154190131239  0.62415258455338007  0.63474325383873276
  0.64531356983928601  0.65638747046918278  0.66683803304124745  0.67649397281003065
  0.68591368288286159  0.69596106684734182  0.70606315707203426  0.71657412275415466
  0.72670486812736301  0.73697060438226880  0.74686622404931802  0.75630628948787404
  0.76546084110107271  0.77463383132434138  0.78414247808456983  0.79384912746060232
  0.80332039986497772  0.81277538939029237  0.82277769790941335  0.83301470907919439
  0.84256726590001862  0.85238323378913683  0.86302372982315378  0.87411461276991143
  0.88458596408248502  0.89503554296209509  0.90600595112186022  0.91705482184295106
  0.92871638565794634  0.93980096530309021  0.94994464592139050  0.96026439742840197
  0.97085429857508831  0.98146637874173903  0.99151484575140580  1.00000000000000000
  0.05752796926067788  0.05846309508758052  0.06033866182415863  0.06260460230014138
  0.06495355156925706  0.06878352055656735  0.07253852112222313  0.07619021225350506
  0.07999700804532445  0.08387975018954173  0.08792811321927246  0.09198428541834894
  0.09604621985885964  0.10041738088990264  0.10480529785706519  0.10921139896072900
  0.11374085600510429  0.11831838725635681  0.12295482883484549  0.12778036237175489
  0.13278671605803724  0.13832778492055051  0.14304228337314429  0.14669718102958973
  0.14871773531083352  0.14987615927939965  0.15110442561076032  0.15225212655213435
  0.15443332148141120  0.15687581755822777  0.15926223826245992  0.16168023380797408
  0.16412138193905565  0.16658880872407286  0.16907448766057875  0.17152828579152621
  0.17395898082613201  0.17635104961183151  0.17876068291248412  0.18120391155073201
  0.18368627129602075  0.18618964025728485  0.18872107730170995  0.19129439363292630
  0.19388037781696393  0.19648463850378758  0.19914375733664125  0.20186398865836389
  0.20460455943561751  0.20737263347039739  0.21018387152529261  0.21303635027372597
  0.21590649368948903  0.21880902530493776  0.22175981319435631  0.22481783202440511
  0.22790412041239388  0.23100450355459778  0.23409903114273137  0.23723842811365070
  0.24041431617591744  0.24365537140779420  0.24695601021894015  0.25032970615607308
  0.25377998204127122  0.25727846651416075  0.26081161776146367  0.26439167629949617
  0.26803155285985297  0.27172663328526070  0.27551107645262307  0.27939112103898261
  0.28341324344344498  0.28759742076685452  0.29190929804649035  0.29633619079128443
  0.30092385138690492  0.30564078318095883  0.31053154231309171  0.31567169110512250
  0.32111157606969587  0.32685411968555961  0.33289985468730893  0.33931980387390531
  0.34622476174405065  0.35378598862508948  0.36219610627964660  0.37163650637717283
  0.38229423520443345  0.39453410298918734  0.40958016834277183  0.42845752865930459
  0.45516872337287650  0.49880667038806775  0.58555602442598442  1.00000000000000000
 -0.00276624852944717  0.01131272544207529  0.02297034753050159  0.03461132215644401
  0.04544209351906791  0.05530074229702313  0.06574623904517957  0.07652731658165593
  0.08702571050714714  0.09710067496404012  0.10738993141054573  0.11816865987784105
  0.12866825099774529  0.13886791389327893  0.14891788761395935  0.15872470481210249
  0.16875929825734975  0.17929434264533298  0.18963517053304463  0.19993452103259879
  0.21031639042456399  0.22090532488012660  0.23154066530368467  0.24149703671592068
  0.25151931474889139  0.26091212505308237  0.27033537896579574  0.28043915040380712
  0.29021535719253178  0.30050601076269712  0.31031923453661886  0.31963237891988866
  0.32912527856838364  0.33807957745063943  0.34768798396603867  0.35719400810626595
  0.36612427423406552  0.37489216856085017  0.38418764416961410  0.39377899635375424
  0.40363290847824340  0.41314647542985439  0.42287712256440535  0.43304095706505213
  0.44360729615958361  0.45448647698492606  0.46547164240728245  0.47633925377393760
  0.48692233337688312  0.49752672604161463  0.50781484479723804  0.51826519031734020
  0.52825543016284804  0.53838704012742100  0.54867153736706764  0.55879559845479643
  0.56828033802899247  0.57738750392869020  0.58660486857890359  0.59617627686651475
  0.60592179303265603  0.61534615393845660  0.62452563134203232  0.63380737857312586
  0.64320290572763805  0.65306608359341445  0.66363598645233079  0.67469588715229811
  0.68609586731875272  0.69732700248908963  0.70837149563879453  0.71923971065416492
  0.73024158052571042  0.74155661215846391  0.75279452796070101  0.76334637979741315
  0.77393810232947968  0.78446183867647590  0.79447457472640093  0.80451927092776343
  0.81535810423839650  0.82773764957636997  0.84021990617369979  0.85242058768169782
  0.86451602020829232  0.87683732464685593  0.88966778469898988  0.90140721019114856
  0.91243456888868357  0.92375676387884986  0.93525365151606132  0.94682735428467890
  0.95751053908763173  0.97156370602572573  0.98554759367243627  1.00000000000000000
 -0.00269235847799238  0.01005688805243069  0.02086376579718745  0.03112351302285607
  0.04165172862665350  0.05290540275871882  0.06427815180266164  0.07584518378754589
  0.08819799605509417  0.10140394503783801  0.11362926347967808  0.12495493842103300
  0.13522116040229759  0.14506418288668013  0.15490180520288185  0.16463736861570646
  0.17392703896651598  0.18311964287159838  0.19257661038333382  0.20262957583966942
  0.21287443208961146  0.22268507028112364  0.23256228233520695  0.24270386925958060
  0.25256582325770832  0.26185034722833528  0.27127357087582538  0.28098062092963294
  0.29051262440858600  0.29988593584638784  0.30889131282388815  0.31966909698825446
  0.33066378256490536  0.34207495860024156  0.35339316602177218  0.36387591524172658
  0.37413834462082979  0.38471661809099994  0.39560800375359495  0.40655711836438913
  0.41730970183094429  0.42825490129564125  0.43916039419460362  0.45019665705315554
  0.46111968059307790  0.47130471271923008  0.48186993584358068  0.49271329208416387
  0.50404359242080743  0.51452471851463200  0.52505107748577029  0.53606836745556030
  0.54631329603823631  0.55657568665355583  0.56669962185436440  0.57687748494308810
  0.58738494005264763  0.59794195447809539  0.60861489080493558  0.61956719562216001
  0.63065255251694408  0.64180214148483683  0.65256561643622013  0.66283871056861010
  0.67325025662263527  0.68359124210090327  0.69385248771831098  0.70389637290513019
  0.71412941571113708  0.72468845320666353  0.73507361438888430  0.74486532050638210
  0.75431180775943230  0.76388893135425673  0.77387965820545834  0.78371051457626251
  0.79352833402697298  0.80393534518622289  0.81453024443149591  0.82504857069975046
  0.83580595251003609  0.84699352747702294  0.85784243994683795  0.86774383638680352
  0.87780205705158265  0.88895270858969033  0.90034440452914255  0.91228064903101724
  0.92399018705026947  0.93477664735054000  0.94541334681084999  0.95606658697652203
  0.96719666396131609  0.97764867938947952  0.98872551259909247  1.00000000000000000
 -0.00283813494351434  0.01216958911301745  0.02450610122838379  0.03634179092918985
  0.04844148184969345  0.06048647821300718  0.07194988843466088  0.08315359996386511
  0.09412606429873187  0.10516972845827562  0.11646105880804646  0.12782509778351475
  0.13864558119806428  0.14931711881609347  0.16009368515687122  0.17062871441280261
  0.18072249967218226  0.19048717606291568  0.20006925733071629  0.20979296572030964
  0.21968214323734780  0.22938047815841367  0.23882751418706102  0.24870214126006968
  0.25947791542736676  0.27056296377644307  0.28117971027382771  0.29157601985206499
  0.30234796417783699  0.31351217766425499  0.32486540565031236  0.33629387360275470
  0.34769441019779646  0.35899046108230609  0.37038225297228444  0.38093713781852601
  0.39087258172039763  0.40018414324522983  0.40894728139849251  0.41774315579315319
  0.42682704342643346  0.43618690576081465  0.44570063831135998  0.45486799890541130
  0.46450938216294357  0.47461325209297789  0.48452853566706672  0.49413401191822426
  0.50416166596909584  0.51452113083398554  0.52518838379532495  0.53567247254473604
  0.54622041058940607  0.55673126251729610  0.56678401636801701  0.57640874993073754
  0.58557707479861110  0.59446070669690509  0.60354634656568606  0.61326892416202006
  0.62330099997516697  0.63257276580844146  0.64135101757013291  0.64971414461264188
  0.65806893914358366  0.66658130494645340  0.67513260613001980  0.68386345807384552
  0.69309539730612280  0.70283648379939834  0.71356054806842084  0.72511317429602573
  0.73635277838686375  0.74741827407088857  0.75915021857537190  0.77093559221288654
  0.78182944518655528  0.79285844925558557  0.80421884318373338  0.81522480222930405
  0.82550802043279092  0.83610244213180440  0.84721052176076428  0.85797311197165027
  0.86833590148755424  0.87882558718454962  0.89069394967459647  0.90312329838762184
  0.91607781547251144  0.92852312956340610  0.94111149538047534  0.95380188670931276
  0.96593702157444861  0.97740131475887770  0.98858267044126824  1.00000000000000000
 -0.00268348200239329  0.01034856636334549  0.02101736071020514  0.03221692857377642
  0.04336997441337474  0.05416153525605923  0.06524291732609194  0.07660721902758666
  0.08859013147402442  0.10019127770956157  0.11118745572661748  0.12175082528205414
  0.13235538366577765  0.14333068796317763  0.15451106485326985  0.16587337334216137
  0.17756579325074062  0.18917812884287347  0.20046541418310596  0.21153803919284231
  0.22243287049164048  0.23330241945414382  0.24435169174215307  0.25564085033753947
  0.26689994604838818  0.27789144674666294  0.28885620165714565  0.30002327938304219
  0.31083750527587062  0.32112438315166902  0.33130034399248753  0.34155751483613117
  0.35173665434130058  0.36160779161849704  0.37142078500999948  0.38156168966252529
  0.39180304088718865  0.40186212012042621  0.41189243103986550  0.42170978092855199
  0.43164210906882344  0.44179023574076332  0.45233187503940564  0.46293854606216961
  0.47439815960343196  0.48499844549224697  0.49544903918388672  0.50554002984198820
  0.51491277720988016  0.52416643429215426  0.53355065383542888  0.54327974306131499
  0.55330297039921039  0.56323637440739538  0.57347319818672671  0.58373561162022347
  0.59383417003961414  0.60409274027082427  0.61470460431536722  0.62493565275369667
  0.63467026180775954  0.64430932820402909  0.65367694048761971  0.66266952618882402
  0.67153549714400085  0.68006737878645696  0.68891251910555917  0.69770300720823175
  0.70653247286475118  0.71624921199247482  0.72700953635093923  0.73752261084596460
  0.74836184786381232  0.75989203490730295  0.77179175463157079  0.78351582879404980
  0.79563703528994001  0.80872381325462117  0.82085387484102068  0.83242206143385267
  0.84344480162192825  0.85453526751281861  0.86563640883627724  0.87697017700154389
  0.88868714007553151  0.89989297660335477  0.91084810535201666  0.92091155167571048
  0.93078692470580349  0.94065743650467393  0.95028512857610115  0.95956083821089189
  0.96888506206772906  0.97833556807283573  0.98887196878648675  1.00000000000000000
 -0.00192104291657592  0.00742227018494083  0.01620952528108613  0.02516195797932422
  0.03435123343235746  0.04399599415274268  0.05404940271893379  0.06462437024429973
  0.07510641498009019  0.08493436292204500  0.09406314595963122  0.10327846451348785
  0.11305629794015032  0.12272788630437852  0.13211541506116484  0.14198029967704545
  0.15351680723717087  0.16655186352599452  0.17943439003491538  0.19164017516204884
  0.20357568053543568  0.21502254390271902  0.22613974674757750  0.23712512517547518
  0.24824880415712181  0.25969978499049634  0.27142440390298400  0.28309564886304256
  0.29459254352359676  0.30555303198473177  0.31604347394024446  0.32591000033051470
  0.33594465934055528  0.34608942474752413  0.35576613761047521  0.36607059705594086
  0.37616825795977021  0.38756067667855632  0.39849603254208493  0.40960828669594501
  0.42056467360234706  0.43152465767995946  0.44248372080593429  0.45334400206515141
  0.46359676921796489  0.47341151045654617  0.48372097381829715  0.49415103404854660
  0.50448647793046020  0.51414281641608062  0.52401041698870598  0.53414746445523364
  0.54426668202668305  0.55415496922368812  0.56419584609983309  0.57460974332105208
  0.58525814422764810  0.59685082643391851  0.60817509114298729  0.61898838019065905
  0.62929340018626145  0.63893877319592707  0.64849667701311209  0.65802765720976031
  0.66854718165475224  0.68025921428983727  0.69222615342352822  0.70406991946795539
  0.71604979635233168  0.72784251237999609  0.73925406138946637  0.75014790119418728
  0.76046632979704987  0.77037584032437645  0.77993680221386275  0.78968442222967272
  0.80011025217922715  0.81078284063698458  0.82087142980302719  0.83053454158039186
  0.83990613736855224  0.84894247459172312  0.85807525961525799  0.86725528725062540
  0.87686858185217831  0.88673924478331523  0.89675469825262655  0.90702739890927553
  0.91764490483993100  0.92840040728672024  0.93925707910739764  0.95043653939310890
  0.96222720990205701  0.97464390373194809  0.98722256410145093  1.00000000000000000
   2.2366080948748755E-008  -1.0000000000000000     
 F F F F F F F F F F F F F F F F F F F F F F F F F F F F F F F F F F F F F F F F F F F F F F F F F F F F F F F F F F F F F F F F F F F F F F F F F F F F F F F F F F F F F F F F F F F F F F F F F F F F F F F F F F F F F F F F F F F F F F F F F F F F F F F F
  <DiscreteSampler_grid>
  grouped_processes
  1 # 1 for a reference and 2 for a running grid.
  10 # Attribute 'min_bin_probing_points' of the grid.
  1 # Attribute 'grid_mode' of the grid. 1=='default',2=='initialization'
  0.0000000000000000 # Attribute 'small_contrib_threshold' of the grid.
  0.5000000000000000 # Attribute 'damping_power' of the grid.
 # binID   n_entries weight   weight_sqr   abs_weight
    10   10   6.340048855404111E+004   1.813193477488701E+010   6.340048855404111E+004
    16   10   6.340048855404111E+004   1.813193477488700E+010   6.340048855404111E+004
  </DiscreteSampler_grid>
