  0.00018626383176572  0.00025564675390168  0.00029614890446773  0.00033143537748792
  0.00036945664561228  0.00041541216998345  0.00048081703038893  0.00069386569028897
  0.00114724528362424  0.00158194880469088  0.00194506351588713  0.00233437331281074
  0.00277044456024290  0.00324226281353933  0.00372960074367281  0.00430303496878446
  0.00495923357549894  0.00568937751710400  0.00654856733259968  0.00758517547827072
  0.00877887735104903  0.01007465036610149  0.01148803591341837  0.01309169299128426
  0.01497779953021007  0.01715968167351205  0.01965895342255122  0.02255010166675162
  0.02587167130653535  0.02957852254022972  0.03359682351315479  0.03812855400098876
  0.04327982932490008  0.04861967330389793  0.05334886580513284  0.05697964270237853
  0.05954781910161619  0.06132766290618642  0.06258548756694353  0.06349570704449081
  0.06417569773354079  0.06470591444971921  0.06513242642051105  0.06548667719920211
  0.06579006102627660  0.06605453469296152  0.06628759645865642  0.06649277505290034
  0.06667698686299908  0.06684634474785250  0.06700400994223177  0.06715214279283729
  0.06729254503835620  0.06742707228930044  0.06755736866133531  0.06768481565691969
  0.06781054161613648  0.06793535754056962  0.06806036289351225  0.06818651324368685
  0.06831494191346182  0.06844734236408208  0.06858519971146151  0.06872991371419353
  0.06888334016398366  0.06904715843185899  0.06922421482922497  0.06941931049731079
  0.06963488563870486  0.06987623448688444  0.07015034073523069  0.07046837393188247
  0.07084992163605426  0.07130799062542266  0.07186587638712581  0.07256788910649357
  0.07348152438885057  0.07470859496359729  0.07641839647290963  0.07887015490858197
  0.08239019968185377  0.08768781586003292  0.09557918228577268  0.10655576551509394
  0.12146880861235214  0.14059038255128270  0.16577596673585174  0.19790722905695163
  0.24144898057670541  0.29940013824969991  0.37385336030915500  0.46599018577172607
  0.57254527050342718  0.68004162683722003  0.80528075709422020  1.00000000000000000
  0.00017586221292520  0.00024712652307338  0.00029043811605399  0.00033115059106334
  0.00037809761118653  0.00044254075160239  0.00061784919690252  0.00099973690277634
  0.00146130184370030  0.00188449565982426  0.00236033505894927  0.00293849554335873
  0.00357660486307419  0.00428702417088183  0.00509385639499006  0.00607686553670340
  0.00729514060269154  0.00869592554075957  0.01023390628768069  0.01192847238122178
  0.01389359959075855  0.01621901428046530  0.01874687731659776  0.02141699132565507
  0.02457478505039282  0.02852410283062223  0.03325385441467796  0.03862372626295395
  0.04429322238729509  0.04970664494436756  0.05440679701783485  0.05789685301969625
  0.06025900806885321  0.06188232723888629  0.06303910895864646  0.06387384365178898
  0.06449283137879880  0.06498435441126818  0.06538899445316251  0.06572236614735043
  0.06600433465356530  0.06625102941732862  0.06646976997090007  0.06666623568451245
  0.06684601691892705  0.06701313298114862  0.06717003826792986  0.06731834720125991
  0.06745990197723785  0.06759683496623771  0.06773087719577267  0.06786335969052677
  0.06799540354802647  0.06812820930230359  0.06826312088945069  0.06840160536374562
  0.06854602727976603  0.06869757561625016  0.06885753069289535  0.06902953110712526
  0.06921682251756253  0.06942231707771343  0.06965082039098776  0.06990962431014472
  0.07020965054860250  0.07056385492804060  0.07098567301483771  0.07149867354081489
  0.07214902722347308  0.07299301391197406  0.07410502195624341  0.07562531696813696
  0.07785472497940112  0.08123056594923830  0.08624252306044541  0.09361600863062294
  0.10411103247093358  0.11834217715399786  0.13737602886048045  0.16179686999566895
  0.19250876963622454  0.23516162289122361  0.29607622378014925  0.37541657044386229
  0.46230846422285005  0.54047292042015604  0.59860284677128650  0.64031931018891020
  0.67459841678209265  0.70348121883731307  0.73086975400524468  0.75816428288875470
  0.79000581446319362  0.83484124242496882  0.89233787980451529  1.00000000000000000
  0.00021043505605142  0.00067266957455762  0.00093048412897632  0.00115367838005857
  0.00138909507689557  0.00164744418722502  0.00192971081110718  0.00224130272846843
  0.00258730626885157  0.00296303682929682  0.00336172074732282  0.00378856524320130
  0.00425093987878961  0.00473813451549661  0.00522626091581846  0.00570263837013542
  0.00617181565362800  0.00664505234471430  0.00712714305218441  0.00762172807393107
  0.00812358877073860  0.00862965982047386  0.00915480784435076  0.00970520212232152
  0.01030897736535171  0.01093194164523650  0.01157193977102663  0.01223139439054602
  0.01289460750072217  0.01358364373941346  0.01430667200928902  0.01508332225645519
  0.01592497564268200  0.01680891695680361  0.01773084291842216  0.01868912927080734
  0.01970702569134617  0.02078174978243411  0.02192550609528029  0.02311570151862005
  0.02432599909239531  0.02556009224851123  0.02687685755849463  0.02823399069312000
  0.02969040216260848  0.03120837013956047  0.03284283940862418  0.03459075209362881
  0.03640809543959130  0.03828441527479497  0.04026241638472676  0.04226311862563453
  0.04437148806794124  0.04666875255052293  0.04906035103369370  0.05165935465387171
  0.05439012052009927  0.05716952612471823  0.05999989859495929  0.06288083557645253
  0.06590438572063306  0.06893823318310052  0.07240394933591549  0.07588597750662431
  0.07961031045444868  0.08355827443425252  0.08796452906967289  0.09262430708938245
  0.09736211795455592  0.10224474391853687  0.10747501434436775  0.11324469913994505
  0.11950674669377011  0.12606138904435299  0.13288545186451123  0.14044931767876953
  0.14845065542206612  0.15732738683111935  0.16652104069995535  0.17641148265211609
  0.18741790402607605  0.19962623826576034  0.21267424797066115  0.22655865685110310
  0.24120908713745992  0.25705298996057824  0.27393687760681801  0.29176869904970310
  0.31061733193281732  0.33151556466003457  0.35441888198809163  0.38042369804341575
  0.41005192924527012  0.44981013783156720  0.53840565426585474  1.00000000000000000
 -0.00200002255590132  0.00766660882852043  0.01786557898897611  0.02670345920619535
  0.03578755142889866  0.04482488774246986  0.05468358961144336  0.06415462603080993
  0.07334337084673211  0.08271414523415364  0.09216108491864829  0.10149165782790978
  0.11104665961636788  0.12007221306879340  0.12933873850389330  0.13883766500089201
  0.14834560341204991  0.15740970652200242  0.16694124578502928  0.17635568583092673
  0.18618528710617274  0.19577670847256845  0.20546015173944560  0.21519531338404371
  0.22459088817793196  0.23468634787504408  0.24472584239884676  0.25470230677324984
  0.26476093457914873  0.27499805388808468  0.28538033759045361  0.29577389484190286
  0.30625121415110745  0.31641255561495812  0.32645636975864295  0.33658981693551243
  0.34728037487731311  0.35830663855355227  0.36939979203686663  0.38045553995827780
  0.39120852281120749  0.40187620408659280  0.41248434530773631  0.42335649818236942
  0.43452847058273081  0.44522968479753317  0.45579598699334617  0.46647586790421602
  0.47767873316024645  0.48907305008130880  0.50037953696057857  0.51170002372688506
  0.52317244159580156  0.53427468341991913  0.54485939020916985  0.55549910100407474
  0.56616136224297642  0.57770585095736871  0.58912625649814232  0.60056372894701049
  0.61207639509043688  0.62364693364781132  0.63515259326774265  0.64635337716713215
  0.65785232621371670  0.66942878213338475  0.68092340645721683  0.69202661531008636
  0.70295124843218038  0.71393635812634293  0.72543394254615567  0.73711504855803656
  0.74851587391604446  0.75999377003386803  0.77149996781896724  0.78250704032372442
  0.79339892736851825  0.80403246521789473  0.81489902213586951  0.82575796849431105
  0.83673836179041061  0.84754274848684164  0.85842739492932429  0.86939623269327615
  0.88058231218687921  0.89188786201578529  0.90333508008826402  0.91494099878124824
  0.92701915027098258  0.93870230634033158  0.94918350804871310  0.95904757330606938
  0.96899747551603754  0.97927328134717029  0.98934605389274466  1.00000000000000000
 -0.00205221835288669  0.00843633873725655  0.01849535566675445  0.02905075976041599
  0.03967585250734037  0.04992025899347889  0.06018347809753075  0.07049057439970684
  0.08098762771252403  0.09134719994178364  0.10196914222178874  0.11267384514805937
  0.12351484467217294  0.13419142810967058  0.14503412079834854  0.15591562020313920
  0.16693700705247924  0.17793522766684153  0.18892454764758576  0.19971440683772027
  0.21046630047861464  0.22116259139651259  0.23211303661808474  0.24316179868098994
  0.25406553444566632  0.26449699699583357  0.27452929322555686  0.28472971439479444
  0.29489821876472494  0.30486280859676579  0.31490321441577795  0.32474878425893666
  0.33504234553301815  0.34544111715274151  0.35614585463919934  0.36651933897752831
  0.37663308827921760  0.38694888950761031  0.39769024489057941  0.40873985613125546
  0.41960552604188944  0.43031733466147043  0.44112262472495978  0.45197688886396731
  0.46265260724655066  0.47304891480619604  0.48323752286811839  0.49325317915989125
  0.50338103258354072  0.51371486703102998  0.52413859466528701  0.53440577907590070
  0.54458690884268879  0.55498748858764280  0.56562977527959690  0.57644677484191920
  0.58718792538325648  0.59809704547521780  0.60900575616852792  0.61992374527573502
  0.63065764234309896  0.64120385271892277  0.65172582867058426  0.66256543788754851
  0.67359741247697535  0.68472378703992565  0.69568821520635560  0.70642912291104598
  0.71688580024458814  0.72734631405539429  0.73769302115479918  0.74826862428777319
  0.75881426860044088  0.76942953706027872  0.78034971917955176  0.79131522430061629
  0.80243977643834619  0.81291403749933255  0.82337999125686545  0.83397732957378923
  0.84450812060833091  0.85439820285656110  0.86381804704661336  0.87346429871326392
  0.88370187088678309  0.89437687346976713  0.90505954364605867  0.91550319467130215
  0.92605762725826146  0.93661966706977529  0.94743239204128848  0.95815616872966869
  0.96887123061836855  0.97939326232312696  0.98942060105416119  1.00000000000000000
 -0.00212989957661142  0.00826847042517817  0.01867397730047816  0.02887952973675319
  0.03905564587399915  0.04910684841901670  0.05891260767434774  0.06865440339501047
  0.07810866714149073  0.08747588969512349  0.09663700116361140  0.10623388065001901
  0.11594132923043110  0.12501855018454527  0.13438557336367890  0.14397892477619484
  0.15335619078157986  0.16254313851161714  0.17195094891426718  0.18157932618174380
  0.19092784187442541  0.20020151566068500  0.20982391433735667  0.21983523957137591
  0.22991271793911555  0.24000689619634111  0.25007728237981519  0.25994164564795280
  0.26962195833145580  0.27949790991722107  0.28983898165665689  0.30047601399814627
  0.31039992109754633  0.31996316986167000  0.32979637210353152  0.34000931422246378
  0.35091232035255837  0.36168496839400677  0.37234471485711723  0.38305618270081704
  0.39380976033055642  0.40464789012856450  0.41575254504189985  0.42702234670526351
  0.43809150265977675  0.44897729512098050  0.45984206634806013  0.47092425323930825
  0.48234381907810564  0.49338060029523340  0.50413871208795635  0.51491442986745695
  0.52609181296352525  0.53740439232445048  0.54866649174883486  0.55979571683531992
  0.57107758850719048  0.58251785229295372  0.59396129528522990  0.60533268607550594
  0.61624855368574916  0.62734968756304421  0.63839077765911356  0.64984249201630162
  0.66050100900989195  0.67095553224761384  0.68150588514107058  0.69277075099529051
  0.70462802408966574  0.71631461883641878  0.72768164399055135  0.73896933194963699
  0.75025377469443277  0.76160905403290902  0.77257086690398757  0.78362332473596330
  0.79429756824160036  0.80515856697929244  0.81575798868332139  0.82704346253073802
  0.83819621078545992  0.84902670153772253  0.85933777311218362  0.86942747696005851
  0.88035570776470473  0.89133401440711990  0.90194586540108646  0.91268517075679023
  0.92326075831052767  0.93433699545860249  0.94532917529708260  0.95641859020866626
  0.96782551111021142  0.97926358790186963  0.98967895163322417  1.00000000000000000
 -0.00236432819540864  0.00916795255951793  0.01995158881440157  0.03103034978578910
  0.04162520979913398  0.05211559808995066  0.06243752860439850  0.07284628764691134
  0.08356935540914952  0.09429462352421518  0.10475563598669621  0.11501459257500798
  0.12525427287288590  0.13581702131314985  0.14644003182608040  0.15700413396781310
  0.16745630362126873  0.17823605612164198  0.18907114515864984  0.19997914783604445
  0.21068685030215412  0.22118745445114130  0.23147811129063600  0.24145255652960471
  0.25136987978247594  0.26100110156808298  0.27135881521997313  0.28185920460632308
  0.29279878922391978  0.30364733739911837  0.31434544848018531  0.32460179210842993
  0.33467920594251316  0.34473440199717059  0.35537028119134217  0.36583569441787211
  0.37603508306366629  0.38612386911503566  0.39675583555233457  0.40750667237433341
  0.41815122649705644  0.42877325621238060  0.43948365856350580  0.45028687951272189
  0.46106132231601427  0.47183473406686882  0.48256552555051901  0.49330516996271817
  0.50423151907644026  0.51502829758757052  0.52573915538075444  0.53617645781482726
  0.54596905226207082  0.55573447607413584  0.56573978690292959  0.57642762396304326
  0.58698177940953677  0.59734181788149243  0.60790554568479560  0.61855142967120547
  0.62898710521104373  0.63918597159179491  0.64974504368609920  0.66029057909854216
  0.67076779656785945  0.68110295626688355  0.69173012647035148  0.70259643328989640
  0.71345008514524400  0.72420843313960592  0.73483356678848644  0.74545158284214330
  0.75629332834237373  0.76718962945927649  0.77799114159407801  0.78876302511630969
  0.79969451484727461  0.81051148000119211  0.82085502641525032  0.83109455783607700
  0.84148038352684662  0.85210044603075419  0.86266385458498540  0.87315427243662469
  0.88360128528845061  0.89426225539518012  0.90514634658842719  0.91595358076438582
  0.92670601382332196  0.93715864581948716  0.94796151972529274  0.95879684830816525
  0.96974100765832183  0.98016238574314318  0.99014347854526841  1.00000000000000000
 -0.00217262278061945  0.00894200518311470  0.01915995403015112  0.03019909002524605
  0.04036081812782435  0.05076936593733098  0.06140570769938154  0.07211898546348469
  0.08274494265909431  0.09335688460844570  0.10409158313896626  0.11494165541370603
  0.12559818480966339  0.13617204937481750  0.14673521315666885  0.15710987892631373
  0.16763915558812775  0.17782061391029422  0.18799792640244822  0.19844318946668071
  0.20921935847282158  0.22013899982171375  0.23024507538784370  0.23989421439340108
  0.24947094213685320  0.25975245178328676  0.27040264968673094  0.28122910490228487
  0.29231038971536322  0.30320648086071150  0.31394983247686659  0.32468572117984301
  0.33527007263360298  0.34576230089933940  0.35629262974203368  0.36643754584626981
  0.37653783823675907  0.38669228903137604  0.39685293431586760  0.40753530859703374
  0.41812803886246708  0.42890281885013826  0.43925402667375701  0.44929902368162844
  0.45956648414812734  0.46995488232974136  0.48029412311608316  0.49066949129107862
  0.50111692812629482  0.51186596499337433  0.52266419199713188  0.53326927134181323
  0.54372650137794643  0.55403806955600976  0.56408016099048108  0.57425504342471301
  0.58456830625391476  0.59529243121783282  0.60615481757997081  0.61706606971638378
  0.62797195822540230  0.63860638224575750  0.64944137464230800  0.66038046480499790
  0.67137153902872360  0.68216422506505314  0.69273779763625165  0.70300550295125708
  0.71336807132504720  0.72380514786828776  0.73414731845889203  0.74439011870079130
  0.75457358762874605  0.76535464198183534  0.77636203482102595  0.78745696793578079
  0.79832189539498244  0.80910507908082885  0.82000407214012982  0.83088704276414072
  0.84178988611274397  0.85262344039577709  0.86324519714982551  0.87407987277986599
  0.88481694052113125  0.89578859092972674  0.90674851142780188  0.91727892325011462
  0.92788671267271117  0.93822859173452844  0.94872661249140455  0.95907676853765544
  0.96930143315651807  0.97958024418593981  0.99014166877166498  1.00000000000000000
   1.1999455181313282E-011  -1.0000000000000000     
 F F F F F F F F F F F F F F F F F F F F F F F F F F F F F F F F F F F F F F F F F F F F F F F F F F F F F F F F F F F F F F F F F F F F F F F F F F F F F F F F F F F F F F F F F F F F F F F F F F F F F F F F F F F F F F F F F F F F F F F F F F F F F F F F
  <DiscreteSampler_grid>
  grouped_processes
  1 # 1 for a reference and 2 for a running grid.
  10 # Attribute 'min_bin_probing_points' of the grid.
  1 # Attribute 'grid_mode' of the grid. 1=='default',2=='initialization'
  0.0000000000000000 # Attribute 'small_contrib_threshold' of the grid.
  0.5000000000000000 # Attribute 'damping_power' of the grid.
 # binID   n_entries weight   weight_sqr   abs_weight
    10   10   6.636912025194158E-002   2.287403811449257E-002   6.636912025194158E-002
    16   10   6.636912025194155E-002   2.287403811449256E-002   6.636912025194155E-002
    22   10   6.636912025194155E-002   2.287403811449256E-002   6.636912025194155E-002
    28   10   6.636912025194158E-002   2.287403811449258E-002   6.636912025194158E-002
  </DiscreteSampler_grid>
