  0.00019675766932857  0.00024172983926829  0.00027584432914751  0.00030734411543273
  0.00033952500888145  0.00037570326192424  0.00042042398763603  0.00048500010441463
  0.00065073014615944  0.00102180041814766  0.00144406872507935  0.00180171258737365
  0.00218230875256052  0.00261445804147046  0.00310594522946771  0.00366956816188000
  0.00431884790904016  0.00508958416539006  0.00598854585423184  0.00701177462908774
  0.00815485817865059  0.00947648271074797  0.01099634038438516  0.01264491086377252
  0.01447496165605650  0.01657324478995649  0.01899385450775049  0.02196204773117352
  0.02544429112206537  0.02945441853430923  0.03400834127400201  0.03907018333191965
  0.04436226969446655  0.04946398469142019  0.05391066107477574  0.05734293040360975
  0.05973222252010025  0.06143275238037164  0.06264271474726850  0.06352952625074423
  0.06420370309068789  0.06473594251440344  0.06516299281258560  0.06551676268580647
  0.06581840248711311  0.06608138700403986  0.06631433267503815  0.06652241806803454
  0.06670944619220721  0.06688228509972720  0.06704373168428947  0.06719484528721663
  0.06733803856348304  0.06747590329876517  0.06761010507999277  0.06774136562156619
  0.06787099722089147  0.06800057140052673  0.06813199680394044  0.06826578452810089
  0.06840323883119101  0.06854438439303188  0.06869454989302044  0.06885433361211700
  0.06902435542525308  0.06920705717898316  0.06940553429958639  0.06962317088467289
  0.06986928646858646  0.07015818805177654  0.07049705976117455  0.07089119435489478
  0.07136029209193526  0.07194099048811228  0.07269004039622991  0.07365898294745411
  0.07492327996560068  0.07666635989975348  0.07923165036508235  0.08306338504301498
  0.08878605538402121  0.09702434215179857  0.10811891633903127  0.12288697762625837
  0.14285511734520634  0.16915219449006985  0.20343210423728547  0.24703345491719614
  0.30349522847439375  0.37901234101382997  0.48936728899065762  0.59555181460027484
  0.69036150186666989  0.80286808889845995  0.90062169765164857  1.00000000000000000
  0.00017632516543202  0.00024716401266011  0.00028515208509864  0.00032802565447574
  0.00037800265369783  0.00043479109539169  0.00054392300861240  0.00092138681063133
  0.00141195396535343  0.00181892189002498  0.00225141036634840  0.00273142547709365
  0.00327275879679542  0.00389860526313360  0.00463351702725132  0.00548274362308765
  0.00648508661196281  0.00765759746481769  0.00898382463916524  0.01053048573200755
  0.01236148768472894  0.01434875209312980  0.01641250171189787  0.01879824757801445
  0.02151197119542409  0.02516730106630932  0.02933720677835032  0.03428974050549778
  0.03973980341586260  0.04520824417071710  0.05037512564036249  0.05472390083639091
  0.05797367418283415  0.06024220091280796  0.06182429397800353  0.06294994446484070
  0.06377831204867905  0.06440653897411373  0.06490148928178910  0.06530990077470994
  0.06565508120576150  0.06594691387987511  0.06619863601225272  0.06642280274719575
  0.06662523107556806  0.06680988263463533  0.06698013323886204  0.06713819459616149
  0.06728791607449650  0.06743271197260793  0.06756906558109500  0.06770199916762627
  0.06783357326567208  0.06796529231950339  0.06809788644371252  0.06823225778452027
  0.06836940872678675  0.06851150464032545  0.06865953913270041  0.06881512175481025
  0.06898105490647312  0.06916167548879924  0.06935881261368244  0.06957735894440480
  0.06982376008487005  0.07010378930348242  0.07042830342105513  0.07081259869388913
  0.07127301258237206  0.07183860023885234  0.07255872461057007  0.07349636883116784
  0.07475248539279851  0.07652199215834415  0.07910469017084062  0.08291773959360769
  0.08864927777752420  0.09719973529509880  0.10914696596628316  0.12473868544733904
  0.14559947013910574  0.17390575679116671  0.21117613987591030  0.25917758387472450
  0.32183895216227959  0.40236496745744837  0.49306010508781412  0.57147794788548933
  0.62750133304461486  0.67435893458248619  0.71859136047260797  0.76087486790080461
  0.80467906903080921  0.85165854568047095  0.89497727333190058  1.00000000000000000
  0.00059301622615433  0.00102310004582734  0.00127479590430152  0.00151941985993500
  0.00179257026864313  0.00209634201746162  0.00242207893632868  0.00276443696037994
  0.00313105102134139  0.00353019333304551  0.00395524906009283  0.00440573388945454
  0.00488998621467181  0.00537680903487289  0.00579009456504732  0.00616377144457211
  0.00654310748986896  0.00697169312726392  0.00746538522458304  0.00795850543709213
  0.00844815215991664  0.00895893545178315  0.00950485721156737  0.01008149323254214
  0.01067918072362088  0.01130374168908617  0.01195880568917989  0.01264806739404115
  0.01337951730344095  0.01414825194964753  0.01492301852936095  0.01572154157882408
  0.01654000024895310  0.01741994200464824  0.01834687443199772  0.01935271515909029
  0.02040948243854483  0.02150971045187395  0.02266145175704651  0.02387561946090721
  0.02516460946863240  0.02653623703896617  0.02797045679595604  0.02945198996101055
  0.03099060581764724  0.03263074912388035  0.03438183400823879  0.03621484332327830
  0.03807832090170310  0.04002322117147778  0.04208362041310079  0.04424574141076288
  0.04649255276352442  0.04883100971830527  0.05126664409092180  0.05376650029302443
  0.05638453075070930  0.05914996750173476  0.06205594633269230  0.06523354717745219
  0.06847113308944446  0.07181874777556821  0.07532200562051349  0.07896533129607693
  0.08292516049936816  0.08701482900361238  0.09121544380455937  0.09569411032995789
  0.10042000843246261  0.10571105094932254  0.11160861503154594  0.11791197286804658
  0.12442413702074687  0.13125023537774144  0.13847731653554843  0.14591492264711856
  0.15359095975029771  0.16157450870302975  0.17044446561664145  0.18065694981080641
  0.19205303877028482  0.20438099646864361  0.21736177126805831  0.23084750653207367
  0.24508026057804924  0.26020227536325974  0.27655508856300109  0.29415930966026876
  0.31301534252943231  0.33318435673075519  0.35510746554950240  0.38019547055539188
  0.41155345806672300  0.45363483014844180  0.53850187529797500  1.00000000000000000
 -0.00238854564965020  0.00904105602221945  0.01903285694468396  0.02893853234469051
  0.03856889582671891  0.04846876716094486  0.05840091595481641  0.06821269381012555
  0.07760057006559161  0.08726910694703548  0.09706806969150672  0.10695759593313184
  0.11679864737432824  0.12661057398372022  0.13645730811753604  0.14632094904749979
  0.15618276361495731  0.16610008765467066  0.17593903195223054  0.18574204482502449
  0.19533183749895242  0.20493243422269658  0.21453313312925745  0.22436905481926020
  0.23418342222052682  0.24386672195045173  0.25354468853704853  0.26342747582859372
  0.27374481327956984  0.28439774328948503  0.29513966006012665  0.30585015535019150
  0.31646938073966785  0.32699455088353752  0.33746229247443049  0.34792957485454845
  0.35837615841633036  0.36884810875939705  0.37933122634802779  0.38959302254600403
  0.39954685716713095  0.40949542855724913  0.41946033809046623  0.42942254485971115
  0.43954371705037792  0.44960180743245681  0.45977451680426312  0.47045954775366861
  0.48146568429107361  0.49266739850156155  0.50398974732714585  0.51530744174420984
  0.52673114454497405  0.53818435082912675  0.54961763908093730  0.56103952204820351
  0.57229390235667865  0.58336922557680770  0.59452815906030687  0.60560924557539442
  0.61671106809385812  0.62787435315468565  0.63897480305880017  0.64983988603304088
  0.66053507861368088  0.67148041646375978  0.68218781043413024  0.69256326252320599
  0.70284459593517223  0.71350539105275945  0.72436974342637594  0.73496510517782410
  0.74576721457252915  0.75668654828290005  0.76765094625586006  0.77883103270101695
  0.78900192503396183  0.79909251833381589  0.80921216306158139  0.81940852477534665
  0.83081312236192650  0.84196712759286518  0.85326216761957130  0.86458658517267617
  0.87592337209375060  0.88674769074866744  0.89737128070712180  0.90832058371776592
  0.91954127444214373  0.93123398927978251  0.94262967442795320  0.95424449111871423
  0.96600588554268796  0.97804627402118594  0.98925552028283781  1.00000000000000000
 -0.00237889638626721  0.00949426325558777  0.01948207513106650  0.02840942244175099
  0.03713964732496026  0.04601448408287832  0.05555999612975392  0.06638934486341495
  0.07699283313508896  0.08769411431026282  0.09833838969742546  0.10880918247392864
  0.11874242316047852  0.12872602078516354  0.13918114833940259  0.15010897009269575
  0.16104993876394649  0.17177244776028983  0.18210496201286572  0.19249122587511405
  0.20284013262231479  0.21337486266513464  0.22388943911826931  0.23424944093918798
  0.24475604555426086  0.25511472916602757  0.26589436012090067  0.27651553406275969
  0.28713919223930984  0.29772690237673016  0.30805009687941337  0.31845308543356454
  0.32884226628265328  0.33953585677086523  0.35014455985030901  0.36083142483911806
  0.37162324726653501  0.38232426933343439  0.39273062780640866  0.40332233210328400
  0.41386416896755823  0.42499614121552970  0.43587404988802997  0.44682736775450976
  0.45772452169054234  0.46852478192174207  0.47935358995703425  0.49033577684709317
  0.50140889351329665  0.51232349079016859  0.52291624921244917  0.53343822770939342
  0.54395925613389062  0.55432771963509386  0.56428207503802130  0.57448662428229669
  0.58493383143607824  0.59559800504371530  0.60637669489741064  0.61752961671633877
  0.62829197707360274  0.63876774974103923  0.64898267902864326  0.65949751289336211
  0.67021277954462743  0.68088462011308981  0.69168814494750552  0.70264467821212762
  0.71368279043254468  0.72480169666263705  0.73534955032371407  0.74562129776487929
  0.75593509014114668  0.76638977287180032  0.77647628461710849  0.78636568679659880
  0.79646225906650137  0.80677019555412066  0.81674211040838285  0.82667152265788113
  0.83705649282857497  0.84784495009005489  0.85872592005442894  0.86950897291592277
  0.88017774818823469  0.89098824166536283  0.90183497806177759  0.91271798642525737
  0.92370247323135402  0.93472101028438104  0.94566347723466804  0.95646403103397692
  0.96696613739782378  0.97759732856388615  0.98846799955211939  1.00000000000000000
 -0.00197434319462568  0.00796927739408188  0.01741495671105379  0.02700373068055610
  0.03615388956196817  0.04564067418689971  0.05513514868208351  0.06425337210998966
  0.07308024934850875  0.08203568121724124  0.09118784792429602  0.10087347086662361
  0.11036728846512373  0.11938314121738119  0.12761773279270575  0.13618657612466514
  0.14510498610240882  0.15492639695618460  0.16501127195975793  0.17485586504415601
  0.18435552611323303  0.19365832381578069  0.20303466603636805  0.21273200736991965
  0.22240301974526505  0.23219157899287840  0.24208171998773903  0.25204732881299818
  0.26190150139393992  0.27185152312988192  0.28180980657576687  0.29174023955714212
  0.30167273270586253  0.31175655865714302  0.32210962618411643  0.33279108552051540
  0.34336831976522902  0.35356203951165005  0.36349798950656065  0.37354513388857413
  0.38391226453758276  0.39436961956126670  0.40481399813255531  0.41540799854224747
  0.42622010110007907  0.43698892165707964  0.44777039469281493  0.45863544436081893
  0.46923947522046877  0.47979923893545823  0.49054968516218467  0.50164537973577239
  0.51279178524489399  0.52388812337141344  0.53482501613420319  0.54571373899967146
  0.55656590873260126  0.56768281686798605  0.57908289865835882  0.59061170318822076
  0.60218750027272061  0.61378130539077091  0.62543832148230138  0.63703040349740103
  0.64854046033923851  0.66006567018774065  0.67170209845979478  0.68352954739639116
  0.69545871449493957  0.70734631029685169  0.71914899705178181  0.73076769708373790
  0.74222939215520689  0.75369330308673732  0.76527385584124086  0.77696295691384032
  0.78874473514616272  0.80009263131542374  0.81133859906635020  0.82265485949917705
  0.83392722237362582  0.84503493156697806  0.85629729077349281  0.86746154852979540
  0.87840233261983724  0.88926075679061134  0.90035270643516097  0.91146796180622325
  0.92270487666094858  0.93391942807482931  0.94504963320877300  0.95569418297646669
  0.96656720235470928  0.97771987284102557  0.98888637206875063  1.00000000000000000
 -0.00259259124410283  0.00966089795033283  0.02002835139403826  0.03032250546805232
  0.04054716169821307  0.05109049307353080  0.06190368973020343  0.07271132396217889
  0.08325924574640876  0.09376019145312089  0.10431416767614468  0.11463248132748689
  0.12506415024948012  0.13613239643599828  0.14713070550401314  0.15787035959170548
  0.16819863908013954  0.17859072645656557  0.18839022715283052  0.19815629200062326
  0.20840819653706488  0.21928529370435307  0.23028059010208529  0.24112955828139701
  0.25197722443330078  0.26282534895284404  0.27371426387046066  0.28460867148940761
  0.29555610101890822  0.30646635801817151  0.31738564319100304  0.32819236627690540
  0.33877863533914820  0.34918353741472763  0.35987081616856609  0.37083591880022582
  0.38163890282053187  0.39216199761372755  0.40270675267144568  0.41312113040212567
  0.42260593050563106  0.43186562373833182  0.44200090891439653  0.45234773109166587
  0.46205692574716983  0.47158803499323432  0.48139777170866765  0.49210845104632489
  0.50302598713521740  0.51403228414666147  0.52507660323470184  0.53592954844958263
  0.54651217660256279  0.55702774033474445  0.56745479519491282  0.57812276633913495
  0.58903799383956257  0.60000569548943983  0.61087892180483438  0.62175560616420478
  0.63287781096183615  0.64417261249446145  0.65528387319470371  0.66614718299111331
  0.67684320142062449  0.68750913339000252  0.69811024912389075  0.70856853657035390
  0.71907469174769756  0.72968538915531878  0.74040879829022466  0.75136126468488462
  0.76219890487476538  0.77220294392043420  0.78182776615298533  0.79122287393800650
  0.80108386284309963  0.81147585994230553  0.82174205528161592  0.83188257213321459
  0.84165358737556983  0.85169292873952307  0.86238719074798886  0.87326618505379194
  0.88378380517516353  0.89407731394463907  0.90458886342881217  0.91523524290526725
  0.92561919032478379  0.93617922979395707  0.94681994070016440  0.95752298466510533
  0.96830252111927051  0.97910609005954063  0.98957808531940139  1.00000000000000000
 -0.00222437331896283  0.00848850784251213  0.01888492629280329  0.02968846761492328
  0.04082972478452934  0.05184723754218584  0.06283710036595132  0.07336038911786411
  0.08403900079071312  0.09439318121348758  0.10510740505161612  0.11536455070426081
  0.12570484892160563  0.13674422563585201  0.14621414685839951  0.15615696774638896
  0.16584856759890163  0.17585861513605980  0.18648558656070446  0.19658963649932301
  0.20675038547150157  0.21686018907301549  0.22689804900310900  0.23704604665275461
  0.24704195081043295  0.25717539477597123  0.26750132309892849  0.27790786329266753
  0.28826165450756547  0.29853320338203265  0.30848471654570458  0.31851407670344156
  0.32871073708275644  0.33928751902421422  0.34991326797950978  0.36071897942883752
  0.37162215415167277  0.38251546334492120  0.39326215642877566  0.40376884222102977
  0.41418009679866963  0.42457007127966190  0.43497367549272370  0.44547905074117350
  0.45613872878530215  0.46698315808586632  0.47759876420566977  0.48819886342168040
  0.49898894275796113  0.51000438095061007  0.52097136665235599  0.53155165422204664
  0.54179669621808457  0.55209732437905545  0.56260057973642252  0.57335618516702724
  0.58432302220710497  0.59520402099149683  0.60609568237779654  0.61695733252567175
  0.62794172148624039  0.63889296221263459  0.64974154452861221  0.66045408869441291
  0.67097679379832553  0.68144723710788135  0.69196469278970474  0.70266521013637784
  0.71349332382590724  0.72442153946523657  0.73541859139513910  0.74612428329453484
  0.75671619960288738  0.76728799404897352  0.77822208507349755  0.78926815477811019
  0.80025474295891952  0.81111569968416786  0.82196066372793342  0.83280718527028630
  0.84358023573768848  0.85410725195421910  0.86440452219260211  0.87456900583036834
  0.88485824630368026  0.89503263589445026  0.90495539737342534  0.91486758749543395
  0.92499053148749066  0.93512449618274029  0.94589309303797831  0.95704906141896351
  0.96737065975037217  0.97791572196813348  0.98823659854570733  1.00000000000000000
   2.3416439349172864E-011  -1.0000000000000000     
 F F F F F F F F F F F F F F F F F F F F F F F F F F F F F F F F F F F F F F F F F F F F F F F F F F F F F F F F F F F F F F F F F F F F F F F F F F F F F F F F F F F F F F F F F F F F F F F F F F F F F F F F F F F F F F F F F F F F F F F F F F F F F F F F
  <DiscreteSampler_grid>
  grouped_processes
  1 # 1 for a reference and 2 for a running grid.
  10 # Attribute 'min_bin_probing_points' of the grid.
  1 # Attribute 'grid_mode' of the grid. 1=='default',2=='initialization'
  0.0000000000000000 # Attribute 'small_contrib_threshold' of the grid.
  0.5000000000000000 # Attribute 'damping_power' of the grid.
 # binID   n_entries weight   weight_sqr   abs_weight
    10   10   1.320295270517947E-002   3.516593035973441E-004   1.320295270517947E-002
    16   10   1.320295270517948E-002   3.516593035973442E-004   1.320295270517948E-002
    22   10   1.320295270517947E-002   3.516593035973441E-004   1.320295270517947E-002
    28   10   1.320295270517948E-002   3.516593035973443E-004   1.320295270517948E-002
  </DiscreteSampler_grid>
