  0.00014958856935118  0.00021472863282027  0.00026570967606302  0.00030744380357709
  0.00034329167326888  0.00037913688275097  0.00042344638641229  0.00050303051382216
  0.00073314999664316  0.00118154825013764  0.00162241544637003  0.00199340853565207
  0.00237890452752066  0.00277928410932314  0.00322468671780205  0.00372824977074535
  0.00432951919501061  0.00507631682535215  0.00594544556543769  0.00693404610507575
  0.00801734434270578  0.00918938124276241  0.01048804900837308  0.01201011204207139
  0.01382103430915438  0.01590637383658739  0.01828807363001627  0.02105848749752857
  0.02424267524694249  0.02782814333334724  0.03182614276139046  0.03644693418625579
  0.04158215608997920  0.04677891317433776  0.05156166389121435  0.05557580529464193
  0.05856514003624452  0.06063875116598442  0.06207650010644412  0.06310937228547228
  0.06388566349570104  0.06448520876925812  0.06496162808417129  0.06535289472297626
  0.06568237550379395  0.06596318567212012  0.06620498128370927  0.06641805601473651
  0.06661087710434636  0.06678831077172798  0.06695348227362607  0.06710824319193985
  0.06725301423182463  0.06738948619722658  0.06752139474758387  0.06765005845305425
  0.06777625419565993  0.06790115419210363  0.06802585156266137  0.06815166587186257
  0.06827996127349890  0.06841198824361880  0.06854938560150109  0.06869313223345769
  0.06884402655053212  0.06900472376911132  0.06918137791531009  0.06937575288344845
  0.06958903792645119  0.06982648025739953  0.07009545863208334  0.07040583135473417
  0.07076966687452366  0.07120570013592960  0.07174442340163220  0.07243043619402151
  0.07332471391526497  0.07451548689015461  0.07616931813152242  0.07859015522920121
  0.08219120926384815  0.08751062655994023  0.09535957144912843  0.10639471968547370
  0.12053560991346397  0.13797587354368041  0.16252013381692956  0.19661591482096999
  0.24069313007190588  0.30123696687885609  0.37886357043692492  0.47384677642975037
  0.57464987882777041  0.67348912227247104  0.78941745299896759  1.00000000000000000
  0.00019609141755580  0.00025906964766212  0.00029688239825693  0.00033619722859371
  0.00038341439375456  0.00044795200118948  0.00063733358855658  0.00109489200515096
  0.00161442990535214  0.00200457317734009  0.00242494596934366  0.00289063824975051
  0.00348396112879590  0.00419909430996073  0.00503171645267843  0.00596899471778482
  0.00707753892058540  0.00835324533439034  0.00976685140549063  0.01133332470784305
  0.01317798201484886  0.01535851247361375  0.01788619171740825  0.02076537225442545
  0.02418848305618446  0.02815374866577723  0.03283324505521525  0.03824721260470087
  0.04389249241009151  0.04930548547538402  0.05401647298384085  0.05768595154692358
  0.06019359040369019  0.06188034986166904  0.06304911399342458  0.06388099965387968
  0.06449961420749574  0.06498693621191445  0.06538512917573604  0.06571726418059973
  0.06600051391276331  0.06624860426934252  0.06647068080885160  0.06667124487629984
  0.06685104308675702  0.06701410120563089  0.06716899778002851  0.06731598941565078
  0.06745629081708712  0.06759182931387313  0.06772432516635715  0.06785560370858774
  0.06798639694834153  0.06811858329886172  0.06825372456195222  0.06839248890771044
  0.06853608529260158  0.06868644510807285  0.06884606633886343  0.06901769794710194
  0.06920289118228057  0.06940453902980956  0.06962959274920931  0.06988501535722995
  0.07017988002997959  0.07052492990389078  0.07093342332531519  0.07142380714524674
  0.07203204439999318  0.07282245327145866  0.07387546166051193  0.07532336441698137
  0.07742482317584118  0.08053215026870807  0.08511419384337369  0.09203713215359466
  0.10181032865406621  0.11463874364500290  0.13111735368823071  0.15321271523183017
  0.18334770061601849  0.22182970752065903  0.27165141066131665  0.33880265306085794
  0.42697183059604499  0.51763020893050704  0.58593596879775489  0.63421255725309467
  0.67122786999391426  0.70457259874175626  0.73750045103561679  0.77024032485143501
  0.80793209247352948  0.85251959795697485  0.89570567990094196  1.00000000000000000
  0.00045925248311457  0.00079823427124581  0.00100658799636012  0.00122615585695811
  0.00146401406727906  0.00172216619762869  0.00200589369323096  0.00232191289072563
  0.00266925412201219  0.00303757286876200  0.00342348397972761  0.00384606611585326
  0.00431992408654659  0.00481716983537253  0.00531242959204736  0.00579145176492352
  0.00625688768153991  0.00672784666067718  0.00720830460113419  0.00769229121597433
  0.00818143947594086  0.00868973150704609  0.00922436537647365  0.00978915185066574
  0.01038260911326786  0.01099893502550452  0.01163724921657764  0.01230048370784342
  0.01298712506389380  0.01372540196485226  0.01450142563034607  0.01531677941953783
  0.01618583834891719  0.01708026533365715  0.01800744494431268  0.01900307350215616
  0.02006243116381747  0.02118577275451147  0.02235437107946051  0.02354152993520233
  0.02477723892388883  0.02608104937348802  0.02746010055283385  0.02891384831407462
  0.03043106481151659  0.03197745848563831  0.03356078571221074  0.03525118316988813
  0.03705089176223827  0.03896734176634108  0.04092672716047407  0.04296125406793924
  0.04511506991452396  0.04739204313877671  0.04970581026617388  0.05203522359672193
  0.05450601325265953  0.05719406376064297  0.06003944691201903  0.06284976395658176
  0.06585032513218425  0.06896784948199057  0.07217030020263433  0.07566460387882108
  0.07929547679247112  0.08329469681243379  0.08755347480074804  0.09212467535194342
  0.09716387805154098  0.10250209288784733  0.10793100569585433  0.11320707627869575
  0.11867450260598063  0.12463755730805476  0.13150596211468263  0.13907235398771167
  0.14734639551692050  0.15612587686995913  0.16563497507616226  0.17599369957943983
  0.18724923554835626  0.19926132415437833  0.21221539003644260  0.22591655286214377
  0.24062000593140853  0.25617849120593117  0.27295958478694465  0.29084802334264920
  0.31013372606818063  0.33121516404133539  0.35470004257053739  0.38050630978652639
  0.40978428564735259  0.44682201609439448  0.53337155928672608  1.00000000000000000
 -0.00213045022179688  0.00846287717773141  0.01820376328241965  0.02818819099940854
  0.03775135692308892  0.04636686381218395  0.05503267095590859  0.06400560988571814
  0.07361891871297602  0.08305806774606918  0.09198448563741071  0.10103882229501614
  0.11035296520504337  0.11996729601552521  0.12904844984318881  0.13804279558616417
  0.14709647914550034  0.15637104910037455  0.16541306857447885  0.17446264510914286
  0.18367636728468439  0.19316762174852734  0.20289789085139517  0.21267475973769259
  0.22239648238383639  0.23204178558921318  0.24187997850241699  0.25185368814039372
  0.26169295431700584  0.27143028352177023  0.28118547656936621  0.29128571837502415
  0.30165237185958854  0.31218968038354916  0.32259315430204594  0.33292073081448337
  0.34325912844337186  0.35379258798086899  0.36459883367948576  0.37560435109513779
  0.38672569719190386  0.39787993588976728  0.40902911098354411  0.42027247810906443
  0.43153773395291878  0.44261062061333445  0.45336451826877550  0.46412101883885343
  0.47510052135973879  0.48614156117464030  0.49719605749301654  0.50835878219963315
  0.51966632914313904  0.53108900392382841  0.54254448914936804  0.55411667881872284
  0.56558689064209200  0.57693770553978974  0.58818847534741669  0.59948769945226232
  0.61093331540762685  0.62230183564792663  0.63378754319973951  0.64532347411118463
  0.65680611510656561  0.66818949232284863  0.67954671595360039  0.69064264222218297
  0.70143377997478051  0.71232364593367936  0.72350749223183897  0.73466630489101015
  0.74580819034268353  0.75709822361281998  0.76866033514998289  0.78024695687207890
  0.79154062447195217  0.80251299118081709  0.81344742558144223  0.82467757264978558
  0.83609075981886083  0.84709418119313862  0.85795295035144437  0.86880048869734960
  0.87954460150722691  0.89038440708303657  0.90161813088349241  0.91333862175824276
  0.92453635079855190  0.93539156099436882  0.94660099761329408  0.95795543440985398
  0.96904879131096378  0.97972737919490738  0.98966349438581336  1.00000000000000000
 -0.00199112807763953  0.00781008767032692  0.01750268057524199  0.02730427658828402
  0.03772510606568794  0.04825531187370530  0.05895461660525051  0.06987567289953688
  0.08064788719456867  0.09095641705927912  0.10123333137075215  0.11174135524153557
  0.12273041367856694  0.13349732745534562  0.14411261764336561  0.15472001949075012
  0.16539956332489905  0.17586389405346767  0.18602278841436656  0.19632341977834503
  0.20607830260954649  0.21530135305964893  0.22501047082127729  0.23514643035868243
  0.24582470409706270  0.25636763284727065  0.26694217016271737  0.27744005854113607
  0.28787962479460816  0.29850026094588117  0.30931711795507977  0.32002433850328160
  0.33045655935220802  0.34074588624360008  0.35162090209942071  0.36229814119318771
  0.37297390729749952  0.38350848174335794  0.39425122247501387  0.40490297698406397
  0.41531251933671570  0.42559745707114949  0.43632731470014352  0.44700742132545918
  0.45770113715592581  0.46822816418843410  0.47886485098730786  0.48974143547488519
  0.50075937900502743  0.51195229746704973  0.52310590775676691  0.53390651647431553
  0.54469893235664246  0.55506204880298804  0.56517060212449743  0.57505049194514457
  0.58481746243401922  0.59509748840198096  0.60493860713510916  0.61525238891260836
  0.62568120860483867  0.63639557193530083  0.64739494044676493  0.65843281459867042
  0.66938472911221347  0.68027240008570755  0.69104404648723117  0.70161572593561450
  0.71195660126046967  0.72239249155368102  0.73287637139878792  0.74367976227528931
  0.75439674912060106  0.76519133396102168  0.77616182770198494  0.78717360035203010
  0.79805599320033449  0.80854574330919193  0.81886073681020521  0.82927710389784948
  0.83975180372644287  0.85044353091610470  0.86109438536187555  0.87183525306587184
  0.88246539345974584  0.89307713075196760  0.90380145793366284  0.91482563366444136
  0.92590129277916433  0.93679540902016656  0.94755288469289445  0.95804280459860314
  0.96824710520259527  0.97908834817322588  0.98938607105351695  1.00000000000000000
 -0.00199375660149114  0.00718070964537363  0.01762389863316296  0.02695293531753421
  0.03667022676197303  0.04624346030381078  0.05606846674063422  0.06566040564388476
  0.07472097086471599  0.08421049345842513  0.09319113585870895  0.10212854170116191
  0.11070750478365064  0.11968697967219223  0.12880682417519038  0.13825120643772518
  0.14792121987140336  0.15773754911089422  0.16758687989164403  0.17716659497581549
  0.18678263424606009  0.19630472773329749  0.20577351390949494  0.21525696162075209
  0.22503427518192709  0.23511425588691057  0.24547422373558286  0.25597209746003385
  0.26642493161656738  0.27680671034105342  0.28704891216943423  0.29724867926285803
  0.30741909245512644  0.31769020592992014  0.32817479457939897  0.33871101533550751
  0.34941673414175423  0.36023249402326113  0.37093939887148519  0.38170721164233928
  0.39247126480327271  0.40311145333579884  0.41374098438484080  0.42431930303899024
  0.43541890143175110  0.44656559828658565  0.45800002274142204  0.46960815344848933
  0.48136763586375597  0.49294772523407915  0.50425297933664892  0.51523652667098563
  0.52616764899849544  0.53710118279926000  0.54821392850980977  0.55942373794627775
  0.57108594328227269  0.58283011842265298  0.59437691933683634  0.60562399433959968
  0.61669868927061555  0.62782077300190697  0.63896600761567002  0.65021482090678528
  0.66168503458107319  0.67320536380761475  0.68483412366936602  0.69620439729597927
  0.70766018707857159  0.71891833975993480  0.73003362656519455  0.74065919838845051
  0.75133370824670220  0.76223484635028738  0.77325483828304298  0.78438881257806026
  0.79574807564040040  0.80710165549448787  0.81843145802808015  0.82980022024428712
  0.84106518310697365  0.85216541213631214  0.86308651293713456  0.87421523299545334
  0.88513410755872024  0.89561592466158479  0.90573479057539630  0.91589853374319607
  0.92659206449808451  0.93758362820269570  0.94818868623276376  0.95897327181912118
  0.96991672523303107  0.98047125025071735  0.99083896589033960  1.00000000000000000
 -0.00196172059561312  0.00787230430833250  0.01738485076022813  0.02751482306177163
  0.03815928717490623  0.04894240551536068  0.05966440087736272  0.07041897679444059
  0.08088834824815336  0.09121417729712319  0.10146298587013507  0.11185677205931913
  0.12229644941029030  0.13313712795557833  0.14408799777547371  0.15497218028712662
  0.16581683649028423  0.17674785971468165  0.18771880224199231  0.19845038951596283
  0.20926255589582590  0.21976694755647169  0.23011976659036371  0.24022452486200621
  0.25038310828767429  0.26089414549056211  0.27143255729011695  0.28177927400825414
  0.29153212871847389  0.30136305728323609  0.31136729355902693  0.32143514577231586
  0.33150990469278185  0.34198863827639009  0.35279038802297236  0.36335884379934996
  0.37321649717789790  0.38323290310094393  0.39340446878986457  0.40426177498633203
  0.41508519377488373  0.42546798152655896  0.43586292824824724  0.44606152145898859
  0.45649848976527152  0.46707292279410861  0.47777552879970431  0.48878869000409347
  0.49990667198388500  0.51088525567565468  0.52174867063717889  0.53256293759211393
  0.54349518063763624  0.55430922515114722  0.56500907096214004  0.57586550758258803
  0.58670875545121504  0.59729872133196027  0.60759666657525579  0.61764904312119961
  0.62786849765004860  0.63822930978323977  0.64907032099601503  0.65973609558262292
  0.66982889781916910  0.67967225509460794  0.68942411622627098  0.69945951509501392
  0.71007275652819013  0.72080699018650007  0.73180886409095114  0.74286123434573126
  0.75375182252140793  0.76463516917185170  0.77543016352353156  0.78634126993691156
  0.79732810778848306  0.80809964400006651  0.81878562384294706  0.82955473963719062
  0.84019543747461212  0.85083480932289357  0.86146228628915122  0.87118478353507944
  0.88105216534052011  0.89124429588541532  0.90225511107267753  0.91337399102739336
  0.92418406888641302  0.93500843534027633  0.94585215957123758  0.95650653676978969
  0.96738576861945569  0.97809210460893059  0.98883874337552136  1.00000000000000000
 -0.00226623380231577  0.00880184477113920  0.01942459160168659  0.02961869211399795
  0.03936518887918951  0.04906605993100439  0.05897272222504454  0.06966878729516267
  0.08052216540660004  0.09134441082169339  0.10221790839487856  0.11320895660395652
  0.12427829212318443  0.13523782233153692  0.14597934895864267  0.15640954515277339
  0.16692623299594381  0.17758531158706001  0.18831391175947357  0.19892368516248207
  0.20949271901540190  0.22012920670420569  0.23088607829093594  0.24161228705403615
  0.25233457033665285  0.26310277051991493  0.27374702389543870  0.28413974990048857
  0.29450229403394496  0.30481342846781889  0.31497873661311732  0.32529494800728143
  0.33571877222563157  0.34638148324173362  0.35700864490137768  0.36741031059939067
  0.37784064163554754  0.38826506045558556  0.39898745960331178  0.40945943267669588
  0.41993738747211629  0.43016451645656034  0.44083856383343206  0.45172799295644567
  0.46248442064510364  0.47252466641312996  0.48246182807499610  0.49283306784039971
  0.50372652895896908  0.51459003428312200  0.52533093784088492  0.53607432419387779
  0.54691137410390256  0.55746839406059212  0.56820753392220291  0.57924480769580955
  0.59015936574980010  0.60093528005783570  0.61057915779695215  0.62011701155855226
  0.62958351790644962  0.63938624797695154  0.65005570298384363  0.66051559846001073
  0.67143886334075831  0.68194662621046265  0.69220798401927497  0.70265500285196736
  0.71305805933100497  0.72375483667040141  0.73422881633001258  0.74499181573861339
  0.75544579873068762  0.76597028976165449  0.77657033990701252  0.78702732936922692
  0.79724592372752312  0.80741512781384628  0.81800542672041177  0.82922573502897945
  0.83993001282841728  0.85028569562320511  0.86053378115352253  0.87073166722333728
  0.88148227465875606  0.89178270866981435  0.90277537749308423  0.91360460553485345
  0.92442089572296504  0.93536802281503717  0.94621970702814062  0.95735985150472691
  0.96784153124388450  0.97833836170795019  0.98858786682213284  1.00000000000000000
   1.1898477347360181E-011  -1.0000000000000000     
 F F F F F F F F F F F F F F F F F F F F F F F F F F F F F F F F F F F F F F F F F F F F F F F F F F F F F F F F F F F F F F F F F F F F F F F F F F F F F F F F F F F F F F F F F F F F F F F F F F F F F F F F F F F F F F F F F F F F F F F F F F F F F F F F
  <DiscreteSampler_grid>
  grouped_processes
  1 # 1 for a reference and 2 for a running grid.
  10 # Attribute 'min_bin_probing_points' of the grid.
  1 # Attribute 'grid_mode' of the grid. 1=='default',2=='initialization'
  0.0000000000000000 # Attribute 'small_contrib_threshold' of the grid.
  0.5000000000000000 # Attribute 'damping_power' of the grid.
 # binID   n_entries weight   weight_sqr   abs_weight
    10   10   5.769875785408523E-001   2.766303642797840E+000   5.769875785408523E-001
    16   10   5.769875785408521E-001   2.766303642797840E+000   5.769875785408521E-001
    22   10   5.769875785408524E-001   2.766303642797842E+000   5.769875785408524E-001
    28   10   5.769875785408523E-001   2.766303642797840E+000   5.769875785408523E-001
  </DiscreteSampler_grid>
