  0.00952578547471514  0.01525704905303333  0.02370272481542813  0.03263324602229258
  0.04194410475761353  0.05164046993373510  0.06180950467583983  0.07245106379146267
  0.08343446338888298  0.09449051848612602  0.10539351555166800  0.11620841954253948
  0.12680790959421565  0.13728546177353604  0.14775765782453379  0.15822768332154610
  0.16882306396687100  0.17941267215137380  0.18987372560497445  0.20043070290419687
  0.21162590108816670  0.22356798906899622  0.23540632127616562  0.24617808730590954
  0.25684777731639213  0.26711666225671554  0.27722981335563107  0.28726291495739009
  0.29767430769014586  0.30833575773346039  0.31891616155217795  0.32971729295340196
  0.34122538703726524  0.35295525841746611  0.36401255643281510  0.37451374645584273
  0.38493344096734577  0.39541550591958075  0.40589308688000075  0.41600480285631580
  0.42583032393291276  0.43553957459366271  0.44543737759445656  0.45566646276940048
  0.46583748454026480  0.47605439516090731  0.48646534138678732  0.49676396744345225
  0.50694524261469442  0.51719983337305742  0.52750471883103422  0.53784223303134271
  0.54804812077580145  0.55819183699888753  0.56815013775010381  0.57817444017686526
  0.58876784045160180  0.59981683610118930  0.61000124383608068  0.61981865096959654
  0.62897926395914749  0.63803919864179048  0.64705311802429044  0.65625265424831825
  0.66561598037425829  0.67543422754573079  0.68549447184416656  0.69603206305772636
  0.70700245013551966  0.71853875795038902  0.73055702776826004  0.74287606585009480
  0.75525234492661397  0.76765100048166102  0.77955959764810767  0.79073586264611362
  0.80176172346060515  0.81237331681162073  0.82365977385003986  0.83480906035554292
  0.84537564446294755  0.85562156167515702  0.86599512682384938  0.87667098570807034
  0.88669954475016255  0.89676849425747385  0.90847492379762773  0.91968333777207423
  0.92963172471711641  0.93966574845107909  0.95025138242942653  0.96127458315654668
  0.97084060418905560  0.98110541142404484  0.99154698664106011  1.00000000000000000
  0.00947522886768320  0.01554015708071557  0.02382842528874908  0.03300414871114671
  0.04221277770326178  0.05219780665617531  0.06194228713715131  0.07111556778931732
  0.08011924875868474  0.08931227739747856  0.09876268510112725  0.10823248968903541
  0.11746927822110559  0.12719290354650531  0.13753493392315946  0.14850668474565451
  0.15993979549890383  0.17172358655408015  0.18323056451321479  0.19376982704160933
  0.20372998956409880  0.21373980090944941  0.22380072332437834  0.23356298958087152
  0.24288963898524482  0.25274625665611200  0.26306725419841553  0.27363254902268752
  0.28388866823188630  0.29411391517298796  0.30442036823527735  0.31480559783219919
  0.32523270983634572  0.33519692763517162  0.34433147134444808  0.35351482157839054
  0.36257243857364285  0.37186317216553938  0.38091624978632488  0.38962045923882321
  0.39865319865005860  0.40819648766873906  0.41795342404188657  0.42794135220195595
  0.43825351793793454  0.44914184850337513  0.45955373557171952  0.46955006976028352
  0.47953254760085590  0.48972415952783588  0.49991812493620147  0.50997277975750654
  0.52026779047840155  0.53077728747542907  0.54155505182933450  0.55249338697762185
  0.56365641553293999  0.57483367394421703  0.58664506531522220  0.59890856698186568
  0.61120194937558214  0.62291362222695712  0.63473295399860141  0.64656185256576537
  0.65849633012908992  0.66995575167087640  0.68099355279294682  0.69225526621895206
  0.70383772664188460  0.71552663023131269  0.72727116638722722  0.73900037636551785
  0.75104301362085291  0.76333995755173711  0.77568904009428330  0.78782579305765110
  0.79947354093291145  0.81080279320497883  0.82210704438465343  0.83326220720947897
  0.84408292399184381  0.85454837212569912  0.86480116094044590  0.87508669441824694
  0.88570663574477970  0.89660843067063800  0.90774432959960605  0.91969184246766689
  0.93198068327072325  0.94328554818550003  0.95279682123157394  0.96247309916869306
  0.97229511791875045  0.98210492949792561  0.99141513795040692  1.00000000000000000
  0.05749977914087417  0.05985715792814051  0.06258654111678583  0.06607425069060213
  0.06963194930865090  0.07322994890952818  0.07699503595851316  0.08078462115567062
  0.08460794723344919  0.08860903212990918  0.09267930455865581  0.09684646410251845
  0.10104708559183993  0.10528358574335382  0.10964589310521239  0.11398980724851848
  0.11833557108609705  0.12294159022590656  0.12756984429062437  0.13221864987772344
  0.13709419612927970  0.14228007326805636  0.14731686602438523  0.14873943095316516
  0.14971473258115373  0.15098361542950492  0.15228378606746845  0.15430611340446970
  0.15670392674567668  0.15907701851632727  0.16145486159348854  0.16382238143779737
  0.16621364299541205  0.16861300221490316  0.17104808026272769  0.17346292350401468
  0.17587740848943770  0.17830711981318384  0.18077766032577319  0.18325859378111528
  0.18574220606008907  0.18823241985841446  0.19074603196944234  0.19327019962641148
  0.19581151191113122  0.19838142290004018  0.20100628257920791  0.20367774922922946
  0.20637409575773519  0.20909406379917866  0.21183236821749463  0.21463082156992611
  0.21749473392779031  0.22040745907756845  0.22330282125199233  0.22626084624476014
  0.22925030812168995  0.23229895110593066  0.23539440102395098  0.23848175707089553
  0.24158717783765851  0.24476981883701043  0.24803425575465296  0.25138184137105685
  0.25476580755132544  0.25821030802140538  0.26172697036255899  0.26531790721998649
  0.26895574343523815  0.27267233556362497  0.27650176085617240  0.28042072754543718
  0.28441252940796380  0.28849204669176021  0.29269412112999754  0.29704050527835257
  0.30159219741345900  0.30631632474588461  0.31122641608496587  0.31634779608544439
  0.32174517679530479  0.32744331799310394  0.33349369792789085  0.33997509197371117
  0.34693286689810843  0.35448887194188983  0.36290638464000330  0.37225647504479614
  0.38275268576191712  0.39482089036211593  0.40980813217369616  0.42853260743319943
  0.45509478398060405  0.49810427049562661  0.58541041391961379  1.00000000000000000
 -0.00209158495070543  0.00989482138826198  0.01952801515129855  0.02973585409683157
  0.04009598358992087  0.05147153215902466  0.06305184147633626  0.07386486949109958
  0.08410296612394379  0.09407357109592311  0.10413803987855538  0.11465814134557517
  0.12555821046864638  0.13668986897252258  0.14785946427406410  0.15912964012408062
  0.17043486184035495  0.18119913444249497  0.19141852352877214  0.20111486813344365
  0.21088470346119703  0.22110019151323260  0.23167568436687294  0.24253798157318890
  0.25341653842397843  0.26441757823706430  0.27556870822350132  0.28649484325125363
  0.29639546345255768  0.30563992413133972  0.31505476941615573  0.32505113073324693
  0.33502117713490398  0.34434340195149366  0.35358194915717234  0.36316199306413827
  0.37329195055692149  0.38366702754419674  0.39397563391814633  0.40400219201998078
  0.41362838521347139  0.42280064667273498  0.43195865710834824  0.44157321897691543
  0.45126511103439787  0.46121981231977421  0.47157533290185094  0.48234616979836747
  0.49342668557684227  0.50442086312733858  0.51513070600085087  0.52502476963661937
  0.53447078220508437  0.54445573813334602  0.55526843235988843  0.56594300727715485
  0.57631252553370527  0.58654828028644401  0.59652343428582477  0.60640610742000889
  0.61637566019556234  0.62665233251311103  0.63725350811015002  0.64825299062842878
  0.65964048316669421  0.67080854465934858  0.68174942059136967  0.69261342847387486
  0.70345153329319532  0.71433680123912613  0.72522140388237832  0.73597690902780832
  0.74606236938534942  0.75632898169261908  0.76687157300597009  0.77672350718683814
  0.78643735906178214  0.79582496091120714  0.80576112076929696  0.81576433811178739
  0.82621416603894926  0.83690898884132503  0.84829535886447616  0.85989409571632158
  0.87140171009376388  0.88332081559929987  0.89516450339670728  0.90686544837855998
  0.91823432109010972  0.92928531063717690  0.94014828113149873  0.95101145773311224
  0.96215788018124004  0.97443359622198200  0.98681867822084501  1.00000000000000000
 -0.00275801274057779  0.00985036262879906  0.02097227901333261  0.03158308552115820
  0.04187639083194511  0.05217778230926789  0.06254781409565262  0.07291623515866788
  0.08336441724666975  0.09386426224263889  0.10481043861406084  0.11610647317567280
  0.12680606753453855  0.13689317796545544  0.14658336861515572  0.15585425046853660
  0.16504451887818777  0.17394767982406459  0.18262030224325534  0.19174266170247817
  0.20157521714383458  0.21148817525762306  0.22139904492564899  0.23139269721244687
  0.24172114583284204  0.25226897763275741  0.26280421916120861  0.27364297699336299
  0.28491060178494859  0.29615863301726131  0.30713325080371184  0.31800974013133176
  0.32882136867153355  0.33943520326780824  0.34991020295198105  0.36065955671149130
  0.37174781371541815  0.38276508099444745  0.39401030335311926  0.40613072987076621
  0.41845440151436869  0.43004530584673467  0.44108609256908959  0.45194052406179380
  0.46264125039096299  0.47294651615405259  0.48322860229889641  0.49374293138876663
  0.50438605372584155  0.51541996917159982  0.52697897118639314  0.53873639132207618
  0.55035918014335661  0.56182850694608200  0.57342661811086859  0.58454474385452981
  0.59558933126981362  0.60673897886237571  0.61807705676635483  0.62886807785469201
  0.63920304931285765  0.64950250916553187  0.65980912612987197  0.66976934344649330
  0.67945364977758516  0.68925862563244222  0.69916892417839249  0.70939685758643423
  0.72006234848820272  0.73087510651805443  0.74129396122689306  0.75159459967639075
  0.76183409641418576  0.77183491618658906  0.78153617001822229  0.79146432977389736
  0.80201991621632684  0.81245933125473635  0.82364407864931666  0.83470843342572609
  0.84573418721442295  0.85610443282646453  0.86553531391696126  0.87521762772570955
  0.88451678200242301  0.89400832198070534  0.90376867052884169  0.91283037451975846
  0.92166395390131184  0.93100315470995676  0.94110480546077058  0.95264503418129320
  0.96458269027860577  0.97664721857653536  0.98850939973956664  1.00000000000000000
 -0.00360822492872230  0.01298439642854532  0.02714601381227968  0.04069191333925309
  0.05378016560998686  0.06603498231157388  0.07862251520924478  0.09080028217535104
  0.10292468976736584  0.11479056283954141  0.12639120543008445  0.13761444719404628
  0.14920404832267736  0.16095684097203780  0.17270879420887794  0.18399044631640030
  0.19539188774856900  0.20686207555793634  0.21787261241605954  0.22915990774773498
  0.23914281551645009  0.24841939796832976  0.25752044859583173  0.26692958886311602
  0.27642388980822274  0.28596770858848131  0.29574386487302640  0.30594391784430075
  0.31628950693601798  0.32607862207231680  0.33628208957354161  0.34712463003989491
  0.35759288037390363  0.36771007543831186  0.37741934254027443  0.38689737799938489
  0.39654371871251121  0.40648769006429886  0.41614546631328486  0.42583637801857510
  0.43556493314738159  0.44563813700089000  0.45589093528997310  0.46541128199396514
  0.47485268667846292  0.48415388260325204  0.49346798520107993  0.50272259469107061
  0.51240812094716492  0.52223588412586752  0.53125014433172080  0.54021268066208439
  0.54934433975488717  0.55870263587537627  0.56764965179987903  0.57626414505549295
  0.58562787161393826  0.59566177409851029  0.60578944511293498  0.61576203131353402
  0.62587942944453523  0.63564003155876236  0.64561682935524922  0.65484897122557528
  0.66422065553659304  0.67363378583356837  0.68346417765885359  0.69308278090007180
  0.70304367453532890  0.71287573718923902  0.72258533519555168  0.73194316810414539
  0.74111807158707754  0.75098657146173708  0.76175814063653169  0.77256639106629055
  0.78310398611907950  0.79401954810218878  0.80598949590473790  0.81813250469851773
  0.82996157018244887  0.84116456318211674  0.85223555279241592  0.86283518609222465
  0.87415233234467349  0.88600887079781199  0.89762294147054533  0.90866135426850814
  0.92003963473915340  0.93222657298644451  0.94432120342771142  0.95579627948604251
  0.96714296201495964  0.97841353590303282  0.98929961277578116  1.00000000000000000
 -0.00249470968280932  0.00979450648317160  0.02030208540047706  0.03099141727603530
  0.04184922074258011  0.05354119158913147  0.06416539151690945  0.07463002601818396
  0.08509030151810112  0.09705895744466697  0.10820074089584648  0.11872977703213176
  0.12838361526998593  0.13777407832167821  0.14711551289250727  0.15699726265411251
  0.16749657227231357  0.17819933800442009  0.18851686113841937  0.19861551742052461
  0.20897293474592230  0.21986154228106630  0.23095420274520495  0.24205310162924931
  0.25326545499342601  0.26505107177891046  0.27635334340414508  0.28730527494596331
  0.29815136148703636  0.30895224549759553  0.31986000585335950  0.33088785805019283
  0.34242539962177704  0.35407828825517279  0.36562903043598832  0.37720125026017415
  0.38872482836543992  0.39943913339322995  0.40912751219892879  0.41867569193146198
  0.42831296425588788  0.43839440399004925  0.44886558821877554  0.45936629873498908
  0.47024916394277150  0.48139743092190873  0.49269309104235676  0.50353523733074035
  0.51370519430872319  0.52364375057636225  0.53346938731626636  0.54309692078627247
  0.55258352537627464  0.56215109658909568  0.57176638680699265  0.58121060773807942
  0.59060823114973138  0.60035378596615319  0.61095885473662204  0.62182243585539598
  0.63254077030492439  0.64313642861679299  0.65362841625231805  0.66376048873609517
  0.67352679595735698  0.68371519654832213  0.69432667275170734  0.70486458981457856
  0.71500070230866175  0.72475283945033220  0.73483175104199416  0.74503522925789467
  0.75568658771663066  0.76659640127463724  0.77733631326211838  0.78784291714778776
  0.79791671484576898  0.80783089506673811  0.81786273049956726  0.82804251265117035
  0.83866619546308230  0.84967715387697273  0.86044648488219921  0.87146117540705192
  0.88248048767891152  0.89373041540537412  0.90398198141965302  0.91385354230311200
  0.92423225566153544  0.93511526165404779  0.94572161286529399  0.95611456550368457
  0.96680303999882133  0.97795716320059045  0.98880927711656030  1.00000000000000000
 -0.00251615559226703  0.00970391060633107  0.01956518560852960  0.03051844850982521
  0.04150233806798841  0.05270165069018140  0.06417329980906201  0.07492917681250894
  0.08559387812882081  0.09573750836846485  0.10605471133583358  0.11636999719140846
  0.12629832970880803  0.13621581939349076  0.14586482244031670  0.15597339527158638
  0.16622114615722969  0.17713606974962021  0.18853624032644437  0.20115786954093759
  0.21318471847512382  0.22416287175066835  0.23434300431008681  0.24465726549576050
  0.25477414926412584  0.26572526559456683  0.27699229064154379  0.28924638697162991
  0.30072307314959190  0.31201415631008467  0.32362831115403845  0.33531877343747551
  0.34703789582386224  0.35826937348208038  0.36926449175883058  0.38009208001455635
  0.39079299440128845  0.40119900229471561  0.41115807272760557  0.42103099541184780
  0.43075253436640915  0.44030703122260356  0.45012918678776337  0.45976153409640019
  0.46935071814350632  0.47902094033146053  0.48872391882759708  0.49887394320730893
  0.50912234476313634  0.51921236113778302  0.52939107381844130  0.53940965391853790
  0.54955721583138439  0.55994869243550427  0.56935289828983549  0.57836616616306291
  0.58781418883217962  0.59747514496338405  0.60704494111624374  0.61636559812101044
  0.62616440827727726  0.63667604212589690  0.64751049072690048  0.65820702130401854
  0.66905836870833224  0.68029048466321640  0.69197518137758596  0.70422016337170512
  0.71693863002953118  0.72942414497444041  0.74160526207633404  0.75288920298496520
  0.76355029838171518  0.77407753005337609  0.78462255424472838  0.79543408942746185
  0.80625387021732320  0.81711795354510586  0.82795260398682269  0.83848349353569829
  0.84867688035651945  0.85873756344050822  0.86912077246827224  0.87990153576073094
  0.89124203739754526  0.90323002176935852  0.91507771266654014  0.92526169186510188
  0.93462990987637640  0.94420858323944401  0.95388035621780554  0.96314264564531704
  0.97218524698485564  0.98132784058902445  0.99080249640768248  1.00000000000000000
   2.1509343720637683E-008  -1.0000000000000000     
 F F F F F F F F F F F F F F F F F F F F F F F F F F F F F F F F F F F F F F F F F F F F F F F F F F F F F F F F F F F F F F F F F F F F F F F F F F F F F F F F F F F F F F F F F F F F F F F F F F F F F F F F F F F F F F F F F F F F F F F F F F F F F F F F
  <DiscreteSampler_grid>
  grouped_processes
  1 # 1 for a reference and 2 for a running grid.
  10 # Attribute 'min_bin_probing_points' of the grid.
  1 # Attribute 'grid_mode' of the grid. 1=='default',2=='initialization'
  0.0000000000000000 # Attribute 'small_contrib_threshold' of the grid.
  0.5000000000000000 # Attribute 'damping_power' of the grid.
 # binID   n_entries weight   weight_sqr   abs_weight
    10   10   7.433645270750028E+004   1.228985994016857E+010   7.433645270750028E+004
    16   10   7.433645270750028E+004   1.228985994016857E+010   7.433645270750028E+004
  </DiscreteSampler_grid>
