 -0.00004106093736330  0.00028133837840612  0.00052529318250248  0.00079893021590258
  0.00108819848524180  0.00145736974701458  0.00190492659965332  0.00238549993641736
  0.00301108461490058  0.00372756117609330  0.00451066549138898  0.00536153779710591
  0.00618515470241337  0.00920811919187015  0.01351648889006329  0.02054225864767472
  0.02676080039786173  0.03227424069611827  0.03841191092668969  0.04531140438132150
  0.05355408096617593  0.06542910355232220  0.07907967920204489  0.09338883276931398
  0.10849828202851192  0.12385990014657709  0.13914209494921967  0.15420238902457720
  0.16996816022162109  0.18622494912770821  0.20354555811829131  0.22142246669666141
  0.23934764813134940  0.25589191249296706  0.26993118568188690  0.28373446136581376
  0.29814642537600466  0.31351775825143691  0.32884049870248860  0.34357942383461204
  0.35704152838596803  0.36980752994755672  0.38256146647987938  0.39638525173395267
  0.41167857095838617  0.42826586085565493  0.44575856152327376  0.46404082205644454
  0.48249813361236288  0.49938350941059673  0.51494867772786246  0.52992063479115548
  0.54478653878120187  0.55898582739253999  0.57292792262719350  0.58630569233168583
  0.59897882942139979  0.61277243280662264  0.62798474607233756  0.64369791176427893
  0.66045429275064138  0.67750395697621213  0.69438599428673198  0.71034716845199652
  0.72497282253633633  0.73938167153390022  0.75403242854261499  0.76903786648715167
  0.78527872513122121  0.80116513572568937  0.81576164206229196  0.83032928658311211
  0.84541680219572779  0.86053542620453527  0.87535027510688945  0.88951715658910679
  0.90184012607258190  0.91275224234339158  0.92376527169593148  0.93544767008259522
  0.94772415488979789  0.95818336361503309  0.96543429331458475  0.97139500858711880
  0.97653373974751312  0.98074361710883906  0.98431390177295786  0.98780214787270237
  0.99066409850403925  0.99288335822573970  0.99456991653103244  0.99597781454266254
  0.99716976274665559  0.99820578345555755  0.99915436389062462  1.00000000000000000
  0.00034098530879837  0.00041776490283731  0.00051912516719773  0.00071536015390784
  0.00103784992000710  0.00132455756051860  0.00159006999825433  0.00195606051232563
  0.00233753631962156  0.00275943122625418  0.00325396028286386  0.00380012834719208
  0.00444050221697891  0.00528302550186557  0.00622199866849532  0.00728402447573788
  0.00852966259627889  0.00989341186407365  0.01145788759481888  0.01289228972762191
  0.01397523640420612  0.01515766057944946  0.01634526441000451  0.01761078590678331
  0.02030327754881717  0.02336906225012486  0.02702203088130106  0.03113631256963712
  0.03417245245544737  0.03690316300010817  0.03988246312620730  0.04312690479087954
  0.04815991184225358  0.05333641469680680  0.05731313942606289  0.05981227738833082
  0.06156704923907826  0.06288358076042873  0.06384342130276971  0.06451225902971096
  0.06509078432095197  0.06557604803710987  0.06599315227375492  0.06635812064224514
  0.06667536308933783  0.06697219672075677  0.06724680047380877  0.06750432622513784
  0.06775384350096336  0.06799379219481913  0.06823920888379281  0.06848919243552616
  0.06875425305820797  0.06904732659028552  0.06936463719031814  0.06970972479315204
  0.07012220826913851  0.07061031968930130  0.07119198859312102  0.07195894765504884
  0.07286949765866534  0.07404259594695724  0.07573273697786372  0.07822458128212478
  0.08188988760200833  0.08735117351271815  0.09564329161578225  0.10753740266325870
  0.12425772924802635  0.14421965495661976  0.16749163924063387  0.19867361406399742
  0.24665208418798859  0.31545483382044492  0.43106022306777492  0.55085326873228613
  0.56409900492540788  0.57765409021205905  0.59172657232128389  0.60186828700699957
  0.61097777186633684  0.61792192671618473  0.62487299828435627  0.63136305278054250
  0.63779730497552523  0.64546098066780777  0.65333035258272021  0.66253053878594204
  0.67238901496751335  0.68267075519857656  0.69372717629896863  0.70562007384260761
  0.71446959088517936  0.72265784215797202  0.73094892719268845  1.00000000000000000
  0.00101381564380403  0.00160452683292947  0.00199204178767352  0.00241018950496116
  0.00296440192114826  0.00351777081274157  0.00392743101340890  0.00437072071613965
  0.00492764943912505  0.00556748408055555  0.00615041801592468  0.00668812373725808
  0.00722323715147656  0.00774272212070221  0.00826641162250014  0.00877356128379570
  0.00926092155246616  0.00978201162470419  0.01036520316997784  0.01088906269467987
  0.01144780720181359  0.01203503563467059  0.01260045988318253  0.01338198520924278
  0.01429155104454848  0.01521205948286877  0.01611523295923952  0.01701505504949787
  0.01798576932583056  0.01905175302047452  0.02025584758327484  0.02158558971939205
  0.02296979349839641  0.02439059837597010  0.02585142109111249  0.02732744015000790
  0.02886712564827617  0.03047731008244012  0.03216528411520148  0.03394997760939843
  0.03579356904289974  0.03791147743119871  0.03951305778016197  0.04048499748727738
  0.04140465498185443  0.04231176212662092  0.04321032696074450  0.04410068947733434
  0.04494038046273095  0.04576219395769641  0.04707031432232871  0.04853258583091527
  0.05005077004597681  0.05167936340835401  0.05337647932708232  0.05515637346432534
  0.05679183103635091  0.05923089010495963  0.06216730909414871  0.06546166472264166
  0.06873283358914388  0.07207827853529876  0.07539132470746734  0.07897635665139911
  0.08338243770608014  0.08789599583719503  0.09251117376625199  0.09726714550838131
  0.10235700856410651  0.10811544340756828  0.11454416991222466  0.12132762175125603
  0.12855112501772831  0.13639748550915554  0.14535344977685666  0.15318683723994583
  0.16024795130198791  0.16807079168145359  0.17632771385531570  0.18441402499414417
  0.19418011198195526  0.20701731538443446  0.22039722189299107  0.23298905659775501
  0.24539742555395885  0.25798832144817485  0.27159503303164856  0.28705863148722027
  0.30585542340752964  0.32844629743498210  0.35379028505227406  0.38125159669739089
  0.41609091137982179  0.46599388451522594  0.57029022748690750  1.00000000000000000
 -0.00281286807229966  0.01032037070132792  0.01899691762205516  0.02627013779217872
  0.03393561139825040  0.04022536886848711  0.04643316125166455  0.05328918175916628
  0.06261293610978381  0.07302967479388353  0.08306523057285163  0.09287224439965081
  0.10236198538775845  0.11218906503904766  0.12317584342605753  0.13454353750588480
  0.14583162872533365  0.15703634678950032  0.16694472252717352  0.17698881376084472
  0.18701990775012145  0.19740744913944167  0.20962083000908399  0.22048255675570175
  0.23091148222592778  0.24151292486449444  0.25227362078298177  0.26278829786894481
  0.27294615774780634  0.28277928119017004  0.29222570535467662  0.30153829045644281
  0.31078659648739637  0.32092580377921914  0.33169164864821005  0.34245306528828467
  0.35295780169133734  0.36359514019689121  0.37500362594504144  0.38712515843588907
  0.40069304369368119  0.41337787374403506  0.42658706554886588  0.43857244722953370
  0.45048653007713113  0.46407647020441495  0.47807437611684145  0.49150750856878272
  0.50322353245571838  0.51392434679794208  0.52500766569170099  0.53635601491870755
  0.54853642826108018  0.56195625391309834  0.57543562765444456  0.58842685722388921
  0.60111109151093467  0.60926521963072522  0.61443417149681179  0.61972723730533230
  0.62464688124772272  0.62931989028199031  0.63366000281114399  0.63751478776437942
  0.64092950514949598  0.65043186168786249  0.66039985193096018  0.67052208076575848
  0.68081627831534408  0.69204647013427101  0.70393742053005270  0.71705011201498636
  0.73085211656143301  0.74576349980216483  0.76108187890749279  0.77568542314447197
  0.78976913812029115  0.80366995647171513  0.81740029951193205  0.83090817345870105
  0.84363671247551708  0.85411427081277491  0.86124540512140124  0.86867225590656183
  0.87610027478063912  0.88384318736064538  0.89211473851653211  0.89995572461446594
  0.90698678818498912  0.91462752262713876  0.92425860516759384  0.93829858269106514
  0.95264672927146499  0.96864655936410538  0.98386358063972768  1.00000000000000000
 -0.00091008973449267  0.00536877194563022  0.01128205363911598  0.01707178980727398
  0.02387939231499744  0.03085515799041420  0.03683128521053495  0.04314772976022292
  0.05013249477835440  0.05668261641434358  0.06410770617195913  0.07585808558077177
  0.09008945755299244  0.10319318945287016  0.11541908120146839  0.12740387707554215
  0.13986066163884389  0.15330240339400475  0.16729434005954036  0.18050455679130256
  0.19176513273731707  0.20369257687336348  0.21652837521261836  0.22758434999022106
  0.23345192036707291  0.23798752811717350  0.24305704411687937  0.24740795572547827
  0.25165817960171105  0.25606213109571457  0.25989457868537358  0.26370937716740733
  0.26953750724249376  0.27942698766357366  0.28911791038610141  0.29917018487631436
  0.31074879037037056  0.32371625420953570  0.33561447897728136  0.34588511550469597
  0.35621291441977870  0.36775211527914664  0.38101462626822907  0.39542094200247374
  0.40988750681016728  0.42421830202849481  0.43872405508761075  0.45191486751593568
  0.46458824375183538  0.47697392475359196  0.48804309945771956  0.49808532257651855
  0.50826123338472373  0.51900812700088483  0.53047888917777097  0.54240199101083864
  0.55421783254132373  0.56526203228304972  0.57563740259889651  0.58649286271014645
  0.59804331905686303  0.61023399537382206  0.62330148275818364  0.63640406615320078
  0.64918092297434882  0.66170830484022780  0.67410307419227333  0.68689169823876151
  0.69901569244989981  0.71092035598684566  0.72276078886898243  0.73440413949314620
  0.74541450336775517  0.75222614763470741  0.75888566930796963  0.76555876790626864
  0.77245206180273041  0.78162736247644238  0.79404132137703276  0.80649593280852971
  0.81723696098414667  0.82702664467327092  0.83626459898051642  0.84682457104889186
  0.85769050103005151  0.86962098425536083  0.88252182509460086  0.89553688781785357
  0.90852540736791676  0.92142097173044357  0.93427384938132130  0.94699409445968508
  0.95978859435593000  0.97270748209563662  0.98557646026041723  1.00000000000000000
 -0.00339111725194437  0.01210777727149933  0.02393874977026350  0.03520826346318161
  0.04621838022506426  0.05730731041748009  0.06977375887091253  0.07855118144425396
  0.08350024958041055  0.08798843023236871  0.09261828870619722  0.09750831058405629
  0.10237669711742373  0.10716999269332116  0.11151894089866161  0.11573441119268214
  0.12181979030628398  0.13290717268755664  0.14401896498337502  0.15574505985114009
  0.16791137348937760  0.18018558982837493  0.19189958015167385  0.20216506650417931
  0.21032222119628430  0.21687882000994346  0.22321818185111666  0.22908191524054403
  0.23529387750423014  0.24177724444130810  0.24852755837017856  0.25468661037543583
  0.26099810483246749  0.26809835857434405  0.27712381123770663  0.29004539814128882
  0.30431686464396518  0.31714170048311374  0.32887396779121530  0.34013982808540333
  0.35105033299260235  0.36274423177856702  0.37390186729295194  0.38483844216342689
  0.39541395417913666  0.40636043144783157  0.41718776186319911  0.42813720699039948
  0.44004768741823197  0.45233381729342848  0.46396779015679684  0.47541380679036577
  0.48692414781885657  0.49788344180678379  0.50882604984815216  0.52005388133979136
  0.53174035175561507  0.54399174657581817  0.55667908000166710  0.56946981047732970
  0.58197980383163517  0.58946063348827282  0.59696314845195331  0.60419998309733280
  0.61090948380965726  0.61799944528719342  0.62853772767562188  0.64026624797719456
  0.65130002809705412  0.66230403008243866  0.67390783116582786  0.68620219757277101
  0.69911501997218473  0.71187688191801246  0.72412264056646680  0.73649098540806923
  0.74958808026895318  0.76336106553335825  0.77683073709719885  0.79073621112031445
  0.80497114845083606  0.81889590576189486  0.83229538035428940  0.84550011992068008
  0.85845367210386458  0.87145925512966427  0.88392662200970240  0.89718335351149714
  0.91142577447222817  0.92580736015501297  0.93884835530563437  0.95054220891585384
  0.96157827389049599  0.97322558803795434  0.98582395480120522  1.00000000000000000
 -0.00290978533339962  0.00968292330579764  0.02123723109572028  0.03266509334468887
  0.04472388865559056  0.05736767209416038  0.07019194911982482  0.08297170209746808
  0.09566863803619542  0.10844705966634022  0.12124802812918924  0.13350861724425733
  0.14488455842496986  0.15609980249050154  0.16854487969938475  0.18210363786819428
  0.19565175146505029  0.20494928875583004  0.21310611317126166  0.22041360414254790
  0.22708862828562018  0.23291832119929171  0.24100578372961892  0.25055525367472847
  0.26022462944717273  0.27189775878066474  0.27903501419527832  0.28435627054840268
  0.28965679358333174  0.29521255320674233  0.30064586496484424  0.30588368829321133
  0.31062239818255089  0.31512343434171958  0.32049146739507278  0.33158290090464859
  0.34259919534548394  0.35387743833143609  0.36554939623641008  0.37666112368713495
  0.38643036573840295  0.39604535790200590  0.40684316643489576  0.41898490269255856
  0.43174300439713498  0.44503939759311162  0.45873477036808219  0.47263210264496414
  0.48641759013409774  0.49924047515556719  0.51038408315121031  0.52051781946389464
  0.53072080659819876  0.54176311856984383  0.55268284133027934  0.56366245094711298
  0.57537495896006052  0.58756166791836240  0.59894754884136414  0.60662474275008538
  0.61275746217187166  0.61912408288260223  0.62597616805494272  0.63330273546707827
  0.64086991466339582  0.64762083867740905  0.65316579844593747  0.65944100421949370
  0.66704357915170931  0.67789193172248685  0.69060131649234580  0.70298972902272283
  0.71565422157553615  0.72889330051782653  0.74245450755301068  0.75524743810716422
  0.76705002811030465  0.77864453291619351  0.79039015559943182  0.80177916569474428
  0.81303652011762562  0.82468173237010367  0.83671213193773364  0.84964361215258832
  0.86273046957005917  0.87536100084076340  0.88778593113283255  0.90038114527792412
  0.91344407580187525  0.92687482766525353  0.94051167937667912  0.95394955538584270
  0.96645312515056114  0.97813407294180477  0.98866572739672198  1.00000000000000000
 -0.00312105710654928  0.01124055184314067  0.02357326296499306  0.03511915454113208
  0.04688453621797187  0.05953896339722600  0.07380550867992550  0.08913522652794549
  0.10332261839226828  0.11692239802962978  0.13130029730216000  0.14487847444833460
  0.15772396652208406  0.16688644712611181  0.17327678792725784  0.17928022153055634
  0.18559217938392586  0.19254827147446743  0.20112696794246296  0.21276086061742108
  0.22553410481824010  0.23721823224797869  0.24774448649982114  0.25578922733124665
  0.26251361625619163  0.26933129789595439  0.27584739306246009  0.28264306158450558
  0.28914369128996364  0.29610513719892012  0.30328827091540472  0.31051169956151436
  0.31630285486119913  0.32029568867632791  0.32439237251229569  0.32867855093071047
  0.33292207946622837  0.33729029299295199  0.34189853663940167  0.34652222185829246
  0.35590594118843549  0.36962435323337622  0.38306912880800148  0.39584110181482757
  0.40716994107275761  0.41800099267394081  0.42950235871038300  0.44093556496236991
  0.45196231782072771  0.46248748258423494  0.47337649513469915  0.48432733257533156
  0.49465450635886998  0.50435519454344813  0.51366085756737123  0.52335183500425952
  0.53474120084276255  0.54579903837889765  0.55631099648178384  0.56839014904028229
  0.58070876250173320  0.59338731847415682  0.60625943023930351  0.61803278012199936
  0.62988601970275904  0.64064816839332495  0.65059618442145672  0.66022981083309573
  0.66999111138546363  0.68035004939045163  0.69129820131901776  0.70248203048727020
  0.71375139713233404  0.72577034132419782  0.73826586201639643  0.75055745571580612
  0.76194118763398733  0.77348164518692752  0.78507851593161060  0.79607188048873934
  0.80709711431212583  0.81904756220402164  0.83210080110956375  0.84558085737789668
  0.85896307862218646  0.87315331606816771  0.88710680400689890  0.90099491227652539
  0.91439376221145896  0.92803870858838644  0.94174868445467008  0.95458324541035178
  0.96632775339424593  0.97742669743537458  0.98802919488955387  1.00000000000000000
   1.5357096615433391E-009  -1.0000000000000000     
 F F F F F F F F F F F F F F F F F F F F F F F F F F F F F F F F F F F F F F F F F F F F F F F F F F F F F F F F F F F F F F F F F F F F F F F F F F F F F F F F F F F F F F F F F F F F F F F F F F F F F F F F F F F F F F F F F F F F F F F F F F F F F F F F
  <DiscreteSampler_grid>
  grouped_processes
  1 # 1 for a reference and 2 for a running grid.
  10 # Attribute 'min_bin_probing_points' of the grid.
  1 # Attribute 'grid_mode' of the grid. 1=='default',2=='initialization'
  0.0000000000000000 # Attribute 'small_contrib_threshold' of the grid.
  0.5000000000000000 # Attribute 'damping_power' of the grid.
 # binID   n_entries weight   weight_sqr   abs_weight
    10   10   1.282640599843769E+000   5.228279949400507E+000   1.282640599843769E+000
    16   10   1.282640599843769E+000   5.228279949400506E+000   1.282640599843769E+000
    22   10   1.282640599843768E+000   5.228279949400504E+000   1.282640599843768E+000
    28   10   1.282640599843768E+000   5.228279949400504E+000   1.282640599843768E+000
  </DiscreteSampler_grid>
