  0.00905273080763908  0.01662209673502108  0.02785252969771275  0.03959990422193810
  0.05123574548229431  0.06212719286794155  0.07303879635420772  0.08357926347513053
  0.09408194622111307  0.10443039607757081  0.11454816603233813  0.12504489712030481
  0.13628508977652473  0.14771675733353554  0.15907218142231624  0.17008022901650713
  0.18191193594763494  0.19317710414720107  0.20416672452436319  0.21472481025309972
  0.22531133043702894  0.23624039619528753  0.24680255894980457  0.25653595334808499
  0.26550278822376683  0.27496647331111190  0.28492521634760115  0.29486867602834260
  0.30472165904888920  0.31490423350794194  0.32577550437651348  0.33642412695383445
  0.34614745715718775  0.35605582826664323  0.36594330752195170  0.37544880877841891
  0.38423653605356523  0.39287003355637973  0.40229839076867580  0.41243664202860603
  0.42200574972204608  0.43100327391162840  0.44034243938395723  0.45076759421168799
  0.46203369567645647  0.47354697968309545  0.48486426639691144  0.49595513078678849
  0.50710218838838439  0.51857364151883678  0.52997916702979087  0.54116655451989781
  0.55300109867444758  0.56508175549392314  0.57682837393732522  0.58797919960228562
  0.59882709147553859  0.60932589185147057  0.61963661331611319  0.63006352513138031
  0.64065024192499809  0.65057144346697648  0.66005438812950123  0.66964450615157334
  0.67989656816875499  0.69014469648752308  0.70032759936334266  0.71097632317591686
  0.72208425900836559  0.73286632559572773  0.74317410200435641  0.75365145114991938
  0.76467420558895616  0.77529479404412838  0.78511730999315665  0.79510803870290414
  0.80457790922261896  0.81422126645045234  0.82366387746289582  0.83310681246989138
  0.84322996948746598  0.85422847573200567  0.86598515914523766  0.87753569480947047
  0.88865270991922551  0.89942535956887093  0.91007037472121166  0.92053190977054000
  0.93059417811431089  0.94070005351141073  0.95055625540211552  0.96040908389962831
  0.97059572958869555  0.98087625663790434  0.99057514555600745  1.00000000000000000
  0.00906378246849340  0.01623119438875416  0.02648739241870105  0.03668842669679372
  0.04636943049819038  0.05574694617135421  0.06530778535379267  0.07467069631748199
  0.08407854339503876  0.09394661052437138  0.10434132908544887  0.11542355464545252
  0.12622018943097543  0.13632028447829816  0.14638560881959511  0.15681003429897572
  0.16742344459267069  0.17787856990459119  0.18861211839438352  0.20045027766640147
  0.21259284628502642  0.22486423695131613  0.23632411908933074  0.24695773937318038
  0.25686095506462558  0.26663947835196916  0.27643405505494789  0.28685073590008903
  0.29825537287715764  0.31046221686882558  0.32121759109396647  0.33154127551655416
  0.34162279909739446  0.35124398600591039  0.36075933743696970  0.37021179865209841
  0.38025946978603248  0.39093325283326180  0.40177538255289313  0.41327429815220934
  0.42482660808369371  0.43627458358669557  0.44752391956754012  0.45846128813467418
  0.46909164093370559  0.47975989809990549  0.49058213299068970  0.50131037947289714
  0.51186844079252170  0.52198387030983973  0.53192672331486934  0.54168918039118297
  0.55138922271643009  0.56095209663872203  0.57039688268013933  0.57955190294904857
  0.58889415002192425  0.59863857367861717  0.60869533429599743  0.61889469955993859
  0.62873188326169138  0.63820074942946625  0.64787766043020001  0.65811047282198176
  0.66855570589345348  0.67867200515012371  0.68895808283986470  0.69971699053946301
  0.71053943372767359  0.72148327084486763  0.73268844616199236  0.74458221360774690
  0.75655620693461711  0.76875244556916389  0.78107897456010000  0.79302707607634537
  0.80454134538893629  0.81560536741872180  0.82668828282194662  0.83731585601378722
  0.84760878983104215  0.85816943888428177  0.86889611554735369  0.87960249588421668
  0.89019002537172043  0.90047828827795406  0.91071128095908094  0.92043924939275457
  0.92970781148826198  0.93891078511258474  0.94842754851637801  0.95830728842066948
  0.96868813517610153  0.97929063972869868  0.99158399376612227  1.00000000000000000
  0.05804585281863737  0.05926881293622446  0.06132839508046054  0.06405455521794301
  0.06699541365585938  0.07041114411922969  0.07420131750273469  0.07793825388083861
  0.08173112576016832  0.08564383946996847  0.08964789764292722  0.09369158499731864
  0.09776466601263249  0.10194408568493399  0.10620502078731016  0.11049473953013052
  0.11484875067651741  0.11929179143910948  0.12385308035934142  0.12854291506160251
  0.13342453469405430  0.13892298113263149  0.14393175426296359  0.14767209347348650
  0.14890622251622204  0.15010433356990155  0.15131875338592088  0.15268489031871815
  0.15496505357421284  0.15738849035371769  0.15977831666746745  0.16218864601360708
  0.16460013262416592  0.16701073813209885  0.16943936491620085  0.17190156500918724
  0.17436280174787222  0.17681833634735547  0.17928674534886407  0.18176450715023765
  0.18425651371423957  0.18676972008127438  0.18928978216907028  0.19184030785030429
  0.19441484462650496  0.19701398911154500  0.19966269795905006  0.20236285383755367
  0.20510358840756604  0.20786943886158304  0.21065638838312606  0.21344445027181408
  0.21627514839081452  0.21914737102325083  0.22207382683035976  0.22506089415254726
  0.22808324689262616  0.23113475326599461  0.23420826293245733  0.23730112879703269
  0.24041981122371120  0.24361605395807731  0.24689525536725981  0.25024431605428865
  0.25365113339961554  0.25711214953705025  0.26062326245811729  0.26421670270676367
  0.26788196717146900  0.27164979573046105  0.27546979658763560  0.27935257314988204
  0.28333610984723034  0.28751391568916906  0.29177142267584327  0.29614474910713207
  0.30067843165294716  0.30541636018471580  0.31034372146470357  0.31551348467060802
  0.32094206853099150  0.32661662264535057  0.33262359761236615  0.33905455158547215
  0.34604259558182848  0.35358733915076951  0.36186735947379428  0.37112714264866004
  0.38166032784584125  0.39395878868467110  0.40882324925942704  0.42730058302968443
  0.45365412015998935  0.49586124615075944  0.58724485820502681  1.00000000000000000
 -0.00247617917376368  0.00997878114798327  0.02105792985359074  0.03214418388791725
  0.04387564708195967  0.05530372189467760  0.06696987232065435  0.07904647469405297
  0.09098215478870995  0.10370764793941727  0.11624378141873372  0.12933233947696571
  0.14230258990208688  0.15445099677708893  0.16588512286614371  0.17588549436540926
  0.18577404135287093  0.19563187235267462  0.20519551981759779  0.21479038671684367
  0.22460176534274243  0.23467469147504649  0.24502940295757736  0.25568841900043338
  0.26694742764488005  0.27817060508325009  0.28932161608298912  0.30042223622369874
  0.31148049152619423  0.32212197805442705  0.33278175132107291  0.34372504566153372
  0.35514769579293759  0.36668577180314599  0.37743430041848453  0.38655076618226958
  0.39556390084600035  0.40465118654782251  0.41436645222342555  0.42431250806191723
  0.43361422765537239  0.44375997164912706  0.45422312533891146  0.46475908017473083
  0.47537085474108021  0.48589207024634934  0.49640135421750237  0.50555153336726610
  0.51449729768741981  0.52369476007065641  0.53291743326381613  0.54204811365407146
  0.55135375373346285  0.56067616561882738  0.57078924193403668  0.58083985599459531
  0.59041223669813503  0.59986214674524196  0.60965648475531065  0.61979184926500730
  0.63015457209989423  0.64019117487591681  0.65051336932908310  0.66117051970508534
  0.67198733517910292  0.68298076959096587  0.69403966881282542  0.70500288536466638
  0.71575066162155732  0.72641280402695818  0.73674938987357497  0.74668171251723470
  0.75657090458273257  0.76646669234790421  0.77651037989707128  0.78658543035601680
  0.79663363453332214  0.80704046998036116  0.81720904086943924  0.82735195030198339
  0.83717692919540831  0.84658305127934574  0.85599920269625851  0.86542971972449168
  0.87460518859059788  0.88414465562466416  0.89392178797949950  0.90425180871934918
  0.91482688053154659  0.92611500531988478  0.93809593718527917  0.95013565493221075
  0.96236286799939585  0.97529719224589528  0.98775266258185956  1.00000000000000000
 -0.00206188716883292  0.00846596788994275  0.01830885112053049  0.02905490838888750
  0.04007484105545432  0.05088188025980304  0.06151771362426726  0.07223289026920938
  0.08339781421676731  0.09464119123983976  0.10551128988910013  0.11584455913550511
  0.12606596264110986  0.13665236398155697  0.14772540892677707  0.15910920684864199
  0.17048427309747050  0.18193468024630982  0.19338894346808236  0.20486167296692781
  0.21578009046001956  0.22628613777513201  0.23715574095470188  0.24759743595524028
  0.25769808767666180  0.26772323613057047  0.27853663132845147  0.28966613451815892
  0.30051043079900558  0.31121086967314066  0.32169113657714277  0.33251828758685503
  0.34408576645909222  0.35556396632092313  0.36603635608222335  0.37621464367081142
  0.38636883167871400  0.39653721008877507  0.40611523575310460  0.41537378676234377
  0.42464000920991468  0.43426318435600769  0.44415020971404173  0.45398531590494007
  0.46338085408599639  0.47268534890744618  0.48215205525962623  0.49258793872257739
  0.50332855158569234  0.51413434700301486  0.52570088816771776  0.53732462636133493
  0.54847540577864529  0.55971561132153946  0.57112881869977206  0.58315328566740465
  0.59531578681154618  0.60733948798955717  0.61904356416159889  0.62970596480150787
  0.63968237703106046  0.64948704457674145  0.65901488272855602  0.66822971592276836
  0.67732210398117298  0.68680730612296659  0.69760710390326841  0.70849949737707629
  0.71908937530949235  0.72948768677577536  0.74019370662799511  0.75092894268408938
  0.76159901112842909  0.77215595251099223  0.78321090548758021  0.79438329732231916
  0.80573887884868700  0.81685107245586164  0.82787294606043949  0.83852601918428848
  0.84887606551601558  0.85935014701280332  0.86980224756506486  0.87993870285277642
  0.88993952152873801  0.89989128054637557  0.90903140219289524  0.91764786549846611
  0.92588772918475359  0.93453416220915886  0.94368022290298859  0.95405938058488693
  0.96485825333439335  0.97702811718439841  0.98859957696697975  1.00000000000000000
 -0.00335565585208601  0.01268413706770397  0.02520280518870577  0.03677217544564793
  0.04834839510988777  0.05955812550132986  0.07040821159922654  0.08101030324537882
  0.09261532869553507  0.10493167985092387  0.11765730036335927  0.13018157878761993
  0.14321695358616116  0.15504938550409683  0.16688405183979566  0.17674557711028183
  0.18690762401068867  0.19733606560005634  0.20782566074516473  0.21813927801314070
  0.22806651780835666  0.23918457589826400  0.25009404462249279  0.26103038858078026
  0.27212540110597844  0.28333163159981678  0.29404779627748656  0.30409060330436255
  0.31372357826149455  0.32317916144744685  0.33255073825425341  0.34172577500586787
  0.35044430453054143  0.35938830247035031  0.36812259156183358  0.37728005493128591
  0.38643841318440225  0.39569500090833021  0.40532056925639526  0.41510353558106866
  0.42457708061474730  0.43434249690351961  0.44477586594761437  0.45506064800053297
  0.46531383706473545  0.47518846612423066  0.48553015617215639  0.49589054593553411
  0.50597690022637787  0.51589009030309751  0.52592211372712216  0.53622522714923915
  0.54667966747611585  0.55723591450695953  0.56711718417405121  0.57608603961414240
  0.58518649539908407  0.59424453658001652  0.60350470427875924  0.61307279711454610
  0.62290293763980842  0.63323828788893566  0.64388299850096364  0.65450126492630611
  0.66505666108826811  0.67505022688246419  0.68466123155808789  0.69466423496961327
  0.70490578340929200  0.71507268006342184  0.72509994002270339  0.73563674464194273
  0.74632908835296508  0.75678511902373802  0.76706699236667508  0.77755150208700463
  0.78833857363045257  0.79910795547074387  0.80969971871599100  0.82043089917503398
  0.83142096715661729  0.84264367455742273  0.85382525255111485  0.86517407525528145
  0.87688575948949277  0.88880207560558111  0.90042178034429243  0.91191640444055866
  0.92346206628151750  0.93471993044130153  0.94533889982600638  0.95579553003385320
  0.96659678872139665  0.97756018598942940  0.98843271120627818  1.00000000000000000
 -0.00280584097302688  0.01057336592127262  0.02144961222043590  0.03167408541499214
  0.04179367256814606  0.05190613578566688  0.06221760197204980  0.07302156339404847
  0.08387825409495057  0.09480233262347383  0.10567790907970631  0.11659656675703635
  0.12735427404549721  0.13746470759462098  0.14758585817691386  0.15724414389225505
  0.16696546796470405  0.17675824211976654  0.18632661616868920  0.19597660976172732
  0.20583330928917662  0.21644787162359025  0.22743509000413983  0.23836727702457244
  0.24960990816477385  0.25998861239181675  0.27035217763524277  0.28056529465611590
  0.29021575365229829  0.30050413288429517  0.31045157949444119  0.32089861927635832
  0.33094204876266980  0.34113272393392746  0.35136699725282189  0.36145545769941478
  0.37174099954336864  0.38252408413717470  0.39344351336257610  0.40409477850875913
  0.41498257396067306  0.42661600636151248  0.43848045916674061  0.45019945790499771
  0.46187672518872608  0.47379879054580376  0.48561535365117742  0.49697720529367506
  0.50748006021424452  0.51740475579608636  0.52760353514170888  0.53827506096587774
  0.54860814242649980  0.55908802388145995  0.56930621557442396  0.57910159885317869
  0.58873722821815044  0.59799462305521955  0.60716145625430373  0.61679059255732649
  0.62678285298624747  0.63747401547412419  0.64794868542179307  0.65917185549000856
  0.67045050253862848  0.68073999758814385  0.69122797046697593  0.70148478834298988
  0.71262148965062844  0.72394119980169969  0.73459076211903818  0.74436872676043431
  0.75401923805344884  0.76367560400972978  0.77376005226362699  0.78329932017634418
  0.79324903014965209  0.80395227635409650  0.81483220631647302  0.82559419354782482
  0.83655672540539672  0.84827475770284855  0.85970637726999188  0.87160621108229452
  0.88204824127775039  0.89266922362950585  0.90361606977760511  0.91433378586508907
  0.92471977474618461  0.93516188770942688  0.94694200802473671  0.95910173913093932
  0.96945718744460430  0.97965371404454904  0.98963280115836494  1.00000000000000000
 -0.00270026752270589  0.01043709668626092  0.02041009837743585  0.03083576178561743
  0.04160459829116780  0.05302335748388996  0.06466430283480111  0.07574913773759630
  0.08577610671839643  0.09492551104243956  0.10391858510578846  0.11372957864247839
  0.12304938112503466  0.13273450670061365  0.14280958800574742  0.15329157817441547
  0.16396633058509671  0.17394911300469343  0.18425033346028827  0.19520497858417613
  0.20644562503720421  0.21740436323481407  0.22834070103452972  0.23874912486103603
  0.24964481126801955  0.25946332095139713  0.26898537062036643  0.27908623640228375
  0.28944295230377837  0.30000248994023143  0.31046969280543663  0.32119655609641123
  0.33202042385800046  0.34286917084021873  0.35401795104834310  0.36535267935198679
  0.37687825555995080  0.38801720907697418  0.39882098146953876  0.40966659788696014
  0.42060463438315043  0.43209823577899115  0.44361029345333031  0.45523023850009015
  0.46674639650830274  0.47791870516769480  0.48846730105475739  0.49880847009611290
  0.50871197831004888  0.51828279727687510  0.52805561286095415  0.53820285900828124
  0.54885525006530766  0.55940833020525360  0.56964276233730038  0.57948113871933282
  0.58963226732763629  0.59952988243668215  0.61012327660195675  0.62107969467930702
  0.63231205468785334  0.64381742934921882  0.65552761180986663  0.66732489867449252
  0.67875875696178167  0.68999815560143785  0.70135673302825252  0.71260995915412251
  0.72332384226388280  0.73346009864815143  0.74333057900962307  0.75302214553105773
  0.76299672444770172  0.77353336438867171  0.78447318656314879  0.79541454066442696
  0.80606191280705042  0.81659526372318469  0.82746764074032153  0.83857454053573377
  0.84964297568849123  0.86052546558048504  0.87120183632343484  0.88209842073798528
  0.89306466803939466  0.90371662955232424  0.91417446964231974  0.92468103704475213
  0.93534950754607549  0.94524282001937432  0.95477756590103713  0.96436846857901581
  0.97360358605521846  0.98225582779906606  0.99081500053301153  1.00000000000000000
   2.2200432827146919E-008  -1.0000000000000000     
 F F F F F F F F F F F F F F F F F F F F F F F F F F F F F F F F F F F F F F F F F F F F F F F F F F F F F F F F F F F F F F F F F F F F F F F F F F F F F F F F F F F F F F F F F F F F F F F F F F F F F F F F F F F F F F F F F F F F F F F F F F F F F F F F
  <DiscreteSampler_grid>
  grouped_processes
  1 # 1 for a reference and 2 for a running grid.
  10 # Attribute 'min_bin_probing_points' of the grid.
  1 # Attribute 'grid_mode' of the grid. 1=='default',2=='initialization'
  0.0000000000000000 # Attribute 'small_contrib_threshold' of the grid.
  0.5000000000000000 # Attribute 'damping_power' of the grid.
 # binID   n_entries weight   weight_sqr   abs_weight
    10   10   7.721715353889466E+004   1.727559327463842E+010   7.721715353889466E+004
    16   10   7.721715353889466E+004   1.727559327463842E+010   7.721715353889466E+004
  </DiscreteSampler_grid>
