  0.00023558356416917  0.00027502604212652  0.00030370185857076  0.00033515638040280
  0.00037264771698706  0.00041825159327902  0.00047386873722145  0.00065813584123849
  0.00106136209163964  0.00151296720961463  0.00184930940150913  0.00224210215239240
  0.00269064397271499  0.00319855633880225  0.00374817502995006  0.00431338347311852
  0.00496719697745423  0.00571436478835032  0.00654775459488718  0.00750236978332918
  0.00864305033167288  0.00997613518452768  0.01148984756605674  0.01315937252524912
  0.01506524911949225  0.01728500085474248  0.01984905724178504  0.02276089465062413
  0.02610519637275368  0.02979554011369166  0.03409735466154342  0.03906743020932309
  0.04443118973357100  0.04948087881943568  0.05379261690129346  0.05718647471537297
  0.05963489185269533  0.06136907902043650  0.06260887004620162  0.06351201408929637
  0.06418979297349339  0.06472020083781858  0.06515027806954828  0.06550242121910968
  0.06579996344438736  0.06606033351086071  0.06629164202325130  0.06649934290489024
  0.06668743656202362  0.06685727233704512  0.06701398596642925  0.06716198901899043
  0.06730246164392505  0.06743725228890313  0.06756758527896917  0.06769482650348428
  0.06782041494537883  0.06794560101313531  0.06807143722943941  0.06819868995818443
  0.06832790931748627  0.06846022820835378  0.06859813586357233  0.06874464131109463
  0.06890113290971796  0.06906752980064448  0.06924706268617112  0.06944274037762245
  0.06965719807398441  0.06989898052841782  0.07017931434233621  0.07050769463006909
  0.07089376104887449  0.07135747491749099  0.07192929275268183  0.07265649905830469
  0.07360467427346233  0.07486466201694182  0.07659354338551015  0.07904431373810553
  0.08259839124296692  0.08805364028530559  0.09593146739064747  0.10615264200350930
  0.11948391308434236  0.13801971594614740  0.16377033291206611  0.19661938444510985
  0.23934251939108875  0.29667824381851760  0.37790309858243976  0.48191474192357225
  0.58392557738326789  0.68374185206347016  0.78965208718162505  1.00000000000000000
  0.00019081191218514  0.00027143807319026  0.00031822626778799  0.00036555589343890
  0.00042012637146224  0.00054868329194814  0.00089624327002539  0.00141511173922437
  0.00178577298778894  0.00223578958874201  0.00276087763644199  0.00334901169783041
  0.00398167429995819  0.00467701458065438  0.00551094080937205  0.00658786313232784
  0.00777448989014414  0.00912748069355765  0.01070401112273246  0.01248848697275299
  0.01455049058009375  0.01698923316599218  0.01981691100558414  0.02317060822300202
  0.02717176155051744  0.03164398552983044  0.03640793667273173  0.04146871149122944
  0.04678756495404587  0.05184951590170940  0.05611707153124045  0.05907415322909572
  0.06102298470175044  0.06237313907150383  0.06335654147836740  0.06410158191379565
  0.06466446836797883  0.06511762489151383  0.06549104171565889  0.06580682433841289
  0.06607964952561873  0.06631602970821017  0.06652496123961002  0.06671445237895662
  0.06688925353364264  0.06705241214073863  0.06720580693980732  0.06735122447097391
  0.06749104553076794  0.06762709895333931  0.06776024693223459  0.06789178167402712
  0.06802328204622535  0.06815600966749349  0.06829131822585079  0.06843040579771180
  0.06857472266513585  0.06872597260443547  0.06888611970576292  0.06905750595619736
  0.06924149312250819  0.06944211308961547  0.06966983718771827  0.06992944982544638
  0.07022593666111074  0.07057278394507810  0.07098266878950309  0.07148467452208718
  0.07211990125908371  0.07293124215194124  0.07400975807345667  0.07549496584554238
  0.07762503683151589  0.08083023672947771  0.08557142252143618  0.09253081459352490
  0.10261192651677395  0.11642807994276119  0.13478603154184909  0.15927675507635292
  0.19233316027137257  0.23677620354371579  0.29302680685533861  0.36232081614158146
  0.44399619923909767  0.52305965685744849  0.58183437737514421  0.62367118332305516
  0.65917519034787742  0.69465443083540612  0.73003468034764996  0.76447239630626052
  0.80005322038698656  0.84559234820752083  0.89192482407834406  1.00000000000000000
  0.00032060081660798  0.00079144846811080  0.00104941844399212  0.00126942566060447
  0.00150593490584513  0.00177154987892937  0.00206463514025529  0.00238037565778562
  0.00272032495736018  0.00308788083080425  0.00348801848723688  0.00392855850996770
  0.00440535907458369  0.00489996967169655  0.00538884292784690  0.00586509508914061
  0.00633875063535295  0.00680907595467158  0.00728719455352580  0.00777398544923278
  0.00827858776611796  0.00881724496574117  0.00938022293698097  0.00995652630091355
  0.01055396618988822  0.01116232811541029  0.01180275742434912  0.01246192773921616
  0.01317517389212003  0.01392028372073517  0.01472808029647435  0.01557600393919484
  0.01646958764935770  0.01741201422844212  0.01838722874406319  0.01940537335031186
  0.02046329879249943  0.02159963835710810  0.02274982277459167  0.02392859952096894
  0.02516574320478557  0.02645365733152046  0.02783936979573753  0.02933368424830936
  0.03087370013450197  0.03247090759534142  0.03413498799151674  0.03585592913801675
  0.03767801005381202  0.03960021187982415  0.04169676037424660  0.04391660208919640
  0.04616425109527907  0.04852159451178414  0.05097296611670839  0.05341174685027770
  0.05588215147596775  0.05841054887224201  0.06109365179208562  0.06403106854541935
  0.06710300223470209  0.07042490508136530  0.07395986678750836  0.07776250570907479
  0.08179953322757894  0.08596659858853350  0.09038328628131510  0.09504366412333237
  0.10005065970717017  0.10539625097246211  0.11103362568840308  0.11703513734555465
  0.12348315201237030  0.13026717806679511  0.13735297568811522  0.14460727590210576
  0.15245943137290888  0.16103947583329944  0.17068487335952853  0.18126176770925351
  0.19273776715099902  0.20484699536722872  0.21748299321455516  0.23071802836991248
  0.24466927900055008  0.25934704203549963  0.27467877364917859  0.29190078331581404
  0.31127884324106331  0.33237723410804398  0.35530010446229326  0.38129531966924574
  0.41220744337731730  0.45192190389400183  0.52260143489020749  1.00000000000000000
 -0.00220435798031574  0.00874312343293487  0.01886744590778620  0.02983512072959712
  0.03984074801204497  0.04963714265579159  0.05940404689192026  0.06876125517789101
  0.07801357384058476  0.08679314950350456  0.09578646723778184  0.10532418140645126
  0.11512457270762760  0.12504153077135982  0.13458563169720270  0.14408059060879511
  0.15375225798506648  0.16363761792503181  0.17360059986569698  0.18354001408801440
  0.19338454407776656  0.20316387201924413  0.21284800176074992  0.22243513847693180
  0.23195708235977475  0.24160949282678365  0.25096225218946488  0.26033209660534795
  0.27006685795208257  0.28018235165571370  0.29033726004440408  0.30049788713688641
  0.31066860719531203  0.32098104601166116  0.33129521288014890  0.34179308787845869
  0.35246569267164995  0.36296889999690463  0.37359679521374800  0.38438999261207274
  0.39541952159451815  0.40619465945975203  0.41703680831222073  0.42817029181358740
  0.43946885520641177  0.45043330135077841  0.46122448296566582  0.47172763519298555
  0.48241313464628849  0.49339366694744524  0.50432651797688555  0.51499116825968660
  0.52569917053366100  0.53667057003981533  0.54794633292398609  0.55910401681620547
  0.57030152534584533  0.58153882064777773  0.59287906214243480  0.60426830096655126
  0.61572250897730252  0.62720253501358492  0.63871507739490296  0.65031571187640436
  0.66185404285180771  0.67322524422777941  0.68441402757302350  0.69542177453390275
  0.70644475075218405  0.71752526692170593  0.72885535333192641  0.74028558179068038
  0.75161248702314609  0.76277178392784506  0.77381428206031266  0.78471532207716055
  0.79569642049131684  0.80672248966433446  0.81771489670754838  0.82867899637448905
  0.83976269174024376  0.85098505760211729  0.86218389275986673  0.87321636474499376
  0.88357967725478403  0.89382229751455367  0.90413994849122348  0.91500211148628074
  0.92570933473742412  0.93656777990134710  0.94671049342954228  0.95695356700440004
  0.96697395139989017  0.97707833086113571  0.98601783618581673  1.00000000000000000
 -0.00229198000538361  0.00921008054314775  0.01953513994910510  0.03058610078962064
  0.04086597569955903  0.05125240244230847  0.06161693920401666  0.07168109332510589
  0.08181140629798909  0.09207938920929405  0.10282392993064621  0.11363161899648128
  0.12418152051926243  0.13469252115013899  0.14526823621218524  0.15579131828785328
  0.16620699922563395  0.17656340521263736  0.18688111039120070  0.19696944779183242
  0.20757564820820967  0.21771612551106337  0.22689090718478883  0.23619882060296907
  0.24608033238166921  0.25625191762709398  0.26722992144935775  0.27761622857365753
  0.28783883842270042  0.29830978134711178  0.30887861331182453  0.31945797325900710
  0.32993113263616092  0.34051854245883689  0.35124272209668544  0.36187088597716716
  0.37199828336306839  0.38218542212338125  0.39225751586082563  0.40286464482614237
  0.41326354356293382  0.42384944211071790  0.43456088606570947  0.44548716306069491
  0.45635707188577623  0.46707415236689626  0.47802928482310525  0.48895665302508728
  0.49957979787117585  0.51019015717478833  0.52067182348854979  0.53118767852638549
  0.54178507136446008  0.55242724400391874  0.56321138137032356  0.57392336219552809
  0.58450761911513682  0.59504032031878085  0.60549189344887477  0.61562094405395817
  0.62636312784077286  0.63709589354630802  0.64824399352067619  0.65916795220477820
  0.67017376978015497  0.68108296481176500  0.69212599829717047  0.70280718815330590
  0.71348855063118344  0.72390543978822142  0.73431712504444258  0.74495115814171686
  0.75580743243391890  0.76688967004953146  0.77796804299057265  0.78824105944059109
  0.79830580895257253  0.80822402232872304  0.81826215750886599  0.82888080618568405
  0.83984782773717959  0.85096620488571395  0.86209025493858504  0.87322035117733587
  0.88403579904360818  0.89493217982118134  0.90538090380810476  0.91583380695634276
  0.92646646992624337  0.93688939417983341  0.94743248941870772  0.95763176952213280
  0.96866534989673525  0.97888942636703113  0.98923196148133008  1.00000000000000000
 -0.00204338326902332  0.00820195921088900  0.01750984590523919  0.02729272569113574
  0.03671333998246502  0.04587982424264288  0.05586547094493784  0.06519336767092318
  0.07397663702868304  0.08273329264257082  0.09104279070173224  0.10017897070657410
  0.10944609873476098  0.11882894055185420  0.12817781973600686  0.13798802196468327
  0.14768114832220292  0.15748156410101832  0.16691203060005963  0.17624063006751128
  0.18557426348492309  0.19523099124025448  0.20503396917161276  0.21482916584672720
  0.22481025532843738  0.23445947780320237  0.24462975403105308  0.25414345993621013
  0.26416857964964785  0.27395168593115449  0.28438089150327023  0.29401076646649416
  0.30387651484828682  0.31362256348521744  0.32378125256980217  0.33416822477525010
  0.34460494647591150  0.35450943898256271  0.36504086002240194  0.37582240262825012
  0.38673705450462503  0.39757908561838090  0.40850252117159508  0.41955019361245327
  0.43043120056961004  0.44089047064428921  0.45137655280085531  0.46184234063768220
  0.47287531204061450  0.48400140864110092  0.49539716805683265  0.50670239799947236
  0.51767590457384816  0.52850995344185137  0.53950941226397497  0.55085577778175854
  0.56208655654456252  0.57346890245423077  0.58408007302339049  0.59537526485332926
  0.60634908873692528  0.61757998888728294  0.62876456342142051  0.64023608179998059
  0.65146488428019489  0.66301014101673283  0.67430242645541205  0.68592494870609622
  0.69748270329677642  0.70892798281168146  0.72021813689331449  0.73146892142373698
  0.74271014032702598  0.75388390378443670  0.76489198693754834  0.77584403225893961
  0.78696750547910332  0.79763709268429916  0.80793415345948827  0.81838289849166046
  0.82947178898194229  0.84062749529995040  0.85190464651272291  0.86336511519091153
  0.87500351124925724  0.88655913912898154  0.89775453754557821  0.90884414657219537
  0.91997270541302578  0.93143311167928478  0.94271760239330893  0.95360394126993986
  0.96488179943112051  0.97627126995020930  0.98813506424680264  1.00000000000000000
 -0.00223058128581822  0.00821475820916413  0.01807320144489452  0.02889002656842152
  0.03981041566649368  0.05061463164625183  0.06185872742945399  0.07280043517679716
  0.08383056609002160  0.09472165082110222  0.10555553357051514  0.11637103438477688
  0.12679557078341436  0.13705049723638349  0.14757159469060507  0.15826857136220010
  0.16923797192425835  0.18020552952636773  0.19123266714171303  0.20228376920484406
  0.21316236936139041  0.22390187713748122  0.23456425014812773  0.24546834189955502
  0.25606776963821215  0.26665488979147772  0.27737310028841222  0.28756043030411377
  0.29750568982833508  0.30751851788599488  0.31804274387856601  0.32886185559732239
  0.33976604851088676  0.35022108036134186  0.36021806123688171  0.37024506593348250
  0.38076841277162599  0.39165274616204870  0.40215321475503640  0.41263833614583667
  0.42305193717458017  0.43354849877064067  0.44406281267531045  0.45465704570415677
  0.46536086818410521  0.47600281545677531  0.48652398711160649  0.49696664727936168
  0.50746542819566698  0.51825459253119910  0.52923737964600015  0.54038130286271213
  0.55116377047187870  0.56177848525228802  0.57219234336733615  0.58280055906399497
  0.59360331828625523  0.60414502262451686  0.61398972788701445  0.62383504267162360
  0.63415259160745108  0.64459057024631905  0.65468681053308675  0.66479102379580823
  0.67520730441078114  0.68574731239553177  0.69610309988929397  0.70657301446179965
  0.71726573037968355  0.72777419140697419  0.73811151279662268  0.74855433367987223
  0.75932436667288961  0.77016259188917291  0.78073157364808909  0.79090961881078081
  0.80080974686878503  0.81046230526970420  0.82047693013303780  0.83061345792247221
  0.84091954590200135  0.85126878757377977  0.86162537034697984  0.87233947012650537
  0.88316941737196797  0.89389849948230393  0.90480734060815948  0.91576221308402050
  0.92620887275438790  0.93638909508002144  0.94634753795753124  0.95711797210535987
  0.96770761364400770  0.97845458955651365  0.98909942364608117  1.00000000000000000
 -0.00217535359977363  0.00858391778210772  0.01872067149869896  0.02857506086398837
  0.03893902510974800  0.04933824547858044  0.06003047726852892  0.07064169424422639
  0.08131740456562700  0.09201726577145942  0.10290175787296686  0.11335954691691555
  0.12386234909346906  0.13459769770983970  0.14543597992624530  0.15614889146414207
  0.16701812147185630  0.17793751092998497  0.18841433546103722  0.19815387688693314
  0.20793656406291827  0.21816782407144927  0.22830163132466266  0.23835566612077638
  0.24816814218144603  0.25831611525304388  0.26872432010550146  0.27917653895748246
  0.28989997767542203  0.30042609649597440  0.31110418866233719  0.32193851458824041
  0.33257384635444853  0.34286539223645146  0.35297803817843182  0.36361819295470599
  0.37452089865823629  0.38559769053672954  0.39628456130398931  0.40679844327147452
  0.41712420661032412  0.42714069260941295  0.43722593652080544  0.44730684718167313
  0.45731074995172266  0.46759561371673930  0.47813521841498224  0.48907447247195374
  0.50003866838242661  0.51086958864678012  0.52168435978204752  0.53287609980464912
  0.54412319014935828  0.55538399579557152  0.56626438813157642  0.57671402768370983
  0.58684887894827398  0.59717441169173247  0.60791347991186662  0.61851438647787693
  0.62870384732057072  0.63878646193396560  0.64874662871018285  0.65890141316227135
  0.66928809129114897  0.67968832993026296  0.69006400830920012  0.70046311199564892
  0.71088731103595737  0.72153745479570175  0.73239907414625605  0.74346447849954100
  0.75465543849123295  0.76570943066932406  0.77665423989836901  0.78753808871515951
  0.79838416563855785  0.80904846431918742  0.81947107973183042  0.82978341673199540
  0.84036639212009878  0.85108067959180123  0.86193435915975558  0.87268167823729204
  0.88368752750727242  0.89466261638563482  0.90568597586573996  0.91647812276848750
  0.92720856292898812  0.93795125954693126  0.94835559000878522  0.95878052215284282
  0.96875073426727787  0.97909453645015077  0.98920271951086436  1.00000000000000000
   1.1928557467384996E-011  -1.0000000000000000     
 F F F F F F F F F F F F F F F F F F F F F F F F F F F F F F F F F F F F F F F F F F F F F F F F F F F F F F F F F F F F F F F F F F F F F F F F F F F F F F F F F F F F F F F F F F F F F F F F F F F F F F F F F F F F F F F F F F F F F F F F F F F F F F F F
  <DiscreteSampler_grid>
  grouped_processes
  1 # 1 for a reference and 2 for a running grid.
  10 # Attribute 'min_bin_probing_points' of the grid.
  1 # Attribute 'grid_mode' of the grid. 1=='default',2=='initialization'
  0.0000000000000000 # Attribute 'small_contrib_threshold' of the grid.
  0.5000000000000000 # Attribute 'damping_power' of the grid.
 # binID   n_entries weight   weight_sqr   abs_weight
    10   10   1.410087376241618E-002   8.267852458278974E-004   1.410087376241618E-002
    16   10   1.410087376241618E-002   8.267852458278974E-004   1.410087376241618E-002
    22   10   1.410087376241618E-002   8.267852458278973E-004   1.410087376241618E-002
    28   10   1.410087376241618E-002   8.267852458278974E-004   1.410087376241618E-002
  </DiscreteSampler_grid>
