  0.00002439803887713  0.00004734625023612  0.00006632196615848  0.00008249359555581
  0.00009953831520658  0.00011809171615852  0.00013885413938408  0.00016300940557464
  0.00019332118888319  0.00023227704487257  0.00027776222240712  0.00033356570611414
  0.00040504506009683  0.00049483485050820  0.00060624116269386  0.00074560391696556
  0.00092264846273923  0.00114753685808420  0.00142837041504585  0.00177395086683843
  0.00219393205344434  0.00270146608870270  0.00333416554189969  0.00413835661719755
  0.00523439957603496  0.00672307388664694  0.00888548975759583  0.01211578661082899
  0.01658056286390658  0.02299285560692802  0.03234296055634497  0.04547374268769036
  0.06126369235862541  0.07831099913479729  0.09617135779946091  0.11459651147103433
  0.13329880342814546  0.15199189606364963  0.17094115315708444  0.19010579622923790
  0.20919963222949459  0.22834918425579276  0.24726697667340561  0.26624556305690267
  0.28553080283770199  0.30468336214909669  0.32361312079557047  0.34261017973249780
  0.36174518583415510  0.38092314357019602  0.39986035201207165  0.41872523174729703
  0.43789931906319085  0.45703580233296770  0.47617865401503351  0.49539907576712561
  0.51451661111820757  0.53351599140837158  0.55252056086109624  0.57141334672644106
  0.59018943842062055  0.60902357222501757  0.62799337159725710  0.64692514519883693
  0.66569478279197436  0.68436924055429882  0.70302291665933458  0.72174931263641851
  0.74040886182047305  0.75892045189943125  0.77733366053166431  0.79573562720339419
  0.81404786677540109  0.83226786289583554  0.85026420872288577  0.86762048104900857
  0.88460992664254201  0.90132597660435543  0.91753208874778136  0.93297227598605004
  0.94735430224079575  0.96018588885421674  0.97096608186987099  0.97944843542860738
  0.98572620230598673  0.99014956124407527  0.99317762269020637  0.99530387135572618
  0.99678545052161049  0.99775964267096762  0.99841185271262090  0.99890839129011233
  0.99927437498449423  0.99955282597483908  0.99978917782911569  1.00000000000000000
  0.00001991395196159  0.00005285152775446  0.00006778138676483  0.00008523099728454
  0.00010058919927002  0.00011639544693744  0.00013389861453243  0.00015500675220268
  0.00018149634537975  0.00020895554442812  0.00024000266468416  0.00027879592219864
  0.00032704721621013  0.00038427420643215  0.00044903375957968  0.00051894513224257
  0.00060220938389901  0.00073546403178665  0.00090256824855111  0.00109408025652581
  0.00133311876319540  0.00164702420369917  0.00207228712026195  0.00263479778731914
  0.00334566198389259  0.00425087023281332  0.00547944243208509  0.00716448536788206
  0.00958183518837600  0.01325946144402480  0.01903961598100257  0.02656764433726924
  0.03683561856395252  0.05063419093985828  0.06785720900074343  0.08640788556694955
  0.10525965325823902  0.12438908102181911  0.14364085738833715  0.16303935172849304
  0.18250477603383486  0.20198013830629843  0.22148215732686352  0.24113477640270076
  0.26082705783640153  0.28046814624750704  0.30008277478979861  0.31963919722271744
  0.33920266299180113  0.35881776641980806  0.37845777908577344  0.39811274040335098
  0.41764873867933183  0.43683607913273131  0.45615697295441071  0.47567835593506674
  0.49519630757669580  0.51442882828468162  0.53346698307510354  0.55260675633682244
  0.57168634143061725  0.59095157996978642  0.61044275304854723  0.62997125756764949
  0.64921227479710386  0.66806590257676368  0.68689025470074783  0.70591030190830617
  0.72495316317462710  0.74401874090987918  0.76303659645968991  0.78175736791876560
  0.80021819575154096  0.81862131166295671  0.83688037903356527  0.85487013283750668
  0.87257661296662792  0.88997863596939697  0.90715255963293340  0.92362224922688840
  0.93919743858777283  0.95322759618807551  0.96545369853706309  0.97534703887651975
  0.98277104199558130  0.98803544089066431  0.99172671394456147  0.99422718141612587
  0.99599144899054948  0.99729952285698398  0.99824412625489345  0.99885838979657948
  0.99918525208545483  0.99949490596451174  0.99974745298225587  1.00000000000000000
  0.00142096856163612  0.00192816662309461  0.00218358238593210  0.00241735306848017
  0.00266652277483389  0.00291914273961597  0.00320169625191782  0.00350288440543201
  0.00384433135670463  0.00419124624732933  0.00457447418896127  0.00501910145970859
  0.00554751369003106  0.00611598186754003  0.00669177904255218  0.00726592555479282
  0.00785416887725630  0.00845226066199735  0.00906423017361012  0.00969579938665292
  0.01035109399894495  0.01102060719195601  0.01170270266236857  0.01240745565530910
  0.01314754852684789  0.01392377968151213  0.01473348328691378  0.01557419619869512
  0.01645315154801258  0.01737411808725431  0.01833831926117238  0.01934687753764000
  0.02039129235304661  0.02145456594946843  0.02251692904478692  0.02359509379349920
  0.02473965755678546  0.02600963216597737  0.02736447023743301  0.02877097696556382
  0.03020820916389383  0.03168567214531567  0.03323653272857995  0.03487259151710340
  0.03662310944832108  0.03843280754717184  0.04028702844663944  0.04219016360842487
  0.04419019059401833  0.04635060698702014  0.04866235056237373  0.05110836896131248
  0.05367257000505565  0.05636038348094288  0.05919392478381512  0.06214661417136429
  0.06520907091347355  0.06839024025910527  0.07170949622324994  0.07516963826462912
  0.07872823771277788  0.08240852864190494  0.08629325870883220  0.09051997606503331
  0.09500295643377722  0.09960024250631938  0.10437529024027005  0.10941273573343362
  0.11487073037818733  0.12050876160621117  0.12613092836268822  0.13199819194904824
  0.13821221444219947  0.14516589080255390  0.15275204624453481  0.16100133627372493
  0.16925098301492966  0.17754610526295200  0.18619247843506459  0.19580416566898060
  0.20530175509233145  0.21363926771337211  0.22221009029697866  0.23135519430747534
  0.24180138444913118  0.25703609995130977  0.27227763600010707  0.28888408299548241
  0.30679158540198709  0.32723072115422414  0.35034815535821950  0.37690351595364197
  0.40814141099208473  0.44724187722367315  0.58051002038310329  1.00000000000000000
 -0.00239081257101231  0.00934215926692167  0.02122613937705003  0.03040565174857294
  0.03965700829319788  0.04814315401721554  0.05442169502111127  0.06113401019720889
  0.06821197942572363  0.07524836193295420  0.08455674265772989  0.09465779189701250
  0.10466626396619189  0.11459555781579468  0.12454482804507892  0.13433823395802064
  0.14373115600282380  0.15262268414290356  0.16122595412768273  0.16980695392857736
  0.17877896289639142  0.18822115328585454  0.19783333061190464  0.20759152923057628
  0.21758448873857927  0.22756995525415688  0.23743665187132859  0.24733821658217062
  0.25741317951489245  0.26764454392564035  0.27797804252768699  0.28833410621550676
  0.29869857248452542  0.30894668854991492  0.31917538923257371  0.32959416870479785
  0.34046323248267418  0.35146266385434261  0.36230123193710617  0.37291960057180690
  0.38347781997945651  0.39418384594749023  0.40501581131511449  0.41592251520282147
  0.42677508007319981  0.43769554749872835  0.44866130069371496  0.45968270956420137
  0.47065701223025475  0.48175170124457956  0.49286985367737379  0.50378088755119499
  0.51452196325207555  0.52530660194306245  0.53635478946513526  0.54762365298965465
  0.55886239545226024  0.57023559454617845  0.58171107984416714  0.59302635740199672
  0.60413307193921861  0.61526843789723396  0.62653598066653671  0.63809616462158847
  0.64974695878797195  0.66128175723922256  0.67267810932895833  0.68384640950593656
  0.69496681877618161  0.70620369653195003  0.71761233263072732  0.72901604751575588
  0.74045677621701267  0.75179476067566264  0.76330502463879157  0.77463330007480380
  0.78580598833170912  0.79694968056432214  0.80809767095808493  0.81942339871661218
  0.83080832428499685  0.84224573353117771  0.85377316563605365  0.86517333828070919
  0.87636000884156240  0.88742318398579378  0.89858071841584408  0.90960566957759381
  0.92045233792076786  0.93106937222903519  0.94190010026250981  0.95343993440017782
  0.96494401173188937  0.97674432963200541  0.98821493627166868  1.00000000000000000
 -0.00245696418832834  0.00952861525299119  0.01968328601744971  0.03060849966171327
  0.04117406204193400  0.05213343978217194  0.06286485050681502  0.07328182595904480
  0.08367579030894925  0.09398407195648874  0.10456096727094540  0.11504660163829242
  0.12596363719629450  0.13697986927699921  0.14784745825897971  0.15844218569827365
  0.16909028304478779  0.18006368906363709  0.19115660144453187  0.20228248401419616
  0.21333789091509839  0.22427250019897363  0.23510897741185791  0.24595012390937765
  0.25690783612389534  0.26777502103515893  0.27867916006833349  0.28960069715983566
  0.30049648961039011  0.31107338647446625  0.32145796863830722  0.33155510949553796
  0.34110909355501401  0.35023017777143750  0.35955475484686888  0.36925641546039006
  0.37971980201817013  0.39051040277772880  0.40123533672129391  0.41190506897806289
  0.42276126018776466  0.43381542285908709  0.44476224125274250  0.45555179184881806
  0.46636509576482871  0.47744921098418125  0.48872618133823348  0.49992827906512910
  0.51088573970401041  0.52178212889777864  0.53261756761080448  0.54360124850655389
  0.55450920226926514  0.56544520864966508  0.57600343591573444  0.58593549017634505
  0.59577835351629838  0.60582547762158567  0.61672853713479914  0.62747552990015976
  0.63793127049510812  0.64822857220207997  0.65869358760049967  0.66903169265441487
  0.67948008183299602  0.69033925479747893  0.70141071931893695  0.71253041976132847
  0.72316169304742195  0.73389324986746896  0.74460231708910329  0.75569008521895831
  0.76694377241884348  0.77773139856603635  0.78839979693791451  0.79823756756392661
  0.80634110712816542  0.81370542979706650  0.82122074256128019  0.82847592166315764
  0.83765209073218183  0.84889248081888458  0.85940037232576938  0.87001331130760695
  0.88092242730232029  0.89137964386633450  0.90185750531148123  0.91218658807290198
  0.92251445295959134  0.93327933225331494  0.94358648901899356  0.95548670802728486
  0.96651843350935229  0.97780509586232434  0.98889029475645684  1.00000000000000000
 -0.00241514187816807  0.00927989429347586  0.01998825548784262  0.03036691368865794
  0.04066323865504447  0.05017562410543926  0.05967969274182807  0.06926934311257282
  0.07919226198850349  0.08899459276824279  0.09879198049833594  0.10867116265202112
  0.11849169507959308  0.12825549006196302  0.13802962083403622  0.14786829300073209
  0.15779313220512231  0.16744566894156540  0.17676001106744643  0.18590395657346601
  0.19530697875977793  0.20503649081721426  0.21486646057460920  0.22463519926785527
  0.23447403213884066  0.24436562280862059  0.25438039965669590  0.26429010186927926
  0.27422438490342427  0.28424129839689477  0.29465845530014201  0.30475066249312172
  0.31469571560624254  0.32457883463488335  0.33480046761870380  0.34531841270283697
  0.35574694234972959  0.36614787758477774  0.37673594782783121  0.38752430050821152
  0.39833809190042491  0.40917722335196649  0.42009002697416670  0.43107489760753276
  0.44213421781482087  0.45332482079934289  0.46468546375825348  0.47613201794882942
  0.48762904110390115  0.49915924972578340  0.51063457034757520  0.52202325752944334
  0.53324792315210057  0.54438759815783444  0.55546535942032149  0.56604327230317675
  0.57635135440435092  0.58659982611467265  0.59699040033494666  0.60792707251559408
  0.61927879566621014  0.63087424075455378  0.64255632849153888  0.65412734419292218
  0.66548797878256793  0.67677158926343317  0.68810486776544821  0.69959647851090723
  0.71112747350829042  0.72225710523960485  0.73279714928196971  0.74310781723544694
  0.75366493491764752  0.76479971962483051  0.77582369630086612  0.78675040422710452
  0.79771355750969453  0.80902527780914812  0.82041811059714775  0.83180081789447002
  0.84294752580933974  0.85393564421736901  0.86505725730231653  0.87647271520353243
  0.88797826076845432  0.89968521475329166  0.90979544348971564  0.91787255019812031
  0.92594557504733765  0.93424803051571881  0.94200701485840344  0.95369657279737519
  0.96495657247579536  0.97617364354075942  0.98792701753688916  1.00000000000000000
 -0.00235550520974870  0.00926569041023227  0.02041548764596616  0.03118834792741627
  0.04219141990192456  0.05281545391160504  0.06380879924635843  0.07471709656518216
  0.08552576012916106  0.09590834141215844  0.10631192851058728  0.11678716878199177
  0.12754063869803375  0.13842116884162198  0.14941354077263705  0.16046732667398758
  0.17154271845913577  0.18262011581033952  0.19371402713674560  0.20471219346723407
  0.21565353679449989  0.22635782775983757  0.23706088746032747  0.24789120597424624
  0.25903538009676841  0.27035427032067982  0.28148377980867317  0.29240867767659079
  0.30320694386396202  0.31399235184100849  0.32477414819207318  0.33525493584467436
  0.34554242576943894  0.35584114874367279  0.36636189504707228  0.37735145255109737
  0.38842499035502265  0.39824951572921247  0.40568110413882191  0.41290874230971863
  0.42021663567422529  0.42783259644022481  0.43709383383250738  0.44769311230768472
  0.45823094074888820  0.46856946464540961  0.47893724239301050  0.48946945420140636
  0.50011468903224399  0.51095322303896873  0.52212267197338591  0.53341188737149914
  0.54459316015845971  0.55559027175690234  0.56663581029249255  0.57747234192530461
  0.58783525049666641  0.59796792850804537  0.60840465442768399  0.61920822716399748
  0.63002427091160951  0.64071597545987813  0.65140858307691230  0.66200361335268310
  0.67240126203971184  0.68279202986678089  0.69349746903747389  0.70458301933360690
  0.71558098597651165  0.72596495175040554  0.73577002760765209  0.74562987179539419
  0.75573906733394236  0.76665348429305480  0.77777566364797690  0.78901609566255004
  0.80020661100097457  0.81135508686452951  0.82238267306613144  0.83311291966975998
  0.84288984496869046  0.85305755058005406  0.86280849553998951  0.87270563269885859
  0.88306710018730694  0.89299961796261196  0.90334940893980165  0.91374386496699311
  0.92427653509401886  0.93456508553081674  0.94483349324301236  0.95554843126263467
  0.96686088995192598  0.97848741928087191  0.98933546803363526  1.00000000000000000
 -0.00235657962350986  0.00835381666852826  0.01789728999210384  0.02784703838607085
  0.03830730130132370  0.04925097148344934  0.06032271670822960  0.07120781774763600
  0.08155055879655015  0.09195242238028174  0.10227811760212774  0.11290363266123890
  0.12369995748986495  0.13480116212408363  0.14604938105426490  0.15718505317482401
  0.16829543650167295  0.17941440227891137  0.19052180004057453  0.20162815666495523
  0.21269892058078507  0.22375333027482852  0.23466967466149929  0.24538169335027568
  0.25607303107290241  0.26693430831952714  0.27794305756622456  0.28872892397341571
  0.29907898749425660  0.30925886201839015  0.31962018418481253  0.33044240605344999
  0.34068595289236037  0.34926270113186825  0.35726640810376531  0.36548459701035529
  0.37324655774514831  0.38259898609545034  0.39358726975996772  0.40445847754102282
  0.41544532852920796  0.42621089217442404  0.43651733222006395  0.44693793775808927
  0.45767744466737464  0.46873644190921882  0.47958835265690203  0.49004052619865790
  0.50089989635364895  0.51200840841093309  0.52333265968681120  0.53428525902178770
  0.54489623694813483  0.55582045512993383  0.56664983732394336  0.57738800319559902
  0.58778763068509920  0.59794854060699076  0.60807917620249707  0.61885304089757076
  0.62989144076778314  0.64081687459410641  0.65152613800469406  0.66246243998579935
  0.67351687210048450  0.68451163906615409  0.69507683105431983  0.70553881084856596
  0.71630265028227769  0.72719371647861342  0.73824624661542526  0.74918429823959520
  0.75993290046484607  0.77008762326844593  0.78019671105144506  0.79060952815570007
  0.80126001216405540  0.81145953608303412  0.82172325473743979  0.83173156223313482
  0.84150036403277773  0.85167906327500897  0.86206845884722494  0.87422224305972085
  0.88278784792078924  0.89276119211953942  0.90224066661152524  0.91259318339110473
  0.92366412036134871  0.93464903904695740  0.94555209314172706  0.95653435832721412
  0.96758958110183457  0.97850116793226238  0.98929579917583843  1.00000000000000000
   1.2252432517459553E-011  -1.0000000000000000     
 F F F F F F F F F F F F F F F F F F F F F F F F F F F F F F F F F F F F F F F F F F F F F F F F F F F F F F F F F F F F F F F F F F F F F F F F F F F F F F F F F F F F F F F F F F F F F F F F F F F F F F F F F F F F F F F F F F F F F F F F F F F F F F F F
  <DiscreteSampler_grid>
  grouped_processes
  1 # 1 for a reference and 2 for a running grid.
  10 # Attribute 'min_bin_probing_points' of the grid.
  1 # Attribute 'grid_mode' of the grid. 1=='default',2=='initialization'
  0.0000000000000000 # Attribute 'small_contrib_threshold' of the grid.
  0.5000000000000000 # Attribute 'damping_power' of the grid.
 # binID   n_entries weight   weight_sqr   abs_weight
    10   10   4.835207533947992E+001   7.790176381334646E+003   4.835207533947992E+001
    16   10   4.835207533947992E+001   7.790176381334648E+003   4.835207533947992E+001
    22   10   4.835207533947992E+001   7.790176381334646E+003   4.835207533947992E+001
    28   10   4.835207533947991E+001   7.790176381334642E+003   4.835207533947991E+001
  </DiscreteSampler_grid>
