  0.00914230413043710  0.01597278890240039  0.02590203497164460  0.03690462961798154
  0.04760987364607738  0.05781723938770986  0.06786225985043315  0.07719759096313289
  0.08678093062566045  0.09640286039563621  0.10611114905900151  0.11644851135153854
  0.12717586615749912  0.13862734097288026  0.15033241544534465  0.16148281121434005
  0.17236725744684689  0.18315029014462159  0.19400792053251070  0.20508594878100414
  0.21586204543329740  0.22623101057060624  0.23659679616433230  0.24719517307821329
  0.25817125561521787  0.26934682473759453  0.27975988689579961  0.29052634490732271
  0.30085399385956146  0.31042452597667586  0.31990450892900357  0.32931358516209891
  0.33971733650842062  0.34989017761146224  0.36009795571399744  0.37061013688621675
  0.38104455926521752  0.39118918775544531  0.40129000580385515  0.41168377870405426
  0.42218510477726712  0.43250453068908196  0.44311954224947714  0.45354163189179092
  0.46373762834351578  0.47360105274287118  0.48392111025251355  0.49496009936597896
  0.50607894113505791  0.51730677162368488  0.52777760041521293  0.53809507355274611
  0.54856544052235279  0.55898060019576656  0.56910709518958069  0.57944912110457525
  0.59007195405543833  0.60095241733257776  0.61190136157730035  0.62288531025937754
  0.63369975059080974  0.64429898666614205  0.65535684801982241  0.66684995664802582
  0.67842580219260318  0.68942112519245191  0.69967726479871983  0.70948485214579460
  0.71941651646034332  0.72966150708668831  0.74010997640710219  0.75043342787331579
  0.76118681820634237  0.77198281392535617  0.78262433958944522  0.79308516687778952
  0.80372315629186664  0.81446324467779818  0.82521347990381755  0.83584868195246587
  0.84665808006302345  0.85764150698781005  0.86873524550444348  0.87970159582996621
  0.89045716968561350  0.90129467315920087  0.91214647661760406  0.92270491685105838
  0.93298477632925814  0.94295956132240044  0.95305386722222207  0.96330911919445328
  0.97338743394834848  0.98340132230610200  0.99098182880637453  1.00000000000000000
  0.00908588896864122  0.01675064261413506  0.02794594894807136  0.04010761014248584
  0.05165016057806288  0.06272655242713038  0.07321848335669892  0.08336370598100164
  0.09358441032523808  0.10380399711904489  0.11335711721706308  0.12318001644329951
  0.13383491148537607  0.14480170884205376  0.15473380627005628  0.16409638412104868
  0.17305090539282650  0.18217945597463334  0.19118302439262139  0.20047686934110839
  0.21003277229316558  0.21979845898670039  0.22971690902981670  0.23971248133707890
  0.24958052392703189  0.25906428927096492  0.26818354373970715  0.27751663437441987
  0.28742648232539481  0.29754500026255687  0.30799851920484728  0.31880030721501323
  0.33023013418528657  0.34183408149161004  0.35313628472076131  0.36403440057961989
  0.37472406344830811  0.38594685574804405  0.39751519703576932  0.40963428636576704
  0.42079054316121850  0.43044206992890083  0.44015925703781683  0.44979001141983427
  0.45917071658731390  0.46837080171408324  0.47753213930895350  0.48696514937102997
  0.49643073088453898  0.50596577784790109  0.51600050407753362  0.52643924777362561
  0.53705501985533011  0.54790148883129819  0.55933492365092996  0.57063788349671463
  0.58188179815371555  0.59268005182918393  0.60303022679071194  0.61335635852023263
  0.62398686870995101  0.63540167642788514  0.64698122591449547  0.65742215712050045
  0.66718881505427163  0.67654304639337159  0.68587984561561088  0.69532450928710587
  0.70494608239787737  0.71512027761897490  0.72543693737678527  0.73602520089386225
  0.74683143444896438  0.75777812115605281  0.76883775330261217  0.77992897394078953
  0.79091372904598234  0.80186882525068381  0.81273717445039484  0.82320871314599875
  0.83360518583197052  0.84411827110869042  0.85436911788799996  0.86417752723250596
  0.87367125989768812  0.88376739279042926  0.89446742430260950  0.90532653699024790
  0.91608885684019070  0.92694916535449146  0.93778348691709146  0.94853978509220660
  0.95907017282716456  0.96999235113345450  0.98061031408341681  1.00000000000000000
  0.05785981568661921  0.05909413108608580  0.06123279968167437  0.06416630875549745
  0.06720028070662622  0.07064701801245839  0.07451998038598949  0.07832697229492838
  0.08217910297304586  0.08619605792587630  0.09029978340586725  0.09445309758826147
  0.09864669488930619  0.10295184371926973  0.10738887052088199  0.11184975880290711
  0.11638431986382183  0.12106727321881981  0.12593435165472527  0.13087712338280108
  0.13588667755664016  0.14096128688737136  0.14556776137016056  0.14874745817738563
  0.14951162515900279  0.15080820041136889  0.15193804959738610  0.15393958550350048
  0.15634146924268116  0.15874734304354593  0.16116204482261931  0.16357971778266595
  0.16598866398709103  0.16839051226156740  0.17079477147454342  0.17318587214955847
  0.17557841577181374  0.17799183008732836  0.18041163810672992  0.18283771254056672
  0.18529540854364313  0.18780565984770178  0.19036968000368881  0.19295767552800899
  0.19556810372257213  0.19818519169125393  0.20084474896968524  0.20356301856570772
  0.20631384811760484  0.20906463889649318  0.21185676127489037  0.21465803894497490
  0.21751079381073141  0.22038661916638322  0.22329497393782774  0.22624553458526261
  0.22924571372790020  0.23231672002054135  0.23546128178599671  0.23864529869526399
  0.24185541181495046  0.24509272144071875  0.24837503889071016  0.25172440881331454
  0.25517598225249383  0.25869050679868061  0.26222477093649055  0.26581794352681670
  0.26947794146673149  0.27322625151551472  0.27709584944167526  0.28106578083349110
  0.28514440905914162  0.28936401383894983  0.29367680063186941  0.29813270451204921
  0.30274819290228810  0.30755572498342892  0.31255727714387960  0.31780462020061689
  0.32329119486375479  0.32906483621473132  0.33521459278306870  0.34182174636125207
  0.34893900859191390  0.35668722399406011  0.36528315902740555  0.37489333298015509
  0.38597313413147916  0.39910154558471017  0.41512224859044899  0.43600472896966114
  0.46631990518210659  0.52729867645611539  0.58516249735571757  1.00000000000000000
 -0.00304792111614759  0.01204226067753019  0.02425483298612020  0.03758060023781321
  0.05061558245832453  0.06359739006533044  0.07376813605807243  0.08430575218670684
  0.09485144063631661  0.10524966464618181  0.11533311539120006  0.12555390966403293
  0.13655608036596564  0.14759589050817271  0.15828283334221591  0.16885488308893520
  0.17984744545585965  0.19133312229138841  0.20299910548267813  0.21419470447580896
  0.22453968440422509  0.23481024507233478  0.24492689678154336  0.25477343328550645
  0.26450992616819474  0.27441814658112196  0.28402591401596483  0.29331603091920844
  0.30249321285824926  0.31169223702335547  0.32120859627534043  0.33117098530461686
  0.34172190779813677  0.35263579260322619  0.36334854406874895  0.37401350977939285
  0.38464735367195035  0.39513548672885429  0.40537115047840100  0.41534847165008548
  0.42498766203407690  0.43442251272181998  0.44394708411645817  0.45320350768437262
  0.46253675582045251  0.47190193771189770  0.48132196873700822  0.49098449944067368
  0.50051991835938348  0.51022880847397634  0.52038373083947587  0.53015651107897055
  0.54062049808107415  0.55126293649037994  0.56190865004879864  0.57254339908016083
  0.58235990141619254  0.59326610466807339  0.60446210869315453  0.61527030066002963
  0.62598807715349969  0.63643743252478013  0.64687776475217118  0.65673814283992027
  0.66644458809417073  0.67616248429295689  0.68552353428079760  0.69424160364462550
  0.70279858977698872  0.71210633492340014  0.72146145866430911  0.73115288167488679
  0.74106353431820315  0.75173165277442455  0.76279887672811131  0.77399197127613040
  0.78468521051473905  0.79514600383540257  0.80532899531462532  0.81638318791567854
  0.82759966724930456  0.83857907722343217  0.84947150742882782  0.86065136250531027
  0.87210186687597169  0.88313380091329186  0.89408487280782811  0.90527247698500179
  0.91648266513860221  0.92732460461828370  0.93828853593818162  0.94981203718154139
  0.96135834618042859  0.97321127647693584  0.98608250527205543  1.00000000000000000
 -0.00225799557885275  0.00966258067379353  0.01968955651354629  0.02938336296791089
  0.03915554596111644  0.04890650799843947  0.05857726786845749  0.06812228476936152
  0.07775341181401790  0.08743362483736929  0.09753594485936440  0.10807265225671801
  0.11900245438982192  0.12996518039097052  0.14037737137206682  0.15048481748885295
  0.16065033878386342  0.17090615472652532  0.18125940895719775  0.19209760580155852
  0.20379985181333152  0.21573903203595132  0.22779309922385996  0.23973724910114491
  0.25109669330829154  0.26140358135798164  0.27146982319026203  0.28167889594882234
  0.29223477879552834  0.30302416521582076  0.31434616153398187  0.32576916723110438
  0.33700761811082536  0.34797068020463395  0.35932515037923152  0.37085387239317380
  0.38236957237409236  0.39386112446929861  0.40540270466561451  0.41726288727274119
  0.42901423366761016  0.44056283126457341  0.45212721705624143  0.46380237394705698
  0.47544250540302196  0.48690431881546387  0.49801200518092481  0.50845269463844667
  0.51843323063327085  0.52830018955471370  0.53807825979424406  0.54790247767889744
  0.55785072212435416  0.56823947107624173  0.57903520575746192  0.58968035001886077
  0.60015411802024987  0.61055288520321149  0.62108014582520943  0.63282743247393358
  0.64471002417492029  0.65693666526531080  0.66856632581345721  0.68038346275511141
  0.69234140842291703  0.70474620294720103  0.71607872365617264  0.72705168258820374
  0.73795584187034446  0.74885398287409799  0.75886857751024628  0.76869542034172800
  0.77839892969432056  0.78798523574339208  0.79766982085436289  0.80714223427423937
  0.81691781275240516  0.82630007740437150  0.83590647767557025  0.84522779693904160
  0.85452830513200517  0.86352045237866171  0.87251312826206007  0.88218674165043398
  0.89164905682339546  0.90199990974298427  0.91296696532804422  0.92328681438624960
  0.93366288692054089  0.94334013890879909  0.95262240537210296  0.96181657811016774
  0.97111691633898911  0.98020340293306540  0.99009160018601372  1.00000000000000000
 -0.00306945466938182  0.01157184287990707  0.02447954761192696  0.03824327058638873
  0.05060937731631037  0.06212048004166722  0.07343317585149745  0.08515099366887950
  0.09640622429689168  0.10811219265399293  0.12026467132775612  0.13233733273486550
  0.14391427621942951  0.15579497376250079  0.16733608952443091  0.17903084113212675
  0.19029380988855621  0.20139506620228106  0.21257483764734794  0.22347187656177797
  0.23354989583291069  0.24291181978868021  0.25225102494043206  0.26194168956507280
  0.27191713637670184  0.28169575094844512  0.29117847791014861  0.30064495114106055
  0.31017705884695074  0.32022735952381365  0.33055080173598617  0.34123866611090026
  0.35197450996715668  0.36272423364284267  0.37319854602148117  0.38338878459937975
  0.39338508282451495  0.40293169952225749  0.41256575997157385  0.42247210709518673
  0.43253319103148691  0.44176828024763892  0.45082862317752387  0.46009683995181783
  0.46993937727585666  0.47969197167214178  0.48832175198190497  0.49676142805199541
  0.50584123414416315  0.51580156057160920  0.52535149322534136  0.53442067917132152
  0.54360882850498637  0.55291445534684258  0.56256472147495606  0.57135356147222249
  0.58008307040886886  0.58919473680707302  0.59882074804390262  0.60900208918426812
  0.61928676937791183  0.62963054347215908  0.64073490532894561  0.65147554119969553
  0.66194868735742873  0.67253160967479975  0.68281205626776564  0.69246438543104705
  0.70188362061069276  0.71165698895472995  0.72221887361474779  0.73276564217242213
  0.74323441515432620  0.75317994773686903  0.76286957941428013  0.77294804663717454
  0.78369069928572943  0.79488197576000852  0.80561195079728343  0.81683798214352143
  0.82807457723509692  0.83899883259958885  0.84980944271165115  0.86101907707167280
  0.87238596022105641  0.88365332783402273  0.89461953460000698  0.90544520740726497
  0.91652480210864851  0.92779669905506579  0.93944386415383441  0.95152225975619009
  0.96343434525594385  0.97541409678995206  0.98741936412851894  1.00000000000000000
 -0.00304580344698391  0.01097041194117889  0.02220445138224890  0.03264665420560237
  0.04292404809951788  0.05343819986837780  0.06386025298763730  0.07426127975969056
  0.08474996725083946  0.09651989659814521  0.10868317879724919  0.12079861772367448
  0.13233843526273523  0.14329698559238346  0.15402740782186253  0.16476884550580445
  0.17537730132726248  0.18615071824043758  0.19731633224023754  0.20851826177888827
  0.21969960719058618  0.23052437443394572  0.24057885327432019  0.25109187386076792
  0.26140855543299690  0.27141904557286350  0.28085816771632599  0.29036763767595108
  0.30038083083841910  0.31129215069867550  0.32234073045614042  0.33351557148617489
  0.34435827675666486  0.35510255090813186  0.36525046162310354  0.37612390376687260
  0.38760202912500985  0.39870822403524092  0.40893822550593723  0.41903689888513412
  0.42956083027962655  0.44011756707418470  0.45076914424143755  0.46105640155924260
  0.47096019421605789  0.48102667389321474  0.49093118761473908  0.50052452711200890
  0.50988314233156873  0.51878247520626464  0.52939815079381403  0.53996400306736259
  0.55103842470919462  0.56204550374020379  0.57276151305772927  0.58328599230248490
  0.59415613710059878  0.60559012890131880  0.61596142642755791  0.62605087187373021
  0.63637135226759189  0.64640541209800362  0.65593879545664924  0.66534423874587645
  0.67512203235882207  0.68541182052838789  0.69563791174840106  0.70559595753508264
  0.71521411537385582  0.72491289736768039  0.73496185626636568  0.74508897194767243
  0.75482633492883788  0.76453290687081943  0.77460356682259224  0.78488672787392555
  0.79533803703992201  0.80595729641944946  0.81638476781105551  0.82704740508469388
  0.83739733577168962  0.84779173483690451  0.85826235154458230  0.86827677779373036
  0.87796600511856782  0.88786735429348107  0.89834207710101432  0.90949472718358015
  0.92053144708008217  0.93167227680273790  0.94316097532531862  0.95494073999301021
  0.96646182602676611  0.97783787453076854  0.98892985355841379  1.00000000000000000
 -0.00248924512440450  0.01036206285242012  0.02093926081723146  0.03018569031436838
  0.03972542860534517  0.04950836316738481  0.05952539509279219  0.06944993161601321
  0.07975860737351879  0.09135097489960528  0.10382152436268731  0.11477019566440834
  0.12495940745578296  0.13477961431015659  0.14480838503534813  0.15517899641591312
  0.16532105679606612  0.17579139560585336  0.18666716165570119  0.19843352556438976
  0.21042772581604152  0.22102183579718138  0.23149728443340936  0.24163426154227033
  0.25142746892456641  0.26132119014690197  0.27137239802664054  0.28212814007764259
  0.29316460467130739  0.30438249363042169  0.31562126624628289  0.32725273675274535
  0.33877390222980103  0.35052513712025096  0.36230486866484507  0.37416147006931511
  0.38489383296546775  0.39558009203301853  0.40599137210033931  0.41618129924054731
  0.42620379296674793  0.43559414708953514  0.44521084903446617  0.45471122297420058
  0.46484033186618962  0.47584021457637860  0.48727506890829575  0.49866344126986689
  0.51019948436796114  0.52151005612512646  0.53298642037442789  0.54399369773391149
  0.55437382686839398  0.56478116759675812  0.57548614020197453  0.58578389454697111
  0.59560379860346591  0.60564819065314568  0.61686132276597938  0.62848995230553495
  0.63931084971058205  0.65014545530781997  0.66080106277937023  0.67130296155005664
  0.68233009915820775  0.69249623972283947  0.70163048570586173  0.71061526762465654
  0.71994091457718890  0.72978951407526593  0.73940653610316454  0.74870994589169193
  0.75859940165940720  0.76899380157400621  0.77950701906130604  0.79023947064409106
  0.80096983456116977  0.81149906225134871  0.82174871948046424  0.83167905418743238
  0.84165012485313828  0.85164219193320989  0.86193951164538563  0.87300353328174174
  0.88376003618119614  0.89483092027859390  0.90579189699757034  0.91644321190521882
  0.92701349122794430  0.93753371167818067  0.94844087666768118  0.95935781028968570
  0.96928749055228203  0.97986254206254952  0.98989279337519476  1.00000000000000000
   2.1766976692401899E-008  -1.0000000000000000     
 F F F F F F F F F F F F F F F F F F F F F F F F F F F F F F F F F F F F F F F F F F F F F F F F F F F F F F F F F F F F F F F F F F F F F F F F F F F F F F F F F F F F F F F F F F F F F F F F F F F F F F F F F F F F F F F F F F F F F F F F F F F F F F F F
  <DiscreteSampler_grid>
  grouped_processes
  1 # 1 for a reference and 2 for a running grid.
  10 # Attribute 'min_bin_probing_points' of the grid.
  1 # Attribute 'grid_mode' of the grid. 1=='default',2=='initialization'
  0.0000000000000000 # Attribute 'small_contrib_threshold' of the grid.
  0.5000000000000000 # Attribute 'damping_power' of the grid.
 # binID   n_entries weight   weight_sqr   abs_weight
    10   10   6.722882680437846E+004   8.624239783640427E+009   6.722882680437846E+004
    16   10   6.722882680437846E+004   8.624239783640427E+009   6.722882680437846E+004
  </DiscreteSampler_grid>
