  0.00023898531901070  0.00028944674790015  0.00032342544634456  0.00035616912066267
  0.00039373424353634  0.00044161577530482  0.00054103439659792  0.00082533460524416
  0.00127519352981040  0.00166286027736919  0.00205174819650498  0.00245020792633575
  0.00288864428912537  0.00339513213810120  0.00399926822512744  0.00466202237544572
  0.00524568478508892  0.00594201710310328  0.00686655832296189  0.00807796188048100
  0.00949646201599707  0.01107300331802273  0.01276463970181797  0.01462044360391941
  0.01670735361961465  0.01922878298324506  0.02229735541647895  0.02590663446649848
  0.02969329091720601  0.03386285285048576  0.03868492419244736  0.04404238241633542
  0.04932137555689046  0.05395787695526201  0.05746856024936072  0.05987728429408538
  0.06155403189851019  0.06275134528488094  0.06362580918228984  0.06428766877841517
  0.06480675827601372  0.06522477318705505  0.06556973451473448  0.06586292068671670
  0.06611896321649600  0.06634593742516767  0.06654860691181733  0.06673092858940338
  0.06689756517288177  0.06705318659307029  0.06719992539430880  0.06733865238885231
  0.06747165530106942  0.06760088368451789  0.06772705833672252  0.06785187632520355
  0.06797688476187348  0.06810264047611844  0.06822936032145942  0.06835818180670661
  0.06849224209620478  0.06863413519738948  0.06878470481333136  0.06894393162972218
  0.06911336478205152  0.06929874035440831  0.06950150910185297  0.06972365777554444
  0.06997804346997312  0.07027013018707690  0.07060671473452090  0.07099597796234809
  0.07146859578566969  0.07206168992309980  0.07281945152110006  0.07381542512781185
  0.07517110101316039  0.07709413193210146  0.07992290581031163  0.08414493330757650
  0.09041664915687603  0.09966621712802914  0.11232959636187191  0.12943517300773727
  0.15221530914903017  0.17846815902106614  0.21095994605107787  0.25431600447161296
  0.31876139989532132  0.39925341783211110  0.49895408230689586  0.60618719833947610
  0.70389791726291495  0.80942465607745406  0.90802589869871297  1.00000000000000000
  0.00001782652827832  0.00002876955125669  0.00006620549535355  0.00010578200647421
  0.00014521823487277  0.00019021066661816  0.00024903912866382  0.00032198815566184
  0.00041809320852923  0.00055434944926816  0.00072860561249303  0.00095340492734229
  0.00124811494609278  0.00162410458255379  0.00208730199424769  0.00271764632894199
  0.00361345029147531  0.00479896417756657  0.00639610567946159  0.00860785884269731
  0.01198591452065034  0.01728195433461729  0.02565266744734301  0.03693781156565242
  0.05071482724372515  0.06641279286214213  0.08370661746809273  0.10177316617956950
  0.12003615554003869  0.13836408473334433  0.15684660829395841  0.17534570593317039
  0.19383537642054335  0.21235881813912372  0.23107147162827987  0.24971348526500312
  0.26833406761178097  0.28693275904758664  0.30537564264589595  0.32373157759637483
  0.34219369237867142  0.36088295569538709  0.37970012042017126  0.39835287588886786
  0.41680714354603443  0.43525067496290726  0.45380079693634701  0.47236280146792820
  0.49078709654745428  0.50911026889240063  0.52748938417370783  0.54590498092744422
  0.56431196616095669  0.58275828121976703  0.60089571379252293  0.61886028880525801
  0.63693096770302626  0.65513876896125223  0.67343672080495454  0.69170405483289477
  0.70987307301822911  0.72790364764904836  0.74580935950037486  0.76378810062209390
  0.78138743494995500  0.79866892799875355  0.81598122762831682  0.83314192059429482
  0.85033359236161810  0.86738413696841954  0.88423882721496894  0.90073290490417524
  0.91653636584424969  0.93151184847813773  0.94564687895849953  0.95831414522741176
  0.96885930660504427  0.97730112950451953  0.98375169705208387  0.98841425613081135
  0.99173445419748474  0.99409832525517083  0.99585130540463274  0.99715525265186744
  0.99803876294622318  0.99865924639053727  0.99910335644315962  0.99937760176493096
  0.99953526509132151  0.99963370093166048  0.99970650657615234  0.99976576264664418
  0.99981794354781339  0.99986875812320908  0.99992234248940959  1.00000000000000000
  0.00027665630059697  0.00063915577049735  0.00082468929412567  0.00098631417109455
  0.00115766915922267  0.00134265339192578  0.00154437216561825  0.00177088260801521
  0.00202509775091049  0.00230831424793373  0.00261730301733732  0.00295454546270943
  0.00332669777731257  0.00373355665796500  0.00417412261887983  0.00465043875383855
  0.00516057201736439  0.00569084587394461  0.00622566794596517  0.00676532938130490
  0.00731127100575439  0.00786501524087149  0.00842967107117052  0.00901682022299573
  0.00962151626401962  0.01023492468234082  0.01086540666498833  0.01152422479339114
  0.01222018731633092  0.01293874941205758  0.01368709509939187  0.01447577265945153
  0.01530717315714112  0.01616996746503923  0.01705748618139662  0.01797978253292475
  0.01894183922221223  0.01994914816447010  0.02099541191153586  0.02210629979770461
  0.02328860850123989  0.02452390765568298  0.02578718697253514  0.02704910128385477
  0.02833633062457173  0.02970640665941748  0.03121114633436753  0.03276769475424676
  0.03429032811737249  0.03580243733206527  0.03741115297257692  0.03926101385601625
  0.04131868573752801  0.04336711358069213  0.04548249547133243  0.04769956542893306
  0.05002508664654457  0.05264557077774662  0.05529211099892731  0.05813226303607046
  0.06102914668467609  0.06391939493145726  0.06681196073228908  0.06999436777319250
  0.07356951433938703  0.07753491642999585  0.08160868223164579  0.08577372619276658
  0.09031344445739949  0.09511215088576261  0.10047810380060215  0.10618499112104980
  0.11235551462908321  0.11880999270318642  0.12530627984210124  0.13228182125123361
  0.13982459360871433  0.14843225202154520  0.15770866160757979  0.16787717561243851
  0.17869191261392706  0.19014397259548166  0.20241783361618179  0.21591502041034499
  0.23026006589940379  0.24536511153803869  0.26155630863972701  0.27922217281702799
  0.29827020867305171  0.31937221027437029  0.34308409685221231  0.37000306249153808
  0.40115111110404250  0.44290960120946432  0.52937493493286070  1.00000000000000000
 -0.00198801921983346  0.00789086252831987  0.01873791654058446  0.02758143296149160
  0.03621705729772276  0.04511893285150407  0.05377433425335693  0.06305871136741663
  0.07290310541120304  0.08290483145015040  0.09295542083924517  0.10283128329772195
  0.11249081322812438  0.12224960269474430  0.13183857450625069  0.14132462815826927
  0.15061069856926995  0.15994336529827644  0.16909150489027081  0.17846621385853548
  0.18800667087703171  0.19734698477170615  0.20621995373187393  0.21526766275112202
  0.22465242085735393  0.23485063740738468  0.24527664588215237  0.25569231955920890
  0.26583896686251779  0.27568055262450819  0.28548905868138036  0.29532909846178229
  0.30526455713387624  0.31540868234079567  0.32543168834799158  0.33539706610760911
  0.34547042532651828  0.35612812115481823  0.36697631198290293  0.37788501461029783
  0.38891754475488094  0.40004487852616555  0.41124233694999318  0.42243039259425186
  0.43361148293032936  0.44489033416351725  0.45617767812042964  0.46742873474417634
  0.47867187600764444  0.48993568070264409  0.50118520809452327  0.51236799516487386
  0.52351622973734102  0.53474042105119379  0.54594679873500918  0.55725420611497412
  0.56854073056138155  0.57997360511051543  0.59164887944833910  0.60326411642671962
  0.61445859727789720  0.62542382523683548  0.63662490391146032  0.64824957212468792
  0.65992215512529628  0.67143275970318794  0.68289137182423709  0.69456350081065010
  0.70613910505206423  0.71745843927404696  0.72865124879933341  0.74005363615748010
  0.75174295084028142  0.76340994859091227  0.77475446549379812  0.78559471665565972
  0.79649887210116499  0.80745116131707839  0.81859325098238311  0.82959076311590518
  0.84040993443634682  0.85119064053938398  0.86201968975514287  0.87308276128264894
  0.88414813243984025  0.89491542879706742  0.90549836359427882  0.91628935366836972
  0.92726602269468406  0.93790377178039874  0.94830090653704202  0.95881145868659068
  0.96992726029716858  0.98085378579678295  0.99089633098516394  1.00000000000000000
 -0.00233035287812446  0.00913157677324324  0.01948109417940950  0.03094580483421240
  0.04159148789983630  0.05208885508537018  0.06262897509714832  0.07329394016682016
  0.08414234047706884  0.09491938564144484  0.10589030651201163  0.11702735095068852
  0.12824160993724862  0.13921853351646926  0.14977047257802414  0.16021933134521005
  0.17087689693897967  0.18182584393387957  0.19271202263424200  0.20343901053037922
  0.21405909220946318  0.22490006603731563  0.23602851446296874  0.24707175479642698
  0.25797250138110889  0.26871492867975844  0.27946219173886361  0.29008419987526252
  0.30043635458648860  0.31080759662725721  0.32132421937180489  0.33203252134141192
  0.34280210325433980  0.35343722530115551  0.36392750269215890  0.37442453152302840
  0.38512538805789970  0.39595173161653652  0.40676678477151468  0.41732119762513398
  0.42797381018835040  0.43854115253145420  0.44930386797997379  0.46027697507087467
  0.47143571192095379  0.48251080723495682  0.49340665206653311  0.50382032843396107
  0.51381457743750880  0.52378654205306041  0.53380816520005692  0.54409968898498462
  0.55445620370554116  0.56535090165907687  0.57608050394254928  0.58636916299518727
  0.59569567846542593  0.60521513520322068  0.61489523606453700  0.62530412326856166
  0.63591689307440979  0.64632457958004286  0.65651656418717996  0.66652080508378830
  0.67685161206780764  0.68748614181381340  0.69841032858618612  0.70932868511820013
  0.72033835956606274  0.73117332508785815  0.74191695511799161  0.75269414813915325
  0.76365119517710467  0.77366463040704969  0.78293922082712875  0.79220911721127818
  0.80198916714591317  0.81276072128575094  0.82363666417346970  0.83369276208966858
  0.84305027880298689  0.85259560779537713  0.86216879631300647  0.87214219206864119
  0.88206792342044738  0.89220680687198850  0.90341207486610831  0.91450411864670100
  0.92520781932235352  0.93567821165016440  0.94589521890261752  0.95658204887515486
  0.96760928604923990  0.97843746187594360  0.98958580212472602  1.00000000000000000
 -0.00219151236407080  0.00891606640998965  0.01791321351443639  0.02762070253615995
  0.03735948358203443  0.04628244375260631  0.05549265969528940  0.06460870338574351
  0.07421603363635122  0.08400977125009058  0.09359247072077957  0.10291317368121829
  0.11234562102449538  0.12182649638556939  0.13144178056360586  0.14076708658245471
  0.14989387469419929  0.15914553501038708  0.16849101506068218  0.17789909576357230
  0.18736406375510795  0.19695446177124074  0.20694592313791801  0.21720789906853519
  0.22759641002035760  0.23784229630870440  0.24784295401564835  0.25795596765133411
  0.26832345780743783  0.27895855094530397  0.28965372530777533  0.30034508000764659
  0.31088453608371369  0.32134678587478516  0.33177809611056985  0.34237719724924687
  0.35310295937467845  0.36367617535511981  0.37422116229017216  0.38468390611894754
  0.39538013289944929  0.40594113155218087  0.41660021290054899  0.42733955987205541
  0.43831072165674184  0.44937610219308616  0.46045559441180034  0.47152066439819551
  0.48239490220936238  0.49314743834771924  0.50377632993038546  0.51443542976697165
  0.52514374724146529  0.53608526029073444  0.54740624715241171  0.55880721473353401
  0.57019155182712822  0.58140171620614045  0.59267723060749400  0.60399663189446040
  0.61545422647033399  0.62683406701525468  0.63786868973046129  0.64863543493799747
  0.65957847929261726  0.67084942137936276  0.68241727124478224  0.69366353076364817
  0.70446905183284603  0.71537676169872488  0.72561416568226833  0.73637567615438471
  0.74731902631541425  0.75850117888277691  0.76989012008166302  0.78130933861386009
  0.79285711566091666  0.80325979714015960  0.81313518524247907  0.82313624949949915
  0.83315694517031047  0.84436324465364232  0.85542683997914704  0.86660160273958597
  0.87778568951424341  0.88959738650748588  0.89986480472811092  0.91031867263492172
  0.92092773929704330  0.93223692676136583  0.94346902037957669  0.95463169240034995
  0.96602574398615559  0.97684120948605124  0.98866354596288764  1.00000000000000000
 -0.00232786369107586  0.00902957710450854  0.01874284325920994  0.02923189196651589
  0.03975297499018131  0.05042552911971127  0.06142403695073265  0.07181443675296560
  0.08214264661673347  0.09227280585595317  0.10260464500736038  0.11322611974942592
  0.12395539172865855  0.13525840664464758  0.14573317346875414  0.15657603183947522
  0.16688637919055746  0.17780743951028061  0.18852452659219759  0.19937634796405432
  0.21033845902306667  0.22130597437521840  0.23237996534951255  0.24325649872597838
  0.25433168697009090  0.26550469049280745  0.27576056356900014  0.28564075461451621
  0.29549033423439591  0.30525533443809799  0.31629154350767119  0.32726980555084123
  0.33820637380863716  0.34926897125005912  0.36012876220163370  0.37078096941198824
  0.38141406879732243  0.39206488468452294  0.40276927985202426  0.41341383178101088
  0.42418121994906743  0.43495245493138224  0.44566235594675829  0.45606831170677942
  0.46640456103279182  0.47689572850891071  0.48758008869380443  0.49826293155766327
  0.50877917230752556  0.51946796581701993  0.53025936090737857  0.54083926319426812
  0.55182775099699555  0.56197643746140147  0.57222667594098031  0.58243841459893919
  0.59266452569459960  0.60324447134496317  0.61384831731023748  0.62463105040812772
  0.63554178815553442  0.64647870620655257  0.65731553772283358  0.66816705460083337
  0.67906193485940991  0.68991787199869281  0.70056750020965375  0.71109148199868122
  0.72153598605046798  0.73204355333832749  0.74268873030186988  0.75354130934199359
  0.76377698572195429  0.77299093530108565  0.78213071340263662  0.79156612387259306
  0.80198144773498226  0.81267928760537800  0.82325250136192107  0.83410035799716475
  0.84464815276869154  0.85447124088681847  0.86441022198974593  0.87455759931860322
  0.88517951078686674  0.89513218581305731  0.90517884370022084  0.91536508970953712
  0.92586746650454876  0.93661942626439609  0.94716606000906900  0.95744909891254903
  0.96825967307108696  0.97855150577580507  0.98963477933328059  1.00000000000000000
 -0.00232789660468669  0.00905196530591741  0.01910017453179377  0.02990835719931629
  0.04089940375119701  0.05210608574362662  0.06316738043042615  0.07362401469023611
  0.08395668613700291  0.09455977484716094  0.10484016001610563  0.11519997260702626
  0.12596155042036083  0.13667473099295185  0.14731017117432629  0.15796761526203018
  0.16870944516477612  0.17970151310884155  0.19050090102148315  0.20151493903546022
  0.21285035704776845  0.22408465280842638  0.23405872675366809  0.24407761907674574
  0.25383794682606076  0.26364869639027305  0.27368703400753003  0.28384583829081134
  0.29474922464269493  0.30573902535936520  0.31653137069383613  0.32700557522378720
  0.33750489062840699  0.34823533607522106  0.35885339158649715  0.36930303039114781
  0.37963993114326544  0.39017677655619087  0.40063907933000725  0.41132139828905451
  0.42204916637105255  0.43296008056525259  0.44381989589772658  0.45468796418869795
  0.46547868225098021  0.47581159116579419  0.48608286459625905  0.49651557296137999
  0.50738522177137269  0.51833652872729297  0.52918874855050269  0.53984920468387187
  0.55041121253156433  0.56096986402280746  0.57178308040442771  0.58257161807231794
  0.59294649774861685  0.60325430746213871  0.61383148069252580  0.62485808815312427
  0.63615493573641935  0.64706493097819306  0.65756010401777054  0.66798839547631439
  0.67838876476659482  0.68934128576257370  0.70031655052321318  0.71111789229079958
  0.72165859441460489  0.73234382547029242  0.74341700214045991  0.75458765411634010
  0.76568056152110042  0.77681538536939010  0.78787657187809701  0.79856559501633984
  0.80856108127407134  0.81843001851201547  0.82869971003464493  0.83910870030335705
  0.84878651370050817  0.85838730125043139  0.86828316957666862  0.87866416240123912
  0.88920530501246020  0.89972051567824540  0.91045667317597700  0.92049977477014233
  0.93046185523855252  0.93987326112868197  0.94958336734866033  0.95976946124305373
  0.96929496311010421  0.97976794543789802  0.98989983159719919  1.00000000000000000
   1.2131847359148040E-011  -1.0000000000000000     
 F F F F F F F F F F F F F F F F F F F F F F F F F F F F F F F F F F F F F F F F F F F F F F F F F F F F F F F F F F F F F F F F F F F F F F F F F F F F F F F F F F F F F F F F F F F F F F F F F F F F F F F F F F F F F F F F F F F F F F F F F F F F F F F F
  <DiscreteSampler_grid>
  grouped_processes
  1 # 1 for a reference and 2 for a running grid.
  10 # Attribute 'min_bin_probing_points' of the grid.
  1 # Attribute 'grid_mode' of the grid. 1=='default',2=='initialization'
  0.0000000000000000 # Attribute 'small_contrib_threshold' of the grid.
  0.5000000000000000 # Attribute 'damping_power' of the grid.
 # binID   n_entries weight   weight_sqr   abs_weight
    10   10   3.023200704600776E+000   7.209511412574467E+001   3.023200704600776E+000
    16   10   3.023200704600776E+000   7.209511412574467E+001   3.023200704600776E+000
    22   10   3.023200704600776E+000   7.209511412574467E+001   3.023200704600776E+000
    28   10   3.023200704600776E+000   7.209511412574467E+001   3.023200704600776E+000
  </DiscreteSampler_grid>
