  0.00022962224678238  0.00028004023301961  0.00030276863166100  0.00033393169925434
  0.00036688055160605  0.00040643646398145  0.00046078702574619  0.00060972831215624
  0.00092597301246216  0.00135086919284274  0.00171014587321242  0.00210143981011970
  0.00253902100730128  0.00303759812898639  0.00360548221596276  0.00424787788357264
  0.00493985725614261  0.00577835701694136  0.00673293739755306  0.00779671314800675
  0.00898346003573012  0.01036969272998789  0.01196734418342612  0.01370906124059113
  0.01557080117605059  0.01763232128693834  0.02012082246183731  0.02319971455967794
  0.02671981657939429  0.03046550197168369  0.03459658087821550  0.03927913320422543
  0.04431527596564783  0.04909372151505444  0.05337968093725453  0.05687367044808802
  0.05945498527988265  0.06123541078633691  0.06250040175964150  0.06343899000492249
  0.06414311799210520  0.06467571139406272  0.06510260959399579  0.06546311569272670
  0.06577032704271035  0.06603425986451493  0.06626435652649809  0.06647057720368489
  0.06665838413578394  0.06682907497699402  0.06698626552295751  0.06713408941101535
  0.06727460486615038  0.06740931771352508  0.06753961826964072  0.06766682571427710
  0.06779227442293546  0.06791697380266494  0.06804153451384011  0.06816697056171728
  0.06829496425501591  0.06842693386262812  0.06856380190373593  0.06870625160617372
  0.06885647257222979  0.06901748553889110  0.06919148251772989  0.06938149091485359
  0.06958949398745261  0.06982011496355127  0.07008026645540517  0.07038909061493658
  0.07075519644326393  0.07118754409564897  0.07171583329241456  0.07238333132314320
  0.07324833658612784  0.07439752722843308  0.07598743585841687  0.07824381910258366
  0.08149633172382245  0.08621889728256753  0.09314395546552934  0.10294152900409864
  0.11642514890603958  0.13417036971021279  0.15738730362079650  0.18888857090824385
  0.23115647256454300  0.28774772537597426  0.36405661498612957  0.46797931356096872
  0.57430387464974419  0.67988588091236746  0.78229131452447931  1.00000000000000000
  0.00021435268259758  0.00026300169478913  0.00030551902704892  0.00034848363576708
  0.00039902035233127  0.00048317509441861  0.00076746526523443  0.00128629619190317
  0.00178279997363202  0.00226013337327512  0.00276967968991183  0.00332203752307396
  0.00396285691666530  0.00471675813975281  0.00560777475879862  0.00663998486322009
  0.00784342618196795  0.00925133222928327  0.01083263309247243  0.01261257495847670
  0.01470560128313713  0.01715017896697523  0.01989672531906980  0.02307131283763620
  0.02679709533259764  0.03114359803948684  0.03626831610276898  0.04181407998995336
  0.04733280493061365  0.05232350468150641  0.05640468826021447  0.05920564235616956
  0.06112473554913478  0.06247324339942681  0.06343747213972677  0.06415182918253050
  0.06470464785078206  0.06514899114300909  0.06551757256362464  0.06583263915173447
  0.06609739707473092  0.06632398606309281  0.06653233441108523  0.06672206121622257
  0.06689658780793338  0.06705802116327610  0.06720981751320128  0.06735382046835257
  0.06749200432324678  0.06762590915427368  0.06775712329625565  0.06788697534625826
  0.06801683043733786  0.06814792877257340  0.06828140175522292  0.06841854028194849
  0.06856063739204818  0.06870910439081460  0.06886553229398090  0.06903437055568908
  0.06922108897210003  0.06942534013313889  0.06965125317010937  0.06990718442429365
  0.07020241098838985  0.07054578235121498  0.07094815137989864  0.07143492014697179
  0.07204947210792842  0.07284302337887434  0.07388413695584825  0.07530986676917213
  0.07740228848546421  0.08055942323118148  0.08519549970268610  0.09181595483195126
  0.10108172691596720  0.11401810949157982  0.13222124790614095  0.15679777301330067
  0.18918884605511668  0.23279445411124325  0.29061426467546292  0.36232300681526775
  0.44576215561612959  0.52674730039921602  0.58819116540422700  0.63140264953353953
  0.66729290911363204  0.70202851129969235  0.73796412921048915  0.77431738658854832
  0.81259642052898096  0.85463982086681778  0.89203770172934038  1.00000000000000000
  0.00017146186239648  0.00066356728306618  0.00092036341443489  0.00115505566281628
  0.00140641924397104  0.00168538013808292  0.00199442904388735  0.00233103082678244
  0.00269099822636476  0.00307212100692725  0.00348176808459323  0.00392757698857499
  0.00440756725258103  0.00490744951285620  0.00540822197419352  0.00589821075833136
  0.00637537067850193  0.00685077643994083  0.00734081730114476  0.00784479385900043
  0.00836076267168596  0.00888007003617879  0.00941695238684438  0.00998122200151608
  0.01057569465805372  0.01119485998848294  0.01184189682131721  0.01252299580487051
  0.01324292820161592  0.01401115489270316  0.01486072010762683  0.01567526846177007
  0.01656515391483337  0.01748204273201434  0.01838019490299547  0.01944028704572492
  0.02049680946912441  0.02158269519260585  0.02273091174293885  0.02395517242401431
  0.02527036516847930  0.02665111072925801  0.02809170712013439  0.02955434174406996
  0.03107622887370132  0.03267532385243634  0.03431982601219032  0.03595393659849247
  0.03763791903214640  0.03939727800540868  0.04133205800829419  0.04341454170862789
  0.04558918234347578  0.04786426498071199  0.05020257461131078  0.05263925072764897
  0.05520834643780692  0.05795665930843569  0.06090753196988783  0.06406086386310449
  0.06733722093242002  0.07077346425871357  0.07439905037077024  0.07821363102911794
  0.08216097346571130  0.08624001133101025  0.09055460783176003  0.09516195234875885
  0.10004782984130317  0.10513290446036352  0.11052232918371471  0.11635760535569724
  0.12270120520954247  0.12947456717904743  0.13683231335902707  0.14488851809049619
  0.15359675472102571  0.16276844647328709  0.17250642299361507  0.18308635782465568
  0.19441662308889265  0.20607422330658229  0.21811743137135636  0.23069344209939083
  0.24481974298717493  0.25997508514359330  0.27637243320670396  0.29390819690606862
  0.31324718877455426  0.33429501127417166  0.35748159072265251  0.38347371563237537
  0.41357831301119347  0.45267862426802680  0.52939325717186980  1.00000000000000000
 -0.00186362028440226  0.00761197873047019  0.01789235051092251  0.02756036332074142
  0.03797740371081042  0.04805497227262777  0.05810226623097026  0.06762562657260685
  0.07719670433277637  0.08655142300753522  0.09597899753941803  0.10549085503709016
  0.11511340139351399  0.12437708542874455  0.13359424501143530  0.14289149414547664
  0.15207006650545607  0.16152290110217021  0.17098158610429773  0.18102068980516270
  0.19074006736031077  0.20044804695087817  0.20986093679822335  0.21954726966594418
  0.22881712680172525  0.23784109808429216  0.24739909361396153  0.25765334090446990
  0.26738275201238104  0.27687522078066035  0.28645455304738343  0.29634670989855616
  0.30650164930249085  0.31679824497861414  0.32690968462135755  0.33694549869475654
  0.34709247738202242  0.35740005404350605  0.36798072923214659  0.37866319225918699
  0.38939334576208989  0.40021131072436872  0.41127407949275485  0.42242595588211213
  0.43353687658687329  0.44446217261758825  0.45545746721099489  0.46645886649214463
  0.47767044323655000  0.48896154539840631  0.50005226168026862  0.51102726000526699
  0.52189019338973630  0.53303730901805679  0.54430351560816448  0.55568510464127197
  0.56711792499650882  0.57850789922742218  0.58988533214976779  0.60127309714352872
  0.61260234885239717  0.62386805439023862  0.63508978844323127  0.64647982029379258
  0.65777402103978699  0.66891954875747361  0.67994865557262296  0.69087103308911535
  0.70165573210851051  0.71248956217869019  0.72354835836111253  0.73499572076568354
  0.74655821535816813  0.75791539587819867  0.76891151038561723  0.77978087131327822
  0.79067095497352013  0.80208173865097709  0.81358950208083813  0.82524076115663847
  0.83643552447636138  0.84743774517326587  0.85830948394871043  0.86901925341755393
  0.88003478601262519  0.89076351160871425  0.90116581273039342  0.91151640187189831
  0.92214765245905528  0.93348274092256811  0.94490657021751101  0.95651671786914272
  0.96793216861583298  0.97876898010449032  0.98956868272947440  1.00000000000000000
 -0.00233971192977192  0.00906977944059234  0.01974132685196407  0.03082613221915793
  0.04131765920243322  0.05212063128475997  0.06272652983500079  0.07341034946265880
  0.08376974057974969  0.09409500371257359  0.10426465836969735  0.11443288657867631
  0.12470485101714895  0.13504548650351333  0.14561725463319072  0.15633508046520489
  0.16678301374671700  0.17728956538047708  0.18765025226741822  0.19775782773262746
  0.20774494745831670  0.21766553274739170  0.22809031454337544  0.23837763428761438
  0.24847304999399059  0.25835408595860027  0.26840805097106102  0.27915349938612416
  0.29029802947183103  0.30116549986084784  0.31186943305332920  0.32259371260575637
  0.33321202138078837  0.34375584913623825  0.35430331999827236  0.36490912185442065
  0.37535179710303734  0.38545424450638743  0.39554541390951009  0.40582768365203981
  0.41641007544313130  0.42704616621940328  0.43765180785717822  0.44837355418244890
  0.45909516936050937  0.46981570619711183  0.48031152181168701  0.49065579155722172
  0.50127584372403866  0.51206430640580713  0.52300138389164541  0.53381508484010232
  0.54447035040330671  0.55514128093994042  0.56590567314390361  0.57676639633581295
  0.58756613750196995  0.59820908660084515  0.60872713669350542  0.61923091535167774
  0.62961918776207582  0.63986511868824092  0.64983092949589794  0.65995386684627311
  0.67030805601319809  0.68095788854038364  0.69125496136764752  0.70141227898745484
  0.71169812675941480  0.72236440463997342  0.73314367320302420  0.74401862090907467
  0.75471486932982701  0.76543549494775776  0.77601476685268189  0.78664680337983772
  0.79732694697798956  0.80816109716018603  0.81897283573137825  0.83007164160642655
  0.84102508570765266  0.85179896969450608  0.86238945069404405  0.87241859231803509
  0.88272973028528734  0.89283705857370443  0.90414416693497723  0.91481057877240579
  0.92548047119360144  0.93569490449620485  0.94579300115939779  0.95646386083066237
  0.96714159627620944  0.97867595075047209  0.98920205573461151  1.00000000000000000
 -0.00211169074760096  0.00824945966721962  0.01800964753868196  0.02790875584512629
  0.03787394054529861  0.04791170703643672  0.05782272626392145  0.06746619414655425
  0.07694197084725549  0.08649301513004810  0.09589322449745849  0.10535440058752146
  0.11486239009623468  0.12448550344589740  0.13419567754695683  0.14397471653403041
  0.15389929286365536  0.16382629592398626  0.17354764750382928  0.18301061671115110
  0.19251095110555069  0.20228072839852437  0.21222116229540600  0.22191837770069131
  0.23149472443070718  0.24114166480480884  0.25113658108301889  0.26141096879345199
  0.27186394068493291  0.28225944242713874  0.29257926898656333  0.30279374195742681
  0.31311605935226178  0.32351488709310744  0.33390279506413112  0.34429460752951480
  0.35474694367041665  0.36534949618770812  0.37605259902991545  0.38682771952696976
  0.39750401053523438  0.40819339980676844  0.41902095504212522  0.42990757342324348
  0.44051103186850393  0.45079032775322686  0.46114891214215087  0.47166193030644776
  0.48248159951331543  0.49334186744479264  0.50429650675949467  0.51517233206632107
  0.52598104216754360  0.53682049196886428  0.54792189180897977  0.55922053390566107
  0.57058026565921505  0.58185990753594086  0.59308992037849095  0.60448688118104188
  0.61597998188894798  0.62737798863384509  0.63846092965200785  0.64947468115175611
  0.66056969336252769  0.67176306853581191  0.68288100562586429  0.69402534494828727
  0.70517384913058878  0.71603302276621450  0.72667235071865011  0.73750157484127510
  0.74883703908487764  0.76021721610855486  0.77120027132880387  0.78207686203384597
  0.79335037626583904  0.80492927465879482  0.81668433834913567  0.82812173457103255
  0.83920200382899468  0.85016222592133084  0.86098506001655983  0.87155222188666004
  0.88199853197038403  0.89293457169587176  0.90399943750662926  0.91498462589947294
  0.92559012301267951  0.93662530438483238  0.94747903306234249  0.95831388323597821
  0.96867600248805030  0.97932211597075136  0.98956631313011856  1.00000000000000000
 -0.00220873773189890  0.00895074942204871  0.01914553423559624  0.02983763897533352
  0.04047055638421353  0.05148943352682069  0.06268752506167916  0.07383557663966529
  0.08466368897650431  0.09551384198592688  0.10618421693336057  0.11656542334479242
  0.12744554472273004  0.13809242081405793  0.14886829712036409  0.15826579203044622
  0.16818557083549590  0.17818114971210819  0.18805298038797380  0.19803472371451025
  0.20791722495023465  0.21805414432551223  0.22823648144074843  0.23871538200574996
  0.24944960071916300  0.26049504446096616  0.27127173909038371  0.28193708486823132
  0.29256891283380909  0.30334281638401739  0.31424860363387264  0.32530438211915302
  0.33629896914223145  0.34694905398083892  0.35742849343106597  0.36778603483262212
  0.37839345954304598  0.38898489629185123  0.39982135750648728  0.41042402210607393
  0.42094192668364794  0.43120924896844409  0.44162990153385012  0.45189552475345546
  0.46245166237616064  0.47302627715422396  0.48370869945069789  0.49417213910367985
  0.50459449266294532  0.51485492885223039  0.52517316949817872  0.53527441415230026
  0.54565594440581544  0.55626257914637534  0.56711357565881482  0.57795379437684380
  0.58880514474241230  0.59927809673084120  0.60967247592899543  0.61986807542658962
  0.63045419021091431  0.64098868920387719  0.65190244831675981  0.66239597180363163
  0.67290689367392031  0.68275755748283573  0.69299448708289679  0.70335247699722769
  0.71412383975026650  0.72465067914132408  0.73527946706522374  0.74573907238715187
  0.75617484837377624  0.76645126174593925  0.77685589424938106  0.78731607360034650
  0.79787984812068147  0.80856996044021656  0.81944493535714313  0.83018693919179876
  0.84113394208249037  0.85132472727939823  0.86207538231295200  0.87278985260597186
  0.88404468771323408  0.89518866867616587  0.90601777865760069  0.91668912574453409
  0.92733879369543448  0.93796116715333544  0.94820854948427136  0.95816067789415138
  0.96768700529216300  0.97878195713170213  0.98918543470234932  1.00000000000000000
 -0.00203181576560430  0.00837982984128179  0.01914220879610444  0.02954937375014030
  0.03983864526455468  0.05040454829958567  0.06044824039571018  0.07153403787362693
  0.08210003748244334  0.09258646077971003  0.10265954403866977  0.11373163435971251
  0.12453281413159954  0.13513384006951978  0.14570086768770782  0.15633820692508729
  0.16780150524795714  0.17852560652126945  0.18900729101990002  0.19937975331135360
  0.21001966337757469  0.22066861238923682  0.23059476395363745  0.24071550511686121
  0.25110477924594854  0.26184634890241204  0.27242282729851336  0.28297665055986831
  0.29342111619317551  0.30368602491733881  0.31405129911452323  0.32454337123130039
  0.33516839960147848  0.34589730222513637  0.35695578476277945  0.36811848969953270
  0.37933884868644424  0.39021951091269630  0.40083839010255395  0.41138416815387513
  0.42198904498153444  0.43252072238130718  0.44290161575949372  0.45344102532088393
  0.46413379995119608  0.47468783652819335  0.48523016742139646  0.49586592484186665
  0.50636306216115012  0.51676170019364209  0.52711685438503886  0.53772189759422817
  0.54857684579765198  0.55923236207758498  0.56983297219802964  0.58026050932063489
  0.59092260659863205  0.60125562395374699  0.61157495571388787  0.62186297853751105
  0.63236889184401046  0.64306785880870576  0.65334831164533969  0.66374310158023542
  0.67409035616713775  0.68442256870045637  0.69524257926634825  0.70597707783674013
  0.71715217887740146  0.72817778864394644  0.73862761720676939  0.74886792495783072
  0.75859486346332206  0.76895959870979325  0.77920150660124343  0.78990346758571950
  0.80046957805897179  0.81142445226753146  0.82235133596488708  0.83338416418078365
  0.84402366440119780  0.85423723609550495  0.86436569350891213  0.87487175862769306
  0.88576967709696497  0.89636656343714038  0.90635787670217982  0.91674984425526429
  0.92711407557730874  0.93717956773082334  0.94715795025253813  0.95698249188595796
  0.96774333837768967  0.97854493431961453  0.98959671548436734  1.00000000000000000
   1.1864194903383084E-011  -1.0000000000000000     
 F F F F F F F F F F F F F F F F F F F F F F F F F F F F F F F F F F F F F F F F F F F F F F F F F F F F F F F F F F F F F F F F F F F F F F F F F F F F F F F F F F F F F F F F F F F F F F F F F F F F F F F F F F F F F F F F F F F F F F F F F F F F F F F F
  <DiscreteSampler_grid>
  grouped_processes
  1 # 1 for a reference and 2 for a running grid.
  10 # Attribute 'min_bin_probing_points' of the grid.
  1 # Attribute 'grid_mode' of the grid. 1=='default',2=='initialization'
  0.0000000000000000 # Attribute 'small_contrib_threshold' of the grid.
  0.5000000000000000 # Attribute 'damping_power' of the grid.
 # binID   n_entries weight   weight_sqr   abs_weight
    10   10   2.471358466808758E-002   1.382365564260075E-003   2.471358466808758E-002
    16   10   2.471358466808758E-002   1.382365564260075E-003   2.471358466808758E-002
    22   10   2.471358466808758E-002   1.382365564260075E-003   2.471358466808758E-002
    28   10   2.471358466808758E-002   1.382365564260074E-003   2.471358466808758E-002
  </DiscreteSampler_grid>
