  0.00969086952330269  0.01460257285226740  0.02297526473482914  0.03312064380994739
  0.04301822272812816  0.05246954103669049  0.06213071826974548  0.07274635972465171
  0.08438246524504331  0.09584814765579693  0.10728979458265908  0.11795774310562182
  0.12855014161643843  0.13924449489793150  0.14946229618326953  0.15950455500212704
  0.16949654363024741  0.18000105838583486  0.19094627609628140  0.20122994773831346
  0.21082811895865805  0.22012509186047213  0.22974141805276138  0.23970413485935760
  0.24951827946272923  0.25892067030365418  0.26829037011486828  0.27763839172215266
  0.28718064041963515  0.29703905101003064  0.30727459609750585  0.31739265392841981
  0.32739161039306958  0.33754040188100154  0.34825022480840090  0.35872638696746278
  0.36928397749764030  0.37994711333872289  0.39043644111992964  0.40079210612391880
  0.41107467713993345  0.42164696915845634  0.43251104518288097  0.44334584465189475
  0.45425497728197151  0.46515024934966381  0.47575149954451229  0.48598941707819998
  0.49602038499514362  0.50648409221019763  0.51741143013437452  0.52823323236835185
  0.53875476720296012  0.54879736250353517  0.55845082539716351  0.56786228683162554
  0.57717381670128720  0.58690305425667255  0.59704586523688719  0.60740355348454478
  0.61808734427403345  0.62942775221716762  0.64113888437127786  0.65245633075189569
  0.66312690900745730  0.67349635572211120  0.68384061068155100  0.69409135270751987
  0.70421499596671189  0.71458840038794358  0.72527192208810998  0.73621996330261208
  0.74751207559894506  0.75892412936015941  0.77056894715340885  0.78236721307952839
  0.79388256332729112  0.80525813279220515  0.81631840638248843  0.82723316871315711
  0.83824336439184643  0.84933982362584737  0.85995617074083486  0.86971684507148583
  0.87934180102227788  0.88859137057092952  0.89774239649212850  0.90735096984294739
  0.91744729556396154  0.92913474141896624  0.94001095891134900  0.95197029057709770
  0.96344443665410051  0.97539381788326995  0.98755504132876315  1.00000000000000000
  0.00930183578831137  0.01571120688789517  0.02569468705317456  0.03744634678595734
  0.04819434397947770  0.05862817319095096  0.06893201427390934  0.07918686113206547
  0.08959205488325464  0.10009990601662058  0.11068998425968862  0.12152781875783020
  0.13288480294292043  0.14449201858267272  0.15489663142838975  0.16486874091900347
  0.17492625879898138  0.18522093821803426  0.19555142391475025  0.20603719703629367
  0.21673180444229526  0.22776340045148025  0.23886458598660154  0.24992799317205025
  0.26049387345008856  0.27080585688927372  0.28129787687302693  0.29158268454876085
  0.30172282593341704  0.31143824183659574  0.32194366891569642  0.33272213056545225
  0.34449686678886904  0.35541648600307341  0.36511231604882027  0.37484919542992207
  0.38463697399434121  0.39478715055539909  0.40485201995247716  0.41497148902248721
  0.42515304965891931  0.43534062604317691  0.44546293975226348  0.45585693739426197
  0.46664165287819964  0.47712664822683815  0.48858131317382947  0.49979162759963891
  0.51052917947861198  0.52117834560486387  0.53189405762111475  0.54234623283833827
  0.55231265832587850  0.56224531000369404  0.57340080875029165  0.58505349572051191
  0.59649750483494635  0.60767601305329944  0.61896420182482370  0.63049452641532422
  0.64214415588089113  0.65372960975447902  0.66478675112022356  0.67511920605863107
  0.68518431453899542  0.69474391816408920  0.70407453147299304  0.71354118587226045
  0.72277745533397941  0.73228822059905430  0.74221129273058239  0.75252833467656066
  0.76305064343280016  0.77368595296045872  0.78429205271936875  0.79486651281234177
  0.80499575844440951  0.81512457145239170  0.82567186336371745  0.83627462209463010
  0.84681846124223648  0.85773305690603074  0.86953118963749032  0.88108936307547481
  0.89244641685414938  0.90298198432165155  0.91245872950008144  0.92200163712312111
  0.93138541690322052  0.94142157428700268  0.95186660552604840  0.96235101961273306
  0.97276274830293785  0.98269725307794520  0.99108609734807018  1.00000000000000000
  0.05684887276720284  0.05892907916027694  0.06129564437041115  0.06392081455183274
  0.06684865501370998  0.07032584850550638  0.07429946299418308  0.07820252840949470
  0.08214521313118756  0.08620729489299372  0.09031419794892585  0.09444324976962049
  0.09857674939109974  0.10283960410314733  0.10724608445841856  0.11165948091005619
  0.11615259112833584  0.12082141043328093  0.12559973119989137  0.13043410075365841
  0.13535059361470192  0.14048286946827598  0.14528861352656827  0.14867111831962443
  0.14934347093080139  0.15063343615052699  0.15180486931674494  0.15373229690333409
  0.15614672745530178  0.15854757832088082  0.16093753825992974  0.16333471768415014
  0.16572024845182859  0.16811070274668244  0.17051342811757561  0.17293053336273825
  0.17534347817661000  0.17777232569943918  0.18022153804504412  0.18270251582674427
  0.18519802883480335  0.18770569035473864  0.19023651712888676  0.19280711191027250
  0.19540631885172244  0.19800130434018962  0.20060206548172613  0.20323364733294000
  0.20592400105257458  0.20867670033547833  0.21146390367306062  0.21425942716867052
  0.21711627609726852  0.21999687243627261  0.22289597189129542  0.22583605143699950
  0.22884222526204290  0.23190088025446437  0.23501704837939130  0.23814910120511615
  0.24132665852936594  0.24457927433572985  0.24789489138596860  0.25122238061929253
  0.25458647460960271  0.25798306262778659  0.26145478910738962  0.26500826510394643
  0.26860493731640378  0.27223322416983675  0.27596865090494643  0.27984662749998718
  0.28386332776900935  0.28802270789660439  0.29230868447063280  0.29672806922976708
  0.30130826652916509  0.30603931186739824  0.31094657117232594  0.31608285770567696
  0.32147154416285467  0.32717235594367422  0.33326265031278757  0.33975307187214615
  0.34669438652415130  0.35423626218795801  0.36259250456336711  0.37185910471885936
  0.38234734920074664  0.39454008862768886  0.40965160043260546  0.42830114456933976
  0.45462832351166366  0.49805718824132650  0.58469850278152380  1.00000000000000000
 -0.00286110207099912  0.01119894223583264  0.02295328309776419  0.03557040813538439
  0.04852370351746328  0.06137049325245537  0.07384310266139334  0.08609445491186513
  0.09854671879143884  0.11030602906716594  0.12116675087653224  0.13239602787611066
  0.14352120857518150  0.15491002883767019  0.16577741871967647  0.17784689441297163
  0.18864649564473046  0.19872299235957333  0.20848492921600426  0.21868986797255752
  0.22907621194450412  0.23911242243068245  0.24872568098769748  0.25771710794744707
  0.26641761363011068  0.27502420530059568  0.28387381626122399  0.29296627231131916
  0.30222876263840770  0.31120025640157856  0.32119304928922621  0.33211370634577575
  0.34329514031207636  0.35469449883667992  0.36541595368100899  0.37579652225154309
  0.38545579552569798  0.39487592212994027  0.40391621572175151  0.41280555599338675
  0.42158033969985503  0.43011693348920932  0.43853602541030284  0.44736348625639311
  0.45639386660771358  0.46536241655020494  0.47420568952919101  0.48325355773506440
  0.49253243055356205  0.50198043171242790  0.51161110456133474  0.52168219402229887
  0.53250564846492854  0.54354836305559895  0.55457742460803294  0.56557670507543567
  0.57663596775685200  0.58801476947006237  0.59954322224965639  0.60998393730639944
  0.61944290475942465  0.62896959545584996  0.63866201939855305  0.64832585887823002
  0.65767502754678031  0.66733975685276548  0.67838807483784191  0.68944668852741442
  0.69960226114737023  0.70943445278490458  0.71913153918040695  0.72878668910680711
  0.73832275342573073  0.74796606090573992  0.75810741022084016  0.76893272410245128
  0.77939378056581932  0.78962217545321867  0.79980492678904569  0.80985453445381250
  0.82059492240611076  0.83198025471940440  0.84495052769585499  0.85718756970043419
  0.86943092254515264  0.88056329780332487  0.89123031791091811  0.90222436069537726
  0.91351594283468129  0.92541907191530903  0.93645269794294106  0.94863735042157959
  0.96008448012874037  0.97252052719143778  0.98562056128480235  1.00000000000000000
 -0.00221838917980705  0.00869193226329739  0.01744464935189247  0.02707959262626583
  0.03676946482290033  0.04704638090859912  0.05684894013172204  0.06610468550879897
  0.07562277572750704  0.08515885806008479  0.09481227164957270  0.10465897000026400
  0.11530854300881517  0.12596061403038356  0.13571915990877920  0.14503984521713165
  0.15456242068093456  0.16424055989323597  0.17394800952058212  0.18388585105562047
  0.19506248573168317  0.20685362011926064  0.21784928481794932  0.22840631119672561
  0.23903873207890239  0.24961309879819155  0.25997335253530907  0.27033608042608126
  0.28127872663969400  0.29258278875108551  0.30369117071489171  0.31486038221716256
  0.32642667874734671  0.33843719643644521  0.35078841728109472  0.36222977295453879
  0.37310074653243636  0.38383131457553515  0.39420530720710933  0.40454203275611428
  0.41496631411829243  0.42603019874392373  0.43759258120424732  0.44858778519905101
  0.45973748200639031  0.47093559370371596  0.48226989118412689  0.49308795249972559
  0.50385026955619949  0.51496327538413844  0.52583337146544562  0.53644253203719983
  0.54716143043984433  0.55829272542762509  0.56998487341176052  0.58173617669785205
  0.59311861017196976  0.60457014096154282  0.61629826202233118  0.62753665559979144
  0.63828836276896550  0.64887300752629284  0.65946803745924809  0.67008237158690376
  0.68051141942029558  0.69091167917713259  0.70176366895366393  0.71197869006262560
  0.72211234822764714  0.73237833238678618  0.74268370354164914  0.75278056163661644
  0.76253367691658103  0.77249262051922751  0.78263268691402554  0.79258817489717226
  0.80192123449649688  0.81168443855009897  0.82188261312686683  0.83247797620522845
  0.84295236182344513  0.85315016653490572  0.86459697645437117  0.87602346847926915
  0.88721538846282277  0.89825372576288054  0.90878391881784382  0.91972393119273255
  0.93058967339865639  0.94066944919414719  0.95049326557438174  0.96030200330216320
  0.97057595293466470  0.98093883889036071  0.99042898492975895  1.00000000000000000
 -0.00338995539931210  0.01291297327648061  0.02604524679917611  0.03937972134450633
  0.05178277927120174  0.06435228088265560  0.07585443510988231  0.08688219624960233
  0.09727907934717359  0.10803501467623136  0.11905759830627745  0.13059047442023719
  0.14256257342964890  0.15433942079141486  0.16635276708674798  0.17772732514723175
  0.18854319989822294  0.19881091341715953  0.20916640826145547  0.21958644340108102
  0.23008337651105745  0.24089040486836633  0.25190289539703570  0.26322064355669667
  0.27399453492955061  0.28438680939649541  0.29448350374177240  0.30398015914643561
  0.31337191578963708  0.32286354174222998  0.33278151296169889  0.34301479280893810
  0.35351713260641526  0.36437724977339481  0.37529610835572169  0.38607133075520733
  0.39647235293200678  0.40636853255761429  0.41595651442429321  0.42519311552169436
  0.43422774369794620  0.44338518516236242  0.45258492254429128  0.46201404696783233
  0.47156899123503798  0.48131026594212450  0.49140118099612784  0.50170896555901701
  0.51166110615404559  0.52095453555122806  0.52983638917054054  0.53893157114574441
  0.54895991151947054  0.55974829899619227  0.57051160171784976  0.58137016573842015
  0.59249576508656243  0.60398380657684114  0.61425307458533551  0.62373895446428862
  0.63306031933416707  0.64226770840733993  0.65094821294433247  0.65978305950811433
  0.66863143616467025  0.67791575993747444  0.68748458116322420  0.69668082272942955
  0.70538085344469026  0.71392770905105163  0.72268213867398190  0.73161552615188041
  0.74054847817647462  0.74974734908429919  0.75973332744432853  0.77004000883195955
  0.77994827573224168  0.78979903420364972  0.80230391155115355  0.81497186584305226
  0.82703021943951849  0.83831980072000023  0.84932884799710440  0.85976333958290274
  0.86999045343918624  0.88044629251549900  0.89120959057648663  0.90205971416223873
  0.91264261534528091  0.92374410974315002  0.93560856268840920  0.94816967389843376
  0.96094013504674991  0.97396733608971653  0.98693970503537543  1.00000000000000000
 -0.00216804927826037  0.00835111600478221  0.01791219495665729  0.02830431997897648
  0.03885593623791612  0.05007977814586195  0.06137178433941084  0.07133582674482743
  0.08110915847145861  0.09081141243519000  0.10063754183426901  0.11043780872044111
  0.12030277522916931  0.13114795587723160  0.14300632193807036  0.15485916933847868
  0.16684081080612026  0.17842003373657037  0.19012430620614187  0.20156632415819609
  0.21275503365221701  0.22387373896951238  0.23491868404459579  0.24652222201323681
  0.25793978879575480  0.26960700418626843  0.28131081108546235  0.29300702810926371
  0.30423511868622455  0.31510611571267338  0.32595096450380479  0.33677014366431168
  0.34733771497709742  0.35776590518673523  0.36825559497238125  0.37859384165517113
  0.38869079152267288  0.39871035122164911  0.40880181276097521  0.41877601988923496
  0.42838153596444462  0.43831078093601600  0.44866266221858830  0.45898869247613105
  0.46866852876697734  0.47835908140098715  0.48892101897708751  0.49966627902951016
  0.50942185099362225  0.51902082222506618  0.52906271997942933  0.53961115860382214
  0.54931245188201161  0.55906494689352615  0.56956531631086038  0.58063204681796687
  0.59116972461174810  0.60136380007942070  0.61199502742951151  0.62276379177612695
  0.63255691614302356  0.64197853844131281  0.65188499468459971  0.66178494408870270
  0.67127017711376014  0.68038163130349250  0.69007036742519701  0.70053498269287495
  0.71100195639349251  0.72076458782298369  0.73039549448338659  0.74010861171304954
  0.74969870667396010  0.75918117501168092  0.76885902490586255  0.77911204309938853
  0.78972427890628338  0.79975159889036118  0.80974587136234299  0.82017517417287811
  0.83086652968873198  0.84158287574034896  0.85228547794967335  0.86284338160215790
  0.87312009719902695  0.88347437825261033  0.89414077991674790  0.90499941140403106
  0.91629111556949283  0.92818084868470752  0.94022897599625943  0.95202551835845284
  0.96355306000938534  0.97525373735174015  0.98729604075522781  1.00000000000000000
 -0.00211682182967897  0.00889773096820994  0.01781897357554289  0.02756921523049354
  0.03711084805110707  0.04653694062941315  0.05528137141267157  0.06412008869626216
  0.07337263897696245  0.08282012439691766  0.09259185482638885  0.10268234939839743
  0.11307304354022488  0.12387295308201436  0.13495315070305300  0.14668373993010639
  0.15835872367030984  0.16985635741813526  0.18090369313373209  0.19176670625483078
  0.20268914078200315  0.21302779633994021  0.22252007988357794  0.23229496539278155
  0.24237454713960424  0.25242183756691716  0.26246387805117749  0.27301710194324980
  0.28461147641127621  0.29633667423382559  0.30760805730329183  0.31884772973754161
  0.33009464621725043  0.34086042405858946  0.35131623784564869  0.36206074128243215
  0.37287706653083746  0.38324220853916124  0.39355908163665537  0.40457597883186536
  0.41622396378116755  0.42778113569182658  0.43900725393012208  0.45010468373478785
  0.46120336183309918  0.47235289578862316  0.48379298434640583  0.49469410315695195
  0.50632922704374173  0.51814168410972983  0.53005240744726834  0.54254894720442259
  0.55312624330740934  0.56355384688157517  0.57402530995766776  0.58503094824099622
  0.59574531094084493  0.60643878912102511  0.61651713552438481  0.62671757728087218
  0.63693450385954131  0.64780984337359504  0.65893585209618610  0.67040606723933205
  0.68193055617850540  0.69358354947712475  0.70504923592751312  0.71630095269191474
  0.72749092710757313  0.73889861398111745  0.75025099113441995  0.76102317986675594
  0.77147511550547943  0.78201412222457789  0.79275731279023454  0.80365013440709321
  0.81413765612079925  0.82415390979693648  0.83388688207274952  0.84334760474464321
  0.85255539435321948  0.86158595079318723  0.87068225706332270  0.87993726707247510
  0.88903999009717549  0.89808248757326181  0.90750928951206911  0.91750164355392250
  0.92803220412355791  0.93850954025828270  0.94819265816518794  0.95785716132495657
  0.96793012060287920  0.97865228416068006  0.98918248073825765  1.00000000000000000
   2.2218762218065938E-008  -1.0000000000000000     
 F F F F F F F F F F F F F F F F F F F F F F F F F F F F F F F F F F F F F F F F F F F F F F F F F F F F F F F F F F F F F F F F F F F F F F F F F F F F F F F F F F F F F F F F F F F F F F F F F F F F F F F F F F F F F F F F F F F F F F F F F F F F F F F F
  <DiscreteSampler_grid>
  grouped_processes
  1 # 1 for a reference and 2 for a running grid.
  10 # Attribute 'min_bin_probing_points' of the grid.
  1 # Attribute 'grid_mode' of the grid. 1=='default',2=='initialization'
  0.0000000000000000 # Attribute 'small_contrib_threshold' of the grid.
  0.5000000000000000 # Attribute 'damping_power' of the grid.
 # binID   n_entries weight   weight_sqr   abs_weight
    10   10   9.959642173790999E+004   2.966121027146186E+010   9.959642173790999E+004
    16   10   9.959642173791002E+004   2.966121027146188E+010   9.959642173791002E+004
  </DiscreteSampler_grid>
