  0.00001719477347041  0.00004740127556337  0.00006675883733515  0.00008353328296054
  0.00010023836662628  0.00011933662395423  0.00014156836753077  0.00016755335112662
  0.00019888041126198  0.00023790402024791  0.00029141515342046  0.00035520103606818
  0.00043332639392844  0.00053438244692944  0.00065793498963536  0.00080950162290894
  0.00100608882627028  0.00123781400364730  0.00147486717507288  0.00172687025361135
  0.00203227764073419  0.00240899914263973  0.00285703135500217  0.00337334787313694
  0.00431059357907530  0.00564043664910546  0.00736215684393911  0.00987431981934179
  0.01377341898173670  0.01988500581972099  0.02877548415749553  0.04079895254400547
  0.05591416953167382  0.07314460957967363  0.09149086001026986  0.11034087323484335
  0.12933274483434598  0.14833995207063780  0.16761776220690791  0.18703193570032495
  0.20641500170220650  0.22579438071039609  0.24515319637312208  0.26443554343787973
  0.28367883939628358  0.30301794649313868  0.32226337879233780  0.34146862195403066
  0.36085323424269233  0.38037144051931571  0.39988467109081272  0.41938522581432663
  0.43878573511999175  0.45808902002061924  0.47731995517768666  0.49653710767881720
  0.51588064679858114  0.53531803451920268  0.55461349402526550  0.57379027692694706
  0.59296717736474280  0.61193057056465350  0.63064268933032375  0.64929897876526099
  0.66799223009319686  0.68701911541485161  0.70595707355256010  0.72440308934186792
  0.74278998948591535  0.76100775404550114  0.77940262122621262  0.79809054812406754
  0.81633703081810438  0.83463521119580686  0.85266260568326024  0.87041540015343788
  0.88786435818029974  0.90486148575749048  0.92120840651102065  0.93659552264726675
  0.95067974931138499  0.96304572132063448  0.97328014213875347  0.98108557933789997
  0.98671015635947601  0.99063354442686657  0.99345033567751218  0.99547739644803535
  0.99685843294245036  0.99781355784652659  0.99848685495435630  0.99896647447616216
  0.99931742570850979  0.99958326913223894  0.99980101620221995  1.00000000000000000
  0.00001619052828056  0.00004660630772904  0.00006386899450778  0.00007632194843096
  0.00008674729475846  0.00009714459635657  0.00010809416334133  0.00011950905218291
  0.00013738383358307  0.00016468031017750  0.00020021471944691  0.00024582886722274
  0.00030240149914455  0.00037311905429894  0.00046123625155963  0.00056559298664540
  0.00067808196040206  0.00082066914061435  0.00100183389032294  0.00121731362815656
  0.00148933803421058  0.00182973371686152  0.00223815403462194  0.00278661846672412
  0.00358059900666449  0.00467502765102735  0.00613391070612630  0.00835491624707758
  0.01193994745218816  0.01780793322965351  0.02667242247520536  0.03895293130222995
  0.05467189542014533  0.07250181764022834  0.09135966046027665  0.11129308270641260
  0.13182795569883077  0.15247089125729829  0.17305672699819274  0.19364667495380866
  0.21445846201303356  0.23519690484219571  0.25557876925694112  0.27614545472346830
  0.29694603171301603  0.31775434282264070  0.33864542683218712  0.35953674855015189
  0.38029078639421887  0.40092143864657315  0.42154474944775866  0.44220014493391735
  0.46286150431205136  0.48355659130194162  0.50415022295970779  0.52449314169682459
  0.54480536231411336  0.56532448618773623  0.58595888445545363  0.60651470815296005
  0.62689482839675004  0.64727148914489419  0.66770718996758904  0.68814832172100970
  0.70847089246611361  0.72861989459199594  0.74864672588366166  0.76879479268250883
  0.78872633222636590  0.80833867998131104  0.82790367575272816  0.84731297266142380
  0.86636385061479437  0.88500899651745302  0.90313251967799235  0.92046180111131570
  0.93664770656952767  0.95142565715927474  0.96441892601990931  0.97491688431169066
  0.98266141382211292  0.98823341663329634  0.99194349141494320  0.99422667527633912
  0.99582067064295532  0.99709252164043527  0.99806746369396726  0.99874002797244754
  0.99916224921573882  0.99941082149338645  0.99955254591384912  0.99965330475337844
  0.99974034083747942  0.99982431034784869  0.99990977712533979  1.00000000000000000
  0.00072764718343106  0.00120575334162489  0.00168385949981873  0.00211934074340282
  0.00236848205146837  0.00261762335953392  0.00286520025382036  0.00317126212838695
  0.00346842336228270  0.00380213673573858  0.00417194843385259  0.00456983184633743
  0.00502586931910882  0.00554858194501393  0.00611302858008453  0.00668787159953399
  0.00726665057403686  0.00785548640837224  0.00846071168067126  0.00908269603659490
  0.00971391156100291  0.01035421179058364  0.01100801189440574  0.01168860812559999
  0.01239858471655162  0.01312637189297009  0.01386929981847014  0.01464006546928252
  0.01545516047181473  0.01633000296129026  0.01724037193350185  0.01817991782388400
  0.01916043179970694  0.02018544556293630  0.02127809981092725  0.02238941268452907
  0.02353114554074529  0.02472734336245033  0.02599901903933809  0.02734399501316032
  0.02876431915912048  0.03027103507305709  0.03171639538108049  0.03294606350495598
  0.03415375832379149  0.03542562055919682  0.03661878818271073  0.03858384375638380
  0.04048445610764439  0.04249328048617005  0.04462849322610963  0.04680848585465593
  0.04913211317522120  0.05151792751971746  0.05371830844072991  0.05586507525218846
  0.05773508764530148  0.05982187400621664  0.06221102573783775  0.06506608143749480
  0.06821535207754539  0.07155247708726267  0.07518617349826631  0.07904469500725539
  0.08299016472439895  0.08706717452799616  0.09138001267772754  0.09579856752871670
  0.10052369399840555  0.10543884315962151  0.11099565306042267  0.11692609039669946
  0.12303210988384342  0.12936821424343528  0.13584316709279495  0.14278346076176041
  0.15047486398351190  0.15892261357964196  0.16753131260598006  0.17665642051906533
  0.18658274798378979  0.19771799302347895  0.20972376901006992  0.22231331878291688
  0.23603635987041383  0.25080565533849336  0.26621847975223345  0.28251646093239452
  0.30054975116041482  0.32089674690447978  0.34366965583789316  0.36997715449989327
  0.40101511438208898  0.44145633571014620  0.53116732737897843  1.00000000000000000
 -0.00245216438671049  0.01004720628974834  0.01764275670563872  0.02611315171048512
  0.03458472181991500  0.04343016647831068  0.05343801585742163  0.06348280510511871
  0.07258864858177733  0.08128934078137530  0.08993747130022503  0.09906260378683160
  0.10876025118531826  0.11842312178808696  0.12782556716838570  0.13722974957758977
  0.14669767469518519  0.15641845325499873  0.16622949496218209  0.17589916862570970
  0.18574818551356886  0.19563428431197688  0.20551719895715462  0.21516514822389227
  0.22455712039796522  0.23400646130440644  0.24390004563172907  0.25401970994625528
  0.26439300843792046  0.27469928928534920  0.28516666537460494  0.29562306437035418
  0.30612497568941649  0.31631203812445541  0.32666359117644667  0.33694720885887125
  0.34751263808911381  0.35827219033355423  0.36919843799890806  0.38012145170927986
  0.39107924038535535  0.40213749440195917  0.41334063608924732  0.42444934829894487
  0.43541654476517200  0.44633608061337293  0.45729377473589550  0.46839148958616983
  0.47969499894527678  0.49113615932901999  0.50259252296374091  0.51392109355121152
  0.52535184130497803  0.53685205299467387  0.54837089025495944  0.55983761111193997
  0.57135355470802152  0.58277242604048463  0.59408205241511602  0.60544550306005807
  0.61676065770390109  0.62825922625542152  0.63990727993083951  0.65172367441439316
  0.66302935031949972  0.67427755247956411  0.68554569574584667  0.69725821208411798
  0.70905573225571827  0.72065819582719670  0.73208739914124243  0.74342771063973323
  0.75480989860980774  0.76616210419771236  0.77737022383241461  0.78861201407432802
  0.80020941735695772  0.81196174077677996  0.82347016026927466  0.83445441629393602
  0.84515369965305354  0.85584077754787191  0.86695542742541420  0.87769447626806640
  0.88768973420334962  0.89763028457025862  0.90783015956758850  0.91876871732051013
  0.93039617984294853  0.94188556557236791  0.95258381133457593  0.96177095382990030
  0.97017323280362455  0.97882493623154732  0.98635476152852564  1.00000000000000000
 -0.00235970422024541  0.00865654950935693  0.01839682641443790  0.02953960388540876
  0.04065389671061671  0.05185911538849392  0.06294128774082043  0.07403778772841449
  0.08509259226839447  0.09605878405872034  0.10699156973371057  0.11782505122203693
  0.12859264544045038  0.13936465680421725  0.14995946246645439  0.16064694982476310
  0.17143899279207397  0.18221965348753019  0.19284583788592830  0.20336832580309036
  0.21404945008438170  0.22497266060263893  0.23597361000256148  0.24701968292514781
  0.25754774534452668  0.26706624800011103  0.27626623973444647  0.28534597623359131
  0.29475562168234548  0.30554309913843675  0.31655006402927249  0.32737781713354658
  0.33824896488769479  0.34926389786658268  0.36037939329203517  0.37090411916393679
  0.38076587909021409  0.39049698065618033  0.40048004917638824  0.41116703761570328
  0.42221493553520639  0.43323176305597516  0.44441632657734026  0.45541159795236030
  0.46557300122267614  0.47514336931815482  0.48467213749133820  0.49477159871626991
  0.50537743271065616  0.51617078353168300  0.52690166806433913  0.53792469209939597
  0.54890285559557317  0.55981187476709482  0.57067389572807037  0.58156143324489251
  0.59242443598284389  0.60313010576738890  0.61387111899551827  0.62444016726270013
  0.63467780744940239  0.64471191527350036  0.65479983826619248  0.66515332029582486
  0.67578005655608897  0.68659726285972289  0.69738797328968261  0.70804789796579759
  0.71850020236727208  0.72897629116376739  0.73985583473560990  0.75109499547167191
  0.76242077069380920  0.77361561417542990  0.78459215507587421  0.79544272933376203
  0.80624530318674537  0.81687718697845624  0.82731991618387979  0.83781444789869530
  0.84856263658493503  0.85956444534594778  0.87054669318988687  0.88136287473944352
  0.89209853066035738  0.90278805939503348  0.91365528727976109  0.92444885168119795
  0.93380057582081277  0.94196335765389450  0.95026486495910101  0.95777809133356673
  0.96688605490949231  0.97761998862091803  0.98797670258199255  1.00000000000000000
 -0.00234234860548710  0.00909655393509291  0.01858683992076691  0.02904926197072980
  0.03905452056216737  0.04926753898156912  0.05938778378237748  0.06953276536842776
  0.07934991755120213  0.08902130272019360  0.09822895095497501  0.10742468809521234
  0.11651788361140639  0.12533515273651935  0.13413862187549089  0.14324673126021287
  0.15234345984941541  0.16014443858010519  0.16741739608058076  0.17410002897467752
  0.18077637347900483  0.18916575835514265  0.19908036552368807  0.20910015627595788
  0.21944765337514538  0.22988307732234375  0.24021742304298041  0.25042486509809647
  0.26058074729161901  0.27092172915977397  0.28142378263871332  0.29206531374442940
  0.30270376732500182  0.31326395654916106  0.32392673010918721  0.33461144318105268
  0.34506928801928827  0.35505716418375849  0.36518575033047296  0.37595807163175227
  0.38691477850366163  0.39779293222748074  0.40873378132304122  0.41995213977963347
  0.43128876802099969  0.44262749679894853  0.45365735440651744  0.46347066193656516
  0.47288054881679459  0.48243710277871721  0.49229596297832384  0.50368741956125063
  0.51524294758869171  0.52656940855033818  0.53806139106131068  0.54947122917490987
  0.56086229851250036  0.57220254994933817  0.58347935376153959  0.59447096229745622
  0.60565336841398076  0.61708050592780128  0.62878323794509827  0.64030790704571205
  0.65174651468302591  0.66324906687624186  0.67498216856448523  0.68690525334614749
  0.69891355457501980  0.71066770388923695  0.72205222202815422  0.73351489423453320
  0.74516583125046354  0.75689078295281464  0.76836219671497719  0.77982142775160912
  0.79090774242622075  0.80189207321117972  0.81299627136657560  0.82434024650050619
  0.83585887571708195  0.84746868644342455  0.85916591991645552  0.87058455980950922
  0.88173949902313498  0.89268927746954607  0.90328909789552558  0.91384262094934765
  0.92495591619271356  0.93526538927628955  0.94534958418297488  0.95545623557260084
  0.96469226421151866  0.97636806978859680  0.98803593808593659  1.00000000000000000
 -0.00128188249336214  0.00655583775555378  0.01492616262070209  0.02344191013522618
  0.03346173741091148  0.04372073890689443  0.05366848320864655  0.06387779224849320
  0.07460821746917297  0.08560045008224461  0.09664320619214030  0.10737675290968739
  0.11741371557390690  0.12730527273611814  0.13724041542792084  0.14749702865276812
  0.15806044259996488  0.16871427687563967  0.17951194821416991  0.19031628954527821
  0.20102131044801297  0.21187411382568308  0.22273390571999865  0.23331443159411211
  0.24361068864154992  0.25376527082006933  0.26424184004948775  0.27501868468598950
  0.28596728032891044  0.29645253056431653  0.30667977983587114  0.31697685747167886
  0.32743185064871128  0.33779526788909514  0.34813459136247737  0.35901000482216927
  0.37033274949746847  0.38148831770270197  0.39228636778806053  0.40209603491062385
  0.41099205878324863  0.42030365651524138  0.42974959097527970  0.44031115134541354
  0.45107802929000856  0.46141036540113112  0.47161048927701177  0.48202273458070993
  0.49273727803740597  0.50374544594747783  0.51488569416192975  0.52615141721739078
  0.53724742014398796  0.54803547928026863  0.55842537762059341  0.56850604088925205
  0.57880906541486377  0.58932930187812460  0.60020402131903339  0.61110558552899374
  0.62215929207473797  0.63320640437806852  0.64395635258012229  0.65442178306448306
  0.66489039673076211  0.67561999082306212  0.68657929331132816  0.69775856298131889
  0.70877104141938119  0.71982813193002715  0.73099540623497250  0.74212086268076027
  0.75304428246088040  0.76350161927501436  0.77408099494833471  0.78481901724739067
  0.79605442547362015  0.80724037104152713  0.81824915091849704  0.82922441382955636
  0.84016821767960781  0.85127253324031982  0.86219730647457959  0.87279774268662325
  0.88306431865076562  0.89350539748604940  0.90447714794471556  0.91589785921491906
  0.92737290151322782  0.93880112704986285  0.94927069664599839  0.95917083160631578
  0.96890016877401419  0.97798716173240119  0.98939023943098436  1.00000000000000000
 -0.00172445950978265  0.00751183632010546  0.01714748351455201  0.02699113001176580
  0.03695753608370461  0.04674644389458988  0.05666175205910010  0.06686380621763903
  0.07730433959184095  0.08795573668255764  0.09885657821099278  0.10972679013220729
  0.12066604369628942  0.13173967251131791  0.14288677107616177  0.15399417390832335
  0.16498588056316360  0.17576845400392463  0.18568664750254982  0.19508894555028783
  0.20464610633985655  0.21387245288106774  0.22284653950303879  0.23256372284999316
  0.24214679126774244  0.25252102130042114  0.26371089833801059  0.27459046244785867
  0.28535755676383134  0.29584957113778232  0.30629869190383596  0.31703042116608887
  0.32818717805546066  0.33957411053619474  0.35103358149261932  0.36240834043439940
  0.37353921832397591  0.38446155817499994  0.39522114457294361  0.40590828661479755
  0.41667988320598409  0.42747020155431159  0.43815955238092741  0.44854272497558129
  0.45887824965257040  0.46927470413160494  0.48000169907577950  0.49082687281519727
  0.50178022261065669  0.51254208532894319  0.52330200422081918  0.53392900122907505
  0.54458392886870299  0.55520298615115971  0.56598855160737516  0.57675517401790199
  0.58748151892716205  0.59820275984543492  0.60789747941782224  0.61619000800328105
  0.62484072318467421  0.63344524084995013  0.64293342757162830  0.65384413947169306
  0.66510158872406555  0.67608537889816134  0.68693341089050619  0.69778023981356607
  0.70859683963382014  0.71938979788870372  0.73028708249913965  0.74130300072674804
  0.75227178858560517  0.76326256660147229  0.77428735281746808  0.78542071814370351
  0.79646619746129288  0.80739290781520090  0.81831500907990651  0.82873988962470646
  0.83882561873125949  0.84904253765592175  0.85972135451074116  0.87084738471807366
  0.88179686150629955  0.89259702749601566  0.90364709934741672  0.91453754595483128
  0.92566719229731864  0.93646832752308173  0.94705400434681852  0.95722880735576266
  0.96744613104542176  0.97781211236543386  0.98830760087498160  1.00000000000000000
   1.2456720821191059E-011  -1.0000000000000000     
 F F F F F F F F F F F F F F F F F F F F F F F F F F F F F F F F F F F F F F F F F F F F F F F F F F F F F F F F F F F F F F F F F F F F F F F F F F F F F F F F F F F F F F F F F F F F F F F F F F F F F F F F F F F F F F F F F F F F F F F F F F F F F F F F
  <DiscreteSampler_grid>
  grouped_processes
  1 # 1 for a reference and 2 for a running grid.
  10 # Attribute 'min_bin_probing_points' of the grid.
  1 # Attribute 'grid_mode' of the grid. 1=='default',2=='initialization'
  0.0000000000000000 # Attribute 'small_contrib_threshold' of the grid.
  0.5000000000000000 # Attribute 'damping_power' of the grid.
 # binID   n_entries weight   weight_sqr   abs_weight
    10   10   4.847966693628881E+001   6.896414118343186E+003   4.847966693628881E+001
    16   10   4.847966693628880E+001   6.896414118343184E+003   4.847966693628880E+001
    22   10   4.847966693628881E+001   6.896414118343186E+003   4.847966693628881E+001
    28   10   4.847966693628879E+001   6.896414118343184E+003   4.847966693628879E+001
  </DiscreteSampler_grid>
