  0.00002606164246241  0.00005629822442530  0.00006894592886321  0.00008006386762816
  0.00009101689438866  0.00010253044015585  0.00011553837203486  0.00013111633583679
  0.00015040939592325  0.00017495518412021  0.00020613582016481  0.00024829895728931
  0.00030055513480811  0.00036670865764519  0.00045006798071555  0.00055271053415606
  0.00068424938310148  0.00084901194027487  0.00104167426043281  0.00125843757710204
  0.00150302598964556  0.00177450282108913  0.00211171724865588  0.00255242919876406
  0.00308637768087212  0.00372096771768739  0.00450231788062407  0.00555731238892235
  0.00717089970551034  0.00961116450694076  0.01339663914422423  0.01923510489313591
  0.02776826103046928  0.03977479992529222  0.05497242042797833  0.07200918223748766
  0.08982943190151903  0.10835887223685391  0.12722801751484639  0.14573147060681474
  0.16457023860299852  0.18435635575286405  0.20402105880732521  0.22366608224783102
  0.24345581439331754  0.26332552142987126  0.28286727898127378  0.30235870105650869
  0.32216284105261966  0.34185960045805480  0.36125085797326817  0.38060611960834245
  0.40023192677071678  0.41982830277935906  0.43931254229102906  0.45877155375543083
  0.47818573383517510  0.49757738151674691  0.51712598049970659  0.53666857341742225
  0.55604411707309531  0.57539640365209288  0.59481676343655177  0.61421043073803805
  0.63352260393023019  0.65279721621557341  0.67204359850797002  0.69126257295771554
  0.71025061487344043  0.72927128778115735  0.74830894537183845  0.76742184486629250
  0.78641337363195751  0.80521680621269764  0.82382061731378131  0.84213348915193287
  0.86023923639571420  0.87814207888393159  0.89567606776949293  0.91265078699991664
  0.92878697219297213  0.94374245030467485  0.95719428286205210  0.96840109175071154
  0.97715881315728825  0.98389295199353533  0.98879034070286098  0.99223268895594319
  0.99461737409978113  0.99629229798380481  0.99751064551184532  0.99838584172332301
  0.99897809852298536  0.99939254429257163  0.99971859583401657  1.00000000000000000
  0.00001484649265535  0.00005172656250756  0.00007000322001428  0.00008360340451856
  0.00009640021265321  0.00011003082213922  0.00012480256444275  0.00014485474225256
  0.00017238601559370  0.00020724052061901  0.00025177551756998  0.00030956042135080
  0.00038083729159230  0.00046671924876313  0.00057480851659582  0.00071294329897719
  0.00088516096939401  0.00107917081912524  0.00130245638485871  0.00157388230158442
  0.00191933058502254  0.00237327050109705  0.00298055084923036  0.00378396018693548
  0.00485204375699799  0.00630162837795247  0.00834711540694425  0.01141177106240226
  0.01635500539580364  0.02418882502888134  0.03559075517322314  0.05025425753015038
  0.06734849718797938  0.08585888262875084  0.10511807235019001  0.12471664369296595
  0.14436283640946201  0.16413666586113779  0.18417228659084581  0.20454896408938722
  0.22344622402678074  0.24218641366807483  0.26111933702488060  0.28112627256798767
  0.30136750750133467  0.32151654969641269  0.34158810322732563  0.36161518109709928
  0.38165737763773205  0.40176316230182135  0.42190510865013947  0.44194126991681948
  0.46184849904877118  0.48170117647446548  0.50162926885620529  0.52167495712113321
  0.54179222581650011  0.56191614681267665  0.58195085650887235  0.60186479803258519
  0.62154866816952581  0.64076479382603091  0.65998500656714820  0.67940396440355610
  0.69889467446249964  0.71823377023916146  0.73772311114118694  0.75716533152158216
  0.77636020559227459  0.79552986402904713  0.81476687076182241  0.83391085414271160
  0.85272677510813011  0.87112661367781541  0.88923866247160865  0.90667646454283346
  0.92287097693013265  0.93848222671123271  0.95308718435037576  0.96558063436461394
  0.97558575858814045  0.98309770557183140  0.98828532025326743  0.99194646214454940
  0.99439763769683676  0.99607080287740579  0.99726966389646088  0.99812370068536693
  0.99877180552499267  0.99916421284893731  0.99939346687962149  0.99956810485034508
  0.99968555762438449  0.99979777593260755  0.99989888796630377  1.00000000000000000
  0.00115887053104770  0.00128454374878033  0.00141021696651297  0.00153589018424561
  0.00161374719975111  0.00167754605249015  0.00175831001468399  0.00195377702953105
  0.00215249570936328  0.00236044612975846  0.00248790128124102  0.00257638149756109
  0.00267592327397313  0.00292940278857690  0.00324721408507515  0.00359688452626719
  0.00399881337684498  0.00444554215976654  0.00493537393350058  0.00551016994449824
  0.00615058580933690  0.00680253888975634  0.00745136671465050  0.00811048903615315
  0.00878659783185541  0.00948343782290873  0.01020028154791806  0.01093300028103437
  0.01169374942236552  0.01248460334225231  0.01330263505500633  0.01415296248327021
  0.01504164293029807  0.01598180493136636  0.01697314410130286  0.01801278611798604
  0.01911028354711924  0.02027623717453023  0.02149773706873874  0.02265484567403301
  0.02380130500325561  0.02498702718541852  0.02627447379172600  0.02768900174601253
  0.02921653449994459  0.03080716512774397  0.03245905360017736  0.03415618165503684
  0.03590471512682074  0.03776489680178248  0.03974478205733885  0.04183108875988849
  0.04400052244706160  0.04625411823957892  0.04863976834365544  0.05114938479295697
  0.05380969859147121  0.05657514116716511  0.05944095296890518  0.06245339460497322
  0.06560641975570408  0.06887661216447974  0.07226256846042155  0.07564132390538113
  0.07898074495124956  0.08240534477608152  0.08632166204924607  0.09058222928991740
  0.09507437896248642  0.09980455860279575  0.10501523591386572  0.11103700584882087
  0.11679301521580207  0.12307364078888396  0.12943893841652113  0.13647535502837729
  0.14474345293912433  0.15321671731804087  0.16240744022544260  0.17224397267282116
  0.18286777260690773  0.19427997231185107  0.20655142302251406  0.21947594035244852
  0.23342634230509318  0.24861720719218353  0.26509511392596674  0.28260479991357051
  0.30113410686804176  0.32135665483104270  0.34422776479964245  0.36962906221982861
  0.39871868292295848  0.43768986892969058  0.52369996568395105  1.00000000000000000
 -0.00237050495802266  0.00918911354153301  0.01965864769454334  0.02963679387789841
  0.03950018622664786  0.04914651352426844  0.05896630895054859  0.06869246452804302
  0.07833757841925197  0.08756805190548296  0.09655668669031160  0.10575000056260984
  0.11475446108820302  0.12370871235237289  0.13268066662355477  0.14141015169307705
  0.15094708634432524  0.16036958409947241  0.16990485454045556  0.17946879816527408
  0.18931040048950523  0.19869044045906237  0.20776364544950957  0.21676264274696333
  0.22637817751268655  0.23617459385547732  0.24600444156846257  0.25586502256028398
  0.26585534080864037  0.27545944733194377  0.28504058770473872  0.29496765164149369
  0.30539277005593679  0.31617613125443400  0.32697908278566823  0.33758417611352182
  0.34747711940543197  0.35704987408454514  0.36684892874439773  0.37727669014208842
  0.38795578621228699  0.39869157302246672  0.40982690577656905  0.42114543070025851
  0.43218457104751984  0.44281332135258583  0.45354736315300093  0.46452106827743767
  0.47566835678560737  0.48673131669280595  0.49793289069098678  0.50922759444788779
  0.52049453736557649  0.53146789260289318  0.54234538172694169  0.55311693647311211
  0.56413486901422194  0.57528424434418846  0.58676561517608949  0.59839542362468290
  0.61005011584793101  0.62166614916543916  0.63299900302233536  0.64424573960005060
  0.65555744181422015  0.66708974144794997  0.67869592266562795  0.69005379560876123
  0.70134307006959618  0.71265796440197715  0.72408553732826542  0.73570217443273622
  0.74724176294034050  0.75860509591801795  0.76988084491697184  0.78079885009519268
  0.79176076119534833  0.80270614180520916  0.81353142777710818  0.82477546120592249
  0.83570259627447252  0.84643559077702724  0.85702308369047620  0.86734872290147047
  0.87825846766758564  0.88823855613461000  0.89860994642887493  0.90972158684141757
  0.92058158009662372  0.93173690330287862  0.94216020988240556  0.95371482386423934
  0.96487253615136981  0.97660273941638764  0.98855161691907989  1.00000000000000000
 -0.00251853407562517  0.00953714658583236  0.02008454525536702  0.03143134687537808
  0.04266400187026662  0.05414252946533725  0.06504945744256869  0.07566984941954799
  0.08662351856439525  0.09777021163920409  0.10847819780382296  0.11904953020662354
  0.12958810672418364  0.14022239963880553  0.15072716543033982  0.16119814363971119
  0.17213036354052055  0.18280510252624194  0.19325756135696107  0.20375468000061711
  0.21375811129826705  0.22371328629576959  0.23327847749723332  0.24313148285385597
  0.25354482529323957  0.26433000873333962  0.27539759104487449  0.28618559119578274
  0.29633156707115849  0.30636015071527378  0.31629641671483966  0.32743576685916270
  0.33849418058611852  0.34936504069086793  0.36026616030163494  0.37117202749836781
  0.38241134192831833  0.39308078906137844  0.40309874745882018  0.41292687698666314
  0.42296159933736394  0.43289882731274254  0.44286681358061769  0.45344735667506775
  0.46437399779929656  0.47511332055085337  0.48543009450979979  0.49542125210022375
  0.50582563861780649  0.51649358687022906  0.52726155186577872  0.53788100398095740
  0.54868923754234322  0.55969276876931717  0.57022704954741643  0.58048467376281254
  0.59087357074694280  0.60172740091548571  0.61305125611139188  0.62423894701060945
  0.63554707115273334  0.64569190878631588  0.65580925168730508  0.66578476202976411
  0.67532110549280033  0.68524510987982434  0.69489303007565917  0.70542910969186690
  0.71614255975453234  0.72702927360275837  0.73778732882530118  0.74856385657875602
  0.75946296287380599  0.77025274196253712  0.78087252038118282  0.79167063881155997
  0.80232945786017329  0.81295804917245063  0.82349210772913584  0.83419203847957024
  0.84459537376258476  0.85491089689650201  0.86522469153112092  0.87609314618630485
  0.88712895826374638  0.89725572639394491  0.90714344148750747  0.91633758295692813
  0.92638294074565952  0.93677090018544296  0.94701223223129516  0.95771418676630893
  0.96791706354646934  0.97863477175358393  0.98913475274916862  1.00000000000000000
 -0.00240058778040472  0.00955480517721488  0.01894592996455342  0.02894108800927204
  0.03862486310123010  0.04825716328217128  0.05838751896724416  0.06823157290615835
  0.07802652466145314  0.08778688319726879  0.09760390845248305  0.10760445563359494
  0.11775365848406498  0.12785463517103532  0.13770457988023677  0.14724530290392335
  0.15658140242498397  0.16588480361122795  0.17551619479747538  0.18518482428967584
  0.19494774718509966  0.20483405786731063  0.21481200911456766  0.22482994052758312
  0.23504216079012022  0.24519835084957126  0.25542194706188620  0.26569508425071575
  0.27576820537513741  0.28579443188004144  0.29576486870042101  0.30603102413133143
  0.31657524388727593  0.32702360534268915  0.33755011361106607  0.34814070647371781
  0.35889190512315811  0.36954789446249492  0.38008671273521322  0.39061397935950443
  0.40105338488953207  0.41165570389484329  0.42246323952199516  0.43337509501160681
  0.44437653715975961  0.45535373717388544  0.46627629765198320  0.47719508873603683
  0.48816411361125017  0.49925089218670027  0.51047163168053955  0.52182890290631123
  0.53320073732313022  0.54454586709624375  0.55594715130677697  0.56737990583837572
  0.57879846786492939  0.59025966531008556  0.60187672442952000  0.61349546153655554
  0.62479499521943804  0.63586621330096804  0.64689157563411481  0.65810466978606363
  0.66935631619429647  0.68043472043886100  0.69120487059599178  0.70186774760193515
  0.71285652411217637  0.72440071807240625  0.73615294046600221  0.74737547882883137
  0.75763955936223570  0.76772091189918701  0.77783873988431640  0.78905929076928993
  0.79935592312432158  0.80924628865696546  0.81919770025828664  0.82971968025803355
  0.83965961892826468  0.84844209142381555  0.85678021350133715  0.86636117240551136
  0.87744259937266700  0.88816433521199734  0.89839903957955047  0.90848014584232961
  0.91966493523709347  0.93139925193923889  0.94263308654935596  0.95377375638663797
  0.96501570130790237  0.97579775997340001  0.98830115848050559  1.00000000000000000
 -0.00230616705280396  0.00915215354499620  0.01975862380014864  0.03069370069131715
  0.04144430214981961  0.05130800169298709  0.06154563459430532  0.07161996982304777
  0.08140361397048590  0.09168352362385669  0.10211855705050964  0.11216761542991935
  0.12216404798830277  0.13218994584606911  0.14270908845553348  0.15357069542964732
  0.16424066711295476  0.17469725034748129  0.18520542348876398  0.19550403948899481
  0.20593511206282017  0.21641103845649903  0.22720964946048727  0.23788378524245118
  0.24815139926547031  0.25856604342458911  0.26925208335363776  0.28003166115181527
  0.29095077473554670  0.30196391095532504  0.31318465917639443  0.32416199010075303
  0.33509436350998756  0.34599424720621674  0.35699674545610993  0.36782079546239371
  0.37842580427145217  0.38908155531579725  0.39982843944297553  0.41052997613224335
  0.42096275493953939  0.43135253760294717  0.44175832647719765  0.45176020412339352
  0.46195539856459206  0.47215029044255935  0.48283223682812376  0.49349493367987618
  0.50422229182781597  0.51501892212290357  0.52561922381478710  0.53613639431690263
  0.54663623446511755  0.55710422096508350  0.56759924004492979  0.57823267280515966
  0.58913848338605257  0.59965073441673911  0.60991359171808124  0.62017813732825711
  0.63085049881214217  0.64187967650158084  0.65284217138240774  0.66357966960748793
  0.67412808536961510  0.68469099031093361  0.69542647678164704  0.70621305168985082
  0.71663472807129658  0.72663564346894050  0.73645501524697676  0.74665272170492536
  0.75739779955302811  0.76841628349576008  0.77960770244408861  0.79068926163923881
  0.80115112449729475  0.81102675778155786  0.82062833819965930  0.83019639257415723
  0.84045136524551867  0.85131800930177237  0.86218287327075849  0.87338541077770793
  0.88434184394979265  0.89494458592832271  0.90506045854675143  0.91522541114055889
  0.92563097501650315  0.93608766296297963  0.94682195128781643  0.95801304283201660
  0.96890156198486710  0.97948933175158903  0.98983286943232351  1.00000000000000000
 -0.00195778870133238  0.00809859863422679  0.01873103378612474  0.02891688017124296
  0.04011171606480911  0.05164938851494049  0.06286446883180243  0.07352573696142224
  0.08429269238535843  0.09542243267247606  0.10673630682935291  0.11754537829063792
  0.12865243402649001  0.13970083889004364  0.15055594153410187  0.16141011067245861
  0.17270183045483151  0.18343361300143116  0.19407356335383014  0.20328660056528319
  0.21290942102096064  0.22322603016391288  0.23425733254803319  0.24559151479650160
  0.25652787769703078  0.26668724943161526  0.27659954994880098  0.28643764965042234
  0.29642156418377535  0.30661268040478984  0.31664089370679244  0.32710815121509651
  0.33749902690347933  0.34812691028189358  0.35887433110057765  0.36984696125961303
  0.38085252240619560  0.39183964105708219  0.40241206775159638  0.41274784268571935
  0.42336111787359976  0.43417357672494922  0.44487572112453233  0.45547718198985310
  0.46617551052672834  0.47727590401192588  0.48864346012326820  0.49994240832487225
  0.51099068307239615  0.52170550956817852  0.53221023719130722  0.54273111364370941
  0.55347955536449300  0.56427978467066009  0.57470990705282698  0.58489313319267611
  0.59511900279297258  0.60566794654429712  0.61638615416325182  0.62640943840516861
  0.63667891618498351  0.64661693477995152  0.65743515066153535  0.66802407261964714
  0.67864413067380447  0.68913278376091036  0.69959855214613087  0.71059886355726876
  0.72150777573547520  0.73237432711911998  0.74297740940643142  0.75340999934913966
  0.76409159609013766  0.77495537633076716  0.78625203884057004  0.79727610667530779
  0.80761286635027751  0.81752031038804496  0.82771696583004395  0.83799095398535417
  0.84866382326587531  0.85877835232832067  0.86879545381849399  0.87868256179473059
  0.88880214315529182  0.89922530913184251  0.90999790476426456  0.92084086658764785
  0.93154480004683782  0.94228223135616107  0.95313497330387109  0.96348714598946650
  0.97248772281722506  0.98089575338040047  0.99014494740136860  1.00000000000000000
   1.2386750709789770E-011  -1.0000000000000000     
 F F F F F F F F F F F F F F F F F F F F F F F F F F F F F F F F F F F F F F F F F F F F F F F F F F F F F F F F F F F F F F F F F F F F F F F F F F F F F F F F F F F F F F F F F F F F F F F F F F F F F F F F F F F F F F F F F F F F F F F F F F F F F F F F
  <DiscreteSampler_grid>
  grouped_processes
  1 # 1 for a reference and 2 for a running grid.
  10 # Attribute 'min_bin_probing_points' of the grid.
  1 # Attribute 'grid_mode' of the grid. 1=='default',2=='initialization'
  0.0000000000000000 # Attribute 'small_contrib_threshold' of the grid.
  0.5000000000000000 # Attribute 'damping_power' of the grid.
 # binID   n_entries weight   weight_sqr   abs_weight
    10   10   2.694216176548480E+001   6.520223443691948E+003   2.694216176548480E+001
    16   10   2.694216176548480E+001   6.520223443691948E+003   2.694216176548480E+001
    22   10   2.694216176548480E+001   6.520223443691948E+003   2.694216176548480E+001
    28   10   2.694216176548481E+001   6.520223443691954E+003   2.694216176548481E+001
  </DiscreteSampler_grid>
