  0.00019438485970235  0.00025411714469385  0.00028815819948423  0.00031737407722569
  0.00035221382509147  0.00039149117838076  0.00043706767315549  0.00053654784171001
  0.00087389635450066  0.00130553852695521  0.00165152616614308  0.00205274567895084
  0.00249671970198572  0.00299094943923347  0.00355068099468220  0.00418015083620735
  0.00490143382592849  0.00573402299569072  0.00670220674689609  0.00783049518416172
  0.00910494303286039  0.01055271859110815  0.01217406058412543  0.01391250404165472
  0.01584997695634178  0.01809924513152134  0.02086982773521102  0.02413086267825782
  0.02775046110365870  0.03172085634035864  0.03593380458489794  0.04046058943086021
  0.04536444717882301  0.05032591782810109  0.05470574885741457  0.05798558010343156
  0.06024943461139065  0.06181946817144648  0.06294077048292715  0.06376047656146949
  0.06438337535306238  0.06487765569634019  0.06528107767220906  0.06561695722857819
  0.06590411447287362  0.06615478179870696  0.06637616419012883  0.06657418336815812
  0.06675426909373709  0.06692084573068481  0.06707642756503525  0.06722230891310721
  0.06736046006899614  0.06749355611864084  0.06762348192457103  0.06775107792705430
  0.06787698232210961  0.06800257504089938  0.06813007599764107  0.06825978454566320
  0.06839306306623244  0.06853157312209412  0.06867618193074843  0.06882886855918698
  0.06899216771114933  0.06916813955959153  0.06936086190839651  0.06957509387204938
  0.06981467859049725  0.07008629711476487  0.07040183927620217  0.07077438571548837
  0.07121811247860672  0.07175904981401718  0.07244337545714691  0.07332940879526489
  0.07449901561863796  0.07611432805908076  0.07845277753301497  0.08189985792138706
  0.08704478133194980  0.09469911776728261  0.10527794760225483  0.11925491475764882
  0.13807713041556369  0.16358342417341493  0.19764350104489478  0.24250985134557723
  0.30177647625297288  0.38082247899577565  0.48145761947415350  0.58829083404496529
  0.68990225148833473  0.79833424042167012  0.90753002633489077  1.00000000000000000
  0.00016047142994319  0.00026018723540783  0.00029924442742740  0.00034257218607220
  0.00039235710649801  0.00046465081824833  0.00071559028012308  0.00121687499558858
  0.00168894190037935  0.00209640169669006  0.00256581362238142  0.00313096215982207
  0.00379127558633610  0.00456119248780831  0.00544656206511329  0.00647208859015724
  0.00763509136013458  0.00898053173986477  0.01057871859113587  0.01247253916139030
  0.01470233278976073  0.01728474315177832  0.02024573765515016  0.02354642697322405
  0.02727273511109108  0.03163247026382723  0.03670915292448255  0.04219157889207999
  0.04763632614995100  0.05258574216327119  0.05657651910922741  0.05940507935375730
  0.06131503700134522  0.06262467652250595  0.06355412490376089  0.06424951699019592
  0.06479159152820521  0.06522708722735238  0.06558590808649584  0.06588884059751948
  0.06615116859498089  0.06638343122007684  0.06659138624839299  0.06677913721207095
  0.06695102820563963  0.06711090313020546  0.06726146179789302  0.06740483121717414
  0.06754301715164693  0.06767755222586760  0.06780988385754821  0.06794116139720588
  0.06807218042428426  0.06820446678326615  0.06834119368411432  0.06848367411437772
  0.06863127123447439  0.06878527462261202  0.06895165264897181  0.06913309159367202
  0.06933047384637665  0.06954701364909519  0.06978815931921672  0.07006259540186122
  0.07038237710476697  0.07076351174547726  0.07122163999335895  0.07178272049097432
  0.07250803925759719  0.07346290729257368  0.07474703545074608  0.07655692303472195
  0.07917913833929448  0.08298410437202566  0.08854156326534735  0.09681825256653338
  0.10832155633290315  0.12435462805085987  0.14432901752484004  0.16760827574470505
  0.19665998455194289  0.23883134010925922  0.29888178600135223  0.37750876032102615
  0.47027377758811723  0.55394906997415161  0.61783971009758532  0.66521843151163096
  0.70208148335951803  0.73267455602104237  0.75880432316476132  0.78220726679557140
  0.81198386401684342  0.85084183088027299  0.88959516026379659  1.00000000000000000
  0.00038693072393446  0.00085360296974396  0.00111894479138903  0.00135077763889758
  0.00160060558410635  0.00187902825261756  0.00218505111215024  0.00251653062801724
  0.00287292055940185  0.00325294349313259  0.00366010367447339  0.00411112137084730
  0.00460236209454388  0.00509995642680451  0.00558010398267595  0.00604242068337491
  0.00649482094632880  0.00694550479059483  0.00741078573316674  0.00789716268750719
  0.00841157301798763  0.00894879435434440  0.00949603449128790  0.01007537927060865
  0.01069281854536281  0.01132374105699781  0.01197561144354668  0.01265552790702259
  0.01336874936378205  0.01414535886949999  0.01494298331368139  0.01575791886210672
  0.01659299502292139  0.01745359050695642  0.01839735529073148  0.01939981850055381
  0.02041842521296328  0.02149173878188286  0.02261786516141882  0.02382291987722915
  0.02507118580545668  0.02638133849716613  0.02780665083569415  0.02920791700170038
  0.03069685304098140  0.03224204714426564  0.03389431652541242  0.03566879848893467
  0.03754005822173274  0.03948049829159347  0.04149277798481628  0.04357289169619121
  0.04580004459195489  0.04810704989967843  0.05056441364134570  0.05312635799213921
  0.05584721982692540  0.05866069965756744  0.06155993151526979  0.06458590866898198
  0.06782511487451698  0.07121129490501066  0.07468178630803775  0.07821462270653434
  0.08191839686440570  0.08593968844762527  0.09016810656958546  0.09476382394792036
  0.09962120199698069  0.10490710567220288  0.11049216623695529  0.11628011259963195
  0.12241155881290657  0.12904503264675135  0.13618840730592288  0.14384345078241667
  0.15211357671840123  0.16094855415183015  0.17046395789966975  0.18078913853425430
  0.19156735358347707  0.20275124937936134  0.21433244273320726  0.22659558594330081
  0.23998098937433118  0.25469147158825350  0.27101360262734386  0.28823720637795863
  0.30684338201861472  0.32710161745527089  0.34938939862163781  0.37471290859603823
  0.40524611814427264  0.44605852222562470  0.53386225602455117  1.00000000000000000
 -0.00210044636412954  0.00805984134162033  0.01831047868841913  0.02799246190013411
  0.03794261734121574  0.04797017696085732  0.05808233066139956  0.06799976040750488
  0.07739732165417493  0.08663513283940104  0.09575611351316110  0.10518546586059280
  0.11457942857297226  0.12405697120690055  0.13350964262600501  0.14315248280259310
  0.15284250836026972  0.16226182984391099  0.17131031945133585  0.18033104332506744
  0.18965227077195421  0.19922435021418911  0.20909651255721751  0.21922022908683086
  0.22948753310862227  0.23952084196004053  0.24926851364946517  0.25897660712560350
  0.26876237847279222  0.27857912638345539  0.28828634983756968  0.29826747956061916
  0.30847661858127295  0.31909169146627464  0.32978764557123824  0.34033800100062800
  0.35085075052361320  0.36149776163721448  0.37231759943637510  0.38313078824568197
  0.39372721310139558  0.40424649750287189  0.41507780286605905  0.42621914214907292
  0.43687562905726685  0.44715980727250826  0.45759074618379803  0.46865237158509415
  0.47997566715492074  0.49114537936878705  0.50216474990207016  0.51327821138924357
  0.52442441479564261  0.53569683171966886  0.54696780418058177  0.55817772543534305
  0.56931803917402701  0.58036387521813482  0.59141401915313185  0.60232323918666408
  0.61339775514751949  0.62475599026955153  0.63631111526009532  0.64778982404229812
  0.65908278499872419  0.67057032034201969  0.68229410211752761  0.69399624924891490
  0.70521301595475139  0.71660382702455638  0.72742124583633561  0.73820056535290146
  0.74897611025141719  0.76037129575397755  0.77173222778812178  0.78292529547426781
  0.79395033158483219  0.80450241982722626  0.81502759361760935  0.82564618133020851
  0.83659984353801775  0.84704382430477820  0.85763934135150499  0.86835028678583426
  0.87966458938284353  0.89080591441333967  0.90192412283821033  0.91315079091869966
  0.92393843457845726  0.93471852895631335  0.94561096707551284  0.95605177463285018
  0.96736787255417911  0.97791410419908797  0.98912107809344829  1.00000000000000000
 -0.00232431765383009  0.00879470808382690  0.01914481839318356  0.02988728541901284
  0.04039311155681648  0.05110753502324988  0.06172244577040464  0.07264851679344300
  0.08351515840991001  0.09426790146272615  0.10488296826132823  0.11548628468972180
  0.12611677897322709  0.13684586803494278  0.14730070524035166  0.15775799747841895
  0.16824929268399388  0.17836347735290656  0.18831451068917582  0.19792237386116163
  0.20820157077978318  0.21895958951945677  0.22991366109742842  0.24054499272379473
  0.25108714049993253  0.26168312544264127  0.27237955322442026  0.28299774879941458
  0.29362643914450481  0.30419072156977961  0.31477689157783162  0.32538906481957497
  0.33615339332511512  0.34685369775368591  0.35750531924079965  0.36786469819331929
  0.37826504662197286  0.38843542465458364  0.39877991763665488  0.40935572820802280
  0.42006481713552707  0.43090072913897681  0.44159879936036944  0.45203868878823289
  0.46249983547552564  0.47308824603275529  0.48413478646157837  0.49517632764531933
  0.50619844217240662  0.51714083349588713  0.52805104022575000  0.53896144317033678
  0.55007075366304270  0.56115289156248760  0.57183622009459878  0.58219179285626743
  0.59229488043106515  0.60237858286485013  0.61268080273455283  0.62318299831637414
  0.63388285719427040  0.64456449474028232  0.65524687438350704  0.66578821677755562
  0.67634574726163876  0.68700579456901967  0.69784495588183892  0.70850158474836855
  0.71900749956394538  0.72916522123891492  0.73928935127155049  0.74947919915923777
  0.75986702487972313  0.76995913342767353  0.77992493202245960  0.79011664553654570
  0.80091331234584195  0.81163075496750670  0.82214837408119568  0.83264795857009799
  0.84327383048461091  0.85385234991729198  0.86460863027474988  0.87540323886381310
  0.88588942379746771  0.89614934264093704  0.90620733326679948  0.91631274156453146
  0.92674985354392148  0.93711617032951955  0.94754816234040951  0.95803474987343396
  0.96849117612653723  0.97922456127686153  0.98933702278351887  1.00000000000000000
 -0.00193330633410800  0.00801743810399294  0.01696216308471805  0.02675698857150183
  0.03656032132979629  0.04630934070170899  0.05600897144145416  0.06550205008630863
  0.07463524976510563  0.08399151960860328  0.09336527442442449  0.10302563233863400
  0.11201369057865057  0.12126098827442197  0.13045432612890470  0.13997813452496174
  0.14961646692269301  0.15916324454521089  0.16898343412687569  0.17880603214180019
  0.18865808060895975  0.19834884569544761  0.20808653566097271  0.21775775558728136
  0.22722530516957265  0.23680873546753478  0.24589696023688160  0.25561773810399363
  0.26555566902826805  0.27576102902231053  0.28589250605712113  0.29600736560196067
  0.30637544872264677  0.31631478000172314  0.32649378621308817  0.33669319853966623
  0.34726530035342473  0.35802830170491673  0.36879078162295886  0.37957109448412285
  0.39027342923626951  0.40100748895621557  0.41179909905082834  0.42279407377600431
  0.43384363845924484  0.44471365166937210  0.45564709443400037  0.46640230927872650
  0.47749266781641592  0.48874609255065582  0.50003671475541656  0.51136990984054009
  0.52272026017902573  0.53433430315869634  0.54583301159322284  0.55624954886273881
  0.56653294442198465  0.57653057276287234  0.58718815095614674  0.59831908896113728
  0.60946779924227967  0.62061396778021505  0.63181158082734090  0.64292603721718389
  0.65415801210030300  0.66564360322925664  0.67728126483265128  0.68921028778038551
  0.70100117447054555  0.71228647758032126  0.72332093167943012  0.73456570009368283
  0.74609413661657931  0.75757349681883135  0.76882445934821109  0.78000030270182008
  0.79079314510588739  0.80140909646526193  0.81211873898125275  0.82307485582081619
  0.83462704181126357  0.84584956505005426  0.85696339697682555  0.86836739721376488
  0.87938289392321412  0.89011560782700672  0.90068343927337791  0.91121083334269060
  0.92188984568308585  0.93233085484701228  0.94300992934358852  0.95435424800866475
  0.96505195057683668  0.97683768121413583  0.98842297383797140  1.00000000000000000
 -0.00222848208642527  0.00872769106306350  0.01933641958777059  0.02994774680149847
  0.04025940323574121  0.05049708789327982  0.06019118327034712  0.07077383131834375
  0.08129127655333561  0.09215293087080284  0.10307979315364289  0.11363960136889710
  0.12410490380142802  0.13447311126815764  0.14545524314811423  0.15703570472506770
  0.16773984174441642  0.17838110307078681  0.18889042645294413  0.19947290636564907
  0.21014116128397978  0.22070152044852551  0.23152945918068807  0.24241084271893426
  0.25353543524207273  0.26408554380058624  0.27414536846573867  0.28404805977698050
  0.29428031689568890  0.30467198520302552  0.31476886550558048  0.32466747425088111
  0.33497724445989319  0.34583633261137109  0.35680873296303117  0.36774705415303405
  0.37864135771217305  0.38944575198538733  0.40000516516595469  0.41030381507798930
  0.42073531632417738  0.43121276189716817  0.44165624255610542  0.45191667250276563
  0.46238005205498922  0.47319882103078098  0.48378280065494544  0.49370099798163858
  0.50356375115595242  0.51330475795181318  0.52390590600606146  0.53453299069064186
  0.54514896410639735  0.55562647359707673  0.56579521134350874  0.57627604685758260
  0.58706417152553836  0.59765500134170524  0.60802381694318708  0.61844429686102598
  0.62926389646161351  0.63986045050330687  0.65036762286617322  0.66102059895791843
  0.67179580055979993  0.68250067402079084  0.69318752332834710  0.70378936676624770
  0.71439784721943345  0.72496984581729151  0.73550371435725981  0.74595077251630459
  0.75623558192593365  0.76654913090545629  0.77696824496511940  0.78753875605110213
  0.79807624575243041  0.80865148737839976  0.81920442082671163  0.82986354527699069
  0.84042572562613327  0.85069708288431278  0.86104010487995530  0.87159472609742716
  0.88249115539694989  0.89344538590874167  0.90434033267963343  0.91509407251812047
  0.92542378168690342  0.93583205057776186  0.94626629924335071  0.95702392568404737
  0.96777870478886796  0.97852285162010277  0.98932696951513344  1.00000000000000000
 -0.00205900262582791  0.00833129933281319  0.01869284942866997  0.02905503071947627
  0.03951660904996655  0.04969206698909477  0.06016184645746811  0.07070215167500682
  0.08119830878333306  0.09180533539313659  0.10251371720089246  0.11302189713466074
  0.12346071939009297  0.13385449329855464  0.14469310565995086  0.15545143233686984
  0.16621531761684424  0.17637803139812055  0.18679056758772039  0.19749384777211793
  0.20800045821520660  0.21813532368094074  0.22826188904232009  0.23892441543377593
  0.24995929707934267  0.26082753180009116  0.27159806564076727  0.28223426212558939
  0.29290897920541020  0.30362774282216121  0.31456029022052956  0.32447016805402479
  0.33498227860140950  0.34536865853587090  0.35610969890743510  0.36663946557989563
  0.37707879179639309  0.38779872884566585  0.39862241559289513  0.40941698119571962
  0.42012586498066395  0.43098467118951306  0.44160072065101197  0.45245780230111843
  0.46340554964697589  0.47450707280108156  0.48547929785000193  0.49602361465170119
  0.50655552973838347  0.51706323542994537  0.52777649973883478  0.53863535983484867
  0.54959583110611754  0.56033663646229459  0.57087037075955216  0.58128783923278804
  0.59196405755718640  0.60281465946029145  0.61347263709838551  0.62355195527585272
  0.63350388290858994  0.64355558237841626  0.65419770102412633  0.66456229301323888
  0.67494213899826405  0.68546438098441242  0.69629784229099367  0.70684110685487034
  0.71704291977786350  0.72719602072200396  0.73770568695612138  0.74843601516614189
  0.75926935161575726  0.77016048841920859  0.78120349601911609  0.79202574381867819
  0.80259741471769630  0.81300234235697166  0.82346528656427576  0.83387197766590992
  0.84432092809620896  0.85479187046384497  0.86546967130636254  0.87597667289975534
  0.88661859872413185  0.89725868535959996  0.90788947323934222  0.91794208337524341
  0.92869525335969438  0.93864590668312176  0.94827238696733307  0.95818632640750190
  0.96788675396079471  0.97951862388642164  0.98989666300388424  1.00000000000000000
   1.1936266766635059E-011  -1.0000000000000000     
 F F F F F F F F F F F F F F F F F F F F F F F F F F F F F F F F F F F F F F F F F F F F F F F F F F F F F F F F F F F F F F F F F F F F F F F F F F F F F F F F F F F F F F F F F F F F F F F F F F F F F F F F F F F F F F F F F F F F F F F F F F F F F F F F
  <DiscreteSampler_grid>
  grouped_processes
  1 # 1 for a reference and 2 for a running grid.
  10 # Attribute 'min_bin_probing_points' of the grid.
  1 # Attribute 'grid_mode' of the grid. 1=='default',2=='initialization'
  0.0000000000000000 # Attribute 'small_contrib_threshold' of the grid.
  0.5000000000000000 # Attribute 'damping_power' of the grid.
 # binID   n_entries weight   weight_sqr   abs_weight
    10   10   1.591523152443022E-002   4.521314964816436E-004   1.591523152443022E-002
    16   10   1.591523152443022E-002   4.521314964816436E-004   1.591523152443022E-002
    22   10   1.591523152443022E-002   4.521314964816438E-004   1.591523152443022E-002
    28   10   1.591523152443022E-002   4.521314964816437E-004   1.591523152443022E-002
  </DiscreteSampler_grid>
