  0.00002177091092053  0.00005180269859407  0.00006894196876463  0.00008286332159549
  0.00009656703201273  0.00011180423192742  0.00012896321456156  0.00014901158922627
  0.00017380741684188  0.00020530404672093  0.00024668269884420  0.00029895960600884
  0.00036366201381734  0.00044752848008803  0.00055311786480953  0.00067879293307042
  0.00082757989671990  0.00100603968704905  0.00122579763444384  0.00147948243685867
  0.00177045854767478  0.00209602626205018  0.00248653792782013  0.00299655382486073
  0.00367774741413025  0.00449046020526966  0.00550143903393474  0.00683743699174629
  0.00881260984125608  0.01158704994363371  0.01572943928905478  0.02208870355099034
  0.03112169320070383  0.04318636093271643  0.05775401455095894  0.07363308655347219
  0.09122974408154300  0.11004738373521634  0.12901468409515510  0.14795692348042694
  0.16722409680825462  0.18659783883701631  0.20599836561351947  0.22526215075226153
  0.24451958459267734  0.26399355947228742  0.28355968589634950  0.30304027732457123
  0.32244892330936709  0.34180614045887719  0.36112196145030245  0.38038155265972634
  0.39953329629499423  0.41860746063699888  0.43781904474611699  0.45716306134469570
  0.47651808472256185  0.49582394705470684  0.51502901276932445  0.53425367165300919
  0.55349812723566116  0.57270306616457256  0.59177858661111582  0.61078229425721975
  0.62983768154481290  0.64887599718159261  0.66779062543864776  0.68680484368728723
  0.70589125121820684  0.72473190242849317  0.74326986829539288  0.76195807635764767
  0.78068960737265392  0.79936983525746030  0.81780013326621182  0.83592501755425141
  0.85384268480771031  0.87155706768441443  0.88888136329424228  0.90570495546324614
  0.92200707703387064  0.93752188418696669  0.95175556690582730  0.96409447796300396
  0.97405532181806531  0.98155384963417658  0.98702864430336401  0.99077245668761893
  0.99346653204256608  0.99542555698757751  0.99684983190352894  0.99785924678154336
  0.99860187660936739  0.99914877739658692  0.99959537649820995  1.00000000000000000
  0.00002145332109206  0.00005448691866331  0.00007127474096968  0.00008681583188433
  0.00010276535299267  0.00012050696352790  0.00014176270057255  0.00017017402431248
  0.00020812289963298  0.00025627418584445  0.00031974846094130  0.00039648379800714
  0.00048815521179736  0.00059846730841615  0.00073691780448609  0.00091126112139727
  0.00111753550666378  0.00138228857522424  0.00174094394032633  0.00221164761792275
  0.00276769708165681  0.00351288594150141  0.00450057637708209  0.00582928812154184
  0.00768341026500196  0.01050843046694496  0.01488000511751102  0.02145890115013773
  0.03093666494815932  0.04396176807116354  0.06033568410889426  0.07840698784044953
  0.09775215019221642  0.11778240990173697  0.13813145813446856  0.15875611744419979
  0.17936431206411091  0.19985054532032034  0.22038190823003059  0.24100880854989890
  0.26104497544954081  0.28085105534570298  0.30067975482934278  0.32076527305916241
  0.34147100656517065  0.36203980154438553  0.38240986360473650  0.40275917712445092
  0.42327900004877655  0.44377693543976071  0.46400500314760851  0.48397322918017066
  0.50406676091364166  0.52448490082024513  0.54496423579582642  0.56542503965204360
  0.58564427138660524  0.60559672903713846  0.62540999252667950  0.64549078997981979
  0.66564474434402532  0.68572882885125697  0.70565910796951770  0.72529665331450732
  0.74512099373008522  0.76505760247442633  0.78482519136727280  0.80442274626679910
  0.82383089880387095  0.84298747443050903  0.86190662872377133  0.88057475704299226
  0.89891834710563667  0.91658907103368548  0.93313712506019475  0.94835867918296735
  0.96164332631430383  0.97248544574392815  0.98094684917907182  0.98675243272132662
  0.99046194332166493  0.99304435512947686  0.99497312120470416  0.99640785207664884
  0.99743951504743378  0.99822253010742845  0.99881711202896140  0.99921930960265637
  0.99942992843096534  0.99957122453450220  0.99965977623971025  0.99972892393251289
  0.99979645925542915  0.99985667241534981  0.99992145498442586  1.00000000000000000
  0.00145494991328858  0.00169119218589182  0.00192743445849506  0.00214720445525339
  0.00233486618799304  0.00252872103745016  0.00278259266028690  0.00312677172765563
  0.00349448954349394  0.00387475186175836  0.00428719216933824  0.00475952545905225
  0.00529455381539548  0.00587120507781438  0.00646125849395593  0.00705047448575629
  0.00764316381822567  0.00824934070062524  0.00887141275245427  0.00950127044241796
  0.01014778902361965  0.01080536424538070  0.01145005412337362  0.01211984927219543
  0.01280244931734401  0.01352311291499167  0.01430412188341542  0.01511775061749801
  0.01597346066757760  0.01687634268279433  0.01780184289417381  0.01877256036771698
  0.01978394993273026  0.02081621820954040  0.02187202300267257  0.02298073914238728
  0.02413028051200181  0.02538954777081837  0.02670301610744995  0.02805775852035030
  0.02947453204618647  0.03094406942377780  0.03241509199328746  0.03392367174367193
  0.03553589384154773  0.03723696090690543  0.03900859140242982  0.04090677681482851
  0.04285512535352223  0.04478865666492701  0.04679909763197203  0.04888741857931488
  0.05114210634450986  0.05353503040766906  0.05605740964809885  0.05872790285229249
  0.06163009387571237  0.06434835403245076  0.06713575017658691  0.07010867846922397
  0.07334418503645070  0.07685113408051363  0.08014123638576608  0.08345526673695007
  0.08713759270062293  0.09092738188733528  0.09503486286343363  0.09964404294580259
  0.10460178465520215  0.10975521724912998  0.11523577760572749  0.12099846769265973
  0.12714770939348771  0.13363505169717263  0.14061682684276386  0.14802043089650888
  0.15587977668092132  0.16423552937431332  0.17306965772172844  0.18245867016642814
  0.19233542574538040  0.20310770523831906  0.21510533046367605  0.22827558842454937
  0.24269484931050919  0.25777011363878349  0.27355862837310752  0.29048982150800134
  0.30903994373679394  0.32894552674205257  0.35074421295251462  0.37482260164467446
  0.40514369775927733  0.44545200507662414  0.53162089362813281  1.00000000000000000
 -0.00182870900350553  0.00737416624549305  0.01648323050284962  0.02617591417056259
  0.03630875783178518  0.04634652324710302  0.05611676919361633  0.06593078488967764
  0.07562780248591709  0.08519230017760210  0.09458051202897000  0.10421557871731052
  0.11419650046321562  0.12443566363085147  0.13466210249281416  0.14454062410881025
  0.15430687779751409  0.16412535828561559  0.17408988777758624  0.18406210973253123
  0.19390948904073765  0.20370227384635445  0.21363973572662107  0.22368426540797476
  0.23376625024335104  0.24355657472181563  0.25306762827977825  0.26252058976690562
  0.27233976480924638  0.28274710426866423  0.29345066487085952  0.30418595942286991
  0.31487780521698988  0.32539704200801545  0.33597343503014598  0.34676709856778976
  0.35738642864168629  0.36761184983823825  0.37790550770146047  0.38841345542640809
  0.39936368929447397  0.41048583184747128  0.42165726491924244  0.43300333933695628
  0.44430817247835536  0.45520597369157961  0.46607659299259108  0.47649924951643013
  0.48697877926378269  0.49698798022215196  0.50664511668535683  0.51623031594949453
  0.52643562780814246  0.53738862029538081  0.54894137596749826  0.56060665917269792
  0.57208405584953492  0.58277593029914898  0.59352607376072342  0.60432656071399571
  0.61580031856558892  0.62684156578232197  0.63786351302200894  0.64898229822280773
  0.66003280963672262  0.67064605524954135  0.68146956451801821  0.69285622190435370
  0.70410413198965094  0.71441921580026568  0.72477491769197233  0.73516204450995681
  0.74598997694621150  0.75762437679592487  0.76905554208649807  0.78028834083626308
  0.79169099774879459  0.80303671614768490  0.81409304783293601  0.82453338523713504
  0.83480209506732928  0.84521769098636290  0.85657205293920047  0.86811058966199528
  0.87951860291513262  0.89042624024193007  0.90115797326388647  0.91198045273098394
  0.92270676118571815  0.93355895988322601  0.94421907082129719  0.95460603734795713
  0.96583569983669637  0.97679644388813280  0.98851091532469049  1.00000000000000000
 -0.00245332340679110  0.00953222456641254  0.02033075753061846  0.03120077550625822
  0.04201818468095948  0.05193481504872607  0.06174176959416633  0.07119673978197361
  0.08145320068103123  0.09221783592017546  0.10311184375957536  0.11362063668227947
  0.12391803951294400  0.13423170232279139  0.14503950745225874  0.15604873814515838
  0.16682937023253289  0.17723240751642846  0.18757113125663311  0.19803289216612033
  0.20886648593642829  0.21998722035806206  0.23078648944462296  0.24109552535009851
  0.25112682995070579  0.26106908242416893  0.27097235002566711  0.28077352153929080
  0.29126056475070711  0.30184238191930657  0.31257094705726302  0.32317989825876076
  0.33402251531107718  0.34443810936900732  0.35418791765517771  0.36392823113374595
  0.37371540025269978  0.38410152953673238  0.39469364062646228  0.40486684400160233
  0.41526170183024441  0.42570027592725806  0.43661158145855561  0.44748379476208938
  0.45832482225518284  0.46944978113068958  0.48065557478800608  0.49163204594952387
  0.50229591685826713  0.51296591054507668  0.52380690731100055  0.53496060531578138
  0.54620279686939066  0.55725705256024294  0.56806721162725993  0.57872148222847775
  0.58911763264508454  0.59910305159420330  0.60898007132684895  0.61893295821790373
  0.62925670095309261  0.64002652851337527  0.65105556913465090  0.66210461695907719
  0.67312643495398217  0.68373916533207124  0.69385983931157735  0.70404339469766564
  0.71438582130497763  0.72542342689153916  0.73663052189334166  0.74778679400327819
  0.75894081324681495  0.76999735955578885  0.78088954113500919  0.79137367177078244
  0.80160817364972858  0.81164053517787826  0.82190115227376148  0.83234495264411479
  0.84310049609402737  0.85393589173608453  0.86460499770065602  0.87469827018516499
  0.88469152563686970  0.89447470101085846  0.90421267292622798  0.91416696147854482
  0.92389480704637350  0.93283043365361373  0.94468411824255882  0.95564583868674680
  0.96699423443426669  0.97837328376731103  0.98926402967812765  1.00000000000000000
 -0.00240374322399766  0.00841034763564513  0.01836663245603932  0.02893870075164121
  0.03939397922411805  0.04957645040772712  0.05918331206027158  0.06875455927592157
  0.07814621336309402  0.08745783172553810  0.09662866900764612  0.10574072602760076
  0.11496676897873100  0.12433588840871418  0.13360128450563749  0.14295301631130242
  0.15250569250505233  0.16207254422111664  0.17167237056574644  0.18128254965966692
  0.19086422486473534  0.20044750887307494  0.21013316747380939  0.21990074869497223
  0.22960076975582036  0.23920836182495778  0.24905975238136577  0.25903887942208798
  0.26894675111697591  0.27803001340176564  0.28643213510242277  0.29526575577419739
  0.30569618759020806  0.31592372047035011  0.32562973886741114  0.33530604546839865
  0.34529365163650799  0.35545778832367803  0.36573652266279011  0.37606353398493353
  0.38681805295706728  0.39742000264062222  0.40818891581474742  0.41898795477580469
  0.42985004661560305  0.44094267576727592  0.45218561018887521  0.46345546373951263
  0.47471405793709304  0.48599024719678452  0.49744473632134167  0.50802917184374541
  0.51877741404538613  0.52940991838962026  0.54059410852489509  0.55185335778009781
  0.56329923527093639  0.57499418107147493  0.58674940128905384  0.59863032880875844
  0.61012404882300764  0.62114536202568338  0.63194294673911411  0.64251091805525928
  0.65403642161732634  0.66553308041448533  0.67715655207280789  0.68871692076985824
  0.70031146591249782  0.71168686663552161  0.72332936775497036  0.73499630023410822
  0.74669473577071976  0.75835077209661383  0.76988512958546607  0.78129826832719118
  0.79280116429921343  0.80393821610148974  0.81504979033404379  0.82555336675882729
  0.83668243974780843  0.84808136877510520  0.85886715364365585  0.86891598092816591
  0.87819999061062148  0.88765159928354698  0.89731855718918785  0.90776381745126489
  0.91955808852796805  0.93064475826170312  0.94216436296871753  0.95355223676979706
  0.96496159734663034  0.97630587910759892  0.98790207874564617  1.00000000000000000
 -0.00244123247956962  0.00973466073447775  0.01992240247879302  0.03064957649032000
  0.04123186486095535  0.05202892336160796  0.06286639518244307  0.07364254887420493
  0.08418214413635315  0.09509416687742686  0.10613889248380831  0.11735307232844229
  0.12828929937045500  0.13946798332481511  0.14930750870347245  0.15797874900081044
  0.16596896518823007  0.17545198118013486  0.18506959511704443  0.19487656411171422
  0.20594142770579094  0.21684466012102330  0.22755522608065668  0.23841343913477461
  0.24944666447764016  0.26046972431161858  0.27138194417634370  0.28182903833435796
  0.29173218102394377  0.30182592565754113  0.31203006360635777  0.32246431072222759
  0.33293379886315727  0.34351359954087313  0.35425007654771051  0.36474738178082655
  0.37495188696107040  0.38516811461887862  0.39572798896399092  0.40677415651807253
  0.41814809788740420  0.42953251394089903  0.44064267729350598  0.45142479599226620
  0.46177399109212625  0.47240224260610392  0.48323780456345944  0.49415055981533351
  0.50502468680469093  0.51572111255938480  0.52664749331332261  0.53670905745761210
  0.54583890103246513  0.55440862901194188  0.56339819805164748  0.57310642308301107
  0.58373305768590933  0.59416204340979661  0.60444579878826810  0.61497938131750340
  0.62559686859098340  0.63622416866623255  0.64692228584498979  0.65781079077224314
  0.66879773660154462  0.67993658398645862  0.69096253699032839  0.70195291383091152
  0.71284823126929808  0.72373209650127568  0.73456083432678432  0.74553387061637044
  0.75671198949100527  0.76811835202215539  0.77938114212833587  0.79037024149819202
  0.80124001770504438  0.81222469430736333  0.82331236239297378  0.83436580981083830
  0.84461769984305368  0.85411616197938112  0.86370216139977507  0.87345809875388347
  0.88342836338756059  0.89357443105756584  0.90455423990105088  0.91560084094957872
  0.92613946271641845  0.93670094467625420  0.94736463099205415  0.95805850397355741
  0.96847548574728359  0.97903931420808255  0.98942037376961089  1.00000000000000000
 -0.00247840360114523  0.00968344621460702  0.02000010980007932  0.03100175359470551
  0.04173395911698285  0.05282868965150438  0.06372779764137571  0.07403017125800709
  0.08439611842415036  0.09474409190661118  0.10502684404979212  0.11535021204837551
  0.12538255698661865  0.13552551830156281  0.14535589109175748  0.15543033067903189
  0.16533911730653414  0.17538931399488147  0.18589637020049687  0.19652823663750488
  0.20736800570910935  0.21811785899065447  0.22880101460747743  0.23948012991513176
  0.25028141663263154  0.26127061837616594  0.27231905789645239  0.28335344304160148
  0.29425005651804309  0.30514321058766408  0.31568555869036985  0.32574616445619314
  0.33562266672768715  0.34555900013918833  0.35623786994311746  0.36744200277216227
  0.37853176874635014  0.38919800760342460  0.39934541725364664  0.40958594274089100
  0.41991032399823547  0.43077501046759503  0.44160387201474738  0.45259499446315166
  0.46345950536168701  0.47370401398571987  0.48418458055834018  0.49441813130935441
  0.50535600862710761  0.51631141038287853  0.52738324074807164  0.53861991695551792
  0.54985340646163494  0.56111786248423690  0.57228850756943828  0.58345746656588426
  0.59481411239299042  0.60574946894624038  0.61586965300609264  0.62570558666132359
  0.63541564783070459  0.64587242054276151  0.65656226440311594  0.66736205669668247
  0.67833221985442138  0.68932935096843717  0.70012737298541772  0.71035466511713441
  0.72036176421980291  0.73029963365494166  0.74015076667698221  0.74997843432606726
  0.75994446255148984  0.77008526966054147  0.78050560802384950  0.79052222501239822
  0.80029031426355868  0.80986716949541682  0.81927166215469260  0.82854715700724002
  0.83969680762757826  0.85035217917340322  0.86059044776272586  0.87081753303924903
  0.88156410776309901  0.89258818065053946  0.90339857114850908  0.91437322676643806
  0.92518089364020706  0.93580485121616264  0.94644010826937086  0.95696447091565451
  0.96783303796106079  0.97834220335336797  0.98904633729901148  1.00000000000000000
   1.2533024743419393E-011  -1.0000000000000000     
 F F F F F F F F F F F F F F F F F F F F F F F F F F F F F F F F F F F F F F F F F F F F F F F F F F F F F F F F F F F F F F F F F F F F F F F F F F F F F F F F F F F F F F F F F F F F F F F F F F F F F F F F F F F F F F F F F F F F F F F F F F F F F F F F
  <DiscreteSampler_grid>
  grouped_processes
  1 # 1 for a reference and 2 for a running grid.
  10 # Attribute 'min_bin_probing_points' of the grid.
  1 # Attribute 'grid_mode' of the grid. 1=='default',2=='initialization'
  0.0000000000000000 # Attribute 'small_contrib_threshold' of the grid.
  0.5000000000000000 # Attribute 'damping_power' of the grid.
 # binID   n_entries weight   weight_sqr   abs_weight
    10   10   6.512903373326739E+001   1.290062341084624E+004   6.512903373326739E+001
    16   10   6.512903373326739E+001   1.290062341084623E+004   6.512903373326739E+001
    22   10   6.512903373326739E+001   1.290062341084624E+004   6.512903373326739E+001
    28   10   6.512903373326739E+001   1.290062341084624E+004   6.512903373326739E+001
  </DiscreteSampler_grid>
