  0.00001914786455191  0.00004843038946779  0.00006822830784942  0.00008498643803965
  0.00010077276504828  0.00011871487222501  0.00013999537322766  0.00016434826072312
  0.00019386265158624  0.00023079171669249  0.00027700820683971  0.00033281244613125
  0.00039481487124582  0.00047725774671073  0.00058515708114265  0.00070811245743076
  0.00084731372721075  0.00100801090032708  0.00120825318506243  0.00145360107075357
  0.00174095518806311  0.00207209074342840  0.00247553932202441  0.00301793669189217
  0.00376573286129171  0.00477905640311484  0.00616742394146871  0.00808421556579485
  0.01078283692497501  0.01476416996542096  0.02076445845611179  0.02963101361136688
  0.04190402336866962  0.05697345778009546  0.07365870733764658  0.09135048598600357
  0.10976183868136215  0.12850701831517530  0.14741348246206554  0.16628692201511261
  0.18536120758410318  0.20460365454410429  0.22378405222625786  0.24275729049916830
  0.26189835282550866  0.28121738579602468  0.30054137093247907  0.31987914637718157
  0.33913028434801779  0.35801112550892178  0.37666613692350875  0.39548552689869881
  0.41441061228226433  0.43341498433869635  0.45234816923903726  0.47130688930150694
  0.49039735084589225  0.50940721051580962  0.52835201832851886  0.54736622548863634
  0.56637375250631994  0.58533971866143819  0.60422530322158696  0.62300243274701816
  0.64171392152475970  0.66049258502662112  0.67937609191939441  0.69807803951698311
  0.71661038926883391  0.73520054703344562  0.75389094627107345  0.77233468588000398
  0.79067106494949768  0.80905366486328945  0.82726516217865997  0.84515857507856618
  0.86276474641542522  0.88011724538100278  0.89714415741459919  0.91361663878228083
  0.92932697638610917  0.94398980861861670  0.95709485103785452  0.96824229394023908
  0.97726216404050992  0.98397514326636293  0.98866291172028820  0.99202337328524504
  0.99443952434417393  0.99614213200954549  0.99738666634183770  0.99825765135222888
  0.99886966149651857  0.99930987133062588  0.99967341262840614  1.00000000000000000
  0.00001653704728047  0.00004904800677229  0.00006375393858649  0.00008813637075905
  0.00010952260412950  0.00013258577765628  0.00015934804509280  0.00019104369589961
  0.00023055441797396  0.00028740809163645  0.00035579935777282  0.00043795810230765
  0.00053876928239356  0.00067099544713359  0.00082929392686037  0.00100587659775878
  0.00120742028762346  0.00146707463379098  0.00180758741965565  0.00225964310202090
  0.00286517168458139  0.00362995349815402  0.00462237605453824  0.00596897888866083
  0.00778917797942868  0.01041158728692477  0.01454574002910976  0.02119608247716475
  0.03149191312875185  0.04549203984491213  0.06211771850339018  0.08028015097880276
  0.09931302248531408  0.11896603525725800  0.13890172199076259  0.15898223344109880
  0.17911135150756205  0.19924454078021392  0.21926549340202645  0.23928994526278491
  0.25951736284036786  0.27984123191490973  0.29983823606390014  0.31973437122271259
  0.33992565757728960  0.36017739854881126  0.38030467115041783  0.40040097838983130
  0.42042624070569412  0.44039748958365144  0.46043843933713036  0.48028197933466943
  0.49976340649505818  0.51966966302767037  0.53976636926725619  0.55976665399019421
  0.57965158612260892  0.59948771681606494  0.61938556981335868  0.63925751369576089
  0.65901794355850274  0.67858851765932493  0.69800079020100836  0.71755779610935344
  0.73718299903012519  0.75662500943551503  0.77594910437413289  0.79529298446789731
  0.81431415757369385  0.83284667840490356  0.85155439828500812  0.86993174759952974
  0.88750059517031155  0.90500964246070048  0.92208923886366723  0.93803349503563627
  0.95228493386908741  0.96438891429522855  0.97395500095211573  0.98127042513617324
  0.98675684959001031  0.99077819442255233  0.99365330959117504  0.99560837318601514
  0.99697979425109218  0.99796559556151987  0.99868219196445096  0.99912982982509591
  0.99937656663517438  0.99952055721029565  0.99961603260558018  0.99969676825843223
  0.99976890701205756  0.99984218505846489  0.99991830183673158  1.00000000000000000
  0.00145209803189992  0.00200748571963502  0.00225628978348754  0.00247327633230357
  0.00271352484479267  0.00300937188656983  0.00332518973282198  0.00364768350392417
  0.00400223383267876  0.00439210090981171  0.00482445549087150  0.00532668947614481
  0.00588082622653911  0.00645784452603692  0.00704430971257103  0.00763660900171377
  0.00823308998420904  0.00882912941469195  0.00943635431242230  0.01006640017203510
  0.01072110965584945  0.01139182710461888  0.01207652636189616  0.01279672173717021
  0.01356054982408558  0.01435426016614249  0.01515550667463860  0.01595561863958490
  0.01678398703377669  0.01762732437768681  0.01852245337334846  0.01948315070398118
  0.02049023867724203  0.02153887214127964  0.02262703165774516  0.02378250060906699
  0.02499259546142345  0.02626237234291199  0.02758635806337682  0.02898862509743567
  0.03047053922976875  0.03202185965921499  0.03363026912036985  0.03530860899969830
  0.03708514200767072  0.03894981491447259  0.04087950798972596  0.04286684746583017
  0.04492009371620750  0.04704063821927268  0.04920377093276541  0.05145521157084667
  0.05382801661632592  0.05631357392354051  0.05883091047085705  0.06136515886401919
  0.06388781249208421  0.06653920206598868  0.06930529661592449  0.07226030319489203
  0.07549326612384771  0.07899983404644549  0.08276595438127449  0.08670398378271001
  0.09086695374733775  0.09528367245778101  0.09986411845176485  0.10453220307737676
  0.10930626419422934  0.11420697560062115  0.11946545095647100  0.12504774846722019
  0.13108429526047927  0.13754272430140152  0.14435826799290619  0.15148639067975553
  0.15947104972126497  0.16811817739963666  0.17741735940896830  0.18707689160956545
  0.19703921348771547  0.20758519984819798  0.21905636419704655  0.23195269991458539
  0.24567539256842430  0.25954791038603864  0.27416715069727571  0.28989969269557186
  0.30827376254419259  0.32864428358415615  0.35119066249090569  0.37644250656780842
  0.40633425104644305  0.44510632995510707  0.53206428210765788  1.00000000000000000
 -0.00209861829818404  0.00747774009510440  0.01679065500879574  0.02690849463259850
  0.03706618715364575  0.04688564416841184  0.05656722158346993  0.06618599458658825
  0.07621176629371429  0.08562535871717931  0.09424887884336647  0.10294853086562301
  0.11208156383697765  0.12172670576648276  0.13136304657641376  0.14090705370542364
  0.15033491347596598  0.15979325997092114  0.16916266249049866  0.17849611703479962
  0.18802680930910548  0.19782544371928731  0.20784604501507020  0.21788642814789069
  0.22762295884695000  0.23736754974712784  0.24723396576620468  0.25749131640664080
  0.26773750293866450  0.27803578359114972  0.28827453580064527  0.29894021472425558
  0.30899049765609377  0.31867526062865231  0.32854310427601474  0.33763771967638700
  0.34799497516952155  0.35852208655478235  0.36910053259516534  0.38054928107387392
  0.39143639655203755  0.40252615558398702  0.41343479921823850  0.42436274031308091
  0.43517959562205721  0.44605354313699863  0.45698916556510077  0.46819318117269104
  0.47952985139524801  0.49102579687562581  0.50233078659426855  0.51349278887890348
  0.52401676320108070  0.53467086864345570  0.54533388810390138  0.55591844437876925
  0.56634956010951332  0.57708821922812514  0.58865682085237347  0.60042019474999020
  0.61205903335999201  0.62351365598857045  0.63474445031701654  0.64568371821764892
  0.65648489310263747  0.66736881776666312  0.67832423579069889  0.68952119603557249
  0.70090589805422210  0.71250266514219673  0.72414865110432181  0.73560021025957245
  0.74667745763168436  0.75759156049834220  0.76819931239012129  0.77881988696389903
  0.78953191858956184  0.80036853087285820  0.81160384935899799  0.82292570444521373
  0.83397243826494549  0.84490668765651322  0.85559534602616816  0.86659831415720479
  0.87775658338497209  0.88896551702045834  0.90027272959035221  0.91158075417868778
  0.92293095722759944  0.93418341713791531  0.94517526213289693  0.95620807271225128
  0.96726806278183253  0.97825212778363502  0.98949315243135727  1.00000000000000000
 -0.00239071114696854  0.00915379114290260  0.01936149606445560  0.03068896747028694
  0.04169017651427508  0.05239246152099403  0.06340415288416869  0.07413643958452150
  0.08494864870542254  0.09562606473035115  0.10612189801446976  0.11652852857594988
  0.12671898710185311  0.13731503778096135  0.14768539592973662  0.15829395780354927
  0.16862884906761810  0.17935411540421861  0.19005153314713408  0.20094345337618733
  0.21176287023665888  0.22243065536317461  0.23300604161912530  0.24335529498896549
  0.25385359542019142  0.26477030572789567  0.27587347634114667  0.28715304587708629
  0.29813476856537729  0.30927608735087858  0.32042976002209017  0.32995412780457878
  0.33969603978661994  0.34991355916775874  0.36044208070517975  0.37102660917001390
  0.38151808225442646  0.39209333929720197  0.40284418940524741  0.41344529895122994
  0.42357596836545663  0.43342615525388128  0.44333094780907167  0.45361517829706510
  0.46391964710011052  0.47429921180096846  0.48484429707290128  0.49568344727645414
  0.50640160424980474  0.51711915112108886  0.52798763972125295  0.53846022966408147
  0.54877035395122808  0.55906229810517005  0.56945410832333587  0.58004872758894221
  0.59051853606102700  0.60110511377001496  0.61153540753604829  0.62200013723726999
  0.63253104880943856  0.64311390085450792  0.65365732838024315  0.66430787581316109
  0.67522192765952460  0.68627950694804341  0.69717242800764367  0.70778672433553935
  0.71829521102714178  0.72852395552059834  0.73884268335542536  0.74909745036764241
  0.75976507021581186  0.77044059005052945  0.78102028097327092  0.79125978371438244
  0.80146866177669218  0.81157899948764911  0.82222824992203047  0.83293889360770468
  0.84379901355213860  0.85439166177059189  0.86487288183127142  0.87536254297104910
  0.88578252322589235  0.89625493229728492  0.90627406094330420  0.91656556744605289
  0.92649763987965872  0.93604455614846804  0.94591439188549042  0.95555763546156225
  0.96668679290424586  0.97792251618474824  0.98860789290462625  1.00000000000000000
 -0.00235630255250698  0.00884761396436275  0.01919131554575104  0.02980266790950288
  0.04040105765271495  0.05059132690798167  0.06029610817338702  0.06967587312836182
  0.07899763385144168  0.08852028623808259  0.09824234508369563  0.10760621808679535
  0.11651103658768126  0.12549416066763927  0.13484258109379035  0.14448857076252400
  0.15416613654201208  0.16379786869617352  0.17355064732674461  0.18340577006860781
  0.19300417606907350  0.20258579701171553  0.21238669213092556  0.22248315689284215
  0.23263590819553853  0.24273806340708978  0.25285828689008122  0.26323774252345755
  0.27343409772113658  0.28331457966424484  0.29291707951307544  0.30271144249283577
  0.31264061378975788  0.32278198651635065  0.33294262802445712  0.34316877333716606
  0.35340589647770254  0.36391091163001915  0.37464975988755322  0.38556299963472140
  0.39627031854437456  0.40665348516233368  0.41679240449393667  0.42719612352941738
  0.43771131579878542  0.44821620158694769  0.45863041759226536  0.46915314131913349
  0.48004910050456251  0.49104210727689668  0.50206017166525674  0.51295624849484278
  0.52397790054314453  0.53495486185849617  0.54608182844196063  0.55720157988518870
  0.56856230102233785  0.58018376293189000  0.59184226550916552  0.60330658672368520
  0.61472624395358810  0.62631397689018165  0.63777370827403035  0.64912279769973036
  0.66048004494239554  0.67221292090882956  0.68362041901211312  0.69447242993180935
  0.70522800448866674  0.71634931800299617  0.72796275289669532  0.73938246937253194
  0.75067858417741351  0.76205394560390072  0.77383311886857986  0.78489083408168780
  0.79526513071905769  0.80523444344612294  0.81543514058602007  0.82625058888863101
  0.83720002258287984  0.84793605776113290  0.85886334953465038  0.86976560742586073
  0.88089468658036152  0.89184855887816505  0.90306514856846221  0.91453022626340286
  0.92602178283576775  0.93682769592773985  0.94747833664985515  0.95819953628821586
  0.96887148340651641  0.97940720643020129  0.98986202462294126  1.00000000000000000
 -0.00228420369665640  0.00858786419868111  0.01884273622055355  0.02968630137357223
  0.04020324957587409  0.05096237863651237  0.06159675213892545  0.07219846633069181
  0.08262952790407670  0.09290570954513938  0.10353348877829653  0.11413980994103679
  0.12442978309381898  0.13412363869203667  0.14357708687740908  0.15333344438327787
  0.16374197431285412  0.17483710139465319  0.18574242465900392  0.19653770480836572
  0.20710052300604748  0.21809359482760152  0.22906051765914920  0.24016772681973772
  0.25105434285947725  0.26191796564778369  0.27268037265355399  0.28347684275522372
  0.29439375853913002  0.30520481431644614  0.31599971981903358  0.32652424549813547
  0.33712766122455878  0.34723478237637606  0.35714528207581792  0.36714044704025200
  0.37723933094422685  0.38788412777050563  0.39858210617502843  0.40880429998752632
  0.41832268301144798  0.42755654832070472  0.43710160373877038  0.44781791951026467
  0.45883670744536142  0.46969793478327665  0.48062397117708977  0.49136514270190396
  0.50183268396677794  0.51226454584282055  0.52289870312828590  0.53349607071066096
  0.54398316078543840  0.55427431462042343  0.56503913147899631  0.57563964092203534
  0.58608221841180330  0.59656991279830596  0.60746182896795364  0.61844541044648449
  0.62913591898074972  0.63932780771101194  0.64961489856448684  0.66047248550588811
  0.67166242176200963  0.68273134776436184  0.69360002217864414  0.70439617934189969
  0.71448091025745231  0.72449807855355741  0.73428907613739702  0.74468081071491832
  0.75517309464988613  0.76542290390616152  0.77536585593636775  0.78548425604835670
  0.79608778877702902  0.80698258832630920  0.81736898571995131  0.82811381322913946
  0.83890983761056004  0.84977010758946736  0.86030153001370513  0.87080016626992063
  0.88129755665040366  0.89221772108174890  0.90339100479250090  0.91446041697998814
  0.92542200967119359  0.93633086965147394  0.94741449430377034  0.95839608430065337
  0.96942698056841670  0.98040231230027475  0.99023300566962691  1.00000000000000000
 -0.00244864684727277  0.00974408660245220  0.01945820231933224  0.03035719663843340
  0.04094151572511476  0.05146971600620755  0.06220301531660820  0.07240324707984101
  0.08325640044833459  0.09395206764500072  0.10473044135742426  0.11553946805387975
  0.12608065493746234  0.13647925161490332  0.14659357453299490  0.15705614252950514
  0.16739836269949951  0.17790999540102201  0.18840221222096992  0.19883437582371885
  0.20922257395032476  0.21918580231793791  0.22911828828683872  0.23899057952036440
  0.24960040621828655  0.26036777331610111  0.27093554292744121  0.28059339394445282
  0.29007497234231722  0.30001989459899642  0.31036114735328457  0.32123734763447820
  0.33163291320153065  0.34210728489272957  0.35270873535404607  0.36326878632939513
  0.37376680107891258  0.38420052907984065  0.39463760199480002  0.40517922553993557
  0.41558854073275453  0.42561291203798768  0.43563784954343687  0.44546448526051741
  0.45621833947094520  0.46732294423319842  0.47851384803728664  0.48947890523030674
  0.49986226194330535  0.51009439590145234  0.52034216827713387  0.53059260764733351
  0.54108098492592360  0.55180247983622510  0.56242670332713296  0.57265799939770323
  0.58266610244649708  0.59312723761602060  0.60382650909478941  0.61458974269286559
  0.62518620131607661  0.63568672054347908  0.64609705059612266  0.65663506167066377
  0.66728260514837079  0.67796311410211385  0.68818651115742624  0.69826979730997008
  0.70855129361909730  0.71933032091381499  0.73029186231275711  0.74123126117703186
  0.75180268895064883  0.76239610645533906  0.77292819522153333  0.78378690624781289
  0.79435118616603251  0.80493739967269140  0.81550367525652379  0.82615827129527253
  0.83685766278204277  0.84751583575123524  0.85853397737895332  0.86938868624696430
  0.88046563044503878  0.89137141968102618  0.90208938283651585  0.91286322491923688
  0.92310756598191501  0.93395112194176533  0.94469850956819046  0.95593145066058438
  0.96686673655872235  0.97794977432940622  0.98865869569465659  1.00000000000000000
   1.2352625973525062E-011  -1.0000000000000000     
 F F F F F F F F F F F F F F F F F F F F F F F F F F F F F F F F F F F F F F F F F F F F F F F F F F F F F F F F F F F F F F F F F F F F F F F F F F F F F F F F F F F F F F F F F F F F F F F F F F F F F F F F F F F F F F F F F F F F F F F F F F F F F F F F
  <DiscreteSampler_grid>
  grouped_processes
  1 # 1 for a reference and 2 for a running grid.
  10 # Attribute 'min_bin_probing_points' of the grid.
  1 # Attribute 'grid_mode' of the grid. 1=='default',2=='initialization'
  0.0000000000000000 # Attribute 'small_contrib_threshold' of the grid.
  0.5000000000000000 # Attribute 'damping_power' of the grid.
 # binID   n_entries weight   weight_sqr   abs_weight
    10   10   1.899711117899201E+001   1.468002560852883E+003   1.899711117899201E+001
    16   10   1.899711117899200E+001   1.468002560852883E+003   1.899711117899200E+001
    22   10   1.899711117899200E+001   1.468002560852883E+003   1.899711117899200E+001
    28   10   1.899711117899200E+001   1.468002560852883E+003   1.899711117899200E+001
  </DiscreteSampler_grid>
