  0.00002469788421806  0.00005058291046148  0.00006633324213504  0.00008232790753385
  0.00009620062678489  0.00011021777024166  0.00012811044819854  0.00015024373917774
  0.00017716949816843  0.00021129024011391  0.00025574019752329  0.00031168169741984
  0.00037905400119146  0.00045979874443138  0.00055350026827152  0.00063113329975799
  0.00071948390953397  0.00083009199904278  0.00096756730282874  0.00110878586727045
  0.00127712804319739  0.00147924171269436  0.00169702695669124  0.00199607889751126
  0.00244036983164570  0.00303671090056101  0.00382290586757677  0.00487270592835237
  0.00626329961551947  0.00817844960625941  0.01110211960533433  0.01561035560086817
  0.02231562550790913  0.03164433868621221  0.04394871243555411  0.05923112798811658
  0.07651084623105547  0.09473634060855723  0.11314163042620416  0.13226830164374839
  0.15203516964942579  0.17180047563243470  0.19154676343203342  0.21136754760556548
  0.23121572194722653  0.25104558119426490  0.27068933746938645  0.29006112313605592
  0.30962658371888740  0.32926129022184480  0.34892743813248328  0.36872666415153604
  0.38859566779411375  0.40832304660297386  0.42792275192881740  0.44748114834967534
  0.46701187763364205  0.48646405257849262  0.50613035811327201  0.52585035303892802
  0.54542768916716466  0.56494559958657309  0.58461178702978178  0.60433263894058686
  0.62385392146598551  0.64302673643019792  0.66221235142207213  0.68154401448601143
  0.70086862182331555  0.72015438759775552  0.73936307259345235  0.75851842219653121
  0.77755498233777387  0.79639900069386449  0.81513443220177806  0.83377954539206101
  0.85222967304978936  0.87042394601838469  0.88831063854726322  0.90571938392706852
  0.92244028576122372  0.93807220955634463  0.95220764838294469  0.96437061907357424
  0.97438670596848198  0.98228026764405607  0.98776634080920034  0.99149647022247589
  0.99416845370200146  0.99602352360219615  0.99732133543559154  0.99826415476511898
  0.99890467285009532  0.99933786688646986  0.99968911452526743  1.00000000000000000
  0.00001967338703472  0.00005002487928336  0.00006881730748628  0.00008364825971819
  0.00009901755150457  0.00011588129378644  0.00013536863086680  0.00015933903038126
  0.00019050312759446  0.00023105013006909  0.00028124630150426  0.00034107554676011
  0.00041430531193804  0.00050945841678796  0.00062536666926646  0.00076630512332846
  0.00096729034082227  0.00120977038772364  0.00149270983593851  0.00183995071110218
  0.00228020460422343  0.00287755130875995  0.00368293151319247  0.00475756888915519
  0.00620140591596773  0.00834338107950419  0.01162205433322720  0.01693099955259531
  0.02499187227751769  0.03715206405802828  0.05315411033386123  0.07168549870645508
  0.09139226494317279  0.11186829396819618  0.13278549963360381  0.15365917796049014
  0.17456490210089057  0.19575452506670554  0.21709524955459947  0.23846387219622628
  0.25964970486255545  0.28061209644551549  0.30171865226870154  0.32289220187815426
  0.34396373288284171  0.36505728065972465  0.38612009056773622  0.40718208041688025
  0.42827526358703838  0.44921581744807515  0.47002462176749238  0.49092236740056505
  0.51188607416499055  0.53282488822756913  0.55373322985807705  0.57473391392569828
  0.59556411081142535  0.61579527387494037  0.63586506312483193  0.65638502341726002
  0.67720145967308243  0.69796979151377825  0.71857265954357707  0.73912485715831155
  0.75949974935857079  0.77958794729225245  0.79967574284307086  0.81972639298123962
  0.83951087672121216  0.85896418296171162  0.87800287989865433  0.89661782789111355
  0.91464632386834499  0.93172232545112910  0.94760594395382769  0.96072137369246791
  0.97134698311654688  0.97945417014025271  0.98573351237840579  0.99023217177162570
  0.99355133750908353  0.99570175292114382  0.99667143653463652  0.99756038234227440
  0.99827236019958043  0.99886672331585702  0.99929464070405805  0.99947357287992344
  0.99956868401727450  0.99964096113277046  0.99970685050432129  0.99976793138719477
  0.99982841366307718  0.99989397954300152  0.99991583108094051  1.00000000000000000
  0.00121878180285378  0.00153539901439981  0.00173341296578287  0.00194562100066599
  0.00217305193656196  0.00236860349697991  0.00252736051166180  0.00276117036174442
  0.00305518368756782  0.00335691930656078  0.00367415261094301  0.00402482750455220
  0.00441285396914330  0.00485357206353570  0.00535797260571557  0.00591378105763886
  0.00649418653616739  0.00708764760028444  0.00768710387398425  0.00829554007081875
  0.00891862461867137  0.00955981488201117  0.01021434724208580  0.01088386894577232
  0.01157075015082264  0.01227829792200580  0.01301948301044704  0.01379879182773793
  0.01462050419755613  0.01548297205429850  0.01637751014098977  0.01730250810434966
  0.01826842578209491  0.01927902931793866  0.02033424977756296  0.02142770362480828
  0.02255970392629573  0.02373761076811431  0.02495145110986532  0.02620918545906741
  0.02753220176643352  0.02891718093302694  0.03033803593661175  0.03179788244606578
  0.03333992288878144  0.03499271420355907  0.03679730275735794  0.03871966963065829
  0.04066981646783168  0.04264179739988099  0.04469722019266808  0.04688991538837445
  0.04923589738976220  0.05165388710426559  0.05414149803443991  0.05669279968607699
  0.05939384281223716  0.06225616196858907  0.06519758166209122  0.06827945643144466
  0.07149789948232244  0.07501874512010386  0.07870151032247119  0.08262748303029004
  0.08662430367075144  0.09095090240938149  0.09550434638631854  0.10042088562388052
  0.10551641685937914  0.11095115903921132  0.11692080511642272  0.12285726938678855
  0.12753062450786115  0.13174883467086315  0.13611726215078571  0.14105525985104217
  0.14821833446062455  0.15672478061815573  0.16553273322094625  0.17499466852570003
  0.18539055062584672  0.19676295576791222  0.20860889430417098  0.22074959228659957
  0.23398811779621798  0.24858156462538805  0.26491759275641408  0.28227965102704011
  0.30076007554281409  0.32095532297977047  0.34380174881272163  0.36985880424632051
  0.40091954711149747  0.43946061353219745  0.52818757648292780  1.00000000000000000
 -0.00164354766933752  0.00611399980820953  0.01509637939419694  0.02486926929134115
  0.03581590350548102  0.04631022381629268  0.05668242876385950  0.06702412279933651
  0.07727910837141141  0.08703513742504086  0.09632418103606974  0.10544995642357499
  0.11488816000352541  0.12470828958484997  0.13424242920886811  0.14354490199265693
  0.15288194784273779  0.16245370808489012  0.17240735057351136  0.18205540301071610
  0.19161694538835192  0.20141617681536927  0.21157407796755826  0.22202646869110176
  0.23252752627120638  0.24311000214296880  0.25358672424674761  0.26404423578710046
  0.27432506227040854  0.28453336957362341  0.29489723733385265  0.30546105294059189
  0.31640744132118270  0.32666218996593310  0.33424289262310825  0.34111652275182286
  0.34820319620632983  0.35527990019620176  0.36328365456175959  0.37360089625287562
  0.38446131405609774  0.39488969223447806  0.40546322371593746  0.41627550686276182
  0.42741419039762124  0.43859554607797652  0.44971204878478560  0.46083703831764078
  0.47200096934891234  0.48325166090918098  0.49445329767982144  0.50569908278484077
  0.51706419957457694  0.52848766085762322  0.53997080139094922  0.55128483715563004
  0.56245990329386275  0.57373902833271850  0.58531983167430635  0.59695189827123518
  0.60830277515712294  0.61943463205979510  0.63070716158813256  0.64213899064939417
  0.65349829627671030  0.66482012255319989  0.67621620898942869  0.68784699688622808
  0.69960758069120899  0.71125739855087022  0.72268622122365500  0.73388310636507492
  0.74489716528740268  0.75569631817769944  0.76644808285956445  0.77742609621582959
  0.78848226234634133  0.79949565099272435  0.81059557860587050  0.82190228658451980
  0.83345912768939856  0.84507887888870215  0.85671382105450111  0.86830441879405995
  0.87994409409623331  0.89142005259892809  0.90243437015668737  0.91311533020548385
  0.92377904756264384  0.93491720312187421  0.94621416998934027  0.95717930443346610
  0.96758686647473557  0.97780075066389238  0.98857533269865761  1.00000000000000000
 -0.00232621162688309  0.00916101713307396  0.01974775630859690  0.03085432689915754
  0.04197883417485078  0.05230723238835659  0.06295845581164811  0.07353892380923563
  0.08417873276956207  0.09490874493616949  0.10563342450986087  0.11674044257801999
  0.12745382318209850  0.13824572756357389  0.14902785513489247  0.15983111635178787
  0.17067678487995672  0.18162002117018838  0.19253904218154416  0.20325397155308553
  0.21361703325227985  0.22401121392958914  0.23451808933930293  0.24532801755791522
  0.25592487680417697  0.26661591562989462  0.27741227425281523  0.28848430710607442
  0.29937073605981918  0.31002854174067751  0.32035133301484414  0.33096265505896399
  0.34175990028031278  0.35102038870672131  0.35809231189688417  0.36569172559191715
  0.37320712001975320  0.38031159797082953  0.38866188744812236  0.39956603187100115
  0.41065226357812790  0.42140891267634095  0.43252040762514293  0.44321368984461623
  0.45361625518229137  0.46378838202036593  0.47386603522515175  0.48435437829428707
  0.49514178919115553  0.50555238784922674  0.51609720747228471  0.52675727297681985
  0.53756448896022646  0.54826738497307148  0.55900970391901017  0.57003363268468765
  0.58136437790396689  0.59255359715953670  0.60345132231473786  0.61422452775323966
  0.62490517408394697  0.63562744500972768  0.64646921897073550  0.65746677560768463
  0.66866600535233944  0.67947735345266480  0.68971952734082631  0.69975100758024922
  0.70991277305469791  0.72025420336316659  0.73058734272577996  0.74081226956550084
  0.75079002151400309  0.76043388115945842  0.76998390951639406  0.77999054053289762
  0.79079710889466281  0.80180174548345606  0.81271370106970353  0.82358804212986203
  0.83444455759731329  0.84540857085726784  0.85648845513339067  0.86756521759001792
  0.87847540713840511  0.88933190405946805  0.90012580135730391  0.91093264754488612
  0.92164745802674486  0.93245063773507542  0.94334154659803426  0.95452580789122443
  0.96576134553594517  0.97739368010458982  0.98864245807358075  1.00000000000000000
 -0.00251937903271650  0.00972496502087021  0.01972323943207946  0.02961623959780516
  0.03883095366962802  0.04767332395135020  0.05743213453416253  0.06469957411827983
  0.07043152990082860  0.07683842837603658  0.08285618781806663  0.08840280242332610
  0.09636066978310745  0.10621434388157583  0.11587795327074836  0.12520326954757038
  0.13460048198875915  0.14413217879486717  0.15398829526808064  0.16392914870055433
  0.17390920745487184  0.18387622417717425  0.19406968795930760  0.20417787535124002
  0.21421655800831799  0.22424953448835203  0.23431322790675416  0.24428017019739096
  0.25410569240183206  0.26405063168552045  0.27422388425231220  0.28456216973909104
  0.29500635553867799  0.30576632273980420  0.31673971627067815  0.32761970847162381
  0.33816400398315860  0.34806199707987923  0.35791183918263575  0.36809408036226038
  0.37885924951872263  0.38997695722753778  0.40107880350476433  0.41200694453374614
  0.42290674717233256  0.43401497660445543  0.44552906877669135  0.45716740685617452
  0.46871467215183826  0.48009188844053236  0.49125841712776341  0.50240991080855268
  0.51340957725208858  0.52399530641942227  0.53452850911635064  0.54520112112580144
  0.55660415016370746  0.56842117734742015  0.58009004303296452  0.59171363919469988
  0.60326701290164919  0.61491368089247012  0.62648023913027240  0.63808626260612178
  0.64999430062632513  0.66203411192369743  0.67382616372995396  0.68504039045192777
  0.69622372834868440  0.70729515810763055  0.71841069101898192  0.72946399972431897
  0.74058917973896965  0.75207207040945112  0.76378370958294017  0.77550438196379923
  0.78729504631196168  0.79906928794447141  0.81071591008423249  0.82207020979096246
  0.83329254939060915  0.84428976340107009  0.85526638146052536  0.86628665711333863
  0.87746607019894618  0.88906425330410088  0.89972641042207624  0.91030224848506602
  0.92024687867141219  0.93109080881286233  0.94229308829426317  0.95334999855860758
  0.96426286505595049  0.97508529297690116  0.98732927837526641  1.00000000000000000
 -0.00220302738252997  0.00890974767011437  0.01961469051004575  0.03025623164982594
  0.04124287119173803  0.05189631191928212  0.06231712002506540  0.07278935999317486
  0.08343584249805469  0.09439956949076470  0.10549864572518075  0.11626635798736215
  0.12640805116728929  0.13677697957132759  0.14729105329726205  0.15863071123806094
  0.16972369301408685  0.18062772989863091  0.19132313193620026  0.20203776915351782
  0.21252975012670372  0.22296016155171294  0.23377468826113040  0.24472626871438957
  0.25608886132526748  0.26727258173732521  0.27814772546455713  0.28893552234406916
  0.29891245131654776  0.30875446137390655  0.31880474157741923  0.32889885239023120
  0.34000022383128076  0.35102511220298699  0.36153464255766105  0.37196419318514728
  0.38276304417006118  0.39338573052340542  0.40395571533377206  0.41455540596032286
  0.42569806163409485  0.43654023334672953  0.44696869792399307  0.45726431636806447
  0.46767756073889299  0.47863443958243335  0.48975881181351882  0.50096451721820423
  0.51215621274446488  0.52329492498816521  0.53434700902600563  0.54534572640497814
  0.55633592054054481  0.56745981557757907  0.57824441409757599  0.58859291284114890
  0.59871439657474057  0.60898904992100555  0.61943772129107411  0.62987964613508374
  0.64015357412344787  0.65052622250915115  0.66121784918734405  0.67229991580821347
  0.68362793626175644  0.69485539118875950  0.70584221549474724  0.71670074140891793
  0.72760857010969093  0.73859136125643499  0.74946575391803416  0.76015295658833815
  0.77082275210212547  0.78161993449189182  0.79245956228737657  0.80320647768924125
  0.81395653902730514  0.82488621737323664  0.83586311473613295  0.84704934473984095
  0.85743912283211232  0.86514704724521208  0.87214531644780124  0.87966173958403948
  0.88713917429063416  0.89472853981383460  0.90522807461986698  0.91687703402187737
  0.92732103639103003  0.93770054002614078  0.94834863720760432  0.95897109331985642
  0.96984111143850671  0.98046890729097080  0.99012483014405128  1.00000000000000000
 -0.00239965942571287  0.00943280904233210  0.02004957624327095  0.03031764600423035
  0.04060707753993642  0.05126950464369560  0.06232803862583326  0.07356786791459541
  0.08442260944271689  0.09521002625528946  0.10570088560525026  0.11636222464353402
  0.12670475251031665  0.13704985863430977  0.14734727992765242  0.15779516691590906
  0.16852386669300837  0.17932549395680106  0.19082934833478502  0.19925908244188326
  0.20664786648597663  0.21401642722468295  0.22100064431558489  0.22709205578451419
  0.23719856377758394  0.24878474448021792  0.25989743430855794  0.27097933636714261
  0.28203954191955499  0.29296681873372016  0.30394964973892535  0.31448182581727180
  0.32490740384322203  0.33529316003900217  0.34590244081362120  0.35684737093906227
  0.36767935569844751  0.37837381119902308  0.38892793320671787  0.39940019375614483
  0.41015042915529615  0.42103175806755061  0.43194932056361646  0.44286899901183724
  0.45385567799080434  0.46442510887328420  0.47450056882884534  0.48435680638072381
  0.49459929828578586  0.50526172799558899  0.51599172985048203  0.52674213496014366
  0.53762658117374040  0.54861648526579443  0.55967005758040245  0.57076505817527312
  0.58192420047399640  0.59316189715139145  0.60449512770975955  0.61588914777084769
  0.62722657294120077  0.63846004753006969  0.64965278391316272  0.66089231513047941
  0.67210103608264560  0.68317752011336719  0.69409795360606985  0.70487975741964726
  0.71575756696902382  0.72695923954948982  0.73823668764905415  0.74928431814588980
  0.76001745075241078  0.77050948629058946  0.78094579293662869  0.79135165393768947
  0.80184448467909353  0.81265270861528927  0.82353766235652714  0.83384217625032153
  0.84393762054232224  0.85416636714345306  0.86499628063992751  0.87582712213610614
  0.88624779337716142  0.89659089284753835  0.90682466599618938  0.91725305645579625
  0.92719860446567548  0.93721612104562246  0.94723354815989302  0.95762244375700933
  0.96787275513146009  0.97804751733428696  0.98903217764167273  1.00000000000000000
   1.2587092234800939E-011  -1.0000000000000000     
 F F F F F F F F F F F F F F F F F F F F F F F F F F F F F F F F F F F F F F F F F F F F F F F F F F F F F F F F F F F F F F F F F F F F F F F F F F F F F F F F F F F F F F F F F F F F F F F F F F F F F F F F F F F F F F F F F F F F F F F F F F F F F F F F
  <DiscreteSampler_grid>
  grouped_processes
  1 # 1 for a reference and 2 for a running grid.
  10 # Attribute 'min_bin_probing_points' of the grid.
  1 # Attribute 'grid_mode' of the grid. 1=='default',2=='initialization'
  0.0000000000000000 # Attribute 'small_contrib_threshold' of the grid.
  0.5000000000000000 # Attribute 'damping_power' of the grid.
 # binID   n_entries weight   weight_sqr   abs_weight
    10   10   6.946168271712266E+001   1.675889029984393E+004   6.946168271712266E+001
    16   10   6.946168271712266E+001   1.675889029984393E+004   6.946168271712266E+001
    22   10   6.946168271712266E+001   1.675889029984393E+004   6.946168271712266E+001
    28   10   6.946168271712266E+001   1.675889029984392E+004   6.946168271712266E+001
  </DiscreteSampler_grid>
