  0.00902651424015966  0.01631063487581230  0.02641866311912795  0.03687380893635351
  0.04720356439535636  0.05771764356741994  0.06842471253795888  0.07867712597560270
  0.08814197247403693  0.09761808721829809  0.10695766001223497  0.11694204237582241
  0.12674658560923974  0.13669739575356210  0.14705719824021896  0.15923343478790478
  0.17133427072001156  0.18321791716004557  0.19373168963598875  0.20420196939827209
  0.21517764857611849  0.22656506898989021  0.23801634074144049  0.24907059098816156
  0.26051203930040268  0.27188297866981237  0.28281037936943854  0.29396360017824391
  0.30504685891494399  0.31557989715708651  0.32558415408827202  0.33559050724583234
  0.34610523890761902  0.35645368311861686  0.36668692153668025  0.37737210593958148
  0.38821332256594610  0.39855145276413845  0.40845210480560556  0.41787504458768482
  0.42728495150555706  0.43693424248585616  0.44697840249403947  0.45647505521112236
  0.46590885513522273  0.47473975358213388  0.48449003898927306  0.49489566001646590
  0.50568711872566885  0.51702827093027692  0.52774480235671772  0.53849630136461613
  0.54835609863073775  0.55803992312628192  0.56759711512611533  0.57685388809531024
  0.58648930366146723  0.59620568365386650  0.60625924152664312  0.61685809429106953
  0.62724499231394693  0.63720481845815158  0.64756381070550251  0.65837851611514819
  0.66927294165419615  0.67899849983540939  0.68812504308657718  0.69761020678219154
  0.70723461857788905  0.71737960983152782  0.72687052827296894  0.73775737957127652
  0.74846425335722599  0.75903713142048335  0.76924239907648773  0.77919892626510590
  0.78904688444044058  0.79876098667241879  0.80870466850108347  0.81945091597426689
  0.83036644505071211  0.84137588333827540  0.85260453029277405  0.86395076381298719
  0.87524962078342283  0.88635358706729672  0.89784449557019719  0.90981671718993296
  0.92123635564123785  0.93190384342742716  0.94180366346281008  0.95129530004585827
  0.96105517518241479  0.97115419278710391  0.98113751390502368  1.00000000000000000
  0.00928497119789314  0.01595315179809277  0.02503664839352055  0.03450432253781340
  0.04379542249814727  0.05314101822723889  0.06277656307980777  0.07219505394611218
  0.08174781187107728  0.09142825533595453  0.10131206328684030  0.11143750878975028
  0.12204817684125387  0.13307800088572980  0.14432563877916565  0.15583496093335977
  0.16745528271462043  0.17934366915862657  0.19104120784205594  0.20164211343195493
  0.21183418737810286  0.22152205185701293  0.23207333471108579  0.24288434354283792
  0.25404236607670655  0.26529315807135079  0.27662138077899384  0.28832672739154142
  0.29948554622487622  0.31026867583688916  0.32094311684376231  0.33132622683441865
  0.34169297033316576  0.35192802059305200  0.36173631855730359  0.37163658675371242
  0.38187942491594845  0.39241429927485444  0.40302459742160934  0.41362080847790861
  0.42442308091083475  0.43524146459401608  0.44608284577923563  0.45666965986361596
  0.46737084694906050  0.47844417546772111  0.48980825493441033  0.50136011503304467
  0.51264045296300731  0.52369105583303521  0.53440049311617244  0.54463626885701488
  0.55464697690183595  0.56468718619480729  0.57510059953806314  0.58614577219258224
  0.59792401723355404  0.60978769254854448  0.62194524149351249  0.63281276010589171
  0.64293364568739131  0.65324619848334553  0.66401236470967195  0.67511430972300901
  0.68570512479007584  0.69597135609501204  0.70564434554033384  0.71535602053787395
  0.72490919464594361  0.73511681490297165  0.74509129711612110  0.75551440734893305
  0.76629783624339221  0.77625227612821368  0.78569617067169062  0.79520772758929714
  0.80464798759322786  0.81403741633768933  0.82247638980764926  0.83073406935947425
  0.83925506450527887  0.84838659164184904  0.85856909153543715  0.86960743938231866
  0.88055714705136390  0.89183448645581254  0.90298108066870275  0.91396895346354667
  0.92403645015071834  0.93376310388133177  0.94282838589465479  0.95188165404052971
  0.96132045604567395  0.97135457274197345  0.98155441537427102  1.00000000000000000
  0.05680566611522818  0.05813786112679861  0.06058471747978985  0.06317135579789232
  0.06569325672273708  0.06963441744694662  0.07351849242522465  0.07732529626726899
  0.08126813303218205  0.08528549964303467  0.08950998519088245  0.09371758632973912
  0.09790992661349791  0.10231028159268907  0.10677309249712938  0.11133372745797246
  0.11599013759047411  0.12071187879798513  0.12559411498762260  0.13049014073666423
  0.13539744996351361  0.14034271108026089  0.14519485036230129  0.14867003091638195
  0.14940108971232510  0.15064710159014508  0.15183381298754861  0.15373849681210533
  0.15618013446232715  0.15856497677102702  0.16091680728429847  0.16326273613552439
  0.16561289866144027  0.16798195560000231  0.17038458077448662  0.17282041292476791
  0.17527289766679477  0.17770584351452304  0.18012222300653941  0.18255662522004512
  0.18501479812211513  0.18748925729999016  0.18998313908092043  0.19252725496794204
  0.19514257224843443  0.19781284393142695  0.20052737122359951  0.20327272680511010
  0.20601987251608755  0.20878402174994312  0.21157091830034147  0.21437202691656496
  0.21721210177330430  0.22006208621883100  0.22296742558319779  0.22592241282564016
  0.22892109728997917  0.23194496464914455  0.23501404856919303  0.23814334476096305
  0.24132285492616290  0.24458213461974534  0.24789164371516262  0.25121672361465835
  0.25459678932743707  0.25802670658746624  0.26150149638159487  0.26507231210758958
  0.26875010627476426  0.27245762626050118  0.27621199163946270  0.28007849971691556
  0.28408835120080356  0.28824279075607079  0.29246954209918202  0.29686468949046180
  0.30143136629245643  0.30619598085555716  0.31116747544039408  0.31638707463333543
  0.32182586238547445  0.32750441161343441  0.33352226220396908  0.33994110438931863
  0.34686541239929614  0.35443899909052767  0.36274811920822159  0.37205859178657330
  0.38267637058374032  0.39492256332475600  0.40976160075312801  0.42842479709116299
  0.45554796103038114  0.49912800983445288  0.58660796958737027  1.00000000000000000
 -0.00355628807390378  0.01260061090085382  0.02544358045916384  0.03745782513032247
  0.04817378699916586  0.05810971048052990  0.06799541693893121  0.07754323799214466
  0.08709387408917799  0.09675812470954512  0.10696312027255328  0.11791089378062120
  0.12858007690250203  0.13856051404963615  0.14872865119509987  0.15914982335918684
  0.17044015301312718  0.18201991911669227  0.19350772969499586  0.20510750154034160
  0.21646816941349234  0.22769851373050407  0.23897559482440375  0.25063525709516243
  0.26259224982969026  0.27413064748357313  0.28509364979217627  0.29563032613760698
  0.30548584588838995  0.31539854121888738  0.32593485277598278  0.33658302576917726
  0.34728532086632419  0.35783957628404500  0.36895885484776636  0.38000421592363526
  0.39061717896684561  0.40068899455176327  0.41043772091169095  0.42047900026985380
  0.43076314087462259  0.44119860619680290  0.45173015669245659  0.46273087927114137
  0.47402830350499187  0.48488206413300627  0.49454950615857496  0.50450173215648897
  0.51449562258669246  0.52424881839450210  0.53405177346729860  0.54406567864456223
  0.55446504079497938  0.56441824997171586  0.57385680938446371  0.58315241343990232
  0.59229610716524439  0.60129066301984713  0.61061844233292029  0.62012074209773349
  0.62997132825234159  0.63990487016304753  0.65046008555151635  0.66160253251830481
  0.67273585439479144  0.68387342844338406  0.69508535651078451  0.70646062268707233
  0.71729443523181402  0.72784855641991042  0.73833187913686626  0.74828798473034475
  0.75781389585073677  0.76715462578537885  0.77620830985051370  0.78503633747737067
  0.79399716316059388  0.80332250488263013  0.81270627449778632  0.82208412209379278
  0.83192881240495320  0.84234524815123557  0.85256454464938936  0.86203214758253377
  0.87196885610808250  0.88262168206366476  0.89302151684932207  0.90373034664612784
  0.91445249873754164  0.92603706967828614  0.93834029365286387  0.95081431282730877
  0.96363810302003694  0.97538436701061426  0.98772863676311662  1.00000000000000000
 -0.00209233871278068  0.00874065651605629  0.01833269632432914  0.02830592822945101
  0.03797972756253580  0.04757182720556832  0.05699227968924567  0.06663615225226807
  0.07641130862256021  0.08645893557612566  0.09688776404447685  0.10712079565264523
  0.11730479502727188  0.12798578543581846  0.13919614888299861  0.15014782097696536
  0.16046304984115323  0.17047714933966976  0.18059041343860213  0.19125245888522965
  0.20180882782028703  0.21299718172885401  0.22445648128461407  0.23572141051729414
  0.24669310044972584  0.25811672426187526  0.27014086234012663  0.28208436873301551
  0.29340967016376135  0.30380640755969773  0.31410792071751759  0.32462652096155786
  0.33524060615312207  0.34589494702042223  0.35664478114450793  0.36777898156766670
  0.37888922247345647  0.38930137965412515  0.39954333352260180  0.40954420721398388
  0.41941090268284775  0.42902693170463441  0.43860314359014568  0.44866493427102561
  0.45887622410516654  0.46913170983152025  0.47903902819827288  0.48936245116680116
  0.49936351238520271  0.50933084866362499  0.51902548720313513  0.52906561778463634
  0.53940536992725330  0.55035360599283667  0.56186743175540288  0.57359540038132950
  0.58541621876358119  0.59634441970430818  0.60740208537263307  0.61828724868911200
  0.62915956390992722  0.63986213979832707  0.65063733214267272  0.66231165622858301
  0.67293785321441035  0.68350928871099770  0.69364768873113691  0.70377890609669513
  0.71357673880352523  0.72359584785291953  0.73452227933936776  0.74548509406514596
  0.75622069821547100  0.76679911997996841  0.77706683481176220  0.78699930671854468
  0.79702633794313560  0.80720572617590736  0.81768126329469015  0.82824367611816052
  0.83892313743135938  0.85004251211283544  0.86166047199806950  0.87382182128364816
  0.88483293732519630  0.89509696917234449  0.90522787045783981  0.91541973475402727
  0.92557207019793708  0.93589136758926283  0.94609562731350760  0.95646858336688412
  0.96656480377255194  0.97733829390208471  0.98829439448983014  1.00000000000000000
 -0.00244458096212189  0.01031359199447538  0.02084073138290323  0.03195619173600193
  0.04329529330672684  0.05523539528328143  0.06704341582868636  0.07882346364487336
  0.09054362365896194  0.10189004402465179  0.11234361030560344  0.12253228510699249
  0.13322853351847089  0.14420771044899477  0.15517624159057405  0.16624471680365352
  0.17791858846579406  0.18969848078768989  0.20113663270636870  0.21274069553619629
  0.22462939062965032  0.23600386174483665  0.24672267907493423  0.25769236204160412
  0.26869837022162418  0.27996704479827195  0.29117450696690278  0.30266757032978675
  0.31416351233216055  0.32564422975029572  0.33649692674463999  0.34636200271401213
  0.35589984173196182  0.36554699961196796  0.37541887930383944  0.38536515717090475
  0.39599304615092190  0.40785692115919114  0.41934673885641877  0.42994653295487645
  0.44008700366860470  0.45030390604461307  0.46047967704853948  0.47060785877038647
  0.48039730351603238  0.48972186533181827  0.49903327539722714  0.50864789860852933
  0.51841681555555708  0.52799441478695652  0.53736387754615034  0.54708782002893930
  0.55739095612475853  0.56797845844959172  0.57873732139900991  0.58930494874618056
  0.59932085939585000  0.60891595133334186  0.61811352271595454  0.62724597399756687
  0.63647778962673318  0.64560927082576325  0.65487891923454244  0.66425280747118676
  0.67401991563234764  0.68431164344974560  0.69464677250314177  0.70492585852711009
  0.71511391937708013  0.72517678678930519  0.73525781658265577  0.74518147604809204
  0.75489690183008895  0.76467380567658327  0.77506657543752555  0.78579504179717008
  0.79624316668712491  0.80653456590854955  0.81735025946786766  0.82865776090029519
  0.83988154833897100  0.85098841842927175  0.86265077069756124  0.87421683310422371
  0.88498879084877780  0.89509292821901076  0.90534373691567649  0.91595961842591533
  0.92648818080994000  0.93678246124024478  0.94693074631303753  0.95746713934918892
  0.96828155576130370  0.97888630278022781  0.98946438612983090  1.00000000000000000
 -0.00180137091500270  0.00730068098415641  0.01530656172271182  0.02402005229933689
  0.03350140226198411  0.04278858665526252  0.05346812862691575  0.06425831669734144
  0.07472544769926950  0.08521507575754218  0.09581641988120000  0.10653950368135956
  0.11687698819058870  0.12722967992447023  0.13814996847693400  0.14903253918075224
  0.15911021162748135  0.16905166033712743  0.17916510725746945  0.18925543129692257
  0.19901539978697655  0.20923439355563411  0.22044047368158312  0.23229331944157683
  0.24371212966296305  0.25485784479390916  0.26611136717206541  0.27760474851300798
  0.28939507242319223  0.30093611774148904  0.31197058089084462  0.32313538153491317
  0.33437829539329222  0.34591590342865780  0.35739600723555159  0.36884120959547351
  0.37946792950423369  0.38945481957571121  0.39915104390861067  0.40909479020029960
  0.41943695135960257  0.42975203802685741  0.43955512925783535  0.44928971190365935
  0.45919650322100852  0.46900692530908250  0.47876378594283181  0.48826855281899151
  0.49759827519910910  0.50730822996471892  0.51728087750105445  0.52751865007597787
  0.53729597050080224  0.54735507317790744  0.55834344787253798  0.56910705143106899
  0.58021702763281224  0.59154467763455854  0.60348818772535129  0.61504894534083576
  0.62715605099756933  0.63952003137608981  0.65153307745614775  0.66295380069951848
  0.67432264052191493  0.68565569282035943  0.69522687275570549  0.70486898805642728
  0.71491053328072196  0.72571497532598594  0.73620105260368918  0.74615282006236539
  0.75613724111707536  0.76555861571126882  0.77507109625430437  0.78500280542970780
  0.79595900063060177  0.80745117774718678  0.81852306606756908  0.82932083496585729
  0.84033317932595919  0.85111539606717579  0.86170549257939855  0.87226088293240123
  0.88365561983988972  0.89621159114648441  0.90748070082279764  0.91836019668713254
  0.92839445080834726  0.93836813102265582  0.94820384739950947  0.95804835063220672
  0.96812037245307225  0.97830915530053264  0.98894293187298232  1.00000000000000000
 -0.00259728916803907  0.00975848370435429  0.02079728931782288  0.03156459482705416
  0.04324091263840060  0.05553148186926660  0.06814768192122292  0.08030283457991848
  0.09172841953066121  0.10245748590009113  0.11232982317394326  0.12167381717656675
  0.13095953266441318  0.14034250830034947  0.14978161292925055  0.15905297169025276
  0.16867433283822600  0.17921326628254489  0.18972650558828189  0.20068135939041817
  0.21111281281539068  0.22312317430080314  0.23448358122728771  0.24688233133031248
  0.25811687459553306  0.26918102881861605  0.28009219057937279  0.29073335603126138
  0.30084935252289957  0.31098758866103077  0.32155842953800906  0.33196624711945621
  0.34202464912521513  0.35221296065027119  0.36304782357982140  0.37442559188322605
  0.38611391451822752  0.39784333081974554  0.40928588557280227  0.42049784554918890
  0.43146043623390867  0.44178561770388436  0.45186005803312346  0.46239114418730959
  0.47285685557898083  0.48248037605164984  0.49147427008705685  0.50086274632842775
  0.51128697820431579  0.52171453561050551  0.53150575425547542  0.54110718802829394
  0.55082512886613577  0.56076288651303063  0.57016634156233159  0.57897055806673259
  0.58803186283812992  0.59715136453840933  0.60635568641676807  0.61655289444152483
  0.62682055359198263  0.63695503384783192  0.64708593417356530  0.65719643834249430
  0.66718522080465414  0.67695771034868923  0.68669099336841888  0.69714291521049021
  0.70837097795724457  0.71943018343483356  0.73047209641546806  0.74165079131437694
  0.75247171602567109  0.76357878845159888  0.77438586689964906  0.78584130401503594
  0.79710930322518969  0.80847293117139085  0.82015874500291741  0.83196742187426020
  0.84372625106694377  0.85567771575498963  0.86789912020564786  0.87949338818768918
  0.89002329801762825  0.89982391465323774  0.90902906617327695  0.91826460091442663
  0.92710955428153230  0.93619033241815031  0.94609225056158552  0.95614264681966410
  0.96643115992039208  0.97716007378416525  0.98838112669962175  1.00000000000000000
   2.2194199011827979E-008  -1.0000000000000000     
 F F F F F F F F F F F F F F F F F F F F F F F F F F F F F F F F F F F F F F F F F F F F F F F F F F F F F F F F F F F F F F F F F F F F F F F F F F F F F F F F F F F F F F F F F F F F F F F F F F F F F F F F F F F F F F F F F F F F F F F F F F F F F F F F
  <DiscreteSampler_grid>
  grouped_processes
  1 # 1 for a reference and 2 for a running grid.
  10 # Attribute 'min_bin_probing_points' of the grid.
  1 # Attribute 'grid_mode' of the grid. 1=='default',2=='initialization'
  0.0000000000000000 # Attribute 'small_contrib_threshold' of the grid.
  0.5000000000000000 # Attribute 'damping_power' of the grid.
 # binID   n_entries weight   weight_sqr   abs_weight
    10   10   4.014100802038949E+004   4.485692895538232E+009   4.014100802038949E+004
    16   10   4.014100802038948E+004   4.485692895538230E+009   4.014100802038948E+004
  </DiscreteSampler_grid>
