  0.00002906030983063  0.00005264458685849  0.00006852349550851  0.00008400933052783
  0.00010051744817736  0.00011605709814418  0.00013131175003687  0.00014840337944045
  0.00016769787876428  0.00019070826307659  0.00022192132780159  0.00026606789611940
  0.00032325083771268  0.00039358445769038  0.00047899575353644  0.00058143940719187
  0.00069847152846559  0.00083842182832238  0.00102366076145874  0.00127722227976922
  0.00158618387422880  0.00197901662324589  0.00246371651881886  0.00303222502533644
  0.00377757284706477  0.00480207602461740  0.00619164832581304  0.00822162763270266
  0.01102615322146359  0.01526469889553983  0.02171104880132689  0.03109305399306643
  0.04357759155546953  0.05930605910337657  0.07682488310849631  0.09519233918842818
  0.11400300237976892  0.13301123960113570  0.15221727338691654  0.17152166549649919
  0.19080028126380189  0.21009548752737109  0.22934993157503988  0.24859674020800618
  0.26771030894578085  0.28692697721987387  0.30639874719100091  0.32586106441953405
  0.34523844696460504  0.36455984760190513  0.38383038012455917  0.40304520042554731
  0.42224159363928954  0.44150583722751380  0.46082224985298192  0.48001569827157303
  0.49915772291870358  0.51842107113015723  0.53756111904004233  0.55662626677012705
  0.57577107187768450  0.59451999356757046  0.61330357956015624  0.63232075052437764
  0.65123049448288939  0.67020719129849038  0.68913078910479941  0.70768948458866865
  0.72626504612415510  0.74489210616899659  0.76336864552223294  0.78169711486042481
  0.79990561882596589  0.81807497959781994  0.83615795441745810  0.85396281382058770
  0.87159502330440952  0.88889941249195259  0.90572510801649531  0.92194750340442910
  0.93724961039085131  0.95123931353513203  0.96342751051352116  0.97339865342232157
  0.98096854025721980  0.98646758360493059  0.99043295801605313  0.99326787463455390
  0.99527451960662117  0.99670282003077770  0.99774501812074357  0.99852269873915656
  0.99905201558583712  0.99942286189453222  0.99972951744306804  1.00000000000000000
  0.00002192349739442  0.00005191413618767  0.00007094918290009  0.00008770497031170
  0.00010415034340702  0.00012407984013739  0.00014750673492962  0.00017403997236128
  0.00020370800105626  0.00023849264840819  0.00028389913732362  0.00034065521159701
  0.00040718059531922  0.00048395292606076  0.00060575607556957  0.00075149555788603
  0.00093483613063955  0.00116952646781626  0.00145634093092284  0.00180949908253028
  0.00223747105798508  0.00275731915306759  0.00340673224662816  0.00428195110760505
  0.00545947363701356  0.00706722748138482  0.00944695302108775  0.01323279802225359
  0.01919092588592144  0.02804786665210405  0.04048305698794960  0.05616625192668644
  0.07407179893947417  0.09293695484788264  0.11223400351568338  0.13159292886354712
  0.15109463758201552  0.17088382551346148  0.19078004650659641  0.21065739592140315
  0.23056447735026858  0.25048507799688913  0.27047962348098320  0.29045765492303177
  0.31025777140853922  0.33009949050981913  0.35007513819359709  0.36986526373376155
  0.38936287175815437  0.40896751481529120  0.42862369391526384  0.44776092489660135
  0.46688620149345500  0.48657578261676154  0.50629306429626042  0.52578567521552688
  0.54512844112540504  0.56455647753712934  0.58405839249947955  0.60370698578932636
  0.62355158247724396  0.64313963947656916  0.66238944402784106  0.68152723536604831
  0.70074837154042835  0.72002695736931743  0.73924465258074290  0.75834208531620284
  0.77737597029393990  0.79630109291932871  0.81499660004341734  0.83356339651420297
  0.85209722773738883  0.87043041242599650  0.88848081170176496  0.90605056522840766
  0.92278901929370316  0.93823594460299464  0.95244640413002157  0.96469488367166611
  0.97476338181326694  0.98244283941230026  0.98788220726448395  0.99155903556196900
  0.99402357962742527  0.99572199596981137  0.99709456363455362  0.99807419558343569
  0.99878462602534279  0.99909008306958780  0.99935061381392853  0.99950269654190504
  0.99964040534449605  0.99976865300773066  0.99988499126381036  1.00000000000000000
  0.00245909710194813  0.00297898888500899  0.00319463897928555  0.00349297595078366
  0.00382196736429515  0.00418704270540688  0.00459555364626760  0.00505460805000058
  0.00556208389623183  0.00610809105971805  0.00666500802590867  0.00722320476722136
  0.00778801257122509  0.00836525051524371  0.00894673007587202  0.00951617706183066
  0.01009506085125557  0.01069913174600241  0.01135113327293950  0.01202500176958180
  0.01271936779519898  0.01343558484875616  0.01418833475752673  0.01495252246267367
  0.01576332084015878  0.01661061469339989  0.01751660859314845  0.01844672129490245
  0.01939013060622218  0.02034850803565151  0.02134473033205509  0.02240699521977559
  0.02356858245305636  0.02477101318246657  0.02601906346477922  0.02732155167121942
  0.02869294677177551  0.03014964314744042  0.03167132196269867  0.03317472610754869
  0.03469939742882834  0.03623953487397583  0.03796144182783117  0.03977256632291516
  0.04152005210829920  0.04331397871250183  0.04516429774053103  0.04717967540091589
  0.04934207800566637  0.05158416335872350  0.05390359490222581  0.05632212989106644
  0.05892611319709778  0.06146427718489404  0.06380257419607233  0.06620205194443581
  0.06862713006894533  0.07128684417422153  0.07426920188555737  0.07746116711333322
  0.08084408137010243  0.08444454028381343  0.08839903400656506  0.09264324247635451
  0.09686044681426055  0.10073475543583696  0.10473330853985992  0.10873864257496488
  0.11363832154237488  0.11884249297744315  0.12461456446974252  0.13073005395470944
  0.13678458885002204  0.14292577820860169  0.14921534979945777  0.15606714814827072
  0.16392655798386635  0.17230231489457543  0.18146018172183409  0.19121748348832657
  0.20180074311757473  0.21318981795055597  0.22532173419440099  0.23817842036710396
  0.25118361036778170  0.26520729384980640  0.28028583501371029  0.29705276852876727
  0.31502107952168307  0.33426604622203854  0.35562085528200410  0.38051697499378051
  0.41028771077778586  0.44882366211040348  0.55651364195194319  1.00000000000000000
 -0.00218748206677479  0.00883017355825969  0.01806034776680902  0.02764621490663850
  0.03730090374097848  0.04729039612982287  0.05791471067343691  0.06792251338677534
  0.07743829353760376  0.08676081394324341  0.09638328807916280  0.10612613074178001
  0.11544120199611567  0.12369241964363648  0.13216032955882018  0.14081597002231500
  0.14966049504986215  0.15887923444004270  0.16805648828663827  0.17782959403119342
  0.18761737547706087  0.19741130512783170  0.20734839224676818  0.21730202880028637
  0.22704033185863454  0.23664399789129900  0.24625343578883527  0.25615117082265171
  0.26613553701322357  0.27589148773172434  0.28572040948685690  0.29563793991917975
  0.30613495021467402  0.31699375778611849  0.32780008157189933  0.33873659001062301
  0.34984595797291779  0.36070858267207684  0.37114077472546791  0.38131727429822582
  0.39180978284547774  0.40275230318334165  0.41390916158107000  0.42501979198042011
  0.43623408621372967  0.44742335273103401  0.45866139479636531  0.46998247565916684
  0.48149485810504400  0.49287260339763439  0.50425305040253210  0.51549009234515208
  0.52688354716908181  0.53821520264089184  0.54963714026887811  0.56115377858966464
  0.57239413969576214  0.58361292965263634  0.59498597954227206  0.60640502870312263
  0.61792142099228764  0.62917206540361004  0.64006727708567779  0.65086474248863491
  0.66157962913066548  0.67248506025140098  0.68353713898420376  0.69488669355393839
  0.70622929909407806  0.71728472914390640  0.72811913406190953  0.73922650910464016
  0.75068452717778944  0.76243790178816873  0.77410867668155225  0.78547246908129498
  0.79610380888258514  0.80638636042531087  0.81654734258777906  0.82716729995700466
  0.83838774530456117  0.84949260469138488  0.86053382678759338  0.87142387852483794
  0.88254513748867380  0.89382860925995089  0.90537112219309124  0.91729742059019082
  0.92872509163238404  0.93833691280601572  0.94746273206627940  0.95606670544957228
  0.96560444960239211  0.97726571637686510  0.98721209449140335  1.00000000000000000
 -0.00243012690355298  0.00942945921091457  0.02049843983546213  0.03127865174954993
  0.04236825626598278  0.05289421434728176  0.06382694764103489  0.07441079675053006
  0.08538484861256838  0.09635939109155293  0.10763894876500531  0.11843001476082954
  0.12904423726061959  0.13929597875628200  0.14990668569714655  0.16045694908556818
  0.17111830753646198  0.18184496697805055  0.19190479952379000  0.20199363668465689
  0.21166561879293791  0.22187958594739740  0.23237313527562503  0.24312490448488910
  0.25398115217672529  0.26471020938455697  0.27540502028797759  0.28585368789796539
  0.29608524183965440  0.30643025975397770  0.31734677345982976  0.32787320276133664
  0.33694926801595126  0.34551604624855248  0.35406157693290596  0.36395725319839001
  0.37476331708356642  0.38546930554259751  0.39622014622321283  0.40660942697431096
  0.41687311217596679  0.42718869779032592  0.43800534959075921  0.44908050514638975
  0.46005323504921625  0.47093833430076559  0.48204242978027001  0.49322084409036554
  0.50338182608245485  0.51234865388453010  0.52155835508755011  0.53068575142842567
  0.54012616844224970  0.55019886511885274  0.56008972118176092  0.57036556799819549
  0.58152296565915895  0.59248141048325520  0.60309493494438271  0.61373211636290381
  0.62431436965483744  0.63464299065291885  0.64504839040523898  0.65585451134280215
  0.66714045206882333  0.67850612118069753  0.68946286113750932  0.69990071692390743
  0.71026898715627051  0.72080670231786581  0.73150662460215277  0.74200804854990743
  0.75234068711487212  0.76263795981743876  0.77313899897575811  0.78372455767162763
  0.79456145580748827  0.80537881111426857  0.81643813680235067  0.82736160484695276
  0.83836340545267807  0.84922672591703108  0.85996188524645811  0.87048711017362235
  0.88081931606110875  0.89094588624741955  0.90139096364599403  0.91196739544106531
  0.92306038528236745  0.93375397289602513  0.94463246535287015  0.95572006277496824
  0.96724516234397984  0.97836606199897092  0.98932888028958410  1.00000000000000000
 -0.00225677176741009  0.00904474641371663  0.01843599353623772  0.02847577937471991
  0.03669870833636877  0.04563185189118843  0.05388643296440074  0.06255699622166679
  0.07201121357579471  0.08108714720529291  0.09016557259642115  0.09914808280333003
  0.10837890712206463  0.11760062964759177  0.12684567312172645  0.13637557049598886
  0.14584626855749797  0.15577013321432923  0.16551191009360677  0.17491232257766609
  0.18439489559775937  0.19403255004072756  0.20374762118614936  0.21340298436662783
  0.22315697701009030  0.23326886126849206  0.24385755325834127  0.25461276636469571
  0.26525594818520482  0.27549809786704293  0.28536869052304820  0.29533553423893644
  0.30571591893020233  0.31645418431495043  0.32723372941208900  0.33792109141581239
  0.34806739584672619  0.35773713634161619  0.36742619912540342  0.37743486805718857
  0.38831228098352555  0.39927748034038579  0.41019936933840323  0.42111904919617760
  0.43209974889860930  0.44309247325987738  0.45427456873468930  0.46547856688798955
  0.47668011176010588  0.48789384971076244  0.49927097211117644  0.51074689338645918
  0.52213326264813709  0.53347049138865277  0.54461724126586586  0.55565805653716294
  0.56677582724393205  0.57825902373347826  0.58983426717273868  0.60027909971177629
  0.61028013079711751  0.62010746503932768  0.63018058902143426  0.64172628230051787
  0.65362196949468432  0.66527717412381193  0.67679614574158442  0.68817572603088906
  0.69954974323378938  0.71103018496734760  0.72242982011677415  0.73400311909171068
  0.74545371084916645  0.75694232926932004  0.76838079357812816  0.77970726559171177
  0.79097606625903583  0.80204748141100080  0.81298361240241301  0.82383533491931527
  0.83496597379941018  0.84615693535235015  0.85707392466109866  0.86783494303206998
  0.87853770751673055  0.88972987711558815  0.90047413831058010  0.91098557808970393
  0.92164495122010626  0.93260888371245210  0.94398247662838208  0.95567436095302460
  0.96734871831139901  0.97872314434363916  0.98956020977918802  1.00000000000000000
 -0.00253088481411989  0.00989600121476103  0.01988391498624842  0.03058746196267021
  0.04123184486838016  0.05239622192999549  0.06274309155285525  0.07335302427293915
  0.08244685313602475  0.09180767178368658  0.10094380774766676  0.11072035178251047
  0.12121299581893277  0.13177078741241771  0.14267046852666510  0.15387460491822613
  0.16509886993854353  0.17615364625891095  0.18699969428165999  0.19787487840535084
  0.20876414893282014  0.21978686370785042  0.23074156086159114  0.24174856819979446
  0.25269192923283423  0.26371380698527153  0.27442449412728398  0.28480336971578391
  0.29504572447381994  0.30569598828467315  0.31663770360103732  0.32753934131822532
  0.33800088299845005  0.34852998110311834  0.35919806420765271  0.37005226213227554
  0.38093625048071389  0.39170154864360091  0.40231400194368167  0.41287223719279154
  0.42354058906266712  0.43343187818791945  0.44210022811733912  0.45088934313450374
  0.45988649623254924  0.46975208984639616  0.48015330459847710  0.49064000130778240
  0.50150817955935689  0.51214959043378683  0.52265867096803287  0.53309816938328003
  0.54386048661387287  0.55487882122399890  0.56606592271873168  0.57709159529682830
  0.58808082630393299  0.59916440338361521  0.61009362494467134  0.62058316351880716
  0.63102374142073947  0.64178090242577368  0.65290306868181558  0.66398684160574772
  0.67482390983616769  0.68558252854174118  0.69646987335545441  0.70759144806201102
  0.71841283369779108  0.72874607474583764  0.73864029299174216  0.74867405417604538
  0.75895108149622548  0.76949547728227896  0.77952394259306512  0.78959772292767449
  0.79985502827226218  0.81094099401434172  0.82214869406100499  0.83278791317755851
  0.84297749800138877  0.85300310873492613  0.86316035701144778  0.87326781044544444
  0.88288024873310356  0.89276302848406563  0.90250697474253350  0.91295257438435018
  0.92355605859928325  0.93464063649417362  0.94580082799362730  0.95675269900551152
  0.96754113778177697  0.97860145357908279  0.98910163006237550  1.00000000000000000
 -0.00233698515801372  0.00921104129214311  0.01997175386365052  0.03121247347150437
  0.04268424324531455  0.05382488631192106  0.06359070723372005  0.07318415844383029
  0.08241013137400184  0.09216796586746066  0.10280031299850800  0.11323298088331163
  0.12363214801620048  0.13417361897895860  0.14482625879080263  0.15534574861698897
  0.16578116779137303  0.17629661816229944  0.18681358992916275  0.19731148486088673
  0.20815180824518748  0.21938827886961865  0.23044728673409010  0.24097733824246270
  0.25133654842610248  0.26188807147334348  0.27228211215328807  0.28261280309783382
  0.29266661891941093  0.30227604058527324  0.31228211880780177  0.32217678787311238
  0.33279242705795020  0.34317742242332477  0.35370148488479558  0.36449314796810139
  0.37491104654958984  0.38513602996287716  0.39587548451017474  0.40661660130609634
  0.41744595112577593  0.42819025601995542  0.43909835621777749  0.45003750158025652
  0.46091302897252268  0.47171307572750354  0.48263152059064618  0.49370476321614309
  0.50439065763901325  0.51468801171361889  0.52496001252821967  0.53548157181153266
  0.54626671191424425  0.55709665086823246  0.56800279031307555  0.57916357476445091
  0.58951501637341985  0.59925827461244641  0.60901621678204032  0.61914710073307155
  0.63032705878921402  0.64154334063780749  0.65241554714508354  0.66307270644067451
  0.67378479260283786  0.68480006239208568  0.69557318456118666  0.70597302805665274
  0.71614638125651475  0.72657736832298603  0.73734145555407782  0.74841472260932274
  0.75927783857241216  0.77015862346022546  0.78031920173732927  0.78963948083990110
  0.79837318168286964  0.80681321321477273  0.81676284487189965  0.82802180974840089
  0.83908108550562832  0.84973158197948195  0.86026980639585182  0.87086669159619645
  0.88172029049222900  0.89265329000972826  0.90343551374944298  0.91424363041580148
  0.92514908055818423  0.93595400429121667  0.94660591426037843  0.95719232846869762
  0.96767347125987080  0.97841506975861725  0.98861364437450572  1.00000000000000000
   1.2351261310387940E-011  -1.0000000000000000     
 F F F F F F F F F F F F F F F F F F F F F F F F F F F F F F F F F F F F F F F F F F F F F F F F F F F F F F F F F F F F F F F F F F F F F F F F F F F F F F F F F F F F F F F F F F F F F F F F F F F F F F F F F F F F F F F F F F F F F F F F F F F F F F F F
  <DiscreteSampler_grid>
  grouped_processes
  1 # 1 for a reference and 2 for a running grid.
  10 # Attribute 'min_bin_probing_points' of the grid.
  1 # Attribute 'grid_mode' of the grid. 1=='default',2=='initialization'
  0.0000000000000000 # Attribute 'small_contrib_threshold' of the grid.
  0.5000000000000000 # Attribute 'damping_power' of the grid.
 # binID   n_entries weight   weight_sqr   abs_weight
    10   10   7.360231118538723E+000   1.246738546243576E+002   7.360231118538723E+000
    16   10   7.360231118538723E+000   1.246738546243577E+002   7.360231118538723E+000
    22   10   7.360231118538723E+000   1.246738546243576E+002   7.360231118538723E+000
    28   10   7.360231118538721E+000   1.246738546243576E+002   7.360231118538721E+000
  </DiscreteSampler_grid>
