  0.00921620439557911  0.01591503332260555  0.02601507949407392  0.03715765600736626
  0.04789970473481682  0.05870775497697346  0.06952258449308493  0.08066293244270840
  0.09187817285646464  0.10379574660982249  0.11586887876023536  0.12746349595272383
  0.13872447255780909  0.15032754398986092  0.16246267923518912  0.17446494719734185
  0.18578716408026746  0.19665708395310091  0.20735566794399879  0.21841717041624312
  0.22963806297759190  0.24083888956824029  0.25219458562381847  0.26305790199174273
  0.27321841554914256  0.28296591460558079  0.29293783095733100  0.30352469498320594
  0.31411719052059950  0.32437870035579863  0.33475094308368514  0.34551433773605039
  0.35621398882067834  0.36648322727447635  0.37674698118220251  0.38715028316240546
  0.39716108299039710  0.40715709001387423  0.41765987804448756  0.42863933597624349
  0.43926498937181241  0.44923959122728391  0.45879368332790349  0.46747249889016040
  0.47597437075797444  0.48507408871939028  0.49475009916291868  0.50477701979817313
  0.51466561613350759  0.52447533998452023  0.53461880921791893  0.54501574173961354
  0.55541235923649457  0.56549948264809302  0.57561921869814237  0.58559265499224311
  0.59542337993533101  0.60514444651228372  0.61502175291165229  0.62496348333476082
  0.63477479628299627  0.64441057167202065  0.65446180440355650  0.66399683015023347
  0.67353683767640193  0.68284224798613746  0.69309391888679728  0.70354890963212169
  0.71468042374047169  0.72587100595760434  0.73670864415779880  0.74766063840707564
  0.75854614779936036  0.76963743474162971  0.78097126944372630  0.79228692869992401
  0.80339896732930649  0.81419956156226214  0.82443979016176283  0.83464867769723539
  0.84502180108768443  0.85520380927162365  0.86482082127934490  0.87425984787082200
  0.88382988004632523  0.89379998958599416  0.90357450899161018  0.91298339028757802
  0.92261817387152867  0.93278602105218078  0.94376007855704058  0.95541707205885029
  0.96662437699346393  0.97762561164655293  0.98870257251402005  1.00000000000000000
  0.00919206264939608  0.01632652732892805  0.02721004448420295  0.03911760507089320
  0.05009615713598981  0.06040611671565808  0.07091608529515755  0.08163068778275544
  0.09243136328243737  0.10285700033704240  0.11362325001671868  0.12472046322020015
  0.13452456435846108  0.14460505489533082  0.15443388707639014  0.16399284108488227
  0.17338177733354448  0.18293619936143851  0.19329973522657945  0.20420942188397226
  0.21459618046577883  0.22453290692608585  0.23452656164454969  0.24442294949607110
  0.25412975087909850  0.26386836756287541  0.27403250034473797  0.28481613049517618
  0.29566087480193937  0.30618005635366724  0.31668515148780041  0.32717354931907539
  0.33764603776832036  0.34842624380198001  0.35951875748577211  0.37092455815329367
  0.38231878704190109  0.39354714891098141  0.40456702025131180  0.41529904012309732
  0.42618829863162111  0.43738310339501474  0.44866305051360239  0.45988449655791619
  0.47111051367042439  0.48177519749966258  0.49162459261306540  0.50182111695266141
  0.51242424177979284  0.52337908156756152  0.53433381307145023  0.54537570534943780
  0.55671386995417960  0.56778423569175429  0.57875654565002976  0.58964018022660958
  0.60011706753726390  0.61037815364676429  0.62032567278299344  0.63014394445850119
  0.64016547078813701  0.65094735236370660  0.66243092020617211  0.67405934225781905
  0.68535568182964879  0.69666059284092285  0.70794265971591797  0.71915411638753157
  0.72991618184062590  0.73977850672743850  0.74958328972354082  0.75959666742451759
  0.76940702045238274  0.77874079437348598  0.78792529113862420  0.79845817408559361
  0.80970127542300241  0.81992923726369693  0.82944231334225926  0.83903938128003530
  0.84834502717678772  0.85757193215630145  0.86689896757778662  0.87686546172888002
  0.88739424002373934  0.89754718008303369  0.90756120550557196  0.91758237469435988
  0.92738942879235531  0.93743980688553330  0.94828556995094326  0.95923808681371714
  0.97010619602420367  0.98053401707086463  0.99146666183969012  1.00000000000000000
  0.05722231143476156  0.05897624436477841  0.06125941645280221  0.06392786348212073
  0.06670930401378460  0.07016261998190154  0.07402308996574521  0.07774470802288912
  0.08153611743477521  0.08546054086493816  0.08950807750965568  0.09361215965300961
  0.09777179932800631  0.10209901206542255  0.10659787109627067  0.11111352746287260
  0.11569484021208651  0.12039874291493852  0.12517836085087838  0.13002526127530117
  0.13500616322926087  0.14040408204737440  0.14533121157257634  0.14861674784027051
  0.14928499245440338  0.15056986247087276  0.15172383560371358  0.15348462350331621
  0.15587012657058297  0.15828951592443341  0.16069923204655423  0.16309339911348367
  0.16549134686243736  0.16789539131981154  0.17034084585369691  0.17279176529627310
  0.17523105898281438  0.17766794628715649  0.18009721442738585  0.18253555312591910
  0.18498918791733426  0.18747759621716728  0.19000971964770577  0.19257791819622971
  0.19518179125154952  0.19780476764355714  0.20044944650237517  0.20313289627095979
  0.20585784491091513  0.20865101897809801  0.21147347705039984  0.21432520868208829
  0.21721601236493199  0.22014396669830172  0.22307153322554860  0.22604965028112031
  0.22903348395530132  0.23203732243070049  0.23509181706511656  0.23817853916152815
  0.24129713080305723  0.24447868254998578  0.24772032160407240  0.25099861383122224
  0.25433344809578423  0.25772554734735942  0.26116830166035426  0.26467175941786547
  0.26825175543792062  0.27192238818361397  0.27573131016945618  0.27964364028593441
  0.28363692549347386  0.28774848665811054  0.29196548717718035  0.29631012068047269
  0.30082298691879428  0.30549467693979576  0.31037131831650855  0.31546685562191989
  0.32079235288268670  0.32640293602875692  0.33240307265483193  0.33883870479353634
  0.34568379984282688  0.35315361220387792  0.36138484404074406  0.37066955485069020
  0.38123510978706265  0.39357138819782678  0.40837227319127006  0.42666843962288048
  0.45264407412354069  0.49450071395818407  0.58493865334725625  1.00000000000000000
 -0.00298812291408309  0.01229839829772984  0.02442147471316709  0.03618651481123485
  0.04834359194302480  0.06051371853640612  0.07166860080340878  0.08219564043362063
  0.09261237287797885  0.10333124084051754  0.11401265630565584  0.12511063448786189
  0.13678728671729617  0.14841062746605505  0.15970563902471227  0.17088113893649298
  0.18204825436199368  0.19364916081184311  0.20530553514557359  0.21699511754579720
  0.22841526230765968  0.23879288999117468  0.24892171924232423  0.25883200759683567
  0.26855405473592164  0.27731026709328122  0.28580396924698553  0.29470448069038030
  0.30387120150281055  0.31340221648216138  0.32326547019242335  0.33361302926726821
  0.34468500259432872  0.35531314184032314  0.36520632039223083  0.37502119095698466
  0.38512373624067048  0.39528956444534852  0.40588691860065501  0.41663450007687575
  0.42735481177565032  0.43789843529235123  0.44834677094501801  0.45881907624173879
  0.46936905681704905  0.47969138937257078  0.48963804184954018  0.49929543942407467
  0.50911724888770737  0.51872686975033211  0.52770547623866793  0.53624375165025240
  0.54531762665244299  0.55495633517881993  0.56491074647792150  0.57463774418845870
  0.58473829897235363  0.59540652666947558  0.60617434368724266  0.61662767252340001
  0.62671086037928714  0.63654500199285213  0.64645611770595079  0.65681161849609060
  0.66731823702562765  0.67735247691522016  0.68687443366157819  0.69633689149062183
  0.70603115764177893  0.71601182065540603  0.72647368131444101  0.73763021184078459
  0.74867929874604622  0.75908556590489418  0.76926840130693230  0.77982353315982078
  0.79117757364989016  0.80291014301301578  0.81462589525882467  0.82623210434053840
  0.83775177422833502  0.84878886262946474  0.85936593577704934  0.87018884676031238
  0.88044441154991870  0.89049591046106769  0.90069937664662203  0.91110838693914487
  0.92165777484507627  0.93217400570034481  0.94429637155765678  0.95674847212770020
  0.96787915809782510  0.97863415615268545  0.98936226904671132  1.00000000000000000
 -0.00287213255509554  0.01140208603938747  0.02237509780762389  0.03326648342029578
  0.04395302672884592  0.05491043736860100  0.06626828747820505  0.07801611958912236
  0.08877250323417495  0.09923458616668704  0.10959100545488508  0.11977093640671353
  0.12979812827057571  0.13963226485546357  0.15001239929670127  0.16074477933153719
  0.17176641303894652  0.18270233456297985  0.19415425974240128  0.20539143780260180
  0.21610092030597058  0.22629177512669263  0.23624374481965993  0.24611303761785727
  0.25592599678729305  0.26573669205045913  0.27626543717642843  0.28740671031269499
  0.29881544099904356  0.31028411177887644  0.32112295089253234  0.33139087116713367
  0.34137602313612858  0.35096983992781228  0.36046578199838097  0.36967060837548749
  0.38039318193079841  0.39204490178563051  0.40357697347954752  0.41478480898809594
  0.42591418287404054  0.43697368856768209  0.44736013442535510  0.45721588654506040
  0.46729336414235656  0.47752683028445320  0.48796957224515880  0.49845519469952787
  0.50894716309053567  0.51932525042235889  0.52949065726089584  0.53961957601145460
  0.54917737782071863  0.55834555195482372  0.56782041445786413  0.57761298877628187
  0.58774488265231084  0.59881707427351683  0.60993701031510350  0.62071913080225105
  0.63085879843904813  0.64062419045068919  0.65023778598454707  0.66003200152355024
  0.67006925978692866  0.67988948932882431  0.68967788340471514  0.69960018858772710
  0.70958454680846705  0.71933257659557936  0.72894225122252776  0.73884633890426366
  0.74894636209243737  0.75881662209185929  0.76855050992821128  0.77871612965729309
  0.78906210058000692  0.79953173919895160  0.80983980321970617  0.82029496041646754
  0.83094282395467334  0.84162522004837159  0.85238909954773168  0.86298711602907252
  0.87360313271879397  0.88464994906212147  0.89591591924386138  0.90726054548528845
  0.91880617729903968  0.93027765553664399  0.94144677520689379  0.95229916748466603
  0.96336615485261368  0.97545335320483240  0.98794506040693031  1.00000000000000000
 -0.00262736264705621  0.01060627945399541  0.02184174022160406  0.03476286892997711
  0.04689009596714049  0.05758505278434930  0.06798253081402911  0.07876114081762986
  0.09010210922430227  0.10117060227748309  0.11235998113218780  0.12347577271519268
  0.13418652165145634  0.14473741768605347  0.15543547986698070  0.16600955074549140
  0.17590321379669444  0.18555501706909813  0.19581746201033620  0.20647262813372264
  0.21653529907550723  0.22624006698226409  0.23650493748056664  0.24708526550466070
  0.25741571291347332  0.26755252494442799  0.27768158932444725  0.28780622786272547
  0.29768995191597264  0.30733780589639004  0.31699078569350270  0.32655225281231626
  0.33598100393871705  0.34529196473702339  0.35487312751323907  0.36463876399362266
  0.37491919049313005  0.38480240189884385  0.39509311490278270  0.40555702075320227
  0.41579560528163362  0.42565466383947587  0.43530213309620219  0.44574709370813786
  0.45650954028734197  0.46736142413592907  0.47839868378999550  0.48954367775489471
  0.50035145222259025  0.51046256716825977  0.52040516623257260  0.53051587176593917
  0.54076621749823217  0.55078243113901570  0.56052364010769196  0.57075813057384950
  0.58071584704702828  0.59021147055798651  0.59940374986304823  0.60903787915396046
  0.61890061865255830  0.62843627902764954  0.63766892267166331  0.64682245873491973
  0.65718673848303377  0.66717724275293466  0.67645359876707056  0.68571640171582404
  0.69604659204352581  0.70658680089333548  0.71733903742993388  0.72719801379573823
  0.73830688894210994  0.74939809252978817  0.76098522098976729  0.77248684507694287
  0.78420526276965741  0.79518953911116463  0.80565010012075122  0.81617381927246457
  0.82685096160929439  0.83708249055137429  0.84730572307613949  0.85777833778222745
  0.86973194268943221  0.88052023610397956  0.89133417500394407  0.90234448154437319
  0.91470697482192065  0.92735182124397775  0.94007903206555421  0.95272726851197298
  0.96465767479232756  0.97632512021809681  0.98816685317659492  1.00000000000000000
 -0.00232101621016285  0.00882829218929696  0.01812230456378938  0.02777534493728001
  0.03822870291467687  0.04892258008894519  0.05923041102300668  0.06968692854395242
  0.08026758392486451  0.09116875793673829  0.10235104575111209  0.11397225444798159
  0.12537699339807398  0.13588211833569522  0.14610431715473055  0.15625248851046214
  0.16640164391513990  0.17618191728140623  0.18558402324406795  0.19580441673226726
  0.20564073891369838  0.21524497782925228  0.22425863196163992  0.23410148738473460
  0.24416270705987461  0.25476164173871235  0.26512977565500978  0.27645353839886105
  0.28848608225143452  0.30032406186941835  0.31200115506018988  0.32318861182506031
  0.33389363822201057  0.34374862324480510  0.35345874893151852  0.36311431345996570
  0.37274827166346558  0.38240602912325627  0.39213838405531842  0.40208122229031629
  0.41232860597319826  0.42217173564159821  0.43171941035004413  0.44157241401415970
  0.45175696578418123  0.46198785108332985  0.47205862447680946  0.48265563509595322
  0.49396594563347096  0.50517022477555784  0.51580895971042062  0.52624768052888937
  0.53666535133571780  0.54702686366872844  0.55739164113480055  0.56774794222791947
  0.57836317807719351  0.58954355546948922  0.60098493045205659  0.61170629330040216
  0.62171137843993896  0.63148210983136233  0.64109223325679754  0.65068174354387542
  0.66004168196877611  0.67004505354170529  0.68056210018420615  0.69127096507848096
  0.70240094643464634  0.71338168137584768  0.72401766776518439  0.73481583604351675
  0.74547234093469172  0.75618096939738622  0.76695821282273635  0.77796616725440115
  0.78932971557134723  0.80082169323649288  0.81241536456244789  0.82380443296819639
  0.83457520140801011  0.84519223726501858  0.85557227888625953  0.86590314001048219
  0.87674988421235300  0.88817073382633005  0.89945563441397025  0.91014211121588007
  0.92097473528257023  0.93261123873844187  0.94421855434844082  0.95559700847669427
  0.96646732506025301  0.97756813604890280  0.98868121411114307  1.00000000000000000
 -0.00243586714973410  0.00921663056263428  0.01973168441644143  0.02937552342565630
  0.03937959303973024  0.04944251211905023  0.05952515582462567  0.06956432257729306
  0.07971213255644234  0.08963223303100071  0.09941547234609033  0.10944134874535731
  0.11996429936707978  0.13090149377287810  0.14101081888701250  0.15232767426757196
  0.16393368862524213  0.17570929632519489  0.18678722827142014  0.19773502024761652
  0.20877959458412751  0.21997234201936286  0.23152067309444366  0.24279541567309976
  0.25348723377673188  0.26402519999699353  0.27495921496273834  0.28625777384230855
  0.29684873170461817  0.30715069379924742  0.31775145612129441  0.32833148029054099
  0.33824250562894531  0.34751309412155040  0.35754752472885987  0.36782261785879516
  0.37804273599915994  0.38800849736772886  0.39798651489095721  0.40912732497452931
  0.42020219032719369  0.43199295864569315  0.44220186432475184  0.45136839836597031
  0.46072636451453747  0.47006679413486796  0.47930316794708300  0.48822292455564331
  0.49701674315732314  0.50616281493779047  0.51575989967183045  0.52568377067167960
  0.53542774644756463  0.54545642650187520  0.55632528756168220  0.56693239985710975
  0.57709795344150283  0.58702386628373504  0.59662844529335157  0.60630194467177134
  0.61583850827963316  0.62571835930937281  0.63669091333927541  0.64818919884951720
  0.65954645560115954  0.67088308342931935  0.68220521902512388  0.69324975661094557
  0.70414730821237304  0.71479413042211459  0.72536900965947915  0.73632516641118118
  0.74748745990403143  0.75852753372250448  0.76935556463275567  0.78010263080105369
  0.79063335573564175  0.80091150415539236  0.81113900793945048  0.82152817994485994
  0.83198172644335822  0.84234033587517365  0.85282662890018457  0.86355470101479426
  0.87444546423311154  0.88531824172560858  0.89637732676686122  0.90789282203137378
  0.91974010800190420  0.93146451281720499  0.94307585893788948  0.95425097199080489
  0.96556423437755956  0.97687036015284001  0.98857532897349054  1.00000000000000000
   2.2426490847044679E-008  -1.0000000000000000     
 F F F F F F F F F F F F F F F F F F F F F F F F F F F F F F F F F F F F F F F F F F F F F F F F F F F F F F F F F F F F F F F F F F F F F F F F F F F F F F F F F F F F F F F F F F F F F F F F F F F F F F F F F F F F F F F F F F F F F F F F F F F F F F F F
  <DiscreteSampler_grid>
  grouped_processes
  1 # 1 for a reference and 2 for a running grid.
  10 # Attribute 'min_bin_probing_points' of the grid.
  1 # Attribute 'grid_mode' of the grid. 1=='default',2=='initialization'
  0.0000000000000000 # Attribute 'small_contrib_threshold' of the grid.
  0.5000000000000000 # Attribute 'damping_power' of the grid.
 # binID   n_entries weight   weight_sqr   abs_weight
    10   10   2.645471292694276E+004   2.775950899473488E+009   2.645471292694276E+004
    16   10   2.645471292694276E+004   2.775950899473488E+009   2.645471292694276E+004
  </DiscreteSampler_grid>
