  0.00888828092439146  0.01749386333305778  0.02781819455331421  0.03783468492187959
  0.04711071320631168  0.05613247738466876  0.06556849309767877  0.07518030749463052
  0.08508925263762955  0.09562741096984829  0.10681025873406633  0.11869480666580595
  0.13071193187474950  0.14273105504985167  0.15338986938235322  0.16402258858612548
  0.17462448500063893  0.18525171148445779  0.19571780751341686  0.20547183701501581
  0.21615900147800607  0.22661052351476102  0.23765437890880098  0.24898458552050920
  0.26068442634191663  0.27191573546427289  0.28225847815590605  0.29234501597407975
  0.30249234706078104  0.31292663352920186  0.32306866583521154  0.33293032311694348
  0.34299409805285008  0.35311112710547693  0.36369578520685769  0.37462233976468512
  0.38598335594541394  0.39682957748008740  0.40668033241565027  0.41609512493477102
  0.42511735134807543  0.43375309264451173  0.44259467595057717  0.45148200319042797
  0.46153435545106680  0.47185371590174574  0.48223646611259474  0.49214207030024315
  0.50227494299608821  0.51198255930324776  0.52161038190397946  0.53118047499610144
  0.54090730835987788  0.55121594792602813  0.56165793881301940  0.57221348810418649
  0.58313194792958123  0.59406711273315582  0.60516816611919422  0.61576587043125097
  0.62677755220352738  0.63624418081190559  0.64636710469978897  0.65655339577163407
  0.66703335888796822  0.67709744817830153  0.68730573983858223  0.69793887271371069
  0.70864589250911358  0.71899519496862851  0.72948650059807107  0.74048035726355288
  0.75150574456828678  0.76257372104434762  0.77345668840855430  0.78438417926471282
  0.79481099110266540  0.80500487214241290  0.81505601617627721  0.82540475302684979
  0.83577540306846543  0.84684619534427585  0.85741952356359008  0.86752260438983975
  0.87785191623074388  0.88878094894693815  0.89952213220253474  0.90961098941204133
  0.91967017081674274  0.93053398614506111  0.94133382446653069  0.95245359948217712
  0.96432812643892785  0.97587062272165526  0.98806962611635563  1.00000000000000000
  0.00912571756181183  0.01661145326166930  0.02743152625386919  0.03855622531051678
  0.04915630974819197  0.05911787357796143  0.06914474805866112  0.07927760366530048
  0.08998714082530773  0.10090726089443075  0.11132741474495139  0.12121950161569153
  0.13121518216952749  0.14068922638927536  0.15026491389544050  0.15980433915821243
  0.17019220044385677  0.18125254627869306  0.19165216995630202  0.20178739623057068
  0.21241828835538151  0.22394236491106023  0.23568328597643051  0.24741056640620146
  0.25875452039612540  0.27013157725874343  0.28170685393631828  0.29356094281142198
  0.30549468770468136  0.31684263818914871  0.32789319412874868  0.33888126122215573
  0.34989596812013141  0.36097924038032420  0.37196996769349211  0.38311160483211959
  0.39438913561081856  0.40519313382225003  0.41579012624383976  0.42585476155976959
  0.43572317724014087  0.44565912889351700  0.45586427519108569  0.46624662469448341
  0.47622425930966233  0.48550837986656858  0.49460713369101528  0.50364553329058626
  0.51287899515462521  0.52257572689874943  0.53277422960469512  0.54286374720489627
  0.55306285055323068  0.56326077349280723  0.57381004938133884  0.58423876034800382
  0.59417637536372447  0.60432322478183731  0.61399520529384088  0.62406068380959812
  0.63361436781327007  0.64298132492141413  0.65299310945938704  0.66258543776217360
  0.67233639638392007  0.68230809219790278  0.69236856796158486  0.70281161410093762
  0.71363475383765007  0.72531868967940127  0.73694295398532739  0.74870660040040227
  0.76020649856948874  0.77119258235392918  0.78144140948491669  0.79183667307900818
  0.80256483803128154  0.81287260013256379  0.82291503839208546  0.83289903556097500
  0.84406183326240358  0.85525403855850157  0.86719826126801980  0.87827338414101341
  0.88839786789233821  0.89852118501230616  0.90843535554540278  0.91873729365227141
  0.92854713595843552  0.93851080705812284  0.95003142086906300  0.96105057424883789
  0.97123651449597492  0.98129552628268990  0.99141980081329195  1.00000000000000000
  0.05731131856797962  0.05941175215802555  0.06199855900881758  0.06525795766943603
  0.06856099651486007  0.07199820354712812  0.07584455235683012  0.07965579825330904
  0.08344796244084823  0.08739182628666926  0.09140626664321440  0.09553216204163192
  0.09969944582164383  0.10392411021060290  0.10836215930229195  0.11282209122021267
  0.11730589737138603  0.12204350536024763  0.12691055514429372  0.13191573288465405
  0.13677197747236097  0.14152878655629270  0.14596726777111538  0.14879374279104673
  0.14963380075375457  0.15093230466133911  0.15210797089951267  0.15428060883021733
  0.15671403478913537  0.15910439586110162  0.16149801469474387  0.16388130759640915
  0.16627909121024462  0.16867660278953253  0.17107667966500034  0.17348198809523169
  0.17589657368854775  0.17830557700920749  0.18071224931699942  0.18314570271548858
  0.18561878757394432  0.18811256288725506  0.19061933620706217  0.19315822068088917
  0.19573524962500286  0.19834557941247716  0.20099446867050932  0.20370018066788639
  0.20642738071694133  0.20916568778992675  0.21192710316876193  0.21472714296189188
  0.21757823499721604  0.22047158260529084  0.22342051218165215  0.22638009014632185
  0.22939176592161850  0.23241502557548624  0.23547470976503793  0.23853644950319125
  0.24161829977562144  0.24477543472346955  0.24799883977099965  0.25127475070129074
  0.25461498908068841  0.25803239370609832  0.26150802294490538  0.26507459613435297
  0.26874343146674468  0.27248870594727043  0.27631008053409983  0.28019128624853706
  0.28415280065686871  0.28825410594393119  0.29249696483175858  0.29685022930326188
  0.30134241880034479  0.30598724594333743  0.31085124978701578  0.31593643445946251
  0.32129175773837754  0.32696548807316639  0.33299507459827898  0.33941249162857529
  0.34632937143105136  0.35392800350170966  0.36225009858638951  0.37146925390865421
  0.38188770434098290  0.39398005341470532  0.40854217807354015  0.42683460618510222
  0.45280208270747041  0.49443930686559778  0.58860607561024447  1.00000000000000000
 -0.00302611057630697  0.01167273138589361  0.02408923782131236  0.03667431728773406
  0.04968588916199634  0.06267541058857545  0.07327708229664497  0.08370606020066376
  0.09390233883663147  0.10389749652819157  0.11371821453157153  0.12377222349096706
  0.13447565994414026  0.14561654456313755  0.15656100680358420  0.16717689928096729
  0.17706991124497895  0.18701624101881681  0.19786798582618484  0.20880250288895841
  0.21912053912150009  0.22912538742202265  0.23932392819595386  0.24949787485889363
  0.25961689880279537  0.27026225618988731  0.28165446731166832  0.29319827328712539
  0.30356245683668753  0.31389759670560896  0.32402967149899703  0.33395302632669061
  0.34388604677237339  0.35403031683333808  0.36499251365441920  0.37622456589394343
  0.38684261969869443  0.39690814746304826  0.40659695753258007  0.41632413666171941
  0.42640518390719107  0.43687937461997389  0.44767143227652284  0.45821909420210644
  0.46862629241968839  0.47878180637118162  0.48846717439328008  0.49802709987381011
  0.50766295095275715  0.51726894248898803  0.52671145477598147  0.53632176957323363
  0.54623611878443157  0.55571681445907328  0.56490581780276516  0.57402580951666859
  0.58354005389563024  0.59376581779829185  0.60398370991677364  0.61390944940090164
  0.62402785883359690  0.63409709639679324  0.64373987683869049  0.65265374098117190
  0.66117633001654874  0.66986916779296946  0.67894455282596566  0.68821707436921364
  0.69771790191055527  0.70727722663684989  0.71699093490794852  0.72651376471992912
  0.73671704289730688  0.74730944126182630  0.75790816306966080  0.76831176440233639
  0.77961368529938035  0.79094171549591064  0.80225519789043331  0.81363961060760959
  0.82504070560550469  0.83621819044966461  0.84703389618712599  0.85825199047994549
  0.87023534567493011  0.88228477186899812  0.89428083400705560  0.90588528919324174
  0.91737910677515355  0.92868166738678060  0.94045670914825608  0.95266586642344475
  0.96477709476101325  0.97675041917726224  0.98855332684918351  1.00000000000000000
 -0.00197552879017373  0.00893025435564128  0.01793238888860276  0.02737544898704491
  0.03729873430856993  0.04737739720361098  0.05703440446540456  0.06696978339906905
  0.07834473446123384  0.08971184121753979  0.10136799661481276  0.11334639532320662
  0.12534196555754629  0.13765887592127710  0.14909676561368940  0.16036999700260593
  0.17095829750938629  0.18165649261482233  0.19262502871661075  0.20392205358234042
  0.21563824745229418  0.22733524917741740  0.23826212829959112  0.24864983079177266
  0.25868426115738213  0.26873463106110262  0.27894677127868772  0.28915884074865617
  0.29930895894059945  0.30943748797542409  0.31996529247420791  0.33134023410431312
  0.34237155315324619  0.35307483302026632  0.36299037837932580  0.37259512352050439
  0.38269347002105292  0.39265895011076202  0.40235639950323543  0.41167146893485612
  0.42130690233071905  0.43129675276674584  0.44128546701097671  0.45111955830715084
  0.46193843606526602  0.47353081965344818  0.48487140278335761  0.49603466899157816
  0.50721287793177916  0.51859088392701225  0.52956568365308021  0.53987957858963154
  0.54938592367729566  0.55853945713013364  0.56797138280614790  0.57725475527402814
  0.58659667056124842  0.59621868549248247  0.60648257137506956  0.61726488702774762
  0.62791052743468145  0.63829368610011694  0.64934314741513577  0.66074360005647914
  0.67177555574067638  0.68215729681243054  0.69278917177040333  0.70370024365148331
  0.71478783727439821  0.72604562313914867  0.73627157097270912  0.74642352534844070
  0.75622933589384556  0.76626532378107559  0.77604032102171194  0.78622532709658077
  0.79720194061538707  0.80931257193195127  0.82152893151978990  0.83301353391099320
  0.84419526836125758  0.85528980489152195  0.86645339591101223  0.87741680960767343
  0.88792374277099673  0.89849281579331131  0.90907202610681981  0.91946986678037690
  0.92950815893196093  0.93958031986883384  0.94968451759074479  0.95984739406888608
  0.97018977947982832  0.97969329717976716  0.98996811834800225  1.00000000000000000
 -0.00269251515230803  0.01070205306910950  0.02185855594126479  0.03338042225206682
  0.04562173973478620  0.05836177707123038  0.07098024590488980  0.08360596619945730
  0.09689276189745967  0.10884049916598218  0.11980433392585949  0.13094894657041090
  0.14208732211343689  0.15245525182295361  0.16217438179402538  0.17212920471600224
  0.18199905071792316  0.19176927037942487  0.20170731469512176  0.21302450672091156
  0.22586378001292445  0.23832479639449045  0.25023805256951343  0.26080048188926647
  0.27104511771500789  0.28123101481696949  0.29159380330627832  0.30166136911331720
  0.31191986648686199  0.32241662317887998  0.33290875751178661  0.34313004891045334
  0.35332745123205872  0.36306581111312342  0.37271501093868642  0.38226136056550070
  0.39201415763728820  0.40157306793785014  0.41081626829572754  0.42062567783156918
  0.43071059773293191  0.44113930301885845  0.45144951685559220  0.46154417451961077
  0.47186886360689478  0.48232887910907601  0.49333768709250003  0.50337588037357106
  0.51218659950675050  0.52105162881139999  0.52993467222186852  0.53902226489958027
  0.54816186723600946  0.55725056827735076  0.56738389890271013  0.57899447629495282
  0.59037668450971037  0.60123608721601651  0.61170190808954283  0.62179523373557910
  0.63172112695775973  0.64173769580432305  0.65232920179165588  0.66351230489928048
  0.67407841642953947  0.68415280212222307  0.69416883575642940  0.70410221129472950
  0.71383132724743625  0.72327427209414497  0.73317058447311523  0.74363404234374642
  0.75424571040643928  0.76485555636029101  0.77570026487631072  0.78674878296256323
  0.79731295718984774  0.80741698729191991  0.81748177433583602  0.82743731931140219
  0.83730447554894394  0.84723150640904821  0.85778899642609630  0.86886282129222336
  0.87988962289335027  0.89113879589187639  0.90305066806863854  0.91525542161371720
  0.92693582992384027  0.93781672816828632  0.94826687353624484  0.95902997135421963
  0.96982239915429280  0.98004017961644396  0.99009942129522799  1.00000000000000000
 -0.00231344766876290  0.00872982938081584  0.01805385309151222  0.02820578635632379
  0.03835706911732125  0.04990276898025805  0.06144868055383075  0.07214318208671472
  0.08252952280972367  0.09333970917222535  0.10447752543583444  0.11531578522588709
  0.12579878736390865  0.13615881189825518  0.14611005621258485  0.15601567555726165
  0.16564902485152089  0.17723636749035795  0.18864953294328760  0.20036722533781659
  0.21178755940821695  0.22307572471915035  0.23483361633664912  0.24664301084333781
  0.25670529210599002  0.26599898339574307  0.27551436558295050  0.28507976115354045
  0.29444006973038878  0.30327570490090960  0.31250902438149486  0.32218998028600915
  0.33207008284547701  0.34224707021981410  0.35194174227893793  0.36282519131894436
  0.37419883645697755  0.38507301674944805  0.39571870334042825  0.40632357449138362
  0.41713450793861756  0.42777980427987544  0.43855667206710935  0.44950422829066833
  0.46085055388441853  0.47168839819076464  0.48227538450165375  0.49275039419127581
  0.50322198244884264  0.51450678945182216  0.52531772231914975  0.53652130330908610
  0.54832216348393747  0.56049463048975867  0.57257047195366029  0.58411489103385239
  0.59557640792486333  0.60713183806614457  0.61889984821304056  0.63033422324035260
  0.64125841646670056  0.65187116627014430  0.66230415671795850  0.67271670886130919
  0.68315330322311729  0.69332476125816012  0.70305957315283540  0.71278024824767894
  0.72210171020470504  0.73134773331727176  0.74030914064401743  0.74950916946102819
  0.75997507698835476  0.77078057401544331  0.78168236422677595  0.79220604270287098
  0.80223057388252006  0.81242891112807736  0.82305916840657212  0.83393464211895618
  0.84482614528581634  0.85626804165748815  0.86809369525538038  0.87912333585503266
  0.88960700890147815  0.89961413097360565  0.90952399208840540  0.91913847629963807
  0.92865814464427365  0.93770651519756898  0.94727601388965710  0.95675924582240579
  0.96696516092916418  0.97718219547540819  0.98837251158582851  1.00000000000000000
 -0.00201906420520426  0.00795940778773281  0.01725864561940320  0.02746176312868461
  0.03760132524521426  0.04788557588506406  0.05843057860745160  0.06959898216067911
  0.08080200797916058  0.09193307436891104  0.10323179777932673  0.11498027255155006
  0.12661776611877573  0.13689280715145494  0.14733329911926968  0.15781604539385882
  0.16849449628181937  0.17919207825726671  0.18936302760568283  0.20102978347253719
  0.21187783769403823  0.22176975440880681  0.23175038661258110  0.24164915935795592
  0.25177278228297062  0.26130865957798632  0.27131466919785763  0.28236976108225187
  0.29310847903869947  0.30326496978477530  0.31318046350167833  0.32307837437584658
  0.33279278357318476  0.34304644170416498  0.35360298634619325  0.36379843827070146
  0.37373425289983214  0.38432814155927925  0.39551399134900328  0.40670935644133549
  0.41802860486471066  0.43017870911554090  0.44200039226666443  0.45345015408680966
  0.46397088673911818  0.47408515740593310  0.48453823174589661  0.49467571760538870
  0.50428137788423733  0.51379188601109493  0.52288583562196345  0.53235821856141574
  0.54157446713438284  0.55127419933007604  0.56104648280570524  0.57119187867289001
  0.58177103149385323  0.59298059333928865  0.60396132974246841  0.61447964128146748
  0.62497333165142666  0.63582670276696074  0.64684019946115900  0.65763835545414906
  0.66913805020779782  0.68124392001429301  0.69299975587237905  0.70438214576337721
  0.71534135658029230  0.72675782760613750  0.73821470647086651  0.74979504990729684
  0.76071119106250806  0.77137602146967110  0.78205811279223558  0.79283617176583887
  0.80393024006219027  0.81484748216802205  0.82564617048859645  0.83627143743060528
  0.84681897925344207  0.85695293079988555  0.86688791520730979  0.87706919885108570
  0.88774834494837629  0.89842039700260912  0.90928514650427505  0.92006110694818322
  0.93107995013929878  0.94166346952204549  0.95194517074966090  0.96216119519250487
  0.97179132280950997  0.98127055169965083  0.99053722280653367  1.00000000000000000
   2.2074157765857333E-008  -1.0000000000000000     
 F F F F F F F F F F F F F F F F F F F F F F F F F F F F F F F F F F F F F F F F F F F F F F F F F F F F F F F F F F F F F F F F F F F F F F F F F F F F F F F F F F F F F F F F F F F F F F F F F F F F F F F F F F F F F F F F F F F F F F F F F F F F F F F F
  <DiscreteSampler_grid>
  grouped_processes
  1 # 1 for a reference and 2 for a running grid.
  10 # Attribute 'min_bin_probing_points' of the grid.
  1 # Attribute 'grid_mode' of the grid. 1=='default',2=='initialization'
  0.0000000000000000 # Attribute 'small_contrib_threshold' of the grid.
  0.5000000000000000 # Attribute 'damping_power' of the grid.
 # binID   n_entries weight   weight_sqr   abs_weight
    10   10   2.957446634910694E+004   7.709785506534764E+009   2.957446634910694E+004
    16   10   2.957446634910693E+004   7.709785506534758E+009   2.957446634910693E+004
  </DiscreteSampler_grid>
