  0.00892302381529926  0.01748185112658960  0.02818815761592757  0.03899264743851852
  0.04928683136079452  0.05961342164565132  0.07009164276673888  0.08076874374870337
  0.09079285547554619  0.10041586728461427  0.11026873197296309  0.12038669578242170
  0.13027358816754173  0.14001349719450237  0.15031212090642626  0.16174979829825792
  0.17257025303796841  0.18276490241279114  0.19352569675557404  0.20471791445395260
  0.21591347938827696  0.22712563339268840  0.23869212937969703  0.24984361114499007
  0.26122091569871281  0.27273520483917257  0.28455665391355944  0.29624681160961197
  0.30752982489045994  0.31830397159647283  0.32875913666675832  0.33932255819571572
  0.35014964996491560  0.36115098990887645  0.37185468340993855  0.38249782375709568
  0.39290042621666382  0.40405104956040450  0.41584975200899943  0.42793351931683998
  0.43997046136699264  0.45189149504584797  0.46381218682498432  0.47542178480571612
  0.48634912859435514  0.49683837311789802  0.50671847044135543  0.51602656462881091
  0.52538240882950993  0.53480380404195460  0.54446578366806997  0.55393417343354789
  0.56339116246109500  0.57345865827625475  0.58419158020113837  0.59549977591661729
  0.60684092123824163  0.61774942642874520  0.62844411616366247  0.63916327305977549
  0.65032741237654446  0.66175552149830530  0.67301650581587646  0.68423652795009482
  0.69541467080510289  0.70650426692471602  0.71674705455753229  0.72637758940941899
  0.73557829811146314  0.74466773217829574  0.75388187085235980  0.76340716254491103
  0.77324153849574029  0.78348450606625675  0.79368767195281986  0.80362448604458392
  0.81384978903313920  0.82464178301040159  0.83596654405001336  0.84744524368884011
  0.85881467947564327  0.86998922305264370  0.88092133565673825  0.89183660464250070
  0.90226957775986649  0.91257290966284210  0.92273354613900205  0.93234017619479848
  0.94113246075959767  0.94921955278870584  0.95748767755180331  0.96649808997221565
  0.97556677562931837  0.98450326785976505  0.99076860427213065  1.00000000000000000
  0.00943836441261248  0.01500874065647320  0.02381025782788531  0.03432949589919180
  0.04453675049164722  0.05417779114181888  0.06418380890541529  0.07384193811236063
  0.08343380340126416  0.09315877046233838  0.10305710695780633  0.11321900715263489
  0.12332965057980377  0.13317140505367470  0.14287921947328008  0.15267829947681191
  0.16259691744989618  0.17281883955152041  0.18336881864926918  0.19495936986253770
  0.20754737463616874  0.21953697440801825  0.23086813408262000  0.24167839464053212
  0.25280547968874856  0.26370185071030572  0.27429481621573132  0.28455406567356606
  0.29503787306215257  0.30521438383092503  0.31522324087865300  0.32471714038259686
  0.33429786665987626  0.34377464629308807  0.35332464924606838  0.36334961357479928
  0.37338410596703103  0.38495370621121250  0.39637152740439946  0.40733985911654413
  0.41769221987552352  0.42784560954088885  0.43855213931323261  0.44975396595269862
  0.46099907911394111  0.47212310046678801  0.48372108873100111  0.49597402281938452
  0.50687168885335432  0.51687453093829794  0.52685176155863844  0.53630745362661048
  0.54547416503925772  0.55456286705738012  0.56387096203451992  0.57366681204900172
  0.58368183361241288  0.59395151648964561  0.60467755785005883  0.61568514569772292
  0.62654812809646077  0.63683959038609828  0.64704362490143219  0.65757343501786147
  0.66828960517695968  0.67905501742029850  0.68997892088041590  0.70105296732258704
  0.71156688164032167  0.72144980532257930  0.73161249133448536  0.74243266374116357
  0.75313064143051944  0.76316027365468009  0.77296184058395245  0.78302829418863806
  0.79360986905423458  0.80451440142706543  0.81567843960944075  0.82681186060462153
  0.83790258669218165  0.84931721742674238  0.86122422770219720  0.87352499945684770
  0.88532502289146708  0.89682947218093989  0.90805207491292295  0.91941682067989472
  0.93111682801774864  0.94209675797197656  0.95249569027139103  0.96274766475210471
  0.97284659711404631  0.98262499198559550  0.99126541267311497  1.00000000000000000
  0.05706755593349534  0.05862505143667819  0.06057073944117305  0.06284866360340993
  0.06539680814854910  0.06922043737676650  0.07308302891547867  0.07682320313919749
  0.08066210924182332  0.08455139737122287  0.08853350447343185  0.09253042572359915
  0.09654315531564424  0.10073663473661819  0.10495892945505947  0.10919833516021540
  0.11357645489835765  0.11803323697819543  0.12260931724581604  0.12727580206042965
  0.13214047648956548  0.13763540066290736  0.14302054438568476  0.14701655699938587
  0.14854364726237124  0.14984593684948391  0.15104359203969184  0.15229295448167046
  0.15435167157030721  0.15689607232053118  0.15932528814121941  0.16176306237639598
  0.16419001586311105  0.16660834310765377  0.16903706081789593  0.17145077717340620
  0.17386384732358562  0.17627223938406109  0.17870288196436016  0.18118536617791386
  0.18369759540533509  0.18622820970360979  0.18876751169098274  0.19132667471680972
  0.19392138865935687  0.19655538111172141  0.19923024718418950  0.20191224996671978
  0.20459661666064252  0.20733789266561833  0.21013861219016822  0.21298196520100524
  0.21587508854118598  0.21881217493945193  0.22176650805105699  0.22475667889296172
  0.22777867161601947  0.23082897857935419  0.23390258691371438  0.23702130172830135
  0.24019008730990429  0.24342614392511991  0.24671081117803736  0.25005444094781654
  0.25344389512862742  0.25687624017056582  0.26038135741110036  0.26397789733123711
  0.26767040719021301  0.27146020023134843  0.27534918679787257  0.27931144680652342
  0.28336797328388103  0.28755757725293390  0.29182692465540477  0.29620763789879723
  0.30077210653267683  0.30547686058441892  0.31036130639185849  0.31550679594867798
  0.32095210899297455  0.32671434491711049  0.33285880265534495  0.33940012109318018
  0.34631194732267334  0.35377274385656837  0.36206251037041820  0.37139872185397127
  0.38191688221377640  0.39392182461475705  0.40900873995644299  0.42790168102807791
  0.45451450455009179  0.49759826091824638  0.58409311548450615  1.00000000000000000
 -0.00316826912346053  0.01288529354099705  0.02579621670967045  0.03922505132205933
  0.05039251298329369  0.06163325611414061  0.07291705174756402  0.08393532812603277
  0.09485677149633263  0.10551183708691027  0.11721339646593330  0.12894460983694769
  0.14083603486027274  0.15297155090473680  0.16474194572431242  0.17655808235141904
  0.18801381758286562  0.19926729153485276  0.21043799623417478  0.22148502905329001
  0.23188591381104262  0.24190629553737988  0.25196575192470155  0.26216137227139280
  0.27192944425906462  0.28095755826527807  0.28994913858803667  0.29894266032725170
  0.30796507706049608  0.31693427884125147  0.32611374784956415  0.33544642017468879
  0.34499259946763450  0.35470775511017205  0.36494574919572903  0.37464747787234504
  0.38347842611887101  0.39214695802102806  0.40109936021895065  0.41014106323858263
  0.41917450620325192  0.42840510048767488  0.43772703948442832  0.44687028565010217
  0.45581417503503696  0.46474859525903062  0.47367331998913381  0.48268001724715354
  0.49183612415573824  0.50124867153275043  0.51096870231519542  0.52081004879409065
  0.53096689842718015  0.54134132959294512  0.55155502802913303  0.56169013792524625
  0.57176585664111301  0.58200243972010390  0.59271192210006562  0.60349214319623690
  0.61416672345502576  0.62492831093641099  0.63618103966036099  0.64777222040121341
  0.65931123021487226  0.67094413188513613  0.68194598230597792  0.69261919609300815
  0.70321165149099418  0.71398067499421292  0.72483926852613090  0.73601249656088319
  0.74720348434866701  0.75849515274760182  0.76976311831366295  0.78118211480756405
  0.79278138556589473  0.80368788358240084  0.81416791260889543  0.82444967469228647
  0.83465246594176090  0.84480114169095144  0.85550838124471751  0.86740036485568328
  0.87975478019671760  0.89193854509652126  0.90416480348212935  0.91608152650388741
  0.92684291305858524  0.93765981378034968  0.94770461432212538  0.95808614802807712
  0.96833605547064727  0.97842505628813770  0.98873883084940128  1.00000000000000000
 -0.00253253682130251  0.00991467558797408  0.02013068478825984  0.03072947375983955
  0.04058882906641349  0.05131825542596892  0.06184145201325600  0.07209171009432661
  0.08207477369376337  0.09229835783437791  0.10303079312122657  0.11429053135509941
  0.12467649768782123  0.13455913268573877  0.14413393013379161  0.15438148553973260
  0.16477606552285609  0.17459383391093694  0.18425444180017758  0.19449694530086784
  0.20527280343687321  0.21552429496726380  0.22502607096009408  0.23504380973993658
  0.24526091852515966  0.25532926494862374  0.26475982724282304  0.27469607756522046
  0.28537376747420967  0.29573363083215309  0.30599382930432795  0.31681235385833273
  0.32909360189673148  0.34034848935020695  0.35146551415416644  0.36213119905098540
  0.37327491792698525  0.38461935216252680  0.39649236462013260  0.40864418660503510
  0.42100779945093980  0.43324383339601352  0.44454974850119622  0.45536702165036380
  0.46558416108093126  0.47525138858101940  0.48465087474501339  0.49410565655698158
  0.50412851991380314  0.51447088445264222  0.52513309403323205  0.53553146441502208
  0.54612814509895202  0.55692635570917337  0.56781716743275834  0.57858030691024209
  0.58900464025513311  0.59947858386653674  0.61012970546486089  0.62067981138926520
  0.63083294231007425  0.64091500541166024  0.65123935779824427  0.66170129560239432
  0.67202946467152880  0.68219364876686772  0.69246757682433924  0.70190694512064056
  0.71123538585660140  0.72051341559700322  0.73080232405781798  0.74152107776098541
  0.75246764620918360  0.76331718900354706  0.77417911503319459  0.78585908644675051
  0.79717817903628951  0.80839722068677511  0.81928424048282800  0.83001970538918346
  0.84041448928929963  0.85098625071776757  0.86222096926139802  0.87388224714072171
  0.88470677468739167  0.89539520050332910  0.90622105047802581  0.91707233809659983
  0.92747089435095820  0.93753813152642518  0.94830849947297891  0.95917793834534948
  0.96923035280139747  0.97951560542445382  0.98969123443934393  1.00000000000000000
 -0.00292619761792290  0.01207067107531233  0.02460152640299690  0.03596363209687811
  0.04810580864001324  0.05950585099305669  0.07000496890425667  0.08053247886096863
  0.09145406388291948  0.10328007028428120  0.11482307620268500  0.12601174297279619
  0.13688150448397135  0.14812463247072413  0.16026353565215612  0.17182695103202533
  0.18308656651562391  0.19399891694994428  0.20476281617573711  0.21554676358806210
  0.22586937388037642  0.23618755244569917  0.24630996273937247  0.25672181816385237
  0.26728267554972585  0.27716420459719382  0.28623081741701567  0.29558386286412858
  0.30453255939648222  0.31362202225845759  0.32294305491445102  0.33238870072599991
  0.34217614033855281  0.35187188460850383  0.36113804166057628  0.37019881494757556
  0.37917317291688757  0.38792922134154256  0.39658398481700502  0.40523496173674334
  0.41383343122669886  0.42289060042845006  0.43219239528512599  0.44163388303333811
  0.45118812115229678  0.46118568598321136  0.47175190937079520  0.48238485731056258
  0.49301539694513130  0.50361061044344035  0.51395642520012075  0.52400975499647773
  0.53372599671591925  0.54329580635973274  0.55284837088394323  0.56256282866905483
  0.57282278242201601  0.58372334750701493  0.59466350249929512  0.60581594384267845
  0.61675676141645142  0.62833879539763593  0.63932018446083838  0.65042956654361439
  0.66129257089708537  0.67192032074913366  0.68224694741806335  0.69249039165058079
  0.70307783607465879  0.71376130026631512  0.72401646235814676  0.73381462449769475
  0.74348512545703893  0.75353009642504321  0.76358372244922579  0.77385907022917255
  0.78456061659717324  0.79560145329157217  0.80687813254772711  0.81803963743730135
  0.82940716176920048  0.84022253269066705  0.85064140660015686  0.86161547192102117
  0.87267834352157425  0.88363098553653474  0.89426520005206733  0.90620661672237612
  0.91834308800575526  0.93002496890043740  0.94159744142282209  0.95342528679917760
  0.96525412189850046  0.97687776519605241  0.98822258233643367  1.00000000000000000
 -0.00226179943278964  0.00937657054186757  0.01988524793606094  0.03064524141001944
  0.04133017527896981  0.05171186210741850  0.06223705644439086  0.07337511870853944
  0.08549236486165487  0.09743070541591602  0.10880527209661110  0.11923687741598100
  0.12990983069473713  0.14061974737999930  0.15130005186226214  0.16181186249014015
  0.17278988312889695  0.18425878019221548  0.19524491011232845  0.20609932170396794
  0.21658857444814097  0.22708235326295600  0.23775689626818064  0.24834887644308443
  0.25909436775890604  0.27002313104957049  0.28173525269487043  0.29343817817249374
  0.30485960020857489  0.31616183133276299  0.32772171404407174  0.33870639418979598
  0.34923378763954810  0.35975273287168741  0.36990664455428529  0.37962550630137004
  0.38900386184709607  0.39844261220867183  0.40790727471018429  0.41788709973055432
  0.42780082240631817  0.43813038950386790  0.44838161714824049  0.45829833826466160
  0.46928013784112654  0.48036337064279860  0.49090016028045130  0.50104634243675739
  0.51108700886162761  0.52132032093344505  0.53181981223756780  0.54225538820032526
  0.55257878391272075  0.56308204631037584  0.57282063227088187  0.58230767045089415
  0.59139774195412387  0.60036725155912130  0.61000852849817155  0.61983961506218577
  0.63028802597495814  0.64154824219214779  0.65305203418320490  0.66426407769498474
  0.67455897002029896  0.68439601526931493  0.69419489853408667  0.70489623732192430
  0.71591390768624796  0.72778394536203561  0.73962082771350657  0.75098423902910505
  0.76216754347020710  0.77292138166871871  0.78325841962030107  0.79360228077257211
  0.80396019237016259  0.81397925997116327  0.82420618993313333  0.83451344986087850
  0.84502285368730046  0.85531228454875585  0.86551264626670044  0.87587217614350832
  0.88636354051056176  0.89648700905862011  0.90649402871864881  0.91658534677154524
  0.92723696112270326  0.93786510059794914  0.94782627927166663  0.95741930613858750
  0.96785793619812266  0.97874268947551812  0.98939878184376295  1.00000000000000000
 -0.00240249817686245  0.00946020527124788  0.01979798010291169  0.03017583648512065
  0.04045440973099739  0.05008971777919044  0.05952312064470527  0.06907307929202261
  0.07911790708059439  0.08924553377634618  0.09906358267240394  0.10912799475505230
  0.11971145005262718  0.13060350421265376  0.14124526085656985  0.15206890919767160
  0.16267182053748538  0.17365049076579403  0.18416847465691605  0.19480590846258378
  0.20542413711716564  0.21576309888301812  0.22616195138237238  0.23614970484920131
  0.24596778415201023  0.25608191237847933  0.26655755131512687  0.27707777832068803
  0.28754201125449885  0.29820015177316134  0.30938369825450968  0.32056586606904480
  0.33197127743214411  0.34273905374972247  0.35370994121560567  0.36448263130966141
  0.37528383446826408  0.38547998720778492  0.39620795165301470  0.40708783761066014
  0.41744641883268796  0.42784693450892652  0.43855134454713857  0.44978852219436705
  0.46045304415916932  0.47111018567402674  0.48116571856821605  0.49015849416305574
  0.49912087083436002  0.50883081534167340  0.51884662898336820  0.52867360595723012
  0.53827661132234439  0.54776453778861522  0.55766933697838794  0.56795098302385427
  0.57808146917960268  0.58790532028025999  0.59800918077362308  0.60893804824862330
  0.62067077655624425  0.63229380932195889  0.64341155163044961  0.65417160325768575
  0.66490958537161493  0.67607087950290123  0.68772741533670756  0.69961478949752731
  0.71135486762840949  0.72205238743812228  0.73285251164058041  0.74376427269924827
  0.75474024345946544  0.76506416360956231  0.77551495711585794  0.78598702372698559
  0.79620146902552502  0.80629220085430986  0.81681155392381988  0.82834354837868307
  0.83924451005953782  0.84918875644728775  0.85954923528071647  0.86994110558256732
  0.88058138171130940  0.89123445985517069  0.90209124366927307  0.91388153198207778
  0.92421238217059376  0.93435905781625850  0.94470432841170415  0.95556738780442185
  0.96657286193481506  0.97721958504176321  0.98855026417096503  1.00000000000000000
   2.2282211901105064E-008  -1.0000000000000000     
 F F F F F F F F F F F F F F F F F F F F F F F F F F F F F F F F F F F F F F F F F F F F F F F F F F F F F F F F F F F F F F F F F F F F F F F F F F F F F F F F F F F F F F F F F F F F F F F F F F F F F F F F F F F F F F F F F F F F F F F F F F F F F F F F
  <DiscreteSampler_grid>
  grouped_processes
  1 # 1 for a reference and 2 for a running grid.
  10 # Attribute 'min_bin_probing_points' of the grid.
  1 # Attribute 'grid_mode' of the grid. 1=='default',2=='initialization'
  0.0000000000000000 # Attribute 'small_contrib_threshold' of the grid.
  0.5000000000000000 # Attribute 'damping_power' of the grid.
 # binID   n_entries weight   weight_sqr   abs_weight
    10   10   7.876911542472258E+004   2.110965351199296E+010   7.876911542472258E+004
    16   10   7.876911542472258E+004   2.110965351199296E+010   7.876911542472258E+004
  </DiscreteSampler_grid>
