  0.00001873209993475  0.00005275520775338  0.00007273017500810  0.00008744577258247
  0.00010178524574424  0.00011686986115112  0.00013407522674986  0.00015586296545730
  0.00018495778361346  0.00022245594348026  0.00026807129435331  0.00032188841325059
  0.00038581470730763  0.00046254564996587  0.00054987477108910  0.00065207464313845
  0.00078082861317819  0.00094376412326386  0.00114703640432148  0.00138879743174504
  0.00165954775912065  0.00199586698601792  0.00241730040912204  0.00298432782122665
  0.00372967295879206  0.00468760563958908  0.00595846680645728  0.00775455198496297
  0.01042436786607734  0.01448832619873408  0.02062641670884334  0.02948277243649143
  0.04156941872437531  0.05656342759746145  0.07326057388150467  0.09084346810149649
  0.10903490654643157  0.12791860517132028  0.14703160079214328  0.16614085383795438
  0.18520680773360915  0.20420515014340282  0.22325691484151972  0.24240192207238043
  0.26151237743235373  0.28042098384042335  0.29920978775024498  0.31796482476882304
  0.33676964291661432  0.35571542507202458  0.37473284337351631  0.39374779372213542
  0.41277198125571302  0.43179929953056700  0.45088793583738973  0.47007377703138697
  0.48927445496186883  0.50849114588756950  0.52752580253394754  0.54641910976832442
  0.56539703779150563  0.58437209478934482  0.60335237074090708  0.62230932653020643
  0.64105738436677751  0.65974190362202279  0.67842743046494869  0.69704317609649269
  0.71561677896087938  0.73405883192595056  0.75231972753676069  0.77068029320234954
  0.78932498434821918  0.80770851937907939  0.82577659700036898  0.84371096417765268
  0.86154661283511924  0.87908014883626318  0.89609736312794419  0.91227452627064554
  0.92764963258532906  0.94220824990032803  0.95556964651752152  0.96697918317153109
  0.97622723723822669  0.98322405789259482  0.98819055372988618  0.99168002263848010
  0.99415995461599638  0.99592192116052036  0.99718698671584749  0.99811061556316216
  0.99878323732219976  0.99927577243624455  0.99966322879540992  1.00000000000000000
  0.00027448059164949  0.00033027284507344  0.00035660421367879  0.00039050900336214
  0.00043300585139041  0.00055938004475823  0.00089139135034190  0.00138585586347488
  0.00180134339310660  0.00224072547422105  0.00273378821392720  0.00330167881381238
  0.00393856543864573  0.00465445721961732  0.00546713495638206  0.00639946875094898
  0.00752495088896017  0.00889068248085850  0.01051120355164815  0.01236884319522026
  0.01444841659967890  0.01681577439400473  0.01957363352748851  0.02286101410097146
  0.02679230598873160  0.03144518926124153  0.03653328483621455  0.04217516928091657
  0.04798785550172276  0.05327785069364357  0.05720744346255459  0.05980248835092878
  0.06161500534495200  0.06287746777314708  0.06378421154539962  0.06446243982368460
  0.06498687509098594  0.06540608180526014  0.06575397148403463  0.06604897943188789
  0.06630514748934736  0.06652980529006103  0.06672933150599369  0.06691168949279062
  0.06708204380101507  0.06724246705902888  0.06739490733545109  0.06754147198213933
  0.06768388897516966  0.06782387670704081  0.06796310341760012  0.06810331209548727
  0.06824594688188319  0.06839247616984936  0.06854424178584791  0.06870389219430612
  0.06887361189683604  0.06905672155585300  0.06925657298541019  0.06947670551744810
  0.06972307626071994  0.07000580178233741  0.07033654405935919  0.07073375654612164
  0.07121447083256337  0.07182814856367085  0.07261995466376620  0.07366687563268277
  0.07509385522469042  0.07718252972286117  0.08046747140239817  0.08551516914166563
  0.09341485271769445  0.10513753240959223  0.12155878434336423  0.14380253640140542
  0.17358594451360262  0.21315617626764832  0.26575482857595017  0.33357762064382257
  0.42612315262857464  0.52328085725512374  0.58487520325974174  0.61481765306956915
  0.63477264578912951  0.65756666033756894  0.68134531140881038  0.70445952225808406
  0.72617174897207182  0.74581145007779581  0.76403846247663765  0.78258159212794898
  0.80607572755541701  0.83930348290773071  0.89416313163205197  1.00000000000000000
  0.00020945235428956  0.00070042271008188  0.00095829578617917  0.00115573861941554
  0.00135475934647886  0.00158357627543215  0.00184693170724769  0.00214069053823099
  0.00246058963573912  0.00280561144005998  0.00317673236156894  0.00357897940978517
  0.00401778931587819  0.00449490154215203  0.00499916251254571  0.00551936260167399
  0.00604654437827127  0.00656855061203892  0.00708197756490415  0.00760393413035649
  0.00815275151153022  0.00872042231711472  0.00929902075643664  0.00989962048491853
  0.01053781024832828  0.01121275893986789  0.01190764017771971  0.01262858330466324
  0.01338293260617827  0.01417273657256784  0.01500070115376297  0.01582710221118964
  0.01666296013580242  0.01751131677449525  0.01843879160479259  0.01941571271667478
  0.02045688765191517  0.02156508685265876  0.02273770421646483  0.02394667964072627
  0.02520255080729211  0.02652436272015836  0.02795460481573313  0.02947624900790976
  0.03105935928319490  0.03266474381646871  0.03432121153426739  0.03605780174136073
  0.03787503089166574  0.03977170395653239  0.04173518558814845  0.04377339580025561
  0.04590277019854277  0.04815249861706135  0.05055001617217963  0.05306880476826959
  0.05578225326568189  0.05857202118380164  0.06138811717179800  0.06429736277227470
  0.06749454048377118  0.07092991281383100  0.07447095143238432  0.07810940257277615
  0.08195292952603864  0.08605741124835724  0.09037346587291596  0.09480450046455616
  0.09941342366786450  0.10429891885461325  0.10952148689730953  0.11528018564674611
  0.12158607621532463  0.12830491329267896  0.13525763642563254  0.14240006730536772
  0.15007627464114179  0.15867946338658301  0.16815966764747264  0.17831037098022498
  0.18910299717046633  0.20054980464746125  0.21262375197472547  0.22552519407663202
  0.23968612494546623  0.25486888474844782  0.27086060790768185  0.28771859795646165
  0.30621206738853357  0.32717908764282555  0.35025421054450745  0.37597189965925332
  0.40593877797928485  0.44766725885941511  0.53318169389620940  1.00000000000000000
 -0.00233938191058827  0.00913562169261933  0.01893543996085706  0.02953929093840064
  0.03955832915065646  0.04925253058256081  0.05877970798493294  0.06810772286399194
  0.07778113167995424  0.08681768214544414  0.09608924164363912  0.10463217560846662
  0.11372869809742699  0.12303354734756762  0.13248882496758543  0.14170609403185139
  0.15083387072043439  0.15999788771841422  0.16929165213163599  0.17838986725865491
  0.18758408333104520  0.19727891505237941  0.20729490452078889  0.21745995521767505
  0.22762391115414490  0.23764824482703550  0.24760429094745315  0.25758601660143771
  0.26746238120622534  0.27722857416478214  0.28690751616336907  0.29680758298704646
  0.30701516846453247  0.31742760987155044  0.32811554137564919  0.33876959953420793
  0.34934335957673729  0.35989248141004393  0.37033257932613867  0.38063671038129582
  0.39099521136257709  0.40159635522682319  0.41231511109161384  0.42303391977803340
  0.43387640376629449  0.44491291518115500  0.45599848736799492  0.46683595377123210
  0.47753968449651607  0.48833172768015704  0.49941463055386437  0.51083546701504079
  0.52226231357509512  0.53364344793292340  0.54481969669533747  0.55579733446818635
  0.56692341567564708  0.57829627114374771  0.58978582838044824  0.60109588227227984
  0.61235949587771277  0.62373685579286076  0.63519702867375871  0.64644825387293903
  0.65790406795999123  0.66932838060158117  0.68052321031429019  0.69167049412639725
  0.70303505349913942  0.71448376017147963  0.72574955461971891  0.73680271606276893
  0.74776196982110665  0.75874163391147753  0.76967294950211396  0.78076026857089176
  0.79188093002260285  0.80312515135391827  0.81461569776852427  0.82580987167283582
  0.83652044278230919  0.84693311054209308  0.85712003946089044  0.86736395683244971
  0.87779606606463623  0.88841069605364398  0.89965918098378483  0.91080422056609178
  0.92178618343227303  0.93269872275336529  0.94353035051898704  0.95475961746510274
  0.96593789199550073  0.97717020105533126  0.98847483769685340  1.00000000000000000
 -0.00235951137216264  0.00929576389227873  0.01953023832911908  0.03012079627862789
  0.04072703326183154  0.05114997486573245  0.06132347180422549  0.07197879630148293
  0.08277548620056445  0.09337639476550054  0.10332249627563492  0.11351957462906026
  0.12372652786313902  0.13405864970347670  0.14453172730910752  0.15526214774372454
  0.16614984720523082  0.17694421994043499  0.18763535970644574  0.19849411216717880
  0.20941032781829816  0.22028348000583728  0.23104155973559790  0.24149489685745112
  0.25189379599543527  0.26216697871665362  0.27274688426131000  0.28321910170271763
  0.29370403516660182  0.30377321301717830  0.31402438385787251  0.32429579834443412
  0.33476045899023316  0.34515075666421308  0.35568505354775976  0.36604791424648975
  0.37636723924193216  0.38684750856304417  0.39763995791696471  0.40851531324237239
  0.41916807391820898  0.42945731238451329  0.43972102196579083  0.44995582096022191
  0.46051082920409342  0.47085306331458038  0.48115143370465990  0.49167045735356046
  0.50219514789404029  0.51274166886619688  0.52304937115229511  0.53350795177243038
  0.54410667016763725  0.55490478427402623  0.56578495128677075  0.57663751603093172
  0.58726846868511318  0.59791443183021464  0.60835938060586392  0.61846282149505771
  0.62863274723058771  0.63897547155072121  0.64975494108738230  0.66069168529014866
  0.67183801546165500  0.68297270850423164  0.69385268676377232  0.70465918446348985
  0.71543731390197041  0.72636945459641133  0.73713843851651573  0.74786734934623156
  0.75862815775030579  0.76911188259871599  0.77950613434605054  0.79015433764017051
  0.80093659877396695  0.81217143071887743  0.82312246705954950  0.83381633330897953
  0.84447696687959406  0.85514750876211443  0.86610337182441410  0.87633557625974057
  0.88664888720566970  0.89672279858117632  0.90742467931031900  0.91795022448299157
  0.92823722312773171  0.93851987329243614  0.94829062778689155  0.95837834180931680
  0.96812760064440029  0.97896374469843805  0.98891517731251577  1.00000000000000000
 -0.00178021735670282  0.00727641221598990  0.01642407622934221  0.02584577844228304
  0.03576495313416176  0.04566285306654749  0.05550709750272700  0.06526466929034898
  0.07509166296300657  0.08407649780623896  0.09334493168327762  0.10230658482891360
  0.11148272788953602  0.12080402969500997  0.13028925167064173  0.14035455803702396
  0.15036803056602138  0.16032953097362584  0.17006370113472222  0.17975391905019880
  0.18938608681121971  0.19915237734151159  0.20896623839125011  0.21849236698713304
  0.22831570008803964  0.23814003598934158  0.24770719007766717  0.25732164107931954
  0.26675125724178073  0.27661350770293619  0.28669406535567954  0.29681659423053408
  0.30683312447697675  0.31675647273803154  0.32711970197102130  0.33754106192271921
  0.34793666104541648  0.35807723418143034  0.36801754186419505  0.37747561634785814
  0.38724344976992525  0.39771012365361269  0.40868232046072878  0.41958960782681753
  0.43052846629545427  0.44158200610656051  0.45272382519274407  0.46388905361596933
  0.47519993754480994  0.48655335127979737  0.49781694513488173  0.50900062687974623
  0.52033910376235259  0.53181449330076502  0.54336822895763215  0.55473712607330905
  0.56609220864734111  0.57713282257092124  0.58770529986153586  0.59822902350886809
  0.60893260614447731  0.62002186360529510  0.63116569761386676  0.64223825049178018
  0.65372357036034845  0.66531550203672007  0.67686402317060079  0.68844351753901134
  0.69992598304974674  0.71155768891437021  0.72322318102479188  0.73456294569294411
  0.74603630086672001  0.75719902722483712  0.76830204677895675  0.77950916365739131
  0.79071245779403121  0.80195553158955102  0.81284340849721559  0.82371672239370874
  0.83451487231952426  0.84537516904423582  0.85613651592746010  0.86704122140360873
  0.87765517113843960  0.88864366497643721  0.89938466255082494  0.91059039833349009
  0.92126069286381929  0.93210018995773869  0.94297031467851089  0.95433454861454081
  0.96643044313666893  0.97771877981732447  0.98921064742397591  1.00000000000000000
 -0.00210228949390577  0.00843758082445027  0.01886499278112889  0.02903019799908392
  0.03967121614386339  0.05067557273243420  0.06145367523503951  0.07172471695038106
  0.08216195013278056  0.09298543009319134  0.10366319117150717  0.11414681405427098
  0.12402567402801228  0.13485770469830269  0.14528621938450909  0.15597267080640945
  0.16618721001247169  0.17654405988292735  0.18696331246409184  0.19778614170140796
  0.20865452973586990  0.21933061739837104  0.22986230116227777  0.24019095927938838
  0.25062893993468449  0.26107490691173768  0.27173579325410369  0.28240015861476331
  0.29314100028931928  0.30374107074007389  0.31454758691881984  0.32528865030355442
  0.33626506779032994  0.34715357245795680  0.35799842313245078  0.36863717399523016
  0.37920113022045893  0.38975125782685172  0.40011323161259627  0.41029666296206291
  0.42071069201568767  0.43136254292648302  0.44234524148463705  0.45281986341429620
  0.46270258703557460  0.47276244792949984  0.48314654532043966  0.49419265085910746
  0.50540815182458831  0.51621371950339201  0.52704923482651067  0.53795403658324081
  0.54836610018225829  0.55825693373288576  0.56795956673316705  0.57828329759507180
  0.58920134466862573  0.60018323750450309  0.61131069674639715  0.62246128141507606
  0.63350787427103217  0.64432665633657715  0.65477284102689004  0.66508371769881680
  0.67573472870167750  0.68645021493341529  0.69713224417264674  0.70755699660049332
  0.71822774086314367  0.72897752982843467  0.73961185870649171  0.75018674755686365
  0.76054725622494024  0.77119049081567526  0.78165435852075460  0.79245873105940390
  0.80292516681145609  0.81318551157818963  0.82343347840496606  0.83335246854689171
  0.84353304318949573  0.85406733255984169  0.86472276287046235  0.87516651563127279
  0.88545177319395718  0.89575479251088774  0.90654981716302596  0.91737301465476040
  0.92839498930810205  0.93905656618416677  0.94943452447778143  0.95970485450539200
  0.96986851748055913  0.98009394019296647  0.98990910001789845  1.00000000000000000
 -0.00212452147150998  0.00868818353622974  0.01885257413768257  0.03001030957586974
  0.04027418106691320  0.05104728676004860  0.06150733856692231  0.07257936170612245
  0.08318046994543329  0.09412915188395779  0.10511394613151796  0.11600543323606378
  0.12692508911501627  0.13758377207793787  0.14841813058286979  0.15911983714766956
  0.16984567882136939  0.18059587153254905  0.19140966961498407  0.20234326528389091
  0.21305269323716819  0.22389261891064852  0.23495015280615761  0.24609629917310902
  0.25710539563849116  0.26793261573793981  0.27871464826891434  0.28942866454568877
  0.30020281088706230  0.31090819647194046  0.32164263898030687  0.33230279487421915
  0.34234899838680793  0.35218108173489399  0.36186997271362126  0.37227058670590918
  0.38257498806985479  0.39289290947527877  0.40316533910798741  0.41377259732961902
  0.42481732357925756  0.43535739607607465  0.44541543833328906  0.45535074013492743
  0.46561287850725125  0.47576985189843196  0.48597221262789220  0.49622976583036338
  0.50677858580947865  0.51724029521300929  0.52750963230419112  0.53803165010456733
  0.54851125851440230  0.55880905367629152  0.56909010181655106  0.57963476552170989
  0.59023078518610472  0.60020955171619861  0.61022953479691766  0.62052226764794638
  0.63125534152787643  0.64226731441982887  0.65320370264955918  0.66389759845315188
  0.67447133131208892  0.68479699927267512  0.69527259150039866  0.70555806606252092
  0.71590087962442772  0.72635930513990377  0.73704375101518882  0.74776644533412540
  0.75840362316891885  0.76914618005043811  0.77984223142701925  0.79054365184163533
  0.80132846921818257  0.81190060477417336  0.82244498749841566  0.83290800926948227
  0.84370568937131440  0.85456551822842020  0.86544889713063289  0.87610639442509097
  0.88691789513058972  0.89736615025184108  0.90788812585632872  0.91826331919202320
  0.92881146497035383  0.93902640517029123  0.94900209648204270  0.95904650279589998
  0.96926059979174872  0.97976724540308646  0.98992597897302048  1.00000000000000000
   1.1896753030476643E-011  -1.0000000000000000     
 F F F F F F F F F F F F F F F F F F F F F F F F F F F F F F F F F F F F F F F F F F F F F F F F F F F F F F F F F F F F F F F F F F F F F F F F F F F F F F F F F F F F F F F F F F F F F F F F F F F F F F F F F F F F F F F F F F F F F F F F F F F F F F F F
  <DiscreteSampler_grid>
  grouped_processes
  1 # 1 for a reference and 2 for a running grid.
  10 # Attribute 'min_bin_probing_points' of the grid.
  1 # Attribute 'grid_mode' of the grid. 1=='default',2=='initialization'
  0.0000000000000000 # Attribute 'small_contrib_threshold' of the grid.
  0.5000000000000000 # Attribute 'damping_power' of the grid.
 # binID   n_entries weight   weight_sqr   abs_weight
    10   10   6.788415442743845E+000   3.367129902813913E+002   6.788415442743845E+000
    16   10   6.788415442743845E+000   3.367129902813913E+002   6.788415442743845E+000
    22   10   6.788415442743845E+000   3.367129902813913E+002   6.788415442743845E+000
    28   10   6.788415442743845E+000   3.367129902813913E+002   6.788415442743845E+000
  </DiscreteSampler_grid>
