  0.00020657650716275  0.00025211314157095  0.00028617441458288  0.00031931424709139
  0.00035404659675606  0.00039421712653526  0.00044643649163937  0.00057385835713825
  0.00090337288113699  0.00137477922201137  0.00175564433505518  0.00212193678645605
  0.00254574341753720  0.00304043759628544  0.00359083305011296  0.00416262273000043
  0.00483598973209018  0.00559955519252527  0.00653495064526898  0.00759371830451297
  0.00884034080663106  0.01024633987911404  0.01182693832762295  0.01358571119342518
  0.01564590798854549  0.01800055370378342  0.02051413926379864  0.02327752661347142
  0.02652474144034902  0.03049147778734342  0.03503120216912251  0.04012200998382862
  0.04528923630241684  0.05011356128028900  0.05427487607136042  0.05749503861616440
  0.05976840677448726  0.06142228859575529  0.06263225098087191  0.06352528101927023
  0.06420392272823142  0.06472135969092101  0.06514492469726541  0.06550066883342048
  0.06580419373006556  0.06606650110324620  0.06629489384260237  0.06649725180048004
  0.06668158442390119  0.06685117839517937  0.06700886736230158  0.06715707462349087
  0.06729814634858793  0.06743308787097176  0.06756407034315681  0.06769181613369582
  0.06781727048287370  0.06794234301683752  0.06806837180482536  0.06819602730730662
  0.06832613654598187  0.06845980117142336  0.06859836854626927  0.06874366070288597
  0.06889772961006403  0.06906229673958172  0.06923906382349707  0.06943238071470517
  0.06964939348435892  0.06989572945383538  0.07017461283675469  0.07049431371006330
  0.07086986799170117  0.07132346044008740  0.07188767857797808  0.07259506174395847
  0.07350871468300092  0.07472651394899246  0.07643333451302083  0.07897584597649149
  0.08276483168710522  0.08835779541079349  0.09640100834235907  0.10744826451675664
  0.12191535923140143  0.14104854285491883  0.16620622631989332  0.19965770050490672
  0.24377563816436232  0.30419441666494812  0.38730799764606993  0.49441872559612227
  0.59588793903560844  0.68857530755469942  0.79629809724194089  1.00000000000000000
  0.00015455948548540  0.00022355187802676  0.00028998891327546  0.00034274805021631
  0.00039405419563647  0.00047772195105232  0.00070493764606004  0.00117444992964792
  0.00165072391918174  0.00205292974226648  0.00245991860077469  0.00301992197504280
  0.00370992565130085  0.00443978653640235  0.00524206221999588  0.00615314264514053
  0.00722426195169063  0.00851728892759274  0.01006282911590093  0.01184007303409032
  0.01389702695328292  0.01627304600337992  0.01903740831677537  0.02225238578885712
  0.02590456041328844  0.03009109397528754  0.03483493175405065  0.04008501762634662
  0.04558987696769923  0.05079927377281400  0.05520471665258470  0.05838576331722305
  0.06057143602587095  0.06208987015069049  0.06316231286995974  0.06394618598588134
  0.06454451417579181  0.06501868073478168  0.06540629081847510  0.06573227197933570
  0.06601055692115596  0.06625251190993293  0.06646768308474264  0.06666208071070039
  0.06683960264231477  0.06700385707505112  0.06715772507654488  0.06730370302948879
  0.06744361565916443  0.06757851145513288  0.06771034879199893  0.06784101427978621
  0.06797131364917078  0.06810224618093731  0.06823512917178008  0.06837129789387124
  0.06851275015780214  0.06866066865459648  0.06881716464643331  0.06898360665442313
  0.06916050772882425  0.06935540091988497  0.06957491672803236  0.06981972986307393
  0.07009770134968875  0.07041745472022398  0.07080387327963991  0.07127451217127848
  0.07185383788438092  0.07258543379329678  0.07353846010326934  0.07482831942166501
  0.07663458834032716  0.07930167348404228  0.08323263971981963  0.08922982298609092
  0.09803340144265811  0.10987649178832408  0.12577700681964279  0.14774340627629740
  0.17452887342884008  0.20909652435161658  0.25645115582090061  0.32072637555911299
  0.40493203904635910  0.49385042068517959  0.56196601161598625  0.61174394440810487
  0.65242473988598770  0.69122811172887477  0.72795273723763165  0.76449508913972186
  0.79971638356432007  0.84009773875612159  0.89294661499765582  1.00000000000000000
  0.00038461529215529  0.00083305599716452  0.00109675041684027  0.00132751388956389
  0.00157266318929170  0.00184211914995084  0.00213667050168995  0.00245828259923677
  0.00280721392860533  0.00318330812875072  0.00358859403836717  0.00402412285228142
  0.00448922110804801  0.00497144616169746  0.00543687932091465  0.00588169994005898
  0.00633443312954517  0.00680133481819526  0.00727222912594510  0.00774356411857493
  0.00823198221729657  0.00874832218744357  0.00929316413400246  0.00986846912246685
  0.01047426367907386  0.01110433212043423  0.01175521606835157  0.01243017679572976
  0.01314106462995111  0.01388818234471384  0.01468120275831784  0.01552209688461646
  0.01641924907720859  0.01737182311085499  0.01836297451921653  0.01938141137495420
  0.02044270259818322  0.02153674866999678  0.02269295893020598  0.02389242369270573
  0.02514368629353517  0.02646850166301893  0.02783747115716851  0.02923643469657280
  0.03075966744976519  0.03236495665109132  0.03404723257376188  0.03582431461571781
  0.03768877014035667  0.03972097812328757  0.04178794876842569  0.04398595553844764
  0.04626307102189674  0.04869735936606862  0.05125939113265206  0.05388563645980227
  0.05659109615732739  0.05941268372462810  0.06235619812853416  0.06544540128237000
  0.06860005302987698  0.07183504521584091  0.07518601823800281  0.07885439282971760
  0.08276436749542865  0.08695216040261898  0.09153803239241909  0.09627604321943217
  0.10111535868219237  0.10610337974940359  0.11145803060699440  0.11735815539033617
  0.12401170330315710  0.13123887586735555  0.13887660256785223  0.14683734534073123
  0.15526056068657687  0.16439557223732146  0.17437655671352387  0.18516312855460199
  0.19648826920743018  0.20866701788327288  0.22170075261512215  0.23581079309846226
  0.25044524882821051  0.26554899681287841  0.28181083910516708  0.29962457875517884
  0.31944390868946032  0.34022856607557933  0.36240976421861593  0.38649214717178637
  0.41647606211289773  0.45740114059926568  0.53932385659356519  1.00000000000000000
 -0.00209103847360080  0.00828724255748625  0.01835751985262341  0.02926224951698616
  0.03954651785531196  0.04926255144760686  0.05860915481380029  0.06753070997434350
  0.07677522555045529  0.08621962928197999  0.09543261904516158  0.10500649075454595
  0.11439336127803133  0.12393457889115744  0.13302878126004311  0.14225540297079400
  0.15159088254096328  0.16126052652964576  0.17128759240299751  0.18107280206424820
  0.19046122809738950  0.19989633263363840  0.20969623931379525  0.21927179643224262
  0.22899368880547080  0.23873534364397156  0.24881644535532288  0.25929644033345556
  0.26974233517668456  0.28019298163299450  0.29060966644101660  0.30117822313573539
  0.31151315630603338  0.32180316812818988  0.33210583105560970  0.34264991249497567
  0.35339039027359426  0.36359291393175858  0.37383812540301664  0.38433221999423534
  0.39467967515905084  0.40495874822218492  0.41483195199948086  0.42499538481431454
  0.43550867139351335  0.44618948121256902  0.45672665247654165  0.46732733293513279
  0.47771172290265007  0.48794111174380650  0.49848470533338024  0.50937229062936551
  0.52062851576171465  0.53182080466602133  0.54311009679490729  0.55453398433273415
  0.56602258469911138  0.57748555994185580  0.58864315097778275  0.59910758645499618
  0.60946867626531009  0.62002148932324941  0.63132107259600656  0.64250652778021489
  0.65365579004725927  0.66478209201826444  0.67604191929974911  0.68738138279787575
  0.69891018085347989  0.71052565445791716  0.72206458783596417  0.73334585912121464
  0.74442092908768676  0.75532325955245261  0.76621005913573903  0.77719395376769151
  0.78845586725948758  0.79957205244244078  0.81038273721125187  0.82119516484572264
  0.83218525822068756  0.84339954459656075  0.85461953964916715  0.86565040161188378
  0.87670318284405091  0.88791365933237709  0.89946335908591768  0.91103257235801571
  0.92249946432641117  0.93362865558954489  0.94458742981812327  0.95524004312296140
  0.96615697163390357  0.97690088806037245  0.98855299215204073  1.00000000000000000
 -0.00216592506903212  0.00852737661730599  0.01890655878971985  0.02946298552056029
  0.04052566256380735  0.05126640865845906  0.06202887098559076  0.07214271177948658
  0.08195503284486923  0.09166502547825726  0.10124450486136179  0.11154276608257968
  0.12193259437063902  0.13253836188221668  0.14311389694640936  0.15379802168858969
  0.16440990024031590  0.17532533497364799  0.18630591918579781  0.19719944441646733
  0.20772065805122611  0.21812393122175500  0.22834855307766641  0.23890155812506031
  0.24952502127552462  0.26001391424303372  0.27075967189166633  0.28145104066143134
  0.29223149164421347  0.30278554064661800  0.31343734338988544  0.32410547412959284
  0.33496578230831536  0.34551749416246108  0.35587303238383083  0.36610552581200856
  0.37631576472377076  0.38679028782914876  0.39756366857128667  0.40846710514313844
  0.41915376025890422  0.42948466178774464  0.43954685405828792  0.44936012206923726
  0.45933537783352313  0.46962092078239132  0.48033108148316001  0.49114969017610155
  0.50197090302840131  0.51267232142928698  0.52340152686604580  0.53413951977299268
  0.54449347001617077  0.55474851793936664  0.56499351043090051  0.57510034877523386
  0.58506934811884059  0.59540525374124853  0.60615054469778296  0.61688265145354715
  0.62739546549560010  0.63789367113573958  0.64858494534028355  0.65938480043273773
  0.66998858862737665  0.68053833722052537  0.69102928616468029  0.70160158551862561
  0.71224290692540315  0.72302417149391318  0.73392101054407455  0.74472940823550915
  0.75518751646743132  0.76550963552676976  0.77602080637859305  0.78672622973800388
  0.79732585161792180  0.80761126197319943  0.81789202164424002  0.82834964988471316
  0.83863699829872729  0.84939158293790973  0.86043284458934599  0.87098854168019546
  0.88167671326781871  0.89243288832811385  0.90313478018916105  0.91404113500370621
  0.92519595412059796  0.93636316225835947  0.94695707318883537  0.95721050867565238
  0.96759970672980811  0.97873008948221463  0.98923676458418464  1.00000000000000000
 -0.00200470416750284  0.00808231104993019  0.01855257495602149  0.02849838014712527
  0.03835790479908088  0.04794402622024781  0.05761457267402273  0.06726231975625688
  0.07648904630889952  0.08500777653862356  0.09390444076663243  0.10272424177340955
  0.11199193453898362  0.12144758088522334  0.13088122139033279  0.14027065407216574
  0.14982663589960452  0.15966061432824896  0.16948990420764290  0.17919489920977433
  0.18891970114458606  0.19878258063450382  0.20891936781718703  0.21912982065292652
  0.22916793326754811  0.23910341351519898  0.24912064193735894  0.25926395488902015
  0.26928391930594997  0.27907212219298616  0.28880636184872926  0.29869431156405174
  0.30897452361417971  0.31950314018303788  0.33002444210079368  0.34074518672439102
  0.35150375230773340  0.36246075606600009  0.37324895445615969  0.38382870554404930
  0.39424148345610971  0.40451715451231879  0.41472943437827375  0.42510064208293924
  0.43574430813465770  0.44677776403445063  0.45774565798007094  0.46860478424229257
  0.47942399956617865  0.49046199942149687  0.50195150155023038  0.51368836043285726
  0.52491678193320246  0.53560597931347442  0.54591725880224728  0.55635092208267223
  0.56695268270443622  0.57776351811318716  0.58883851877171034  0.60034206739654294
  0.61160387535204330  0.62258629442285651  0.63356422544276958  0.64456970463238250
  0.65589477936202834  0.66724485328846961  0.67864556458608283  0.69001782275686530
  0.70145175403145499  0.71285682819506746  0.72402125023926778  0.73527693033774699
  0.74664777539154037  0.75811531879428651  0.76921047917149554  0.78037348223047442
  0.79116631316793340  0.80215983163540605  0.81298982573836431  0.82422692973463607
  0.83554936273017855  0.84666957971764545  0.85743372280825414  0.86831107594745893
  0.87926171303689549  0.89041707726308528  0.90133214602532863  0.91196200068838540
  0.92279875603086559  0.93335773631870178  0.94401324092029792  0.95464466860047514
  0.96517996400236805  0.97745449148663810  0.98845845237666352  1.00000000000000000
 -0.00236056833580220  0.00931438981171407  0.01968463551936443  0.03041605150516089
  0.04093160814635260  0.05178983604443459  0.06236040609006205  0.07279147444316898
  0.08322590586445755  0.09398353144509922  0.10485506202189201  0.11541871899438357
  0.12599051128907221  0.13665533762197951  0.14741452393266466  0.15770940453155188
  0.16807946873876567  0.17857464358479080  0.18928000176575560  0.19981830914521348
  0.21050309276363999  0.22117515595910714  0.23176220802839984  0.24219191542461274
  0.25255602020562434  0.26317670372388846  0.27395636035157978  0.28444317205348102
  0.29483207467650357  0.30518733331955983  0.31597330796881684  0.32698869442191547
  0.33783370807494822  0.34795107509576861  0.35842922372866493  0.36905680548248648
  0.37995494342490654  0.39106891611001027  0.40202054810488502  0.41264003099904240
  0.42318511201543907  0.43387023236320621  0.44463334958292516  0.45542306573147129
  0.46617455903384047  0.47643974418650670  0.48660963201489899  0.49668550908282072
  0.50725246106168975  0.51801353162559616  0.52872332349284668  0.53949772773437199
  0.54994257773733457  0.56029058027868817  0.57070929752172761  0.58088061732810670
  0.59101081986528303  0.60125888973681429  0.61195068347933679  0.62286929929244605
  0.63325992526640273  0.64332728439209730  0.65370265246221348  0.66425429812539916
  0.67484807750512565  0.68525232377490541  0.69550218372214645  0.70602810115734249
  0.71681453610958612  0.72739989346934919  0.73776524436113444  0.74791315113092882
  0.75841200111684237  0.76908291014970886  0.77965852518484480  0.79011064294111988
  0.80065199828802736  0.81133824275336042  0.82212694259584995  0.83235891996004163
  0.84250151853971389  0.85301264282897693  0.86364800124121199  0.87471011743038596
  0.88531586292926390  0.89549104183896056  0.90532277525686511  0.91478436437971400
  0.92548461518074754  0.93616226301476368  0.94706706158104137  0.95772763896313584
  0.96825418972093391  0.97911131222138426  0.98975142979301345  1.00000000000000000
 -0.00221739546545582  0.00870548365242175  0.01978028969558945  0.03004964169421584
  0.04043894707326318  0.05076759971095730  0.06100004895826183  0.07137550048670621
  0.08166469654802017  0.09170608275376096  0.10200670711796808  0.11288506344171351
  0.12348174807000051  0.13414050349919052  0.14483780599949334  0.15568911990420706
  0.16621600484950680  0.17669282159817221  0.18726164302083964  0.19765914223967207
  0.20832909020991283  0.21909443443857257  0.22994912887516422  0.24057000140527796
  0.25114053389135860  0.26130136146745087  0.27153691736039381  0.28189355826300438
  0.29241078821581890  0.30281288536993939  0.31325846211960728  0.32382208370490106
  0.33441057411036990  0.34515603571509507  0.35611610876045013  0.36686637674549361
  0.37739192574247604  0.38779522006628758  0.39866743967194407  0.40964632118336508
  0.42013600041065069  0.43052744519859620  0.44083114426040143  0.45136872748156165
  0.46218306805768955  0.47299163293323376  0.48384333895635756  0.49466618613760066
  0.50516927089897123  0.51561748493276860  0.52580419426278902  0.53606059892249358
  0.54669022817643687  0.55751116280647617  0.56815517509042557  0.57863108748997216
  0.58890913818181101  0.59900839167574893  0.60893280681276896  0.61897566515051150
  0.62935047536169875  0.64014464994879650  0.65080971617908290  0.66117297947310638
  0.67142304200640002  0.68167391376126940  0.69192615401122881  0.70179763532957340
  0.71197423518386327  0.72240848085516340  0.73295471750354568  0.74340275136416534
  0.75370530822358217  0.76453021194861626  0.77533624219585895  0.78639516384044472
  0.79687526467793013  0.80731753574845910  0.81750895123153744  0.82820163990240359
  0.83892229476163704  0.84978211236338974  0.86078279901908372  0.87158302504595364
  0.88234315923338913  0.89274088670739482  0.90314168833989206  0.91372378597327875
  0.92468487355543560  0.93578356412468755  0.94666391115137838  0.95725066473918052
  0.96836400872012529  0.97885978762631176  0.98984842759334546  1.00000000000000000
   1.2003365237502322E-011  -1.0000000000000000     
 F F F F F F F F F F F F F F F F F F F F F F F F F F F F F F F F F F F F F F F F F F F F F F F F F F F F F F F F F F F F F F F F F F F F F F F F F F F F F F F F F F F F F F F F F F F F F F F F F F F F F F F F F F F F F F F F F F F F F F F F F F F F F F F F
  <DiscreteSampler_grid>
  grouped_processes
  1 # 1 for a reference and 2 for a running grid.
  10 # Attribute 'min_bin_probing_points' of the grid.
  1 # Attribute 'grid_mode' of the grid. 1=='default',2=='initialization'
  0.0000000000000000 # Attribute 'small_contrib_threshold' of the grid.
  0.5000000000000000 # Attribute 'damping_power' of the grid.
 # binID   n_entries weight   weight_sqr   abs_weight
    10   10   4.197863796531532E-002   6.329171448537898E-003   4.197863796531532E-002
    16   10   4.197863796531532E-002   6.329171448537900E-003   4.197863796531532E-002
    22   10   4.197863796531531E-002   6.329171448537893E-003   4.197863796531531E-002
    28   10   4.197863796531531E-002   6.329171448537896E-003   4.197863796531531E-002
  </DiscreteSampler_grid>
