  0.00025288868610467  0.00030617784328849  0.00033729474387709  0.00037360295363402
  0.00041713800256141  0.00049214338020486  0.00072882183013810  0.00115127910205593
  0.00150462043591452  0.00184498673166404  0.00224158159094040  0.00269006671937645
  0.00315664713159111  0.00366017530033091  0.00423791295157194  0.00491551056362686
  0.00575435432860926  0.00672334159953877  0.00786203402841264  0.00913163172987466
  0.01050344583603318  0.01197505893194597  0.01367009706781653  0.01578157993380181
  0.01836271486389600  0.02122555428348756  0.02426411463188374  0.02766523411051337
  0.03163972482945566  0.03603688145218743  0.04055599529354502  0.04527809344976891
  0.05014242695392604  0.05452412754804602  0.05784032643960509  0.06010193113242260
  0.06167080641120868  0.06280999664032560  0.06365165646224633  0.06429206838936181
  0.06479677429091554  0.06521078133440225  0.06556055221265440  0.06585604993580653
  0.06610660218502641  0.06632749446685234  0.06652859055449585  0.06671153942134947
  0.06687840900102521  0.06703354301571891  0.06718033033698140  0.06732084906193150
  0.06745661230095339  0.06758793176373264  0.06771529409922185  0.06784079281739039
  0.06796662558580580  0.06809253752764913  0.06821957236685786  0.06835007373376037
  0.06848589892016300  0.06862667761153200  0.06877401808234118  0.06893013638732892
  0.06909754151333120  0.06927961259296758  0.06948016242231600  0.06970336141022360
  0.06995459404622795  0.07024198459971268  0.07057772581244028  0.07097676617469337
  0.07145576708563042  0.07204238119076366  0.07279755814945980  0.07380744560541605
  0.07515632209949512  0.07702948746064585  0.07979192488799704  0.08386272314570634
  0.08979204609751537  0.09824260050254167  0.10978537730344140  0.12511642588827782
  0.14522224058116961  0.17119925275308434  0.20385272140732397  0.24671501856200112
  0.30800678941794418  0.39156588727110847  0.49099762236947864  0.59667472355285300
  0.69133268158855654  0.80358949261990487  0.90691172174041113  1.00000000000000000
  0.00016763294680196  0.00024376994293558  0.00028842276368784  0.00032500767939735
  0.00037595312238747  0.00044167570062874  0.00063515197361149  0.00105792913547350
  0.00154164961082217  0.00195485909428927  0.00240583938105979  0.00291519108819398
  0.00348085854434577  0.00411164482331709  0.00483573209835538  0.00569520796738347
  0.00673950006049564  0.00797336592231563  0.00936559506405046  0.01092832919540520
  0.01270271793415294  0.01483764548583386  0.01732755940886927  0.02020032742303956
  0.02360257268281180  0.02743664284018317  0.03183405490094314  0.03665063777996967
  0.04185608283294699  0.04732111616122639  0.05249265181414121  0.05652849388103473
  0.05932284716823045  0.06119776935537621  0.06252141258695607  0.06347832187257278
  0.06419287780867912  0.06473724439452289  0.06517517816930621  0.06554144031877829
  0.06585235930665216  0.06612034523941514  0.06635459417492237  0.06656091195607673
  0.06674702096945624  0.06691873817972899  0.06707939875700064  0.06723094229708734
  0.06737526762964430  0.06751421083779939  0.06764966822141298  0.06778312835249597
  0.06791547443277346  0.06804736547868794  0.06818038349084941  0.06831669458098832
  0.06845774808577849  0.06860454393438081  0.06875860942963415  0.06892206683389007
  0.06909797600700499  0.06928999577510681  0.06950203238798562  0.06973714098853739
  0.07000301281876672  0.07030974820462708  0.07067186721478740  0.07110472506951800
  0.07163041649091728  0.07228887641939792  0.07313264722854751  0.07426919710761316
  0.07588512958396323  0.07822982906586075  0.08166466983231944  0.08677418703413739
  0.09445087965177534  0.10520229058556493  0.11991907403252158  0.13996847866859868
  0.16626339396499756  0.19867552073001951  0.24051354046651793  0.29707374911113071
  0.37065273071817251  0.45549536673497626  0.52837003597744603  0.58267955174076425
  0.62805620855816902  0.66962560921729608  0.70960678790428899  0.75005042180545545
  0.79329339149389366  0.84103730744055638  0.89463358120960457  1.00000000000000000
  0.00023554177347413  0.00065290153308027  0.00090139299846018  0.00112020020067281
  0.00135018181809589  0.00160037134181927  0.00187685432315300  0.00218774005315823
  0.00253254334132936  0.00290128843772124  0.00328545445324206  0.00371140313965071
  0.00418062929048884  0.00467385715160028  0.00517291284580227  0.00565528377319570
  0.00612094431522355  0.00658840861397672  0.00706225383503127  0.00754714946558454
  0.00804946760460182  0.00857538018992847  0.00912475186772199  0.00968843967145626
  0.01026337434738978  0.01086584442305795  0.01149960953703637  0.01217075319479893
  0.01287159960326625  0.01360305056493092  0.01436399627907689  0.01515709150987634
  0.01599227476535246  0.01689598430397618  0.01787303359158880  0.01890714520842511
  0.01996492491471986  0.02105821308311749  0.02216991260842663  0.02328995672913541
  0.02443642867460084  0.02563891960841031  0.02697949862218689  0.02842655019618681
  0.02996941795726028  0.03160092743560267  0.03328647578532503  0.03504067370926795
  0.03681762133242242  0.03866203124833342  0.04060504885275661  0.04269392634950182
  0.04491994841579253  0.04718531978356397  0.04944308069431975  0.05176420807392015
  0.05420297256573404  0.05684807306384536  0.05965519410680586  0.06265305426088669
  0.06582586414115195  0.06921297644862051  0.07281830495565447  0.07670315172408831
  0.08079075323067655  0.08489891739639538  0.08915309039018030  0.09364161384698924
  0.09839863797107917  0.10337195065583940  0.10864036470742404  0.11444011865994112
  0.12069762211031561  0.12729778908202868  0.13425219636961161  0.14177362565282980
  0.14992478234759427  0.15893143900528489  0.16875720272277153  0.17914964903436043
  0.19005385181407528  0.20171500839226400  0.21414602489175524  0.22751957358275085
  0.24184202500128549  0.25690065337575979  0.27286758366725256  0.29000619157035856
  0.30911834082430545  0.33010329750435435  0.35295906782775355  0.37831164411805074
  0.40824203856908375  0.44847683995912974  0.53414548912723026  1.00000000000000000
 -0.00203792094112179  0.00766386758999098  0.01728910381279431  0.02670207234356275
  0.03675531811678283  0.04629314872508451  0.05553741237992965  0.06464839704071978
  0.07450529525380761  0.08398056198507452  0.09329994293624028  0.10211708637035781
  0.11136641766534022  0.12067487628321372  0.13021145779670462  0.13960357497311021
  0.14904322279568347  0.15860784190383817  0.16817509937784489  0.17773317367068159
  0.18710110451405798  0.19667308299271904  0.20653511487647286  0.21626687265236116
  0.22583013353970557  0.23549923034139525  0.24532932052373721  0.25513773016331281
  0.26507317451179285  0.27529792637337402  0.28568426907321609  0.29622465060089298
  0.30668590879303359  0.31699967964116638  0.32710463864697631  0.33718205951968572
  0.34743426704559743  0.35792987009588539  0.36833904372642740  0.37882643685239598
  0.38947485225639483  0.40035900398868574  0.41133759847934503  0.42228635398394826
  0.43329515714840244  0.44428220921967493  0.45518370972327304  0.46610327529102125
  0.47706658123068008  0.48789563273004050  0.49885927190442747  0.50992999752643853
  0.52092788726515227  0.53150187035237650  0.54214981609092439  0.55331179356448601
  0.56481254668606551  0.57651392610629704  0.58818234654116397  0.59993919879069979
  0.61140988044727129  0.62260181145936755  0.63343126371893010  0.64412449188585497
  0.65466164863875420  0.66508426096121009  0.67576971706972211  0.68703338031422634
  0.69871752194224146  0.71029705708893320  0.72195900997365936  0.73350935600951783
  0.74507853746300090  0.75632803013934291  0.76732004984740654  0.77828002994009160
  0.78903678872131000  0.80002092521987000  0.81071259197584467  0.82166856620351225
  0.83275956241804994  0.84419344710372468  0.85546601509652298  0.86620931294576820
  0.87716682561015880  0.88820805792225122  0.89970000648432813  0.91085011669911298
  0.92172910506123018  0.93246236969998464  0.94299130329181580  0.95398530042664009
  0.96523748225337158  0.97681452931872637  0.98825293636807232  1.00000000000000000
 -0.00190941603505666  0.00755679805059753  0.01685079598232490  0.02686148420241374
  0.03794291063622694  0.04892198564737679  0.06002795218464052  0.07072025347684864
  0.08137425020178933  0.09187401625585724  0.10268520859887920  0.11324535154475797
  0.12360512574458669  0.13409267041437575  0.14499601503898915  0.15595426308193999
  0.16689474493006204  0.17743712515278973  0.18814208381154496  0.19893164133050639
  0.20974027761532235  0.22042572268377247  0.23104335488840372  0.24194485603885560
  0.25188185048957923  0.26125369538700827  0.27046196448271098  0.28022242193347280
  0.29073865343685168  0.30128324943313833  0.31197409526078801  0.32277395933813235
  0.33342957606270240  0.34408384474699699  0.35474702494708155  0.36554380882036125
  0.37628886350735341  0.38691712680681062  0.39727224761740432  0.40772272368736734
  0.41815525430525885  0.42873096699165619  0.43944628640368433  0.45045795686876239
  0.46161262612726744  0.47268470555742709  0.48357162187573999  0.49437636299037946
  0.50503964848483451  0.51564021701588092  0.52611912465588084  0.53664263459537997
  0.54711841687086504  0.55766809142016227  0.56816765340020359  0.57872671329093972
  0.58879114480385075  0.59880133335339247  0.60883539163744105  0.61932266193934260
  0.63011172683046279  0.64092306495967610  0.65146004112740274  0.66142332365844181
  0.67154795623181718  0.68211636855951918  0.69272221316864457  0.70365814576206609
  0.71402039222127922  0.72433876362637972  0.73471931065031748  0.74549701474046615
  0.75648359322268477  0.76730226360768428  0.77798412257533311  0.78860316237200900
  0.79929958122757883  0.81010937597075061  0.82070878247022439  0.83107174555044994
  0.84142958373987164  0.85191062271457973  0.86218760525715676  0.87260667333829423
  0.88315296713692326  0.89423392040408534  0.90509589263261059  0.91572571005895864
  0.92653410100532840  0.93722697985430237  0.94750221928977263  0.95780541012241838
  0.96842916760040598  0.97894582400652974  0.98976473935212284  1.00000000000000000
 -0.00213624867890578  0.00829635598694605  0.01814954006687985  0.02711884911719292
  0.03642219219676018  0.04570262191700415  0.05523255955729506  0.06492636124797554
  0.07432216036763160  0.08337102896930737  0.09236649714958031  0.10128840554539273
  0.11042310448391260  0.11967895593707992  0.12923219932060945  0.13896852956011305
  0.14866458004387309  0.15838832049848448  0.16820036406998826  0.17830598596737635
  0.18851810590276891  0.19871065780081984  0.20864154437880136  0.21856568827952000
  0.22854512163135574  0.23835861038663594  0.24838665480548175  0.25839433127630440
  0.26850263420068121  0.27860126086793729  0.28884122718004490  0.29931261686408978
  0.30924778208333803  0.31902247856139915  0.32874121051524663  0.33901996828347702
  0.34935766800608603  0.35951522809609676  0.36967231632645314  0.37998206191601919
  0.39061925910100742  0.40132843505432536  0.41202550149215578  0.42271557397413029
  0.43357992898022202  0.44448060675607626  0.45524285810063619  0.46586080037517436
  0.47663854859105109  0.48783224645694301  0.49911094657306310  0.51015496983393027
  0.52126563053258868  0.53251244397248676  0.54401544216732078  0.55560655486971555
  0.56737076190028202  0.57888335207497199  0.59001214401035662  0.60095204949698999
  0.61210593396331769  0.62354918030634510  0.63482579840985909  0.64573969876325865
  0.65668183531208990  0.66756350046751112  0.67860922884089192  0.68991874180962642
  0.70125178466997173  0.71260666286582430  0.72396299690078370  0.73541350399226024
  0.74688329525433006  0.75830571041250516  0.76957528266046393  0.78085108176040507
  0.79191539119274723  0.80305262275340439  0.81435270167389606  0.82595506876200286
  0.83720684079102159  0.84817358428318357  0.85894499039819217  0.86988663757118934
  0.88076626183063356  0.89158527032145007  0.90247998611883473  0.91318707798563636
  0.92374331850654834  0.93412610764386161  0.94473496701300208  0.95502006565931774
  0.96624816934906566  0.97771945382601022  0.98852645211390922  1.00000000000000000
 -0.00225950811642954  0.00893356758238908  0.01948017006946714  0.02966316841680642
  0.03989514901711963  0.05068218558294306  0.06064106396609635  0.07054784252536551
  0.08051906067263326  0.09113870972907720  0.10207851012110722  0.11295198730650625
  0.12378789970847789  0.13433335613078654  0.14429550145776715  0.15431522904273931
  0.16469786601704614  0.17572376435605019  0.18682998063924222  0.19773508798220707
  0.20843805517547098  0.21881445935263838  0.22913885570828124  0.23944260899316930
  0.24975511829166089  0.26006332708592184  0.27045211720730666  0.28099555331417825
  0.29155098487167025  0.30224405815641414  0.31298663683620570  0.32370328652692182
  0.33441975993746725  0.34500195814708939  0.35557755008743425  0.36588673390327187
  0.37590798130414516  0.38601691290068496  0.39638810095567190  0.40733620668265280
  0.41836133132188674  0.42918539573464165  0.43956464665522599  0.45009062264974398
  0.46072850852168867  0.47163766312638733  0.48249477581838029  0.49317643896127816
  0.50365664467951288  0.51393826580816793  0.52431260027731397  0.53492340914031133
  0.54557758614694307  0.55619772059796635  0.56680962006188140  0.57763553770808962
  0.58859462169704435  0.59957730108939433  0.61034032886183875  0.62090739045712939
  0.63150365570427180  0.64237256803979781  0.65342230338956664  0.66406279606140217
  0.67447943987097780  0.68465500994647432  0.69503990324104414  0.70541312814078350
  0.71592928099829778  0.72652781294051028  0.73712064256892640  0.74752246346937723
  0.75780349422029469  0.76802427071209933  0.77840997898084419  0.78906025919303890
  0.79998588790979608  0.81055256084689831  0.82100140834029212  0.83135811955081840
  0.84194510587662452  0.85272349104056067  0.86366185398317952  0.87444786853788470
  0.88468291950583655  0.89491708262913006  0.90554123631978112  0.91610507086096771
  0.92617655127986920  0.93617443582442439  0.94658578658606263  0.95687761318508924
  0.96743529963910568  0.97787640037441226  0.98882108747831621  1.00000000000000000
 -0.00233799797031459  0.00910715390558658  0.01928679144686754  0.02971852317636074
  0.04023341716039500  0.05098541783221534  0.06164411577909139  0.07205810913676269
  0.08221552521285569  0.09234047881115426  0.10285857178947440  0.11351508138198910
  0.12447849927530222  0.13527651390535980  0.14611184868090024  0.15703651431854640
  0.16808239848310061  0.17916178718025388  0.19001888725315844  0.20066982899056426
  0.21114555174815589  0.22167762723385900  0.23221027221716437  0.24287297022141438
  0.25368780638466348  0.26467431672596925  0.27518858439848431  0.28566627300656539
  0.29606184914852096  0.30672315743697914  0.31734707430178338  0.32800709382364102
  0.33862536786394959  0.34927217275774630  0.35982530949241465  0.37028932475256604
  0.38073601776180349  0.39138714448565964  0.40226038442240369  0.41311357749659733
  0.42379681808828262  0.43421246536433034  0.44426733161831011  0.45409075491373230
  0.46390355258852817  0.47379273934241428  0.48392799727815672  0.49423864810863211
  0.50462455852959953  0.51506060290166389  0.52593063685864716  0.53689769029617151
  0.54763517541196505  0.55809106456746949  0.56873988927455599  0.57972919133040990
  0.59064928000352246  0.60144815889389347  0.61201695010093871  0.62247894782261481
  0.63258613525135909  0.64251792436055410  0.65235450786440197  0.66249560522508588
  0.67297825769263819  0.68309741293529258  0.69316925704264920  0.70361450951383464
  0.71462093859246445  0.72552792836059610  0.73625860520788966  0.74723871565377986
  0.75827265095063789  0.76917929834506549  0.77977562718530924  0.79031698222845670
  0.80084187767101822  0.81129486990593280  0.82184752303952124  0.83183708969758252
  0.84176482524221907  0.85163703317267747  0.86211616478642528  0.87261563143987575
  0.88367808704843287  0.89446098692086873  0.90518271191946076  0.91579200979667297
  0.92687499811076790  0.93795292106683170  0.94849530527070713  0.95915375777593348
  0.96942737012503843  0.98004074385813955  0.98956688489500677  1.00000000000000000
   1.1829669175989518E-011  -1.0000000000000000     
 F F F F F F F F F F F F F F F F F F F F F F F F F F F F F F F F F F F F F F F F F F F F F F F F F F F F F F F F F F F F F F F F F F F F F F F F F F F F F F F F F F F F F F F F F F F F F F F F F F F F F F F F F F F F F F F F F F F F F F F F F F F F F F F F
  <DiscreteSampler_grid>
  grouped_processes
  1 # 1 for a reference and 2 for a running grid.
  10 # Attribute 'min_bin_probing_points' of the grid.
  1 # Attribute 'grid_mode' of the grid. 1=='default',2=='initialization'
  0.0000000000000000 # Attribute 'small_contrib_threshold' of the grid.
  0.5000000000000000 # Attribute 'damping_power' of the grid.
 # binID   n_entries weight   weight_sqr   abs_weight
    10   10   1.108547015356824E-001   5.018555520919390E-002   1.108547015356824E-001
    16   10   1.108547015356824E-001   5.018555520919389E-002   1.108547015356824E-001
    22   10   1.108547015356825E-001   5.018555520919393E-002   1.108547015356825E-001
    28   10   1.108547015356825E-001   5.018555520919390E-002   1.108547015356825E-001
  </DiscreteSampler_grid>
