  0.00018160390286698  0.00024554099547233  0.00028641868837389  0.00031787362451539
  0.00034928256103791  0.00038759078961496  0.00044127092503761  0.00056397630060605
  0.00090767098475840  0.00135829525443523  0.00170968848081161  0.00208865990576119
  0.00248912964271544  0.00291429897510362  0.00340146053304711  0.00403433909710314
  0.00475196119152249  0.00555116572097909  0.00643318397747458  0.00740510535937660
  0.00850632777428196  0.00978311300904882  0.01124677067082630  0.01287473951415723
  0.01470116662618011  0.01676907261983616  0.01919179772809323  0.02201490452836001
  0.02532779427760188  0.02893199017548585  0.03276979708241379  0.03738245610375449
  0.04238519119603940  0.04757870413164970  0.05231270236466927  0.05615143831223183
  0.05897039503558137  0.06091446508129190  0.06228730083749513  0.06327083223220047
  0.06400314760840886  0.06457786131625101  0.06504503565629209  0.06542958885645883
  0.06574352923706087  0.06601574473405311  0.06625676436105771  0.06647079270456957
  0.06666456171350836  0.06684209061924529  0.06700663630799104  0.06716105652747151
  0.06730787530574310  0.06744891746708613  0.06758507415386357  0.06771778435869259
  0.06784897884291799  0.06797975445922939  0.06811108212263321  0.06824455330767813
  0.06838205783589343  0.06852443213383634  0.06867378524605874  0.06883175510531002
  0.06900050310572779  0.06918295902348733  0.06938260622912479  0.06960345875039539
  0.06984811769800105  0.07011954854085205  0.07043660451078559  0.07082945094210265
  0.07130933047833043  0.07188572012720941  0.07261155098246970  0.07356577483111695
  0.07482919021518572  0.07659926939093231  0.07926056615709239  0.08317905695726718
  0.08866490773343233  0.09627095296609650  0.10715830730881128  0.12232946088819505
  0.14187940596932824  0.16605046171519255  0.19661042483035679  0.23607068018887900
  0.28953819468807857  0.37189850619801568  0.47825706314468813  0.58582283225476417
  0.68599462925132493  0.79534575397789320  0.90404918571157156  1.00000000000000000
  0.00024725034445730  0.00029132086978922  0.00033265015154337  0.00038132023238217
  0.00044532893927861  0.00060494499259899  0.00098453766184342  0.00147516192134523
  0.00191340804167084  0.00240571128476685  0.00296909296050491  0.00361425056021935
  0.00436630883324928  0.00523578100200977  0.00621566755832297  0.00736348491153821
  0.00873736058092940  0.01035415943582283  0.01187813210165485  0.01346729444936523
  0.01526010845622882  0.01771979164456534  0.02063054249315115  0.02424579839465753
  0.02846658905714579  0.03343197811485230  0.03869316699884624  0.04399635297980561
  0.04909710961944087  0.05360985450791226  0.05709405102011070  0.05960397711960892
  0.06141420964298038  0.06268026211136160  0.06360802432949691  0.06430952130643700
  0.06483212698908980  0.06524982002155319  0.06560122599885923  0.06590266492834812
  0.06616550220988841  0.06639511155387698  0.06660016866906011  0.06678673266970245
  0.06695844733270449  0.06711909467602001  0.06727101950563016  0.06741721642462283
  0.06755893375094962  0.06769684823108416  0.06783170028083910  0.06796616307358436
  0.06810214758023780  0.06824024724393654  0.06838105946738850  0.06852674370160489
  0.06868035515461200  0.06884373532476964  0.06901797958172794  0.06920549067524261
  0.06940830895483878  0.06963389439707633  0.06989749358631159  0.07020758999435846
  0.07056386343219247  0.07097883884425302  0.07148664212663416  0.07212770958313777
  0.07294191984125832  0.07400852561312006  0.07547805553475946  0.07763169763545476
  0.08073406452556116  0.08527073782172293  0.09185948052528049  0.10102503350844723
  0.11337749064009839  0.12982066853151564  0.15238598988621729  0.17887608631060720
  0.21249463439541427  0.25350836571732682  0.30521644050598318  0.37655958660362993
  0.46936064085635404  0.54944412449732105  0.60624978630947957  0.64699929950831692
  0.68399888927617380  0.71971163748496703  0.75398076148194659  0.78575556423633242
  0.81725670892896807  0.86348039711833569  0.89140558924863833  1.00000000000000000
  0.00012835848038476  0.00051577556957169  0.00085735476089469  0.00114955817684715
  0.00142997030675339  0.00171533574202237  0.00202125165476739  0.00235912972755985
  0.00273003871186272  0.00313179110914321  0.00356197498684925  0.00402176593743113
  0.00451072601024764  0.00501050790471844  0.00549803635206134  0.00597363978648055
  0.00644868002313882  0.00692474568166598  0.00740089313171995  0.00788095278676590
  0.00838127536341958  0.00890988064320122  0.00945615591196243  0.01002219894912314
  0.01060734768267582  0.01122058202908430  0.01186260110127081  0.01252484941467272
  0.01322321819675128  0.01398995098508210  0.01480358981854879  0.01558462324649947
  0.01638853895439143  0.01720496073385634  0.01798204845739534  0.01882094410869281
  0.01979740035892633  0.02085175765731384  0.02192867595227837  0.02303972796395251
  0.02419472215233134  0.02543661782916745  0.02675503195530067  0.02814119312995963
  0.02960524067622907  0.03117548187924263  0.03278904449733881  0.03447281434470385
  0.03622720853285188  0.03802830375311674  0.03994355532540306  0.04199666477783633
  0.04413135538282836  0.04632055572076134  0.04869434297175434  0.05122048659359242
  0.05385681512073102  0.05661060020661406  0.05952474111845017  0.06257446751195364
  0.06575992176931789  0.06907473096384774  0.07254660870934819  0.07614260942551256
  0.07974534204857192  0.08337306971619893  0.08717647507333126  0.09144527781087759
  0.09629634903043126  0.10155010097587286  0.10717751154061339  0.11324053539818831
  0.11979434653667993  0.12673980806075533  0.13392079704838386  0.14148809134091286
  0.14951022389575325  0.15816422555903564  0.16756881775211457  0.17780312735943216
  0.18916050774168605  0.20139706096198545  0.21412627436837564  0.22723472607460191
  0.24113767644162015  0.25630508862759149  0.27267623130494023  0.28988356332768306
  0.30853283387917052  0.32930211643906837  0.35299078426802560  0.37958791950596998
  0.41119139484242428  0.45143495365522074  0.53819305539596218  1.00000000000000000
 -0.00147234772241006  0.00585991275709879  0.01505402149494227  0.02442970682403770
  0.03535844237172795  0.04634401571821660  0.05676032699255706  0.06595944670665985
  0.07492658338375797  0.08412501222974529  0.09394678402519187  0.10430875687761265
  0.11456919600738254  0.12487446419638734  0.13523427932236612  0.14525005284785633
  0.15495778907815058  0.16463047506432513  0.17313724957922794  0.18164526427786848
  0.18988144315203970  0.19872627100903512  0.20857658020385528  0.21824709128988951
  0.22780926793110051  0.23744572364662181  0.24754106929781808  0.25797824798536229
  0.26824808254867494  0.27855083750611248  0.28897836294113932  0.29910980061057013
  0.30914711754640228  0.31933693035441835  0.32994866427145680  0.34058282043612070
  0.35105674174898427  0.36164243708844424  0.37245848390701369  0.38302885869130004
  0.39327939585570137  0.40362982773628991  0.41386633079720625  0.42418280984320678
  0.43426933021577380  0.44452086864423912  0.45498584218061183  0.46542984133476134
  0.47635580560141133  0.48745447889397686  0.49859332653762423  0.50969996387315331
  0.52088915799500124  0.53252461508740989  0.54410674312589413  0.55549502891630542
  0.56662075947977908  0.57793522195671609  0.58936979359870056  0.60122819476439537
  0.61322491815362390  0.62528563892839650  0.63704337051262316  0.64837796323119756
  0.65911854263914282  0.66994016354930430  0.68084103022220621  0.69175126302705936
  0.70305363200346249  0.71469101511075728  0.72613876830602098  0.73727683803745137
  0.74868440111150958  0.76062016839809377  0.77165721542076993  0.78203158290219765
  0.79264599874190067  0.80321272501033680  0.81475884840279555  0.82617176108734569
  0.83721075343693663  0.84812736017860679  0.85903955519640074  0.87014612635992650
  0.88145151102581620  0.89263886540426718  0.90382603746748980  0.91449165185991554
  0.92478530789792357  0.93503385086773583  0.94497830007964589  0.95525861839232895
  0.96592845105670866  0.97722156759810930  0.98871042031032796  1.00000000000000000
 -0.00237929759148030  0.00913726414743297  0.01869819191351110  0.02935878804088351
  0.04009309348021020  0.05052716463286234  0.06074996816472841  0.07074834237553081
  0.08112681728461477  0.09208970485054604  0.10307438843868524  0.11404949321035456
  0.12501914061642741  0.13617837273741992  0.14747310976870737  0.15878550465025099
  0.16983965553489247  0.18078414519856142  0.19163809779936253  0.20246621767537923
  0.21340568375027621  0.22436250204176264  0.23533999010407466  0.24613322255063713
  0.25627970193371052  0.26588181064174787  0.27571358770930277  0.28650792562583072
  0.29761400299593382  0.30838142270379931  0.31923437775993557  0.33025439717604343
  0.34127838803274652  0.35212415420742832  0.36283521532735591  0.37370030652012454
  0.38472170244970694  0.39587980450621990  0.40673053619983862  0.41666984372544358
  0.42632351080916853  0.43626561151838378  0.44685921004565093  0.45778856995131878
  0.46869637251178936  0.47939963730671925  0.48982147858268571  0.50004332966672527
  0.51032022373312691  0.52077181485923862  0.53138329699292464  0.54207745961821419
  0.55277978847246856  0.56328757291800113  0.57388654276284767  0.58456674619472160
  0.59552510000162129  0.60596793902672175  0.61558870615658212  0.62423559514944083
  0.63319524869682264  0.64236345400675221  0.65180984088408445  0.66158457880949917
  0.67162235702471851  0.68243959409630361  0.69287122633823117  0.70338336507131538
  0.71389652713304452  0.72439510801981699  0.73482620562162337  0.74540103053883677
  0.75608830391961046  0.76651370908077299  0.77614845937189614  0.78564765938589376
  0.79531015066949473  0.80551159251205029  0.81573926752878567  0.82619606538971857
  0.83736377759700931  0.84868457283191878  0.85987314969493767  0.87078763691907246
  0.88174479699327490  0.89275673252256760  0.90350730486574404  0.91384195441650617
  0.92423834500701907  0.93477589878952216  0.94569357287507017  0.95623563730625860
  0.96717564877681916  0.97857296351632750  0.98936763817697548  1.00000000000000000
 -0.00167596267927189  0.00720145469164676  0.01736153324264223  0.02677483375294688
  0.03663820621726255  0.04671587307238387  0.05689655020993942  0.06752559736034905
  0.07713117966870960  0.08657138604332169  0.09571697353052402  0.10495836570850808
  0.11452027479638620  0.12388421281066203  0.13283617956818800  0.14179111825431476
  0.15076606924492791  0.15981915877726541  0.16933450885505663  0.17902540799257791
  0.18882057996814916  0.19831035736789429  0.20787318597840657  0.21768516780217007
  0.22748201719207531  0.23702404582536057  0.24643041868948024  0.25645182539863459
  0.26722184827541506  0.27790630791951054  0.28800824405358794  0.29791874131444079
  0.30796224126051625  0.31825416357173530  0.32871019362904624  0.33938716527555618
  0.35011570614390169  0.36089138950456517  0.37156267978794078  0.38224318951080488
  0.39284230772293666  0.40347465802484023  0.41422556264536986  0.42519508265170181
  0.43625804389856659  0.44729036213449136  0.45842200164050145  0.46966991029645799
  0.48106728485130534  0.49252670955250416  0.50351312034964923  0.51416917090745762
  0.52476985273300936  0.53579844584127823  0.54717534378253319  0.55855908914912455
  0.56967798659162827  0.58060634586009341  0.59150631064421411  0.60254694797400765
  0.61354204543211632  0.62447789142504362  0.63571890877227133  0.64702654126334380
  0.65830691422724341  0.66951303257456773  0.68097470792243142  0.69248924067874873
  0.70416168263648804  0.71590671362705860  0.72783655343568521  0.73978623961366541
  0.75142508763127469  0.76257027535867894  0.77352480930051037  0.78474255271571247
  0.79574143822584142  0.80611635935783466  0.81653829247857168  0.82661708361652952
  0.83757863761128337  0.84830033762384782  0.85914702658525022  0.86965885342540716
  0.88072140014000388  0.89164589482190559  0.90233223729333212  0.91291674381672627
  0.92392069636098906  0.93530353599676519  0.94502179846169232  0.95471550755302526
  0.96471683505740236  0.97588702920998338  0.98863524974174843  1.00000000000000000
 -0.00231044917098350  0.00893857829558212  0.02044605313832043  0.02978680483032612
  0.03982377097315536  0.04996382798385211  0.06024367485741951  0.07129145572003988
  0.08187326970239894  0.09240624582305679  0.10289670478883509  0.11312687266996223
  0.12233947937826717  0.13179704141916104  0.14145055126809009  0.15210146064371194
  0.16301608630952949  0.17394566408559067  0.18485026195007132  0.19587696579124259
  0.20692054903893034  0.21803841339757579  0.22896824470448238  0.23951097937973162
  0.24980444285337525  0.26003081375606224  0.27044442428549303  0.28099830183746305
  0.29169006059835662  0.30236680339556166  0.31290462806385694  0.32319012324770768
  0.33343677370615843  0.34393588294581590  0.35472894603350613  0.36565715739610805
  0.37682978059763800  0.38837494230295444  0.39998837995491687  0.41129543826249210
  0.42235914892529858  0.43328760421641027  0.44402604385606609  0.45468348497620098
  0.46539861958401557  0.47631345541196285  0.48696514274125968  0.49746972957155255
  0.50815719316640151  0.51920690162138661  0.53017548123142999  0.54075378685057607
  0.55101688207598254  0.56124919740450507  0.57146635228535869  0.58199591552297347
  0.59259756760815474  0.60344761360973154  0.61419983715987003  0.62480275511051930
  0.63539254175707882  0.64567763813621715  0.65524523527123624  0.66472397886331136
  0.67402269719727581  0.68408759002987107  0.69454970646084946  0.70514798318525174
  0.71596029642416614  0.72707338627462104  0.73782965911016651  0.74805391448144054
  0.75808129310264016  0.76821563641089763  0.77898256381309228  0.78993259150546558
  0.80079030110036897  0.81127174055495999  0.82168856441382598  0.83193017917436962
  0.84199740363597242  0.85252103244232413  0.86310170864568547  0.87342433244868400
  0.88389730668722422  0.89337705926394706  0.90390846058834573  0.91539625018993842
  0.92606625003144538  0.93690852369207123  0.94773748855959572  0.95847809072510204
  0.96890048764043446  0.97899623267921976  0.98940127799727762  1.00000000000000000
 -0.00190757604081438  0.00813000091284043  0.01813186582496543  0.02858513899575609
  0.03978437000102694  0.05064765358944241  0.06145798414967235  0.07159655545281492
  0.08065938314548551  0.08951472834533565  0.09886672220421602  0.10914953109095571
  0.12022344573746926  0.13090923675836363  0.14144636161449897  0.15180962329959130
  0.16208514820868763  0.17256446098122491  0.18329702795406752  0.19439748921942432
  0.20484956942398241  0.21460316755172615  0.22418471962787434  0.23409752561803127
  0.24363266270392958  0.25328933829970701  0.26324025940596130  0.27327931910239456
  0.28325099263578685  0.29278108853012624  0.30271244755721421  0.31297594005061297
  0.32383817207508059  0.33477985047992509  0.34555797683504108  0.35642902218939382
  0.36737137719459084  0.37834226874028926  0.38926419505741972  0.40024779114824671
  0.41131753950200761  0.42231902823894774  0.43315305092655243  0.44379685162673266
  0.45453332584562561  0.46542669538678438  0.47631136006553648  0.48687268387118104
  0.49743114360568219  0.50799837716295915  0.51862350138033309  0.52917472646695851
  0.53973428647808896  0.55019220295235216  0.56059495253488012  0.57109963694931543
  0.58155894423487287  0.59184654091937139  0.60231865425374342  0.61311857780022050
  0.62417798608376251  0.63521058863425239  0.64584092026097428  0.65591753054752833
  0.66578828598188644  0.67584065145840910  0.68637275114475393  0.69736936900991997
  0.70835497395941505  0.71928099583285310  0.73038648111048132  0.74160240440021463
  0.75274036984825354  0.76372638069343068  0.77474737727091525  0.78578042536049275
  0.79652294072020025  0.80688249298015047  0.81720691028429293  0.82780695284132155
  0.83865332284690253  0.84912722834391718  0.85974934660232827  0.87047918046047057
  0.88155085321420046  0.89222309505196340  0.90275766581548633  0.91295353557963843
  0.92347968837468331  0.93427142742614111  0.94569253875856840  0.95692855292330747
  0.96752574056396345  0.97827859238330972  0.98885675878531409  1.00000000000000000
   2.3639568039271312E-011  -1.0000000000000000     
 F F F F F F F F F F F F F F F F F F F F F F F F F F F F F F F F F F F F F F F F F F F F F F F F F F F F F F F F F F F F F F F F F F F F F F F F F F F F F F F F F F F F F F F F F F F F F F F F F F F F F F F F F F F F F F F F F F F F F F F F F F F F F F F F
  <DiscreteSampler_grid>
  grouped_processes
  1 # 1 for a reference and 2 for a running grid.
  10 # Attribute 'min_bin_probing_points' of the grid.
  1 # Attribute 'grid_mode' of the grid. 1=='default',2=='initialization'
  0.0000000000000000 # Attribute 'small_contrib_threshold' of the grid.
  0.5000000000000000 # Attribute 'damping_power' of the grid.
 # binID   n_entries weight   weight_sqr   abs_weight
    10   10   3.099200005257764E-001   4.708528121985061E-001   3.099200005257764E-001
    16   10   3.099200005257765E-001   4.708528121985062E-001   3.099200005257765E-001
    22   10   3.099200005257766E-001   4.708528121985066E-001   3.099200005257766E-001
    28   10   3.099200005257766E-001   4.708528121985067E-001   3.099200005257766E-001
  </DiscreteSampler_grid>
