  0.00026518256309684  0.00031097463358860  0.00033741093883836  0.00036262814092562
  0.00039278121043684  0.00043202204403490  0.00048660237127153  0.00061515774173293
  0.00099340497549918  0.00143633878577027  0.00180650052730849  0.00218845017886819
  0.00262686259914604  0.00312051543152622  0.00370713451743433  0.00434760805874462
  0.00509358471126691  0.00596821854650826  0.00697503468810476  0.00811188529131747
  0.00945678527194199  0.01102086937952034  0.01272836017363725  0.01452721785336563
  0.01660688572413982  0.01908214691357146  0.02200715650632704  0.02520771357664191
  0.02884917347701315  0.03284435890546585  0.03741484533232341  0.04252323591847459
  0.04770685700885720  0.05228907846794663  0.05596946391409276  0.05868706729001995
  0.06067834013218687  0.06210535115438112  0.06312570000913872  0.06389018830605125
  0.06448163890631829  0.06494706853847972  0.06532881697207150  0.06565273359126533
  0.06593041021755246  0.06617146535669458  0.06638541114605849  0.06657907547000574
  0.06675636262474277  0.06692017451015861  0.06707237280526823  0.06721544457774120
  0.06735214255342965  0.06748383561025498  0.06761181360234821  0.06773711839414857
  0.06786102483373972  0.06798468522508001  0.06810888898086800  0.06823460294834677
  0.06836322633358631  0.06849605844426995  0.06863447819548603  0.06878023617410139
  0.06893535865400434  0.06910166352455842  0.06928172064271164  0.06947830726193106
  0.06969609229843939  0.06994467897992142  0.07023319327826655  0.07056656498725866
  0.07095749978769024  0.07143234687806607  0.07202175404150164  0.07277009294828057
  0.07374070519880117  0.07503712245718558  0.07685149639190494  0.07948663757711277
  0.08331752912794674  0.08889570220211400  0.09731736011199324  0.10914589552332521
  0.12524378769012526  0.14594951911998574  0.17219770243720189  0.20692050027906739
  0.25184672307840522  0.30914977641642594  0.38565497654867364  0.48656448761840371
  0.59497077167343815  0.70725183363989630  0.83701114663490883  1.00000000000000000
  0.00001675463546508  0.00004021434970634  0.00006644843037380  0.00009100380374975
  0.00011549144045316  0.00014201721379839  0.00017369461184541  0.00021811289921613
  0.00027379771109982  0.00034540817639358  0.00043673325658955  0.00055403315947116
  0.00070091975896350  0.00088024771620961  0.00109447706353708  0.00134950699146907
  0.00166485204367857  0.00204839640013572  0.00250990554746213  0.00310818177693191
  0.00390129914944269  0.00500911103604041  0.00659442715105893  0.00883815990140836
  0.01220797862673225  0.01735536229739799  0.02488720123345506  0.03508438425739437
  0.04788612108326538  0.06317862482815588  0.08006421490991067  0.09762450287455625
  0.11566291484909491  0.13402023710362904  0.15247369005574959  0.17104100131956901
  0.18963898590165301  0.20833301352482012  0.22715582087392444  0.24597919800997209
  0.26470544114285688  0.28348314991757828  0.30230220688730230  0.32099680010858694
  0.33965460186141033  0.35822520503804944  0.37664641313631247  0.39523254789475509
  0.41392551089344287  0.43253788177353109  0.45111062754180509  0.46962302741250839
  0.48801893783464217  0.50651968244110956  0.52508644789500536  0.54387584171013559
  0.56287672809890266  0.58169485762763273  0.60015966933732967  0.61847433609900493
  0.63681896164442731  0.65514816615246796  0.67343933212812701  0.69168522688029910
  0.70993148316417420  0.72807111447993555  0.74587293710915115  0.76345599968440603
  0.78112075399750225  0.79894849583139660  0.81682352289988247  0.83476223069906774
  0.85256825958240257  0.86969119723197763  0.88629999158622796  0.90276189151989861
  0.91868387537004792  0.93381419086273976  0.94771780311516651  0.96002421022280104
  0.97033098986616206  0.97837572514970683  0.98413544148743848  0.98829363872340947
  0.99147729567585496  0.99389998048307793  0.99564843091745725  0.99692062327552722
  0.99788396359487586  0.99860987377884169  0.99911708864871562  0.99937288659786061
  0.99956549514552229  0.99972763363039230  0.99986478745157725  1.00000000000000000
  0.00046023502445019  0.00075727871635699  0.00092822194646052  0.00110049986478815
  0.00129756053170101  0.00152349285683150  0.00176561042333148  0.00203048860797796
  0.00232794361320010  0.00265517584714505  0.00300586491582293  0.00338155891147446
  0.00379200011774359  0.00424543364281300  0.00474132117405406  0.00526347396238986
  0.00578706753859849  0.00631423141217368  0.00685876354849824  0.00741082797002064
  0.00796857507040901  0.00853317255826293  0.00911832123488932  0.00972633589674609
  0.01035762956733479  0.01101423100338506  0.01170040687640903  0.01241830842535402
  0.01314928378927217  0.01391033445209372  0.01470341427937484  0.01554297451082535
  0.01641516682114001  0.01730373829462375  0.01823466374915069  0.01920569973152509
  0.02024864816638104  0.02132180990948057  0.02240316482087684  0.02346292691448840
  0.02456878522166349  0.02572683554220506  0.02689818290645599  0.02820224877561475
  0.02966484614320377  0.03116409836846774  0.03268940933198326  0.03428788155777820
  0.03603772053176282  0.03792987358119508  0.03988449024790679  0.04192927612508207
  0.04406774249260520  0.04625638378654318  0.04850017787141100  0.05077326918436095
  0.05322005714463109  0.05582631400846282  0.05857180695493937  0.06142996500249619
  0.06443705272896226  0.06771632048609587  0.07128412865493269  0.07497292701972505
  0.07880272135159815  0.08275186544586646  0.08694199876277151  0.09129760857763496
  0.09587979201537770  0.10062064740006667  0.10582038638695658  0.11131151724383809
  0.11739385721632641  0.12383282308648567  0.13069364892022273  0.13817873521488572
  0.14630385290061387  0.15521738244604089  0.16482267300666520  0.17495847242642285
  0.18515983819728679  0.19585358353085300  0.20712242295119607  0.22009753018506570
  0.23468614543208544  0.25061740344373151  0.26679763485569530  0.28373285366065265
  0.30180711635944069  0.32210129407125193  0.34510273463431318  0.37096446418931972
  0.40221953105781866  0.44291979391167358  0.52178306970418953  1.00000000000000000
 -0.00193455315460520  0.00792856062501305  0.01820697492239794  0.02707984385569633
  0.03646472175085702  0.04555821814119517  0.05502643933589791  0.06497153419434673
  0.07485830395783859  0.08432078046875052  0.09339651975346204  0.10270311942264661
  0.11202672005398880  0.12133180500301993  0.13030777866688728  0.13919916737736771
  0.14842052740723238  0.15778991568729189  0.16716487662521259  0.17656928389270463
  0.18637953360053186  0.19624109058555961  0.20608073007951658  0.21587632024676237
  0.22544175009665868  0.23513344853390436  0.24489622122100141  0.25479959560596332
  0.26491071054045756  0.27511338740585578  0.28557493640307746  0.29609791721697548
  0.30649900473692893  0.31677597258818846  0.32709773699327749  0.33740390172791584
  0.34793750435471588  0.35843227691267743  0.36906799630238823  0.37980552432523346
  0.39042916565648222  0.40112210553428124  0.41195635959672322  0.42284863137066397
  0.43384898051469067  0.44483817544011039  0.45578135091602578  0.46648808983154438
  0.47727356556423789  0.48818893101746680  0.49935810602007652  0.51058571567532030
  0.52199999940271180  0.53340239742483786  0.54480541104046609  0.55617204498101347
  0.56750736996927620  0.57864917776748503  0.58971553711230418  0.60089181111412837
  0.61245320263347991  0.62400707564605895  0.63507566480465039  0.64614087373767704
  0.65751211399131404  0.66919089487234151  0.68056079194211305  0.69212609281258308
  0.70319664952508909  0.71435604224555271  0.72545529347996873  0.73683218982834475
  0.74846896717063338  0.75984861953713334  0.77094677434807135  0.78169367347629815
  0.79243111884895401  0.80307444461721011  0.81380110215495982  0.82471142099762595
  0.83579807682887308  0.84702278914017326  0.85808603026000174  0.86922264329490950
  0.88043083367897890  0.89171871965069605  0.90294082294738243  0.91417237726593115
  0.92554837546267199  0.93661842519231775  0.94684526340135000  0.95725740100963841
  0.96832574537912275  0.97906432904626617  0.98921450982347991  1.00000000000000000
 -0.00235925021468712  0.00930875819478581  0.01930455489019202  0.02971311063817161
  0.04037417761778967  0.05071833285239104  0.06139194178980605  0.07198371387351842
  0.08298524214644912  0.09394067018782501  0.10463235521343237  0.11523873545678308
  0.12584722531682699  0.13626146959784041  0.14657686797453570  0.15676927914711714
  0.16773145567227829  0.17884136485321098  0.18991820475107130  0.20075429794212715
  0.21172050140865911  0.22271390212129960  0.23356970865073509  0.24421348325650605
  0.25504267744338976  0.26603738250497877  0.27689011062933439  0.28746860151421971
  0.29774377341629149  0.30774900588269161  0.31784253807283530  0.32828152905864955
  0.33918831464216398  0.35014647253125147  0.36097079940660637  0.37123875329146705
  0.38158905859834108  0.39201434593782136  0.40301748730837605  0.41407293599989026
  0.42504580672843045  0.43584382223038559  0.44645555689858979  0.45685227567368991
  0.46736758500983966  0.47761031555388533  0.48809847535467982  0.49850891595658514
  0.50898436665564506  0.51940003995070627  0.52961261091718548  0.53989874483615108
  0.55047925474294079  0.56143236209160829  0.57235278434901316  0.58323566801456672
  0.59398602850210525  0.60456562657126800  0.61520466690384523  0.62592198634646345
  0.63678693925928009  0.64752878037916506  0.65838309671915529  0.66900783794301499
  0.67899985042908806  0.68883917663880190  0.69876920055336411  0.70915276140460715
  0.71959425105394947  0.73025793220272150  0.74086970065962188  0.75074080416592870
  0.76006363484245476  0.76944991699634813  0.77944968845417495  0.78971729310782102
  0.80019302037449580  0.81051327820849628  0.82136909602617902  0.83199654032059989
  0.84280494871404643  0.85310096252957102  0.86331375136056998  0.87381779992326902
  0.88474505060093556  0.89573486822153126  0.90618667095688643  0.91646336510920234
  0.92662782163084512  0.93690176186286966  0.94738550957064716  0.95783505569374150
  0.96887378559934412  0.97938996072363604  0.98988561624671134  1.00000000000000000
 -0.00211655808346629  0.00841149572740515  0.01821988014020701  0.02811422520852218
  0.03752512680147266  0.04705821444515602  0.05639730395216819  0.06628487261112836
  0.07662813342029443  0.08662207081900153  0.09617109043050064  0.10572998599857307
  0.11519547462078286  0.12527632355375537  0.13513490415651033  0.14518821551123715
  0.15400894927361741  0.16249357397472011  0.17097413296406169  0.18037105327747674
  0.19034533294095840  0.20042844134825971  0.21066847291151977  0.22008866743359826
  0.22923098074510193  0.23816008882694903  0.24792148765469998  0.25840114583681995
  0.26901799392444919  0.27948093195751778  0.29009916611956293  0.30039659705791172
  0.31081610583995761  0.32115272166167713  0.33183588008816400  0.34231471305397215
  0.35291251399106760  0.36358400163666954  0.37444204707006268  0.38519801856583258
  0.39572359956743292  0.40599712742328931  0.41632639870310750  0.42676420095460182
  0.43750881224574928  0.44835183726762318  0.45955170809300860  0.47045206348143731
  0.48109028611355237  0.49167432121668830  0.50256357355319736  0.51383264765086201
  0.52517269155285495  0.53639209201068250  0.54748198046652352  0.55859977193853450
  0.56996236574282955  0.58158562786753953  0.59317976263732286  0.60434541327652924
  0.61473266291026829  0.62514541608186569  0.63574344288242468  0.64699700412776184
  0.65832327576747052  0.66963951124793919  0.68099573023779136  0.69237374845631572
  0.70363220233572676  0.71441287568875111  0.72505062979532653  0.73590881648591011
  0.74683091779482169  0.75779072024235250  0.76856503187840897  0.77962045755811238
  0.79081009141851688  0.80191976971096779  0.81282928577049451  0.82383801175479465
  0.83455928882952990  0.84499103113918539  0.85503284427074266  0.86510040768858676
  0.87571361469316389  0.88632865699062369  0.89710310330199572  0.90788553812306116
  0.91940909454401853  0.93040731976532642  0.94196604096233139  0.95294192623436902
  0.96466290104751395  0.97613598878197239  0.98808442631579740  1.00000000000000000
 -0.00241546853308370  0.00952403445052537  0.01953678745686963  0.03062603596693519
  0.04089571324847818  0.05196642479770817  0.06270293297481450  0.07350065785289869
  0.08417842803012252  0.09472179992998640  0.10562421494172664  0.11629408626681438
  0.12667941456340620  0.13709323373401219  0.14796790461150156  0.15895259172090379
  0.16923594953726914  0.17897029479789497  0.18861622343260565  0.19865849004396169
  0.20974467794996857  0.22068046697260532  0.23134194023526947  0.24195193942228616
  0.25254746338133671  0.26327315224483783  0.27411605533873362  0.28527395859179855
  0.29508344681228571  0.30468987669717884  0.31397816277010665  0.32371568640646398
  0.33336105271026617  0.34291015001241032  0.35293245343665497  0.36321009277328919
  0.37353019886759042  0.38404340202523918  0.39434323274489774  0.40450494323384162
  0.41480729753926798  0.42584238655266621  0.43706452677349050  0.44798785488505866
  0.45862260472273614  0.46877621756637888  0.47912237726633755  0.48952907214799662
  0.50028474145278656  0.51088692426112037  0.52139699399696915  0.53175327436601405
  0.54228790658791892  0.55293622892157201  0.56345179968508130  0.57382778720846950
  0.58452119194316188  0.59558533398273183  0.60677917699185346  0.61774131711666325
  0.62854116337556110  0.63928584751652517  0.65006222037688455  0.66094797954783102
  0.67183452723194559  0.68285842621084147  0.69388856875407467  0.70457067654793071
  0.71492280977124867  0.72526087625049818  0.73586206426425449  0.74642536886005373
  0.75621192416274663  0.76590067822580810  0.77599017224160571  0.78692001382298771
  0.79794337987489505  0.80884188532617807  0.81949836015400668  0.83004000146590695
  0.84069830144299185  0.85129900285779325  0.86193092309013430  0.87229242771885929
  0.88260646445186508  0.89313573090788978  0.90385103869530348  0.91457878061922393
  0.92531335419600702  0.93602856863511896  0.94627203265898663  0.95667889120469141
  0.96697384847124646  0.97811689501442012  0.98909795466501738  1.00000000000000000
 -0.00189980662467425  0.00765039139981113  0.01736053421996154  0.02734461587334122
  0.03781966095160843  0.04847483649005545  0.05924379568796356  0.07045881179292318
  0.08166052219481541  0.09274634213268644  0.10363045149782697  0.11446685109609053
  0.12523780262550821  0.13586958744627076  0.14655860782526273  0.15757511501949525
  0.16805195927599867  0.17779891878955306  0.18748246454918283  0.19770575720332284
  0.20830743499957616  0.21918647656778470  0.23010563796915051  0.24108471210971041
  0.25183375129934737  0.26236736357690715  0.27292471584482275  0.28360644761962456
  0.29423340292751277  0.30466357130201865  0.31511038721879026  0.32550055684379187
  0.33606276401568097  0.34667307025954375  0.35747047151978822  0.36838181763394451
  0.37929906262139318  0.39032656915961644  0.40120995260294834  0.41188894742121557
  0.42250990810721456  0.43301399822509323  0.44372046527973674  0.45440071863272002
  0.46494375686245099  0.47525114780153327  0.48563053620652774  0.49603902894375762
  0.50640309169836473  0.51667683810438392  0.52709847782994212  0.53783477335630059
  0.54846837513412494  0.55895795086730615  0.56966715457460859  0.58047396793156369
  0.59135428947226221  0.60218921690668792  0.61310047760293795  0.62386198730508613
  0.63432231812391904  0.64450493352412830  0.65484672179645076  0.66547947787141715
  0.67614479064509414  0.68658501253443438  0.69694490568240630  0.70717712051219461
  0.71760630890849797  0.72781805874986838  0.73804972424351523  0.74827135195689143
  0.75820996439962451  0.76791633835362982  0.77765999091383720  0.78762315350018630
  0.79739564613749603  0.80737339436875322  0.81760231763403302  0.82775683360037866
  0.83863288652183265  0.84941439324363066  0.85988742833858622  0.86986332134914601
  0.87988295557460716  0.89023509827975544  0.90154821511795424  0.91241217592607571
  0.92325170177623905  0.93390781768999065  0.94483441511621147  0.95561628972059998
  0.96685649910588822  0.97769842432929455  0.98920325534558484  1.00000000000000000
   1.2033789784076592E-011  -1.0000000000000000     
 F F F F F F F F F F F F F F F F F F F F F F F F F F F F F F F F F F F F F F F F F F F F F F F F F F F F F F F F F F F F F F F F F F F F F F F F F F F F F F F F F F F F F F F F F F F F F F F F F F F F F F F F F F F F F F F F F F F F F F F F F F F F F F F F
  <DiscreteSampler_grid>
  grouped_processes
  1 # 1 for a reference and 2 for a running grid.
  10 # Attribute 'min_bin_probing_points' of the grid.
  1 # Attribute 'grid_mode' of the grid. 1=='default',2=='initialization'
  0.0000000000000000 # Attribute 'small_contrib_threshold' of the grid.
  0.5000000000000000 # Attribute 'damping_power' of the grid.
 # binID   n_entries weight   weight_sqr   abs_weight
    10   10   2.281556031207399E+000   2.575866514142216E+001   2.281556031207399E+000
    16   10   2.281556031207399E+000   2.575866514142216E+001   2.281556031207399E+000
    22   10   2.281556031207399E+000   2.575866514142216E+001   2.281556031207399E+000
    28   10   2.281556031207399E+000   2.575866514142216E+001   2.281556031207399E+000
  </DiscreteSampler_grid>
