  0.00912769586000954  0.01657642855661772  0.02622784402644296  0.03797408706639478
  0.04887969175776685  0.05885599661849802  0.06841279257881139  0.07797807877911773
  0.08748296011964490  0.09731511586077707  0.10765569974058964  0.12009878014332274
  0.13191265345583961  0.14381743432244279  0.15527673783259788  0.16722058245944282
  0.18003400144175896  0.19170414432243080  0.20389527497385004  0.21443826223587312
  0.22530068891804472  0.23597482929318012  0.24679907739525986  0.25736561287794857
  0.26793325962118553  0.27843322182066632  0.28937970299576266  0.29964899943538298
  0.30877434959338323  0.31824457999588074  0.32887340198149834  0.33986112871908009
  0.35134890752714254  0.36194151849557926  0.37222529768407092  0.38145471001123382
  0.38979154098294994  0.39782670852504487  0.40564810327037926  0.41365341267205141
  0.42244673820770989  0.43257386512168988  0.44369470398113897  0.45533526153287335
  0.46640463031260937  0.47693647617277368  0.48714126023431470  0.49723944291514854
  0.50758340523645906  0.51835597622604956  0.52948682534515712  0.54090841837668791
  0.55221834141750537  0.56357503339709747  0.57515015380976409  0.58648936242224869
  0.59764318937546812  0.60859299072639972  0.61983595221191767  0.63013711368745218
  0.63947825558256677  0.64916834446898930  0.65858027547297415  0.66745879704286903
  0.67541658153693551  0.68384064914117271  0.69283702141124726  0.70229230530342590
  0.71170212312077319  0.72089545487385254  0.73087966908811242  0.74241831963170746
  0.75474544684806644  0.76716388935456070  0.77892351200011622  0.79014334714953161
  0.80114060611653615  0.81190299191100401  0.82244872996254936  0.83342734881530622
  0.84458499684918209  0.85667838117318063  0.86904714221166912  0.87987123783644516
  0.88838564387789531  0.89720414337171772  0.90577997672674337  0.91500872464313776
  0.92466717521959174  0.93395968308362498  0.94460700275838694  0.95679796957808538
  0.96835904049700428  0.97914475679264745  0.98944212202701287  1.00000000000000000
  0.00965977365830370  0.01523713852137552  0.02362540611435077  0.03250461531462541
  0.04142645005850732  0.05028644307765225  0.05940771188375148  0.06936261565223105
  0.07960569330831278  0.08946728862146799  0.09956676869487463  0.11011618351775927
  0.12072736308993720  0.13155004419049743  0.14245169288101531  0.15391359870278376
  0.16595741452659760  0.17821574230705212  0.19058191472720259  0.20299711204572088
  0.21571643752333050  0.22833754958664276  0.24065881570271708  0.25275691991287358
  0.26448914424023423  0.27577725957490584  0.28702647436140599  0.29836649206018462
  0.31031141258720979  0.32256797331547188  0.33490901628710679  0.34741262736690898
  0.35878270142074126  0.36857455518234844  0.37800166656705386  0.38789652655515827
  0.39832236171504531  0.40817088958520920  0.41758357232568577  0.42683428053995454
  0.43629919013972379  0.44619872215214601  0.45604473499071463  0.46546105412670075
  0.47440008846148995  0.48341765203120474  0.49256969140810569  0.50177433096695279
  0.51093322534509999  0.52002468426648607  0.52882156880147024  0.53783272907836588
  0.54799109143789848  0.55927701465145052  0.57008993456059875  0.58137790767441655
  0.59266944527135279  0.60509224478550072  0.61450027723144673  0.62429085852246491
  0.63357787908876551  0.64258122552215213  0.65173649106297660  0.66144040245510138
  0.67226453369963535  0.68393952317479556  0.69578102412917453  0.70759626533531428
  0.71922193859339012  0.73085169014955464  0.74249552389286888  0.75373039896780758
  0.76462044986969935  0.77555616460774435  0.78752040203024898  0.79986171543393447
  0.81219713579821695  0.82433435446122238  0.83633179521387002  0.84747771732707100
  0.85864238184597741  0.87040262846685124  0.88155228609790437  0.89244203045654380
  0.90342211303018449  0.91460146351979366  0.92614782348640079  0.93711169218128965
  0.94667948863027906  0.95561048528381098  0.96387319851069231  0.97133877115367118
  0.97889278834201354  0.98665399444727864  0.99002227570075862  1.00000000000000000
  0.05624906209779305  0.06109489741919071  0.06546446753859905  0.06891037910622175
  0.07253879734621831  0.07633864761203085  0.08022503560477631  0.08411450591313281
  0.08799830165719912  0.09200296105343495  0.09604835877436642  0.10011177211814226
  0.10421612940199347  0.10835013848359198  0.11262195720813793  0.11692838521544395
  0.12127536483185271  0.12580025768621841  0.13035803972289470  0.13494073019664315
  0.13967533318312489  0.14463099063197882  0.14855445237970205  0.14924274129591575
  0.15044692418088337  0.15163209625694665  0.15326398911048394  0.15564758823324543
  0.15807050801798722  0.16048009884353814  0.16289237813542656  0.16529645456241507
  0.16767480641262414  0.17003782130763309  0.17239645167713985  0.17474371554126478
  0.17709857670564760  0.17945071171128665  0.18183912895848039  0.18422787683482089
  0.18664231656352709  0.18910946480019428  0.19165176562588662  0.19429851070158116
  0.19699259317497200  0.19969957797054891  0.20240067217685886  0.20510674163757892
  0.20783249221122579  0.21056471097233401  0.21340452292810050  0.21626595150417696
  0.21916246256535543  0.22202809960807823  0.22493333517458558  0.22788659065716441
  0.23081780619281481  0.23377342629665326  0.23679240309963989  0.23987131093975617
  0.24303634596936965  0.24637130430278506  0.24975963211090943  0.25315424910261486
  0.25655576661309942  0.25998127803973214  0.26343600600934464  0.26689862212556170
  0.27037230494633663  0.27391577928263372  0.27759665440657433  0.28148480860566238
  0.28553064402004169  0.28971497974993460  0.29396632399490080  0.29829418717280448
  0.30274309297054325  0.30734615087291117  0.31216532523317758  0.31722036031275258
  0.32258879208290536  0.32825802167906870  0.33426052357872371  0.34061610206614645
  0.34751770939851162  0.35506316382571629  0.36332982798585239  0.37243415147883274
  0.38266283814625307  0.39449870290391004  0.40892545195489366  0.42715322262315358
  0.45274665727358721  0.49450293297123576  0.58660662810171904  1.00000000000000000
 -0.00189608234300436  0.00761509809936163  0.01584174405204576  0.02468119132053647
  0.03474619648086616  0.04499191659789138  0.05568085044256491  0.06740282969024980
  0.07987615947034109  0.09217824567340832  0.10410697175016913  0.11638095119909797
  0.12766549608676167  0.13846700981266727  0.14924979840398578  0.16033384297379577
  0.17076714293548631  0.18012815652919001  0.19008674282987650  0.20034920132672060
  0.21093123836074065  0.22177551811569401  0.23199040019576089  0.24122663649416057
  0.25003971379590473  0.25882250491892672  0.26774376135069561  0.27661603900823822
  0.28567512885873270  0.29543509489457198  0.30658844225972387  0.31791306031737571
  0.32907515056096071  0.33966844666870410  0.34966431981639301  0.35952280774032214
  0.36921081203494682  0.37942222137050247  0.38960504500273985  0.40044037801838156
  0.41188883413723221  0.42411573737471603  0.43648881215660801  0.44831563674419650
  0.45908027167681886  0.46966637555973068  0.48039695371119506  0.49101230268828372
  0.50128454804107425  0.51143684502011366  0.52110458830111406  0.53000022953620518
  0.53883356699186158  0.54830426295894785  0.55749619724093735  0.56670234459948599
  0.57528922055916032  0.58390477647560457  0.59215177062555469  0.60038346788447750
  0.60868822215376583  0.61712091991736262  0.62606833355013480  0.63551022215223651
  0.64501736681765975  0.65504957998400004  0.66552605104131435  0.67623571887342671
  0.68715887486162730  0.69824280500105085  0.70950472026010303  0.72071686167196636
  0.73137725574130241  0.74144895343327999  0.75190295966913478  0.76316560348261375
  0.77581931234912083  0.78733532151737251  0.79857641045015371  0.80889449441777561
  0.81986312257938909  0.83088816641727914  0.84244778084004246  0.85488751947350006
  0.86795255692919737  0.88090618634359319  0.89346959536292148  0.90594657575078430
  0.91770119705198705  0.92850954868058422  0.93956035687781869  0.95113853253063096
  0.96328281642888713  0.97525144419329945  0.98738216493436493  1.00000000000000000
 -0.00244951314791779  0.00940085715785141  0.01950826054798160  0.03050875857949562
  0.04095355211194801  0.05069980090776837  0.05990606456518416  0.06967134102789563
  0.07934741469751203  0.08935241698480198  0.09927393801439165  0.11039748767214692
  0.12322941967563580  0.13521301574799832  0.14719584559017135  0.15890509604131942
  0.17005897301991285  0.18016726954681112  0.19033761054554676  0.20016326120430913
  0.21025416571362676  0.22051398786261484  0.23146420788520666  0.24238485358573225
  0.25349278184054624  0.26418287242757055  0.27562487097149341  0.28718491871009871
  0.29758759036485383  0.30823501359457106  0.31941621424631383  0.33036496377016755
  0.34084931123158052  0.35129915063881528  0.36288155251355986  0.37495957051659395
  0.38691882583209852  0.39801865690183641  0.40769154489192627  0.41671494183666447
  0.42572729907106205  0.43532897980722579  0.44585266300341792  0.45683091716721580
  0.46848683376123079  0.48019673789037892  0.49159100021059515  0.50242074103828294
  0.51326227181868334  0.52321596503158752  0.53274833972520352  0.54276843398013741
  0.55261049469655199  0.56213369068884700  0.57200577363123262  0.58237337777594378
  0.59372324703670298  0.60487344873240279  0.61510429766056296  0.62503022954090681
  0.63509318187488484  0.64538550849026111  0.65641614239297397  0.66725729520423926
  0.67847994001165868  0.69041318610969316  0.70229588968562773  0.71303425202573134
  0.72242285123378858  0.73167597236128334  0.74158004898666907  0.75203860132165079
  0.76320725031839376  0.77485339586427582  0.78674262521221972  0.79731954724917364
  0.80686136121498142  0.81631651956952056  0.82498872144843682  0.83315047900116979
  0.84122705133922970  0.84958905173447863  0.85977118608975667  0.87190054228617697
  0.88285086445195771  0.89285073701058026  0.90287881818287852  0.91273759041969005
  0.92245829130750401  0.93200795964347694  0.94280108211268898  0.95493146715245947
  0.96676170389578620  0.97799371115211298  0.98905567666334071  1.00000000000000000
 -0.00332291330765146  0.01391073271509258  0.02765374930336608  0.04061535298643757
  0.05324055577431475  0.06577377022436462  0.07708781433366228  0.08739127405997942
  0.09682445111243750  0.10645365574592050  0.11572451848759698  0.12496219156456750
  0.13477628820726950  0.14447250604400094  0.15478872361388982  0.16522902572807890
  0.17527513973594730  0.18511788685065086  0.19547787042575038  0.20636511726754492
  0.21726907651952992  0.22727233012679673  0.23645036054683835  0.24570055225244591
  0.25544343786878226  0.26597704442092451  0.27637987444414991  0.28631577862178836
  0.29622442066677468  0.30650278582121832  0.31714238064483197  0.32782600226648018
  0.33880135601656441  0.34949667092321401  0.35986549367255416  0.37031691229267016
  0.38069973911930033  0.39094990850949218  0.40026073743099816  0.40781278841177565
  0.41588360128050766  0.42390996119933039  0.43207977723028845  0.44016009561871178
  0.44807183801976935  0.45566928490517739  0.46514039111940231  0.47581368752823044
  0.48625731996557275  0.49653786485755075  0.50654305301290725  0.51644910156324864
  0.52646631276169520  0.53660145248879654  0.54706289383055329  0.55766953005256403
  0.56783293465780449  0.57717834615156460  0.58608656029423634  0.59472008971671697
  0.60357425872701376  0.61286900663709132  0.62275235503683113  0.63357958185519714
  0.64475433845461128  0.65571004903718644  0.66615583264560529  0.67655376605460826
  0.68711483732847223  0.69685433194575575  0.70702651523282012  0.71715337410555513
  0.72698634832611553  0.73634224097905387  0.74607449780012003  0.75673769970611537
  0.76821003488475015  0.77934368843115442  0.79043732653137677  0.80193773312265926
  0.81423874006754837  0.82564381903019934  0.83740983042090356  0.84894618083294693
  0.86138058254489369  0.87407077881203521  0.88642460042775728  0.89879860695174363
  0.91145062219270256  0.92439672959790253  0.93727079235032529  0.95017172542432504
  0.96270440125879964  0.97529792460282139  0.98724388950617248  1.00000000000000000
 -0.00262097312873449  0.00959519521092862  0.02087578498662637  0.03310082449582667
  0.04600724009752386  0.05834746830336191  0.06981220889491681  0.08098489831833582
  0.09215905654874290  0.10285044167123140  0.11341658080239642  0.12418540512294320
  0.13564212430583092  0.14712109641322021  0.15841998749183084  0.16987257612344170
  0.18147451712829826  0.19325807681201523  0.20506102047803157  0.21727852634907091
  0.22921175786108242  0.23987745768648064  0.25007479498817209  0.26073862485059368
  0.27146972648225509  0.28169469071567549  0.29168028162440801  0.30225086306749799
  0.31335871223669215  0.32429858939404405  0.33598494203897150  0.34825111577095536
  0.36072193180449713  0.37214304157846045  0.38210559628027052  0.39127432364309550
  0.40048078859011427  0.40995877998986607  0.41989139434878436  0.43055849557464937
  0.44147245941934177  0.45385944715763082  0.46473348306197682  0.47508027615154375
  0.48508451196897140  0.49527937241227543  0.50519166024103013  0.51463017439529735
  0.52463043922693153  0.53535153540680191  0.54703011568740612  0.55863269673404503
  0.56909118544798321  0.57879350093426751  0.58811342401526889  0.59749455590117151
  0.60707226086972121  0.61686271777782731  0.62780872434334023  0.63934167394020780
  0.65027735265526498  0.66045068546555696  0.67053699103885900  0.68090717438266901
  0.69167218262363717  0.70230337268903864  0.71339993140230151  0.72506271918875731
  0.73692489908663028  0.74886140028691983  0.76086881731801770  0.77210077881086048
  0.78175553641572149  0.79104095905786798  0.79976956043681469  0.80828715181379907
  0.81699664655779114  0.82596509481283131  0.83495362523925876  0.84380260088276637
  0.85312107790451053  0.86330626727884652  0.87362728232756581  0.88377472842121496
  0.89373759348462400  0.90294478237679432  0.91197544059349611  0.92062239888303132
  0.92918318545499501  0.93795467652719899  0.94687417532200224  0.95584133567610985
  0.96635313137005507  0.97679626696740318  0.98799040502616575  1.00000000000000000
 -0.00231104292026827  0.00823301366280776  0.01822090964853406  0.02713528707937529
  0.03681563823140824  0.04689856624372759  0.05734882780039403  0.06684313275654148
  0.07598991338165806  0.08559744231493062  0.09536751289130449  0.10508535766742294
  0.11536106059809981  0.12603901165526196  0.13916206570221157  0.15199081345344789
  0.16444947276355865  0.17674654053461247  0.18855624837577734  0.19973281372600590
  0.21087278151160826  0.22212134564809305  0.23386557076361930  0.24601018734115906
  0.25823084019105680  0.27025521161824734  0.28107905768780500  0.29090071161944581
  0.30000033869629528  0.30884102060741236  0.31671373051444596  0.32425998135117490
  0.33229199556917588  0.34104249857886693  0.34925602753064722  0.35758153467143666
  0.36602436271248323  0.37442995078631808  0.38486856320329227  0.39566158776436211
  0.40547468481473103  0.41482035029678777  0.42423247317603802  0.43360825878389747
  0.44296173165734964  0.45257069823224311  0.46275062629291164  0.47370336018592352
  0.48428070248216404  0.49413389762919580  0.50412889219541734  0.51355339846844639
  0.52306178851461371  0.53261931403460483  0.54295305056646659  0.55442432747257453
  0.56622972931666271  0.57833681496691802  0.59067823223993765  0.60316252553573468
  0.61544534859593492  0.62765364023537740  0.63969714392942190  0.65176758800494627
  0.66313993885711531  0.67292904470597492  0.68154901571827176  0.69082647593106561
  0.69986597243559212  0.70902606388087663  0.71815502957339505  0.72790467009846160
  0.73878144874078411  0.74975772396365825  0.76070419534034395  0.77170174987166695
  0.78321693032681805  0.79511245934782138  0.80725322257478005  0.81937599350388557
  0.83146560817376303  0.84337546737051150  0.85434415686214149  0.86482471633394653
  0.87505993269702609  0.88539970536623869  0.89654746250910011  0.90850372819902780
  0.92053137348398317  0.93267448068713366  0.94438155524042455  0.95549723737519299
  0.96616897804825175  0.97673595634507915  0.98836891466254717  1.00000000000000000
   1.0271930989569891E-007  -1.0000000000000000     
 F F F F F F F F F F F F F F F F F F F F F F F F F F F F F F F F F F F F F F F F F F F F F F F F F F F F F F F F F F F F F F F F F F F F F F F F F F F F F F F F F F F F F F F F F F F F F F F F F F F F F F F F F F F F F F F F F F F F F F F F F F F F F F F F
  <DiscreteSampler_grid>
  grouped_processes
  1 # 1 for a reference and 2 for a running grid.
  10 # Attribute 'min_bin_probing_points' of the grid.
  1 # Attribute 'grid_mode' of the grid. 1=='default',2=='initialization'
  0.0000000000000000 # Attribute 'small_contrib_threshold' of the grid.
  0.5000000000000000 # Attribute 'damping_power' of the grid.
 # binID   n_entries weight   weight_sqr   abs_weight
    10   10   6.983651428509709E+004   1.789763988866693E+010   6.983651428509709E+004
    16   10   6.983651428509709E+004   1.789763988866693E+010   6.983651428509709E+004
  </DiscreteSampler_grid>
