0.41184E-02 0.41720E-05 0.00000E+01 2387680 0 0 138458 0.33619E+08 0.00000E+01 0.41184E-02 0.00000E+01 0.00000E+01 0
1 0.0043229 0.00044379 5.2286 0.37222 0.0043229
2 0.0039391 0.00010518 1.9232 0.085109 0.0039391
3 0.0040636 4.2957e-05 1.0768 0.041705 0.0040636
4 0.0040718 0.00040764 5.0989 0.34868 0.0040718
5 0.004085 0.00011156 1.9671 0.089501 0.004085
6 0.0041834 4.4174e-05 1.0756 0.042646 0.0041834
7 0.0041808 0.00041278 5.0285 0.29203 0.0041808
8 0.0041153 0.00010991 1.9236 0.10717 0.0041153
9 0.0041107 4.2735e-05 1.059 0.035147 0.0041107
10 0.0041416 0.00042293 5.2011 0.31847 0.0041416
11 0.0040902 0.00011281 1.9866 0.094828 0.0040902
12 0.0041695 4.3521e-05 1.0632 0.04069 0.0041695
13 0.0050104 0.00049101 4.9912 0.333 0.0050104
14 0.0042126 0.00011907 2.0358 0.10996 0.0042126
15 0.004106 4.2911e-05 1.0645 0.041729 0.004106
16 0.0035039 0.00031513 4.5806 0.2737 0.0035039
17 0.0041616 0.00011086 1.9188 0.082564 0.0041616
18 0.0040654 4.1681e-05 1.0444 0.034756 0.0040654
19 0.0043261 0.00044702 5.2628 0.33236 0.0043261
20 0.0042127 0.00011481 1.963 0.1089 0.0042127
21 0.0041773 4.3415e-05 1.0587 0.034869 0.0041773
22 0.0043888 0.00042902 4.9787 0.32351 0.0043888
23 0.0041208 0.00010547 1.8436 0.1001 0.0041208
24 0.004115 4.2914e-05 1.0623 0.032887 0.004115
25 0.0039534 0.00038579 4.9701 0.30991 0.0039534
26 0.0042845 0.00011718 1.9699 0.1288 0.0042845
27 0.0040714 4.2284e-05 1.0579 0.040622 0.0040714
28 0.0040635 0.00039863 4.9964 0.33922 0.0040635
29 0.004122 0.00011278 1.9707 0.099601 0.004122
30 0.0041463 4.1932e-05 1.0301 0.035379 0.0041463
31 0.003982 0.00039473 5.0488 0.31106 0.003982
32 0.0040871 0.00011141 1.9635 0.099932 0.0040871
33 0.0041183 4.2015e-05 1.0392 0.040796 0.0041183
34 0.0041433 0.00041858 5.1453 0.31359 0.0041433
35 0.0040348 0.00010876 1.9415 0.1006 0.0040348
36 0.0040913 4.1787e-05 1.0404 0.034415 0.0040913
37 0.0042174 0.00041549 5.0176 0.31403 0.0042174
38 0.004182 0.00011645 2.0057 0.11577 0.004182
39 0.0040207 4.1212e-05 1.0441 0.032392 0.0040207
40 0.0037784 0.00038111 5.1372 0.36451 0.0037784
41 0.0041045 0.00011229 1.9705 0.08622 0.0041045
42 0.0040817 4.2532e-05 1.0614 0.038257 0.0040817
43 0.0037304 0.00037049 5.0583 0.35695 0.0037304
44 0.0040853 0.00010864 1.9155 0.090326 0.0040853
45 0.0040421 4.169e-05 1.0506 0.034186 0.0040421
46 0.0040371 0.00039672 5.0049 0.34099 0.0040371
47 0.0041022 0.00010939 1.9207 0.093148 0.0041022
48 0.004168 4.3094e-05 1.0532 0.036587 0.004168
49 0.004754 0.00048734 5.221 0.34668 0.004754
50 0.0039021 0.0001013 1.8698 0.09595 0.0039021
51 0.0041766 4.3494e-05 1.0608 0.039187 0.0041766
52 0.0035445 0.00035414 5.0886 0.34193 0.0035445
53 0.0040573 0.00010985 1.9501 0.087213 0.0040573
54 0.0041116 4.3067e-05 1.067 0.039996 0.0041116
55 0.0038137 0.00038597 5.1547 0.31784 0.0038137
56 0.0041145 0.00011372 1.9909 0.088564 0.0041145
57 0.0041338 4.2793e-05 1.0545 0.035743 0.0041338
58 0.0038687 0.00040034 5.2705 0.37977 0.0038687
59 0.0042017 0.00011705 2.0065 0.10646 0.0042017
60 0.0041483 4.3371e-05 1.065 0.039709 0.0041483
61 0.0044673 0.00042132 4.8034 0.3119 0.0044673
62 0.0041433 0.00011328 1.9693 0.086138 0.0041433
63 0.004151 4.406e-05 1.0812 0.043212 0.004151
64 0.0038708 0.00035911 4.7252 0.28185 0.0038708
65 0.0040211 0.00010627 1.9036 0.094479 0.0040211
66 0.0040742 4.2005e-05 1.0502 0.045039 0.0040742
67 0.003891 0.00036805 4.8176 0.30485 0.003891
68 0.0042846 0.00012202 2.0513 0.16529 0.0042846
69 0.0040866 4.3102e-05 1.0744 0.043841 0.0040866
70 0.0044927 0.00046577 5.2802 0.3344 0.0044927
71 0.0038524 0.00010283 1.9227 0.10314 0.0038524
72 0.0041522 4.2636e-05 1.046 0.037826 0.0041522
73 0.0039299 0.00038375 4.9733 0.32141 0.0039299
74 0.0041246 0.00011183 1.9528 0.11951 0.0041246
75 0.0041685 4.3322e-05 1.0586 0.038399 0.0041685
76 0.0038766 0.0003695 4.8546 0.31133 0.0038766
77 0.0039148 0.00010404 1.9143 0.090829 0.0039148
78 0.0041498 4.3433e-05 1.0661 0.03615 0.0041498
79 0.0038558 0.00038048 5.0257 0.33272 0.0038558
80 0.0040263 0.00010712 1.9164 0.074946 0.0040263
81 0.0041263 4.4238e-05 1.0921 0.038068 0.0041263
82 0.0034119 0.0003149 4.7007 0.33368 0.0034119
83 0.0039751 0.00010319 1.8698 0.086186 0.0039751
84 0.0042313 4.5404e-05 1.0931 0.049148 0.0042313
85 0.0041382 0.00041068 5.0545 0.34609 0.0041382
86 0.0039552 0.00010658 1.9408 0.094581 0.0039552
87 0.0040559 4.3027e-05 1.0806 0.045645 0.0040559
88 0.0040744 0.00038294 4.7869 0.32419 0.0040744
89 0.0042526 0.0001162 1.9681 0.10306 0.0042526
90 0.0041227 4.3532e-05 1.0756 0.04497 0.0041227
91 0.0051682 0.00051309 5.0564 0.36464 0.0051682
92 0.0040826 0.00011362 2.0046 0.11489 0.0040826
93 0.0041032 4.3777e-05 1.0868 0.035351 0.0041032
94 0.0039093 0.00040309 5.2516 0.33393 0.0039093
95 0.0040572 0.00010499 1.8639 0.072692 0.0040572
96 0.0040453 4.1997e-05 1.0575 0.034499 0.0040453
97 0.0035108 0.00033932 4.9225 0.30194 0.0035108
98 0.0040591 0.00010753 1.9081 0.078038 0.0040591
99 0.0040441 4.1419e-05 1.0432 0.033235 0.0040441
100 0.0038311 0.00038006 5.0525 0.30017 0.0038311
101 0.0041288 0.00011012 1.9211 0.13257 0.0041288
102 0.0041169 4.1002e-05 1.0145 0.035065 0.0041169
103 0.0048489 0.00050236 5.2767 0.37257 0.0048489
104 0.0041398 0.00011199 1.9484 0.10537 0.0041398
105 0.0041555 4.3213e-05 1.0593 0.045898 0.0041555
106 0.0040213 0.00040553 5.1362 0.33818 0.0040213
107 0.0040744 0.00010965 1.9384 0.092129 0.0040744
108 0.0041455 4.4738e-05 1.0993 0.039226 0.0041455
109 0.0042184 0.00043286 5.2262 0.35571 0.0042184
110 0.0041262 0.00010782 1.8822 0.11877 0.0041262
111 0.0040273 4.1363e-05 1.0462 0.04502 0.0040273
112 0.0040235 0.00038354 4.8551 0.3169 0.0040235
113 0.0041494 0.0001154 2.0033 0.092732 0.0041494
114 0.0040822 4.3156e-05 1.0769 0.033485 0.0040822
115 0.0037114 0.0003654 5.0144 0.30412 0.0037114
116 0.0041001 0.00011185 1.9649 0.099908 0.0041001
117 0.0041069 4.3142e-05 1.0701 0.038621 0.0041069
118 0.0043221 0.00044439 5.2367 0.35493 0.0043221
119 0.0041351 0.00011153 1.9427 0.094847 0.0041351
120 0.0041736 4.4442e-05 1.0847 0.039568 0.0041736
121 0.004487 0.0004541 5.1545 0.34384 0.004487
122 0.0041153 0.00011216 1.9631 0.10926 0.0041153
123 0.0041684 4.3773e-05 1.0697 0.043408 0.0041684
124 0.0042939 0.00011938 2.0025 0.11723 0.0042939
125 0.0040593 4.2377e-05 1.0634 0.04251 0.0040593
126 0.0041253 2.0308e-05 0.70916 0.023426 0.0041253
127 0.0038376 0.00037395 4.963 0.32789 0.0038376
128 0.0038888 0.00010901 2.019 0.1232 0.0038888
129 0.0041372 4.3202e-05 1.0637 0.035128 0.0041372
130 0.0043633 0.00012386 2.0447 0.096073 0.0043633
131 0.0041525 4.3051e-05 1.056 0.034859 0.0041525
132 0.0041487 2.0237e-05 0.70268 0.020403 0.0041487
133 0.0045017 0.00044712 5.0587 0.31703 0.0045017
134 0.0041444 0.0001143 1.9866 0.099435 0.0041444
135 0.004157 4.3987e-05 1.0779 0.039829 0.004157
136 0.0038726 0.00039218 5.1578 0.37595 0.0038726
137 0.0039643 0.00010954 1.9902 0.090188 0.0039643
138 0.0041069 4.2814e-05 1.0619 0.040581 0.0041069
139 0.0044918 0.00012352 1.9807 0.092529 0.0044918
140 0.0041075 4.1899e-05 1.0391 0.03542 0.0041075
141 0.0041309 2.0202e-05 0.70448 0.021286 0.0041309
142 0.0042461 0.00011436 1.9399 0.089742 0.0042461
143 0.0041216 4.2428e-05 1.0486 0.03726 0.0041216
144 0.0040964 1.9499e-05 0.6857 0.020748 0.0040964
145 0.0042957 0.00044265 5.2483 0.35594 0.0042957
146 0.0040946 0.00011104 1.9533 0.11129 0.0040946
147 0.0040716 4.1531e-05 1.039 0.037017 0.0040716
148 0.0038202 0.00037903 5.0533 0.30163 0.0038202
149 0.0041433 0.00011316 1.9672 0.11323 0.0041433
150 0.0042008 4.5551e-05 1.1046 0.040554 0.0042008
151 0.003985 0.00039357 5.0301 0.3232 0.003985
152 0.0038412 9.8097e-05 1.8395 0.079112 0.0038412
153 0.0041412 4.4348e-05 1.0908 0.041828 0.0041412
154 0.0038757 0.00037823 4.9705 0.33257 0.0038757
155 0.0040521 0.00010434 1.8547 0.089243 0.0040521
156 0.0041556 4.3581e-05 1.0683 0.040324 0.0041556
157 0.0038523 0.00038637 5.1082 0.32182 0.0038523
158 0.0040505 0.00010911 1.9402 0.1129 0.0040505
159 0.0041266 4.231e-05 1.0444 0.036194 0.0041266
160 0.0047673 0.00047771 5.1036 0.29819 0.0047673
161 0.004202 0.00011079 1.8991 0.087392 0.004202
162 0.0041058 4.0555e-05 1.0061 0.037187 0.0041058
163 0.0033798 0.00029634 4.4656 0.26697 0.0033798
164 0.0041936 0.00011761 2.02 0.12952 0.0041936
165 0.0041096 4.2172e-05 1.0453 0.030301 0.0041096
166 0.0044593 0.00045631 5.2117 0.38375 0.0044593
167 0.0041787 0.00011635 2.0055 0.099241 0.0041787
168 0.0041367 4.2905e-05 1.0565 0.038009 0.0041367
169 0.0037372 0.00036909 5.03 0.33647 0.0037372
170 0.0043325 0.00012264 2.039 0.083832 0.0043325
171 0.0041328 4.4255e-05 1.0908 0.036328 0.0041328
172 0.0043447 0.00044362 5.2004 0.31823 0.0043447
173 0.004196 0.00011942 2.0499 0.12177 0.004196
174 0.004069 4.2862e-05 1.073 0.034839 0.004069
175 0.0042845 0.00011635 1.956 0.1016 0.0042845
176 0.0040573 4.166e-05 1.0459 0.038567 0.0040573
177 0.0041228 1.9409e-05 0.67818 0.020866 0.0041228
178 0.0044365 0.00042348 4.8616 0.27466 0.0044365
179 0.004245 0.00011234 1.9061 0.10788 0.004245
180 0.0040173 4.2876e-05 1.0872 0.037573 0.0040173
181 0.0041259 0.00041355 5.1049 0.3476 0.0041259
182 0.0042036 0.0001203 2.0613 0.11265 0.0042036
183 0.0041324 4.45e-05 1.0969 0.040224 0.0041324
184 0.0042536 0.00043296 5.1841 0.33828 0.0042536
185 0.0040846 0.00011124 1.9617 0.14823 0.0040846
186 0.0040353 4.1364e-05 1.0441 0.038264 0.0040353
187 0.0042972 0.0001138 1.9074 0.086921 0.0042972
188 0.0040631 4.126e-05 1.0344 0.036014 0.0040631
189 0.0041459 2.006e-05 0.69701 0.023694 0.0041459
190 0.0037721 0.00036361 4.9095 0.3261 0.0037721
191 0.0042639 0.00011355 1.9181 0.10164 0.0042639
192 0.0041605 4.3617e-05 1.0679 0.045575 0.0041605
193 0.0036841 0.00035472 4.9039 0.29555 0.0036841
194 0.0042596 0.00011038 1.8666 0.099852 0.0042596
195 0.0041462 4.4336e-05 1.0892 0.037457 0.0041462
196 0.0040508 0.00040331 5.0708 0.33567 0.0040508
197 0.0040293 0.00010478 1.873 0.08308 0.0040293
198 0.0041004 4.2267e-05 1.05 0.036541 0.0041004
199 0.00406 0.00041197 5.168 0.33089 0.00406
200 0.0039731 0.00010592 1.9202 0.101 0.0039731
201 0.0040656 4.1592e-05 1.0421 0.043641 0.0040656
202 0.0042591 0.00042583 5.0922 0.33603 0.0042591
203 0.003982 0.00011404 2.0629 0.11167 0.003982
204 0.0041425 4.3294e-05 1.0646 0.039025 0.0041425
205 0.004069 0.00039638 4.9614 0.36186 0.004069
206 0.0039123 0.00010205 1.8788 0.10602 0.0039123
207 0.0040507 4.2461e-05 1.0678 0.034397 0.0040507
208 0.0040276 0.0004177 5.2821 0.34454 0.0040276
209 0.0041164 0.0001136 1.9878 0.1007 0.0041164
210 0.0041143 4.2537e-05 1.0531 0.034406 0.0041143
211 0.0039141 0.00040003 5.2054 0.3238 0.0039141
212 0.0040468 0.00010866 1.934 0.090135 0.0040468
213 0.004175 4.3293e-05 1.0563 0.03929 0.004175
214 0.0034308 0.00032258 4.7889 0.318 0.0034308
215 0.004289 0.00011275 1.8935 0.089301 0.004289
216 0.0040969 4.2527e-05 1.0574 0.038169 0.0040969
217 0.003647 0.00034427 4.8078 0.3225 0.003647
218 0.0040647 0.00010452 1.8521 0.10313 0.0040647
219 0.0041249 4.0816e-05 1.0079 0.031639 0.0041249
220 0.004155 0.00041314 5.0643 0.30133 0.004155
221 0.0040983 0.00011184 1.9656 0.085347 0.0040983
222 0.0040878 4.1474e-05 1.0335 0.041841 0.0040878
223 0.0041621 0.0004208 5.1492 0.37315 0.0041621
224 0.0039564 0.000104 1.8933 0.069995 0.0039564
225 0.0040877 4.3413e-05 1.0818 0.038366 0.0040877
226 0.0041316 0.00040956 5.0487 0.30807 0.0041316
227 0.004184 0.00012097 2.0825 0.14553 0.004184
228 0.0040979 4.3526e-05 1.0819 0.039068 0.0040979
229 0.0049361 0.0004898 5.0538 0.32322 0.0049361
230 0.0039497 0.00010639 1.9401 0.09698 0.0039497
231 0.0041014 4.2813e-05 1.0633 0.037283 0.0041014
232 0.0036987 0.00036188 4.9831 0.31315 0.0036987
233 0.0041253 0.00011047 1.9288 0.084782 0.0041253
234 0.0041322 4.338e-05 1.0694 0.041127 0.0041322
235 0.0039609 0.00039712 5.1064 0.3374 0.0039609
236 0.0040517 0.00010958 1.948 0.085093 0.0040517
237 0.0040527 4.1875e-05 1.0525 0.036552 0.0040527
238 0.0039244 0.00040778 5.2923 0.32921 0.0039244
239 0.004083 0.00010832 1.9109 0.081759 0.004083
240 0.0041467 4.182e-05 1.0273 0.033452 0.0041467
241 0.0045367 0.00046287 5.1964 0.37528 0.0045367
242 0.0041011 0.000112 1.9671 0.11891 0.0041011
243 0.0040942 4.2881e-05 1.0669 0.049648 0.0040942
244 0.0043215 0.00041989 4.9487 0.30154 0.0043215
245 0.0041608 0.00011533 1.9965 0.10122 0.0041608
246 0.0041746 4.3731e-05 1.0671 0.038603 0.0041746
247 0.0042132 0.00042183 5.0993 0.33494 0.0042132
248 0.0040903 0.00010322 1.8176 0.113 0.0040903
249 0.0041267 4.3633e-05 1.077 0.038543 0.0041267
250 0.0041408 0.00040261 4.9521 0.31385 0.0041408
251 0.0041722 0.0001126 1.9439 0.096141 0.0041722
252 0.0041035 4.3078e-05 1.0694 0.039927 0.0041035
253 0.0036026 0.00034171 4.8308 0.27432 0.0036026
254 0.0041334 0.00010808 1.8834 0.085711 0.0041334
255 0.004097 4.1536e-05 1.0327 0.037917 0.004097
256 0.0041545 0.00040426 4.956 0.34532 0.0041545
257 0.0039774 0.00011017 1.9952 0.10334 0.0039774
258 0.0042002 4.444e-05 1.0777 0.035492 0.0042002
259 0.0047315 0.00048618 5.2333 0.36156 0.0047315
260 0.004135 0.00011386 1.9834 0.11139 0.004135
261 0.0040694 4.1378e-05 1.0357 0.050118 0.0040694
262 0.0048018 0.00047461 5.034 0.37001 0.0048018
263 0.0041026 0.00010914 1.9161 0.083729 0.0041026
264 0.0040855 4.3781e-05 1.0916 0.042388 0.0040855
265 0.0034221 0.00031271 4.654 0.2884 0.0034221
266 0.0040443 0.00010547 1.8785 0.082871 0.0040443
267 0.004111 4.3055e-05 1.0668 0.038182 0.004111
268 0.0043068 0.00011842 1.9805 0.089671 0.0043068
269 0.0040056 4.182e-05 1.0635 0.042369 0.0040056
270 0.0040926 1.9651e-05 0.69171 0.031747 0.0040926
271 0.0037265 0.00037669 5.1483 0.37208 0.0037265
272 0.0043346 0.00011753 1.9531 0.099387 0.0043346
273 0.0041214 4.1418e-05 1.0236 0.038117 0.0041214
274 0.0043841 0.00012028 1.9761 0.082488 0.0043841
275 0.0041372 4.2335e-05 1.0423 0.033322 0.0041372
276 0.0041136 1.9553e-05 0.68473 0.023208 0.0041136
277 0.0035397 0.00033859 4.8718 0.30268 0.0035397
278 0.0040921 0.00011002 1.9365 0.085671 0.0040921
279 0.0041434 4.4504e-05 1.0941 0.046805 0.0041434
280 0.0039543 0.00039606 5.1013 0.32548 0.0039543
281 0.0038811 0.00010505 1.9496 0.09634 0.0038811
282 0.0041144 4.4289e-05 1.0965 0.039254 0.0041144
283 0.0046462 0.00046486 5.0958 0.35404 0.0046462
284 0.0041894 0.00011288 1.9407 0.11314 0.0041894
285 0.0041598 4.3217e-05 1.0583 0.036239 0.0041598
286 0.0045412 0.00045153 5.0642 0.32012 0.0045412
287 0.0040331 0.00010641 1.9004 0.10187 0.0040331
288 0.004146 4.3084e-05 1.0585 0.040484 0.004146
289 0.0035242 0.00034134 4.9331 0.29135 0.0035242
290 0.0040359 0.00010496 1.8732 0.097372 0.0040359
291 0.004079 4.2763e-05 1.0679 0.044634 0.004079
292 0.0041371 0.00042873 5.278 0.35685 0.0041371
293 0.0041483 0.00011105 1.9282 0.12196 0.0041483
294 0.0041417 4.2756e-05 1.0516 0.044201 0.0041417
295 0.0042389 0.00011796 2.0044 0.11621 0.0042389
296 0.0041216 4.2138e-05 1.0414 0.033739 0.0041216
297 0.0041183 1.9697e-05 0.68898 0.028128 0.0041183
298 0.0044312 0.00043885 5.0441 0.35536 0.0044312
299 0.0039893 0.00010899 1.9678 0.092613 0.0039893
300 0.0040911 4.2746e-05 1.0643 0.039319 0.0040911
301 0.0037338 0.00036095 4.9236 0.31964 0.0037338
302 0.0042049 0.00011813 2.0234 0.10652 0.0042049
303 0.0041712 4.349e-05 1.062 0.036239 0.0041712
304 0.0043078 0.00011723 1.9601 0.0884 0.0043078
305 0.0041992 4.3716e-05 1.0605 0.034756 0.0041992
306 0.0041334 2.0089e-05 0.70012 0.024074 0.0041334
307 0.0038159 0.00037763 5.0403 0.31643 0.0038159
308 0.0041705 0.00011591 2.0018 0.086631 0.0041705
309 0.0040597 4.1091e-05 1.031 0.030599 0.0040597
310 0.0040076 0.00039894 5.07 0.3556 0.0040076
311 0.0040693 0.00011053 1.9565 0.08196 0.0040693
312 0.0041328 4.3369e-05 1.0689 0.040949 0.0041328
313 0.0038955 0.00036831 4.8154 0.28933 0.0038955
314 0.0041516 0.00011182 1.94 0.091834 0.0041516
315 0.0041338 4.2878e-05 1.0566 0.043453 0.0041338
316 0.0046246 0.00045187 4.9764 0.33441 0.0046246
317 0.0041873 0.00011717 2.0155 0.092491 0.0041873
318 0.0041274 4.3809e-05 1.0812 0.040148 0.0041274
319 0.0049961 0.00049283 5.0241 0.34773 0.0049961
320 0.0039204 0.00011379 2.0907 0.11299 0.0039204
321 0.0041233 4.2735e-05 1.0557 0.033533 0.0041233
322 0.0042513 0.00040128 4.8074 0.28503 0.0042513
323 0.0041149 0.0001175 2.0568 0.098498 0.0041149
324 0.0041182 4.3524e-05 1.0766 0.035883 0.0041182
325 0.0037342 0.00038378 5.2345 0.34931 0.0037342
326 0.0039571 0.00010884 1.981 0.12256 0.0039571
327 0.0041554 4.3895e-05 1.076 0.036966 0.0041554
328 0.0037274 0.00036743 5.0206 0.3149 0.0037274
329 0.0040645 0.00010911 1.9335 0.11005 0.0040645
330 0.0042066 4.3776e-05 1.06 0.049345 0.0042066
331 0.0040458 0.00037285 4.6938 0.26862 0.0040458
332 0.0041248 0.00010832 1.8915 0.091756 0.0041248
333 0.0041533 4.0864e-05 1.0022 0.039243 0.0041533
334 0.0040524 0.00040283 5.0628 0.34341 0.0040524
335 0.0043143 0.00011816 1.9727 0.086401 0.0043143
336 0.0041562 4.275e-05 1.0477 0.04766 0.0041562
337 0.0039301 0.00038003 4.9249 0.33204 0.0039301
338 0.0039497 0.00010702 1.9517 0.09134 0.0039497
339 0.0041886 4.3013e-05 1.046 0.036978 0.0041886
340 0.003862 0.000378 4.9851 0.30013 0.003862
341 0.004113 0.00011236 1.9676 0.10637 0.004113
342 0.0042366 4.48e-05 1.0771 0.040354 0.0042366
343 0.0038193 0.00038531 5.1382 0.32509 0.0038193
344 0.0041788 0.00011608 2.0008 0.095789 0.0041788
345 0.0041616 4.2196e-05 1.0328 0.042494 0.0041616
346 0.0049981 0.00047327 4.8226 0.32191 0.0049981
347 0.0039998 0.00011229 2.0221 0.10906 0.0039998
348 0.0041452 4.4407e-05 1.0912 0.04457 0.0041452
349 0.0044569 0.00044882 5.1288 0.33032 0.0044569
350 0.0040503 0.00010925 1.9428 0.094949 0.0040503
351 0.0041608 4.2221e-05 1.0336 0.037411 0.0041608
352 0.0040457 0.00039995 5.035 0.32684 0.0040457
353 0.0041943 0.00011547 1.9829 0.11726 0.0041943
354 0.0040715 4.2872e-05 1.0726 0.034846 0.0040715
355 0.0047373 0.0004651 5.0003 0.34562 0.0047373
356 0.0039943 0.00010976 1.9792 0.093873 0.0039943
357 0.0041517 4.3168e-05 1.0591 0.034115 0.0041517
358 0.0041403 0.00041532 5.109 0.31871 0.0041403
359 0.0039965 0.00010971 1.9773 0.09194 0.0039965
360 0.0041777 4.4849e-05 1.0935 0.04221 0.0041777
<lo_statistics>
<cumulated_time> 194.170057 </cumulated_time>
</lo_statistics>