  0.00018331300734470  0.00024268634881187  0.00027916631666669  0.00030760430124963
  0.00033464213620421  0.00036797103183445  0.00041114270775447  0.00047148773855354
  0.00063942596492707  0.00103827511095314  0.00150366078773601  0.00188692819125650
  0.00228267171995844  0.00272272127584433  0.00319257886088620  0.00369784126562590
  0.00426747022049151  0.00493790818823287  0.00575062087492495  0.00666656246085996
  0.00771901471715054  0.00891838644640970  0.01027302828648804  0.01177339514419145
  0.01342831672268935  0.01539918787494133  0.01769107256097595  0.02016731634201621
  0.02273822559073621  0.02578425734335284  0.02973021041103871  0.03434283111970862
  0.03923200380896547  0.04422106648409941  0.04931944807177134  0.05395035377858722
  0.05745573706475203  0.05988579067917178  0.06157462270860216  0.06277721403486365
  0.06365318676892992  0.06431343565999022  0.06483264657020556  0.06525295874121161
  0.06560042370886580  0.06589348771952705  0.06614562264754843  0.06636855324284814
  0.06657062516701646  0.06675497041698310  0.06692317716512196  0.06707908473821288
  0.06722645230764145  0.06736686695663430  0.06750167645513784  0.06763258185561954
  0.06776113242569236  0.06788873929309587  0.06801654218307430  0.06814529048835953
  0.06827570851138479  0.06840929941823758  0.06854943716469815  0.06869603549172032
  0.06885043058169261  0.06901525133743459  0.06919428460529028  0.06939112379132599
  0.06960869558318841  0.06985192952340925  0.07012843547515085  0.07044920475802686
  0.07082627019100748  0.07127954903366245  0.07183785890181267  0.07254734784166741
  0.07347694569104427  0.07472987643736835  0.07650435326379822  0.07910194021138972
  0.08291198478165447  0.08850381302167121  0.09668575506896780  0.10831114162060837
  0.12432640820387439  0.14581827002374492  0.17417184368215952  0.20874244511620382
  0.25352725381713209  0.31075923493908875  0.39375315074028433  0.49993674354987316
  0.60178208052994475  0.69756514616903142  0.81689787411923676  1.00000000000000000
  0.00016272639137552  0.00023990912306340  0.00028218091127441  0.00032024541899981
  0.00036240715265714  0.00041484856677619  0.00053617295676933  0.00086133047562208
  0.00141703634338328  0.00181475957945102  0.00223327237171348  0.00274919418399704
  0.00331425607754909  0.00396791239271987  0.00473553363525221  0.00564981866258161
  0.00662667723947984  0.00767045126594919  0.00879095108997767  0.01018707020443983
  0.01189739810949331  0.01390136110985537  0.01624243218293942  0.01895371465470548
  0.02205252577573726  0.02568177461550279  0.02981951010236985  0.03436910570598438
  0.03938413352982463  0.04500917294914081  0.05053404315122403  0.05513814993098128
  0.05844898195386687  0.06066135774842672  0.06216228694671130  0.06320872779933212
  0.06399405829184472  0.06459771129810464  0.06506923961249791  0.06545384572047114
  0.06577753237232890  0.06605530310815878  0.06629783188841760  0.06651334645498799
  0.06670759090205289  0.06688475964834771  0.06704919597181609  0.06720422160188758
  0.06735186192646538  0.06749372605472273  0.06763128050413976  0.06776591968645437
  0.06789897815987879  0.06803174174587680  0.06816584364080817  0.06830347865861791
  0.06844598373774743  0.06859359335943763  0.06874829458584307  0.06891223792057878
  0.06908832587830009  0.06928079027615663  0.06949496319974917  0.06973773293702920
  0.07001534675713592  0.07033671058686480  0.07071347953942955  0.07116692496879536
  0.07172417166448070  0.07243927753694186  0.07338932523480578  0.07465371542131287
  0.07645839264145499  0.07915056174315008  0.08327601133758857  0.08955736632396756
  0.09879535531037556  0.11175148617542950  0.12872898186906886  0.14841266570750558
  0.17336229185824467  0.20724690775595789  0.25649464067178057  0.32359339390409975
  0.41837112233705948  0.51327094594376910  0.57388700692671091  0.61776716908615759
  0.65289409689383859  0.68587064315684276  0.72191042145215767  0.75861423792643567
  0.80031697570679994  0.84989142600975875  0.89134552214615015  1.00000000000000000
  0.00019332215490955  0.00054732920519969  0.00073408182827168  0.00088763773276256
  0.00104555522793239  0.00120546673903376  0.00141940751497470  0.00171104772606439
  0.00203617876057937  0.00238471391190963  0.00275523420981975  0.00314661574784274
  0.00356801378511002  0.00402983423679807  0.00452867437412693  0.00504308441636136
  0.00554588387085787  0.00603419032687331  0.00652190457723899  0.00701518106022569
  0.00751568446790620  0.00802725127964358  0.00855530192340995  0.00909478647016197
  0.00965275613627048  0.01023321900218254  0.01085114133741761  0.01150653991794067
  0.01220505001619257  0.01294476800497493  0.01369896675499348  0.01445304404245701
  0.01519707887249515  0.01597990140939617  0.01681568296143276  0.01773289781272542
  0.01872074434633433  0.01974856020836661  0.02083123547380658  0.02198319096658559
  0.02320314621283533  0.02447738083367459  0.02578353473601805  0.02712481756835798
  0.02853248454775419  0.03003385185909303  0.03163854079228489  0.03329708004355075
  0.03501497356999585  0.03680353381170044  0.03869100412460882  0.04068202672296240
  0.04276661518896108  0.04494347758115973  0.04721192137602028  0.04959451255377455
  0.05211173905225991  0.05478892608759448  0.05765954608640634  0.06073282249245987
  0.06396976337312968  0.06731114668671728  0.07076289569720148  0.07429049979169186
  0.07802312012955190  0.08194808709096889  0.08598064251370133  0.09020247164621159
  0.09476563965654042  0.09976784843909230  0.10519235670530921  0.11090715273328398
  0.11696216591140754  0.12351263315371294  0.13051037538350571  0.13794830726378465
  0.14598329503927807  0.15477262169549724  0.16450389113618971  0.17512086407022648
  0.18670501776272039  0.19900552912657329  0.21218520951236333  0.22598276225147884
  0.24048123230059670  0.25584922386645736  0.27155890292315094  0.28950452358791018
  0.30749797612788449  0.32770688910998086  0.34912052704797103  0.37402212463924928
  0.40431739701099229  0.44576333728020873  0.53198403818529671  1.00000000000000000
 -0.00223768696011007  0.00857907463981671  0.01878540961394786  0.02877615476936760
  0.03888940010930464  0.04921856693466497  0.05926628507953439  0.06866438652189910
  0.07782775321177268  0.08730823884605811  0.09674965014300833  0.10627864945696200
  0.11576073762037578  0.12490699888526204  0.13420598617795021  0.14381404038234977
  0.15356921337645985  0.16280589394845091  0.17191834123656857  0.18100555530484969
  0.19053923367025469  0.20030757134132329  0.21023022810736849  0.22037797027016059
  0.23057880878274206  0.24065869493764971  0.25080958242774848  0.26101413035976756
  0.27157825917202394  0.28206567279345485  0.29202150728061621  0.30157137798662226
  0.31110434450982721  0.32071079582301953  0.33116624647281973  0.34185207576594373
  0.35247228227876959  0.36274015917099611  0.37298067512554089  0.38353565788543925
  0.39438448884810523  0.40530953164558026  0.41644228812703310  0.42785667282169104
  0.43905871131971741  0.45002344192673477  0.46106886370027789  0.47234321024013881
  0.48372806394315321  0.49490902603062858  0.50567448300890061  0.51641500555916175
  0.52713096444530538  0.53846912189846963  0.54992838615247441  0.56137202834752598
  0.57250504389954671  0.58338639341940968  0.59398628743419024  0.60481120717483638
  0.61603198112263324  0.62758154447943171  0.63917645883379770  0.65070975694325472
  0.66229679435524969  0.67378419863575534  0.68511333511144201  0.69638708517147052
  0.70687096004794925  0.71759468488564293  0.72860714097060109  0.73996553434860091
  0.75146597514288482  0.76289925348398879  0.77429974641654298  0.78564479236096141
  0.79675747343011161  0.80780674893074955  0.81894479761918926  0.83005727793908768
  0.84097322262123497  0.85181223121231708  0.86261926847304438  0.87330458077771411
  0.88332284230550429  0.89331342830113836  0.90326896739122775  0.91354226745417222
  0.92429505324355332  0.93499908849467872  0.94594519195689886  0.95677657739538491
  0.96766276680163199  0.97815332019861534  0.98940992497616320  1.00000000000000000
 -0.00216828553750467  0.00855709367931675  0.01907982252316801  0.03018939028947137
  0.04136143140553745  0.05212560320657732  0.06258669103157691  0.07289424901968435
  0.08326881707655089  0.09399885790797552  0.10452357211766113  0.11529511217725531
  0.12584993273989456  0.13648698010096633  0.14739818084860831  0.15854151996887958
  0.16967657124065094  0.17939860538114355  0.18893208933767383  0.19866877126541008
  0.20848970649976711  0.21948810163977597  0.23017761254852462  0.24071280085489896
  0.25043712967439369  0.26052132811960066  0.27072821751124920  0.28123512706657117
  0.29176850072291277  0.30214590948798697  0.31243613880378701  0.32288265400220939
  0.33327159308620952  0.34374658600810792  0.35395330068722580  0.36415546029574458
  0.37457733775154323  0.38544402854069693  0.39641096280188831  0.40731148873162487
  0.41811566458450722  0.42898243117790058  0.44005975626243654  0.45115717585908671
  0.46229462362374374  0.47308388214991226  0.48335499477939353  0.49368786448816826
  0.50415715698152386  0.51509276510735846  0.52619582391534470  0.53743460721375758
  0.54846341507905083  0.55910022392330272  0.56967251178821454  0.58017666069596774
  0.59092948235781806  0.60169555969298805  0.61257862180280043  0.62335361975623893
  0.63362589907986677  0.64366248666487147  0.65385087678919629  0.66414384055624520
  0.67460887968775873  0.68493360960637950  0.69566475796471827  0.70639997497014140
  0.71678668363860698  0.72747972588814636  0.73837423555092019  0.74960350594181768
  0.76046702588397708  0.77118119322152656  0.78169874217774793  0.79199562101459975
  0.80207302106472489  0.81249736350095059  0.82352757366964979  0.83449333704465634
  0.84528944006190798  0.85561693125336091  0.86584972899696722  0.87614452761376449
  0.88674052236679679  0.89777110112306513  0.90877164168807467  0.91947351786027043
  0.92955031896550810  0.93986990473605569  0.94997515807471811  0.96021406507011209
  0.97018621471132505  0.97998923952637484  0.99024350873485378  1.00000000000000000
 -0.00216847732686926  0.00862842006425870  0.01854432935962611  0.02882771427405061
  0.03835337466532842  0.04780664381623222  0.05688230442400894  0.06621538237049077
  0.07533195600159723  0.08467502235393343  0.09449156164628369  0.10343465475497950
  0.11162843171215445  0.11969699329095231  0.12850940521552270  0.13758923225429162
  0.14695383361825742  0.15656311376606818  0.16597907933077810  0.17504637166738540
  0.18399649417824673  0.19311866600972985  0.20269701523289038  0.21251461318215756
  0.22248328489678010  0.23273522510831154  0.24311091857185516  0.25344447793802122
  0.26367548630535975  0.27382667836057545  0.28410296491591747  0.29448975254074389
  0.30472477114709257  0.31505681828265863  0.32544094202539564  0.33575066931251313
  0.34643889445367509  0.35721302434947338  0.36794594340754150  0.37873965784267583
  0.38961827201919708  0.40069557580436516  0.41189389797034204  0.42309912700033436
  0.43359109494713544  0.44374912332571470  0.45387435710762070  0.46409575711573303
  0.47511573314569977  0.48632094342702875  0.49745068838151169  0.50868595966388130
  0.51983859896991236  0.53070367941931895  0.54161053565200346  0.55262387773280064
  0.56390123349799881  0.57501632023214855  0.58621867141711737  0.59748868411269229
  0.60877402757966337  0.62028589774808907  0.63185087338581225  0.64338074176804494
  0.65492993225250717  0.66647142623193856  0.67804835193606405  0.68965103914752646
  0.70125562980655776  0.71271880920686526  0.72402648195368646  0.73536856556347163
  0.74693206503244691  0.75843701162972266  0.76991735695993468  0.78117522583097865
  0.79188010860670521  0.80278127877954386  0.81384632412816493  0.82498526946475181
  0.83563911937969815  0.84627188077085158  0.85697020518755984  0.86781238314125075
  0.87857521505559288  0.88949502860244156  0.90049569185970912  0.91158824621072421
  0.92284395292865340  0.93433520410278770  0.94586112776409637  0.95734214265010631
  0.96845922600599876  0.97899096266346353  0.98947807028127854  1.00000000000000000
 -0.00238083383831529  0.00934466360410722  0.01960417307240992  0.03021840883813113
  0.04075519409944414  0.05105872893300089  0.06220547607097574  0.07278892671555844
  0.08352438164323249  0.09413377851703654  0.10437800506033280  0.11475116823720280
  0.12540321531911730  0.13624532000824816  0.14692108158079961  0.15721800874321959
  0.16769150523782278  0.17842595797976915  0.18944080289976611  0.20052037227439493
  0.21138559097504647  0.22220893885392951  0.23307564079258691  0.24412714096409807
  0.25491471336237120  0.26545670004793720  0.27602076243113643  0.28661188176824637
  0.29701182321988701  0.30718752182869447  0.31747918273276943  0.32811712166988344
  0.33881209821466379  0.34949538961087590  0.36007798768685206  0.37033360745910388
  0.38038410854034571  0.39046270902611691  0.40084513501783769  0.41142929336608042
  0.42199980338636905  0.43250258499533351  0.44330551911294985  0.45432256204936994
  0.46449919337334089  0.47390188671795891  0.48302720886743750  0.49277262420430418
  0.50334357923523465  0.51446613813430631  0.52517500327528666  0.53577469752455009
  0.54643779980422735  0.55691090206147154  0.56700522649439711  0.57688236010827987
  0.58720171646403008  0.59782375097748763  0.60836304963661747  0.61867300309812201
  0.62893374817150738  0.63927957786005130  0.64979099945922547  0.66000964817929941
  0.67038805294534554  0.68086263950686643  0.69163836620414954  0.70239932861125443
  0.71306306396895092  0.72383536302969254  0.73461563167707056  0.74503104900806527
  0.75540636761578095  0.76534151333974265  0.77566478667824756  0.78619180559257973
  0.79698236307950010  0.80778749967282482  0.81857675401646990  0.82936522971343740
  0.84049494858144380  0.85172103585288361  0.86289845528011244  0.87375543014006196
  0.88459609944031103  0.89553730619618177  0.90653325637130278  0.91755392720240525
  0.92846523743938003  0.93930703243404279  0.95015981099823377  0.96088511146465028
  0.97101266684262755  0.98088785622305708  0.99062596064187114  1.00000000000000000
 -0.00229130917808580  0.00884769122873979  0.01983229008426101  0.03068918361481025
  0.04124237145512077  0.05174606589479669  0.06260195763721985  0.07288995838446800
  0.08269242266294090  0.09313837484783948  0.10329307557250411  0.11379610435172546
  0.12463210378790790  0.13515650787050507  0.14610016727689090  0.15699911347457798
  0.16782614716632721  0.17856786823980217  0.18960225309192924  0.20014020400351476
  0.21064306897323909  0.22043688236433845  0.23098924850314445  0.24168428100936865
  0.25270011739291365  0.26373260765891382  0.27431391995738419  0.28491224091541467
  0.29566413924572976  0.30669955758029727  0.31761059245171352  0.32818009173429913
  0.33869590003473254  0.34879764781474853  0.35887666113419819  0.36782710816584491
  0.37742198676326899  0.38730504818543632  0.39767645801846785  0.40769281495973608
  0.41758471008625536  0.42757715276781982  0.43799506506458635  0.44860926058135775
  0.45909026009691362  0.46976374159899748  0.48051131550601289  0.49130827971894125
  0.50199331396548830  0.51273290647739567  0.52348429011748732  0.53429706513624342
  0.54512629808424851  0.55581024127819012  0.56609087785692480  0.57619290608716889
  0.58635073138192861  0.59696836714831203  0.60796410072019613  0.61875326634090189
  0.62847537522161367  0.63795366768078754  0.64766338297192749  0.65782498087449603
  0.66895338167278640  0.67975481594079423  0.69047675011216425  0.70126045137803539
  0.71191322514082567  0.72274662187330563  0.73339243108939567  0.74407185155663880
  0.75437655060969511  0.76488244191589083  0.77540083661980297  0.78640326965827334
  0.79719773055421916  0.80822720099753775  0.81856834407037804  0.82918297282680720
  0.83998148726236987  0.85129404657614105  0.86188428817300333  0.87209566871997646
  0.88230867464446572  0.89255624546094714  0.90350672430074819  0.91414138314657278
  0.92444501458445882  0.93503899328513684  0.94597499732549351  0.95725843105666619
  0.96800605648258353  0.97891609251773914  0.98922097610701498  1.00000000000000000
   1.2077207473929405E-011  -1.0000000000000000     
 F F F F F F F F F F F F F F F F F F F F F F F F F F F F F F F F F F F F F F F F F F F F F F F F F F F F F F F F F F F F F F F F F F F F F F F F F F F F F F F F F F F F F F F F F F F F F F F F F F F F F F F F F F F F F F F F F F F F F F F F F F F F F F F F
  <DiscreteSampler_grid>
  grouped_processes
  1 # 1 for a reference and 2 for a running grid.
  10 # Attribute 'min_bin_probing_points' of the grid.
  1 # Attribute 'grid_mode' of the grid. 1=='default',2=='initialization'
  0.0000000000000000 # Attribute 'small_contrib_threshold' of the grid.
  0.5000000000000000 # Attribute 'damping_power' of the grid.
 # binID   n_entries weight   weight_sqr   abs_weight
    10   10   2.359230611457318E-002   2.526075582058186E-003   2.359230611457318E-002
    16   10   2.359230611457317E-002   2.526075582058184E-003   2.359230611457317E-002
    22   10   2.359230611457318E-002   2.526075582058185E-003   2.359230611457318E-002
    28   10   2.359230611457317E-002   2.526075582058185E-003   2.359230611457317E-002
  </DiscreteSampler_grid>
