  0.00002874187585626  0.00005324139510809  0.00006776333754817  0.00007820650917525
  0.00009018324074782  0.00010278448755072  0.00011695268068065  0.00013377984225711
  0.00015357986689116  0.00017726234826950  0.00020556542260569  0.00024036633938808
  0.00028469450772721  0.00033922629744007  0.00040779011884722  0.00049949110374316
  0.00061352231079393  0.00074854139178536  0.00090954824086557  0.00110647582311587
  0.00135391742117225  0.00164556220734271  0.00200735123546682  0.00246540444270711
  0.00305072610277140  0.00380160615064811  0.00472472014163824  0.00595434064222309
  0.00773141701711647  0.01041510703262353  0.01452708488026321  0.02077497322112605
  0.03022579834891534  0.04302811280666789  0.05825168339187790  0.07552706659050151
  0.09399944074352851  0.11270404002601728  0.13170493455285109  0.15113339877851481
  0.17082518780805989  0.19052682846221886  0.21028615462076727  0.23009011991441161
  0.24979451621197374  0.26936708365814049  0.28890351686311294  0.30857750499032710
  0.32830773561007320  0.34778492797777116  0.36709837513613031  0.38657255098039744
  0.40621329491833347  0.42580341219259121  0.44524539586976636  0.46466725726718017
  0.48418128863609977  0.50372414844771851  0.52324395027632697  0.54268755347099273
  0.56203988924261983  0.58137210299740316  0.60072614360329923  0.62005948393821597
  0.63943276142136951  0.65882215019960932  0.67816768158551355  0.69740213732203649
  0.71659224254200826  0.73571548891810801  0.75475729786182855  0.77357678894094761
  0.79209410534334512  0.81047766247892561  0.82886047629473669  0.84712039908172709
  0.86506596002442571  0.88263678749824470  0.89991991336409916  0.91665351845839260
  0.93252396637996027  0.94727592557005513  0.96040361122494655  0.97111992410267678
  0.97935657197380854  0.98551362170965406  0.98983441247978710  0.99275618721735481
  0.99485478740424071  0.99642283492230377  0.99757701542338006  0.99841224655992511
  0.99899489623376081  0.99940340306908770  0.99972285394544380  1.00000000000000000
  0.00001895958217428  0.00005254424384985  0.00007180507539921  0.00008705759888087
  0.00010253922401244  0.00011991058207594  0.00014062007961682  0.00016616253258774
  0.00019787098150649  0.00023713571538768  0.00028390444003190  0.00033975836660556
  0.00040706759915824  0.00049340411083081  0.00060262267317446  0.00073627471349483
  0.00090379302183260  0.00111580146140244  0.00137767258111720  0.00169363898849516
  0.00210810587275193  0.00260575486746271  0.00325217612270579  0.00413692247297937
  0.00531998681294724  0.00697221897812387  0.00937280199384936  0.01313581426620539
  0.01922344645508573  0.02844190253899019  0.04111238195099910  0.05667003652436461
  0.07424161616936820  0.09316502216385117  0.11257158248530096  0.13188749248176090
  0.15146025963279824  0.17159360438503113  0.19186647621726752  0.21202242754182099
  0.23227038863600377  0.25251568954883918  0.27279725638201358  0.29313124999658791
  0.31344622881082668  0.33368907794402225  0.35392886118491995  0.37423531940769034
  0.39458218750940216  0.41495342729815271  0.43523741670554911  0.45535553685263164
  0.47541899770990143  0.49546431728736978  0.51549677680431261  0.53553221245071458
  0.55568127806334700  0.57581625336225639  0.59591071947955454  0.61596093624927895
  0.63596121727556354  0.65596331798892960  0.67588338317781904  0.69562467198044287
  0.71535822684931116  0.73507314365083343  0.75465473464871780  0.77412921371785448
  0.79346075762452362  0.81263074550530756  0.83168266810135372  0.85063551264422643
  0.86929831034857363  0.88730282773060565  0.90479971736942966  0.92192391135951735
  0.93836177225373330  0.95321816580878038  0.96553742282733312  0.97522678630028137
  0.98269825546705047  0.98791302544760706  0.99153744811699673  0.99407844389123090
  0.99593662002230154  0.99729336433363092  0.99825416406778378  0.99889274984428889
  0.99925112052942744  0.99945571280834400  0.99956653161361309  0.99966057330820923
  0.99974685535969043  0.99982738410135308  0.99991141479574108  1.00000000000000000
  0.00159334310933592  0.00191224030664114  0.00208453352532923  0.00228888248499656
  0.00250486542167024  0.00272460078811869  0.00290411440724008  0.00312964248113060
  0.00343953521341803  0.00377269590744678  0.00414485484306753  0.00455736483394420
  0.00502372919462115  0.00554733352335936  0.00610551448209214  0.00667422426713749
  0.00724792658123944  0.00783014471590695  0.00842343699662087  0.00902971225635143
  0.00966004790057815  0.01031036604561508  0.01098887153697767  0.01169610158925142
  0.01241838927574316  0.01315206023236764  0.01389193952694324  0.01465981066999526
  0.01547968620585990  0.01636023364355213  0.01727715858808327  0.01823008789765645
  0.01921053504128790  0.02023244859853919  0.02128763062562489  0.02236578999960904
  0.02347680651484566  0.02464345660429087  0.02588847729999098  0.02719829335448221
  0.02854350510266236  0.02993380427520573  0.03137374568523803  0.03284155052909615
  0.03436640749687203  0.03599024913094412  0.03772516109244585  0.03958377894625426
  0.04154785384860793  0.04355485254386304  0.04557674159050013  0.04765995512089290
  0.04986981747914166  0.05222886765797301  0.05469038856405828  0.05722027598577862
  0.05983517592807171  0.06254557892955437  0.06540927041664159  0.06843719900198086
  0.07173434671750173  0.07525405422850118  0.07896225389605707  0.08286533182298340
  0.08687729675096191  0.09106212762581234  0.09540744495060464  0.09996270878075578
  0.10464206577894933  0.10969889261722097  0.11511434540042507  0.12100682141392444
  0.12719832268608849  0.13341042396239458  0.14009875033840116  0.14709172490909972
  0.15456709385791670  0.16265898321861058  0.17123124156629416  0.18061194724494853
  0.19082665653031677  0.20185227181239765  0.21397124205209336  0.22696094242735856
  0.24101896103009873  0.25593865412420008  0.27173314822838923  0.28867264197494247
  0.30733705646953680  0.32735526747927723  0.34985073935750383  0.37599788778493198
  0.40635102105476156  0.44379113681571741  0.53028926259141651  1.00000000000000000
 -0.00222048394012417  0.00800007868221664  0.01684310385243880  0.02640242464422123
  0.03625922719602465  0.04470254156664894  0.05347914870148766  0.06167042147868787
  0.07034480087003409  0.07962093443518263  0.08923472151436045  0.09917048015349905
  0.10901233971593413  0.11878025880462197  0.12834428241498791  0.13761613474511131
  0.14691849064882517  0.15633390267501540  0.16604821497817340  0.17583767534619973
  0.18575957673906238  0.19574739702879015  0.20589911078358741  0.21616549267864771
  0.22617650875129885  0.23585683225926760  0.24557330771093303  0.25530717328974112
  0.26533077277562012  0.27521009389553086  0.28535989038716586  0.29577320105236576
  0.30653538468131986  0.31741198820279282  0.32811632392064799  0.33842716671412754
  0.34864678784660369  0.35890478980517621  0.36928502787873269  0.37975703836955182
  0.39028897210427360  0.40114658357081800  0.41216940850496175  0.42326616166610803
  0.43434636347861377  0.44561886986569021  0.45694370229041203  0.46766854509689387
  0.47810226897114783  0.48847773415167889  0.49928387243529837  0.51028296820740071
  0.52120477872901583  0.53235208020591007  0.54334953715203849  0.55450733854834566
  0.56570248783189236  0.57724842484572747  0.58874596541477764  0.60027585996140354
  0.61181396300150837  0.62333588796510331  0.63485363402409345  0.64639636642227805
  0.65774942345880050  0.66876732121620008  0.67949918259879494  0.69058433575699807
  0.70178316633754656  0.71293355254232116  0.72361731711148980  0.73449356900345664
  0.74574300003918204  0.75739922040635754  0.76911184828512857  0.78090283147801143
  0.79243878880076535  0.80363904193676428  0.81464982568906230  0.82555690818055172
  0.83644746417453442  0.84719726090211189  0.85816703363034719  0.86956648144091730
  0.88054780972232805  0.89017148136887880  0.89940348461962361  0.90914631677941860
  0.91885539502611635  0.93111897275779165  0.94241464166047562  0.95367607023856504
  0.96468549726612929  0.97628810784207198  0.98824828903140749  1.00000000000000000
 -0.00187813573232506  0.00757664435694868  0.01740609735465000  0.02725367404916260
  0.03755997194533937  0.04816950397129648  0.05875259232540011  0.06942511368054695
  0.08026335123858322  0.09135170949032677  0.10221231745238121  0.11281549015723255
  0.12343164100079462  0.13420584906144986  0.14524599629692242  0.15623431219565284
  0.16715237684732617  0.17782047268454662  0.18856408377235856  0.19964920664330707
  0.21048171409403088  0.22099717437342303  0.23149817704676912  0.24200434260170298
  0.25238934361144916  0.26253681587540156  0.27300984990279303  0.28364578903024812
  0.29415834161629195  0.30438841073177336  0.31484562224814727  0.32631140121689861
  0.33703155094511356  0.34662720200822589  0.35637688383039379  0.36602881207843452
  0.37631066335160307  0.38734049959545525  0.39844876524279044  0.40944722738544764
  0.42038962128493185  0.43121610056506504  0.44182209390757082  0.45222626466574645
  0.46238612400178114  0.47275778522169853  0.48332983391339118  0.49420016542835243
  0.50509846785776968  0.51589621612239178  0.52638554807782256  0.53666728119606766
  0.54713077813094912  0.55745081705578936  0.56800165387487567  0.57854191513049091
  0.58932189546229918  0.60005941377449834  0.61084041731796446  0.62138176313586269
  0.63197527208194593  0.64245893368266771  0.65281193983779739  0.66318946830506664
  0.67314403910772436  0.68327488399890790  0.69375919482229254  0.70477701872356302
  0.71599139276632984  0.72690070063318302  0.73770528425197235  0.74835284914451938
  0.75894617756154792  0.76955484689931153  0.78027398210915500  0.79112436293041188
  0.80198986314141507  0.81287623503866668  0.82359638312016037  0.83419488768688599
  0.84457199448581599  0.85504255484919245  0.86576152352000935  0.87643192918340951
  0.88627689713237434  0.89604610546825580  0.90547614391198383  0.91537647804127720
  0.92532524229790269  0.93552022733329221  0.94625734522752236  0.95665617172497786
  0.96687270743208287  0.97799603636701571  0.98914132356705964  1.00000000000000000
 -0.00219917515709957  0.00830959094046762  0.01867673967659429  0.02878636217209278
  0.03864484209954543  0.04869723709681054  0.05878871970148977  0.06914794840650411
  0.07907283753647196  0.08841564786411903  0.09781793183456831  0.10703814716587523
  0.11650501021100805  0.12596023911300611  0.13556272917579146  0.14496422204218209
  0.15466557622776714  0.16415309066245654  0.17342261563241460  0.18248592184664811
  0.19193185300071650  0.20152300749477281  0.21128694489616121  0.22124099957270610
  0.23147409820735990  0.24197475241423347  0.25222782748897865  0.26217169793981399
  0.27214556563983483  0.28237378046024875  0.29266863526173253  0.30283341046093948
  0.31309066113451384  0.32355358704823572  0.33442336910643533  0.34517548758731564
  0.35604972526620432  0.36672226814921000  0.37715633846688185  0.38811287427910196
  0.39801297892506804  0.40763782945124638  0.41765094764619348  0.42737800436428464
  0.43794500893891852  0.44898722544879965  0.46001956122697851  0.47120598675497194
  0.48259414758208491  0.49374690555999645  0.50497159994596197  0.51596147826330074
  0.52708576274838359  0.53780813951614603  0.54857923720704027  0.55955939773345442
  0.57074547136345288  0.58206801855302692  0.59348757205630309  0.60472991534382659
  0.61589523405083513  0.62669879021426211  0.63769448577358967  0.64876791737729378
  0.66026013153137275  0.67182489329298589  0.68327149714204061  0.69415921034315342
  0.70494048447658242  0.71590262081575851  0.72729107506590529  0.73831879244972320
  0.74892177383958958  0.75947083745033250  0.77037428837000210  0.78195340265285695
  0.79336702762944977  0.80465493288266898  0.81583903634113963  0.82690382739186463
  0.83766002832029873  0.84845646101168315  0.85961324044909404  0.87088763410470005
  0.88207640078095007  0.89332470965133826  0.90453174647036172  0.91601516991457654
  0.92701971237998704  0.93820765914726123  0.94914529251072366  0.95981800937346051
  0.97002038727780648  0.97970522231471691  0.98947524029002576  1.00000000000000000
 -0.00216904634714230  0.00885632832047102  0.01867900797586280  0.02904452958547609
  0.03940970397996202  0.05019963086595488  0.06060479505576619  0.07101043272595889
  0.08178311248882850  0.09278889979135757  0.10385625205678831  0.11492444493128834
  0.12606824921006080  0.13503987975478249  0.14340009196093673  0.15215340840834510
  0.16215672312291482  0.17253627092127138  0.18250264827918020  0.19280778282145652
  0.20350421963160270  0.21452936144226303  0.22543252750454121  0.23636619644859830
  0.24714380034107855  0.25778845084758545  0.26837953087046629  0.27919243870046356
  0.29005834349797033  0.30105205914541294  0.31193040684967804  0.32274222291096016
  0.33286432569519853  0.34282311512215419  0.35273684512032161  0.36306201113565706
  0.37382257045000572  0.38453754704349052  0.39527568284650877  0.40583473923668956
  0.41627257937460654  0.42668791383738164  0.43719820115918123  0.44781117564924028
  0.45839445408289398  0.46891109759391258  0.47954202946587965  0.49039583183783425
  0.50143987297171333  0.51252997758298513  0.52330559263389687  0.53381676047619164
  0.54429091986017730  0.55486472700047307  0.56564271203782424  0.57626591726404941
  0.58669835478597965  0.59715646063104966  0.60763043978469988  0.61822703685133484
  0.62878836059999887  0.63901158242452316  0.64926394605631343  0.65935215521221169
  0.66979884092111197  0.68045598757596104  0.69140715445185341  0.70229564881922457
  0.71309666924526860  0.72371751878302293  0.73438670011835983  0.74520496525066393
  0.75585198969098155  0.76647992181247648  0.77700916215343607  0.78774835860608916
  0.79867929356914125  0.80952749925622947  0.82024263713643941  0.83100332005165989
  0.84158499199708348  0.85219122120982327  0.86289889894913874  0.87389923110684720
  0.88487477583945762  0.89548880431004840  0.90612352175210464  0.91705388343372096
  0.92764378969967487  0.93828876409733586  0.94882192192459847  0.95940044789643197
  0.96999056109403525  0.97975060322911034  0.99029092535878471  1.00000000000000000
 -0.00144868910322664  0.00681325646260026  0.01591269141146159  0.02583038527627798
  0.03587459806393842  0.04601479500079629  0.05637565455333884  0.06669310862039182
  0.07684803008066594  0.08680198765060071  0.09695092272700266  0.10714369577005463
  0.11727943997037608  0.12745607945269685  0.13757696884546056  0.14784752777946458
  0.15820941132097280  0.16877401541030737  0.17937073908202286  0.19020234022331362
  0.20094814059313984  0.21161706804421526  0.22212318008633411  0.23253670925594708
  0.24297268162395466  0.25362502843989915  0.26417962443259196  0.27465855181750770
  0.28523242321684117  0.29604870894346508  0.30707897696307918  0.31786118689902226
  0.32820419121348854  0.33853350815949512  0.34865672612462428  0.35919092743821912
  0.36963162684263035  0.38025422674434561  0.39133954438741309  0.40236533851687450
  0.41313563826933364  0.42384740582410085  0.43449798439229587  0.44534922633077656
  0.45615677110734026  0.46700450570123719  0.47783971170026857  0.48872949039511132
  0.49929326373722760  0.50979162100018605  0.52022319648458426  0.53048732584171832
  0.54070236884059764  0.55109397276106808  0.56164131023241537  0.57227899602940291
  0.58263847215728248  0.59318706077088246  0.60387986677045935  0.61455304392677867
  0.62538521839485228  0.63624470323350013  0.64694066839116504  0.65754596654817554
  0.66804468865214894  0.67861266780751284  0.68899067876310671  0.69963320297058984
  0.71044954270688832  0.72133604736423562  0.73201477283492900  0.74265042436151740
  0.75349583768611539  0.76442634738994220  0.77507835124135738  0.78554168372406064
  0.79604070553093720  0.80687602098162758  0.81788009250654314  0.82887127900679280
  0.83980335844465326  0.85056982441757711  0.86133492940741041  0.87218711587170894
  0.88291908944018560  0.89368467217189818  0.90445205391256456  0.91525454586601285
  0.92588356066539956  0.93621058913661359  0.94670410927785165  0.95731411449380077
  0.96796092531164080  0.97861459703651332  0.98924650713604312  1.00000000000000000
   1.2297520146978452E-011  -1.0000000000000000     
 F F F F F F F F F F F F F F F F F F F F F F F F F F F F F F F F F F F F F F F F F F F F F F F F F F F F F F F F F F F F F F F F F F F F F F F F F F F F F F F F F F F F F F F F F F F F F F F F F F F F F F F F F F F F F F F F F F F F F F F F F F F F F F F F
  <DiscreteSampler_grid>
  grouped_processes
  1 # 1 for a reference and 2 for a running grid.
  10 # Attribute 'min_bin_probing_points' of the grid.
  1 # Attribute 'grid_mode' of the grid. 1=='default',2=='initialization'
  0.0000000000000000 # Attribute 'small_contrib_threshold' of the grid.
  0.5000000000000000 # Attribute 'damping_power' of the grid.
 # binID   n_entries weight   weight_sqr   abs_weight
    10   10   6.489630326696070E+000   1.073239312296532E+002   6.489630326696070E+000
    16   10   6.489630326696070E+000   1.073239312296532E+002   6.489630326696070E+000
    22   10   6.489630326696070E+000   1.073239312296531E+002   6.489630326696070E+000
    28   10   6.489630326696070E+000   1.073239312296532E+002   6.489630326696070E+000
  </DiscreteSampler_grid>
