  0.00001206954235859  0.00005487412271919  0.00007696135365922  0.00009055942640966
  0.00010857491059340  0.00012956255959230  0.00015436264697949  0.00018483958004815
  0.00022299300063341  0.00026986927391280  0.00032587516955446  0.00039062437240556
  0.00046765190576285  0.00056200904073415  0.00067990076490098  0.00081020550568609
  0.00096055358650293  0.00114189072166476  0.00136323402118404  0.00164195389440932
  0.00198602945411515  0.00239411939394882  0.00291366264275574  0.00360639354060922
  0.00454243891127536  0.00577863618123958  0.00741536452427459  0.00974437133541062
  0.01336198370343303  0.01895594999545973  0.02693856456121113  0.03783019284981322
  0.05220513513751202  0.06891436683132596  0.08645960823624538  0.10467664506665285
  0.12337302993366557  0.14230065839662956  0.16100044617400297  0.17977823157976214
  0.19848114642032338  0.21724265232626119  0.23623449462853019  0.25529656103475035
  0.27432330997570342  0.29322830880611006  0.31204142977546767  0.33096334301036462
  0.35002453489872076  0.36912329620382511  0.38820696411664946  0.40727384081752649
  0.42641616246371128  0.44552757765658951  0.46460509141818224  0.48378129550688026
  0.50287006223505615  0.52173569822831012  0.54045170091442918  0.55923559853226124
  0.57805618448340068  0.59675340522806486  0.61527624156120186  0.63377213493258200
  0.65241113337201850  0.67120657771679404  0.69004206056205775  0.70878625165709563
  0.72719717644040416  0.74565553176099419  0.76408010970954765  0.78229728835255186
  0.80023900611457932  0.81801913548612248  0.83578855184843381  0.85340024627376410
  0.87080484780892009  0.88788454169245667  0.90453184646863571  0.92059441112039142
  0.93589991091633551  0.95004995621696209  0.96230727196573485  0.97221041846205813
  0.97983517285858313  0.98558451391238178  0.98981499074199375  0.99283981862449322
  0.99498133047054937  0.99646967810496423  0.99752496139994407  0.99831477158060811
  0.99889219443405441  0.99933034866988024  0.99968882158137895  1.00000000000000000
  0.00029182106867808  0.00037011170595243  0.00041981142993142  0.00048538717228604
  0.00072883972948949  0.00123633965471748  0.00173577991683339  0.00221582401142425
  0.00277259342601072  0.00341094984772054  0.00416651388775919  0.00503707845249656
  0.00606105236619888  0.00718041644334951  0.00835177386095645  0.00973297856304083
  0.01136104502276327  0.01334349731957832  0.01559244359886082  0.01788635213350700
  0.02061393196486945  0.02411477161835284  0.02851912175343952  0.03369411803553603
  0.03950812639737433  0.04566891414950976  0.05141576789226397  0.05597088167698457
  0.05916727381331157  0.06128613123232266  0.06270689613054110  0.06368878645061081
  0.06440353993799014  0.06494986594122959  0.06538739972702062  0.06574959200916375
  0.06605373392293241  0.06631305343885979  0.06654130566559835  0.06674793965599519
  0.06693823845025572  0.06711384534359513  0.06727750488947976  0.06743256320080789
  0.06758197124109487  0.06772784471826637  0.06787193424507526  0.06801581398399294
  0.06816090791816647  0.06830871481862977  0.06846200932715778  0.06862452466748896
  0.06879638644495611  0.06898035542155184  0.06918034377184928  0.06940122087803970
  0.06964970986260469  0.06993350034891473  0.07026453634714500  0.07066095171980868
  0.07115110769209569  0.07176929658485384  0.07256173619718154  0.07363124391201370
  0.07514358647619258  0.07737377527399684  0.08081701395360363  0.08625573872436844
  0.09464483478660590  0.10666697003457019  0.12299642104462867  0.14569871543030954
  0.17622856045342980  0.21692009907212953  0.27137943547951648  0.34519479101003830
  0.43857919850087634  0.51965929171681369  0.57071364554177972  0.60292793185446225
  0.62768253466117929  0.64944463349347026  0.66670923025186690  0.68260517884449712
  0.69777689659151199  0.71242057524744706  0.72860488144491020  0.74681297250928236
  0.76465640606071927  0.77886354508672684  0.79158765029965039  0.80375455432585097
  0.82161443311005100  0.86604971721660284  0.88677584134803200  1.00000000000000000
  0.00064528296029095  0.00103791353190968  0.00123980778807964  0.00144872969013096
  0.00169479568107412  0.00196794092554934  0.00226578257483444  0.00259129260856257
  0.00294967126960825  0.00334061691335136  0.00376195451561513  0.00421321184645368
  0.00469482107245020  0.00519882992946973  0.00570878205100066  0.00621839784288308
  0.00672640880548035  0.00723634754010536  0.00775122620501002  0.00827778179736924
  0.00882192542907612  0.00939039578221140  0.00998575857434978  0.01059933194202606
  0.01122547569921176  0.01188067931557512  0.01256110570374217  0.01325881561290342
  0.01396619336902370  0.01469694057693053  0.01546844780281575  0.01629399011229624
  0.01718524492278400  0.01812509610934042  0.01910192092867351  0.02012160225108098
  0.02117200480462351  0.02227678065801622  0.02344437506333987  0.02469108223772418
  0.02595108165442278  0.02722196218715322  0.02856493212269718  0.03000401656160750
  0.03153188222029273  0.03313622661359693  0.03478257208897821  0.03645178162408159
  0.03817613701088815  0.04000619111549846  0.04194326636908728  0.04399932076099099
  0.04608290707388156  0.04830480246219682  0.05056269241652453  0.05301229827093760
  0.05558929309034225  0.05833380977586259  0.06116619801886679  0.06414426213123112
  0.06733026155701881  0.07074714810270030  0.07429977116812717  0.07784271354276528
  0.08154420736582188  0.08544844897820864  0.08975447673682078  0.09440939952609526
  0.09937438491565054  0.10445914973544779  0.10976097848055864  0.11538898401603542
  0.12181742237799129  0.12867407004524206  0.13573909892137537  0.14322179838818927
  0.15107790327050635  0.15968634899891371  0.16882700849030349  0.17882297009826206
  0.18941965529209082  0.20092424743262266  0.21336762305721002  0.22673887867161946
  0.24089837788766608  0.25586989716655290  0.27174178773735430  0.28850966374875953
  0.30718938499557880  0.32758861578881771  0.35065239176355090  0.37547930393926870
  0.40511869670407591  0.44423547813778669  0.53343717344788322  1.00000000000000000
 -0.00213018350555640  0.00848286570346712  0.01919868885690455  0.02927076960888168
  0.03908031806093859  0.04875679810018341  0.05834021395624706  0.06796817639858510
  0.07726721396703223  0.08665555539665903  0.09646525520543421  0.10571769985276945
  0.11480112287841952  0.12425222709968729  0.13379844595741483  0.14360305500962714
  0.15299172031363792  0.16248860393580500  0.17221753856635361  0.18194602467448248
  0.19106454919795735  0.20050178548130085  0.20990153858678970  0.22004175062498829
  0.23069119313900704  0.24014023498510642  0.24986508383803099  0.25884830203040576
  0.26855922495384088  0.27808543516299367  0.28768439764455134  0.29795886039805913
  0.30824517591363071  0.31855278133411541  0.32894728845048710  0.33937534256890789
  0.35008168457516997  0.36081985747639383  0.37150466309278718  0.38189957961109972
  0.39240142073308343  0.40329080816812563  0.41451292444684329  0.42571492876225575
  0.43675289216102414  0.44757833997096219  0.45832879615534144  0.46924526466784927
  0.48047672532810709  0.49181505402210518  0.50290523714748658  0.51387377845044047
  0.52489605612015910  0.53562322942173757  0.54605884085996703  0.55672923119545359
  0.56713518082403958  0.57788790137706003  0.58857755027085090  0.59924153066424257
  0.61023805848746759  0.62129284276063990  0.63278626028154217  0.64416827729491632
  0.65545750662999225  0.66666042281486559  0.67794706261075399  0.68913125767445349
  0.70009772643053403  0.71097470549600417  0.72151182963932292  0.73253294818281489
  0.74384345790128181  0.75572248582011947  0.76740413844469324  0.77874590158222923
  0.78973945414912294  0.80101334096055921  0.81170281934526411  0.82241142197080663
  0.83304374217717170  0.84431650720811113  0.85581222487582143  0.86670419371258212
  0.87720780158618550  0.88742336161724134  0.89840829336040995  0.90962323555139168
  0.92069630379088341  0.93152666601276990  0.94212508906141945  0.95377778291867665
  0.96435964211181746  0.97651434120788683  0.98654095057236191  1.00000000000000000
 -0.00216023074580694  0.00800898467644998  0.01901051847815199  0.02922278976783294
  0.03976978017034338  0.04994043667840708  0.06055093176628869  0.07144456178752695
  0.08212642495930070  0.09260768238962169  0.10303515369256076  0.11400882896701854
  0.12431314902631568  0.13460341213926053  0.14476532451577190  0.15524564263453977
  0.16577475136921968  0.17615279014447671  0.18672026288993321  0.19748055454109784
  0.20826736769349607  0.21890843084274680  0.22945652095190217  0.24007125166790202
  0.25073806380552860  0.26106085553203473  0.27128206230138324  0.28141658329968477
  0.29189458395722701  0.30203530661931316  0.31238232276654626  0.32283611589118805
  0.33361766809160476  0.34450467947219449  0.35560762763185483  0.36641749239466942
  0.37699116041528025  0.38758194994887180  0.39824540428747834  0.40883637719859361
  0.41907131712159068  0.42927757846055120  0.43941484245744344  0.44950045914298831
  0.45965575858985330  0.47000628326223143  0.48089642786798109  0.49180976396312143
  0.50283576579181199  0.51386654352149153  0.52455305904166960  0.53499928979216993
  0.54559085515199413  0.55651738066067513  0.56721809286011937  0.57785610408299282
  0.58869574174793726  0.59987679707626596  0.61084295899802199  0.62149765715712646
  0.63195324472165404  0.64239846234306530  0.65242513164846194  0.66263433200420907
  0.67284906520806587  0.68346904756746152  0.69420891597010381  0.70475700977796307
  0.71522179947215059  0.72553676493125474  0.73595713906228599  0.74636967247459240
  0.75691057190040600  0.76735997932773214  0.77797207318672890  0.78865858423873958
  0.79935595836180584  0.80989834686030659  0.82026265061111880  0.83086925830679614
  0.84127904686054877  0.85177166465755028  0.86225382161301156  0.87324765428420881
  0.88347122099747577  0.89369929106700829  0.90375253864796312  0.91442439132193520
  0.92514459563700002  0.93554853467256660  0.94603371806142966  0.95655664128750895
  0.96719661251751921  0.97772292004609929  0.98879684997297990  1.00000000000000000
 -0.00220111177954140  0.00804192856905227  0.01740020875743239  0.02718049086696122
  0.03678870139188283  0.04673577426758699  0.05665146010653424  0.06654471368790640
  0.07640452543176390  0.08611459619455206  0.09565981335184573  0.10522758103908252
  0.11480663367056705  0.12452561912553037  0.13427473592493139  0.14409375595264085
  0.15389219937107673  0.16358826621104675  0.17312914132105656  0.18268193915328720
  0.19234270801055167  0.20208305386426786  0.21181942647562627  0.22150396016868559
  0.23116036808841064  0.24055370182858560  0.24988084833803331  0.25922873396809692
  0.26871188821389325  0.27854817085623557  0.28871694849504237  0.29908504184914836
  0.30961001900624902  0.32006626350255696  0.33039711612773365  0.34064247115907226
  0.35110870535952327  0.36181888817633806  0.37262720550281347  0.38341434965772053
  0.39423261969451479  0.40525508313447239  0.41639765510090171  0.42755213716972235
  0.43868861974229867  0.44986806682308628  0.46110485050386102  0.47237802319437955
  0.48366471111199866  0.49480585573152003  0.50571558558822827  0.51635630581667258
  0.52694896352544984  0.53802566849165978  0.54888656503612498  0.55959851575571073
  0.57051810298345518  0.58157210312442442  0.59289719548846842  0.60423056936922215
  0.61571896749549537  0.62729454849067623  0.63884084245634942  0.65041522320162015
  0.66207197757242531  0.67380187117472712  0.68555513293318815  0.69726460770527832
  0.70896576947458700  0.72049746931442937  0.73168826674706788  0.74243389801568827
  0.75305699698534190  0.76378303013899995  0.77468251905698049  0.78557593431503814
  0.79658650752167248  0.80774531003190386  0.81871091837266652  0.82952565327859407
  0.84021247898263129  0.85108501125103242  0.86202517829451175  0.87312548694103076
  0.88437634202002624  0.89558077254074286  0.90678251399941934  0.91770526322035473
  0.92794258735811042  0.93769654591267593  0.94783472442643280  0.95797852053378396
  0.96827233238966126  0.97909747692713500  0.98967194814485471  1.00000000000000000
 -0.00243812369350290  0.00965352092705034  0.01989840559618404  0.03065066993497991
  0.04133232967539701  0.05226018648419088  0.06355650941226448  0.07446387617734973
  0.08566649057751677  0.09641895380705903  0.10737391941543403  0.11809410312561106
  0.12866304818073768  0.13924748945014181  0.14928817944743630  0.15931971248898283
  0.16892060346363502  0.17891733350718531  0.18917707120133215  0.19996502314469830
  0.21049941805483804  0.22079247627444121  0.23094334729672120  0.24151972386922366
  0.25231941580955397  0.26327362696403195  0.27379980641961804  0.28403783220851309
  0.29425421882403141  0.30472511150279041  0.31545237855188879  0.32615597553053716
  0.33668599763136237  0.34731318623731650  0.35786864626390080  0.36830907421280668
  0.37866852447634725  0.38883440342699033  0.39902397204281748  0.40902575559840404
  0.41884446703549022  0.42901071116691253  0.43958089556564028  0.45037676830246293
  0.46112220871108439  0.47174189837238439  0.48239920745885867  0.49313901985803793
  0.50403330495434506  0.51468221783505674  0.52510293408260955  0.53546473724903720
  0.54595849360349291  0.55681077652944100  0.56789964078120014  0.57902265412611365
  0.58976934688477711  0.60027850104062974  0.61067870677236935  0.62129236535015431
  0.63203536578183783  0.64257638671340866  0.65306874719565777  0.66337808481472582
  0.67360066036682098  0.68400844446633258  0.69445323016091220  0.70538856471303746
  0.71621030113705886  0.72656405426165660  0.73680790461358547  0.74724968033430283
  0.75807029259775571  0.76919119234361566  0.77989667127478468  0.79016126355796312
  0.79999126026256306  0.80968548011500086  0.82021256349287808  0.83070042572335412
  0.84123314321123377  0.85129253619275203  0.86165792415181219  0.87189392884068417
  0.88260507218030082  0.89328446083255286  0.90406886931828878  0.91472379950139249
  0.92542383901988212  0.93573918410783996  0.94552837191113082  0.95620216877703412
  0.96650815023841630  0.97757337615718076  0.98827440672094502  1.00000000000000000
 -0.00248032738009382  0.00944646506233022  0.01888738246403192  0.02955001846926874
  0.03990398353112260  0.05098250880896810  0.06209040034364455  0.07199098601736523
  0.08176182450839696  0.09167245064949346  0.10244278117480821  0.11316110390905378
  0.12366978446071659  0.13411015310760405  0.14490399667493023  0.15605929222379791
  0.16684736347893572  0.17713443374499852  0.18730363410562165  0.19779315599738800
  0.20870531745125062  0.21960301367266102  0.23053244216056160  0.24130128387342875
  0.25201182004783412  0.26250264624433611  0.27269225798758523  0.28279016134259832
  0.29314299341946187  0.30367109880993370  0.31433442013311969  0.32492194845462036
  0.33541076890149213  0.34590010599254872  0.35648725902067468  0.36718965909459778
  0.37797568844636004  0.38870723847261629  0.39948466785706666  0.41013580551284173
  0.42068501723598700  0.43116118895283523  0.44165179055869513  0.45195096749716651
  0.46231866961859019  0.47254700615337125  0.48355201588283048  0.49462551523475434
  0.50561322501922235  0.51600105582076372  0.52608381916179425  0.53623503537962247
  0.54689945328738121  0.55781083896684869  0.56860522468606844  0.57928634151745906
  0.59014111066017516  0.60106657389943818  0.61185169769107428  0.62239611583102494
  0.63282977542788799  0.64350490951582329  0.65439882898636015  0.66549410548656185
  0.67642767140501892  0.68697002456398482  0.69739543539661153  0.70805087417616752
  0.71897265979571900  0.72978234981847956  0.74031902624817869  0.75087857802632718
  0.76166875365628806  0.77199091191549651  0.78206416402174039  0.79146418179092826
  0.80141790000465196  0.81143753313893607  0.82139957637876915  0.83189056124322680
  0.84200449967638547  0.85338699238269389  0.86391080047595192  0.87523313896053501
  0.88577338998569966  0.89671821634795801  0.90731383750185779  0.91752030463375378
  0.92748170481330694  0.93782411737313498  0.94812420111790663  0.95833721107706005
  0.96826608851069906  0.97882841796124298  0.98956146071296214  1.00000000000000000
   1.2188501582505335E-011  -1.0000000000000000     
 F F F F F F F F F F F F F F F F F F F F F F F F F F F F F F F F F F F F F F F F F F F F F F F F F F F F F F F F F F F F F F F F F F F F F F F F F F F F F F F F F F F F F F F F F F F F F F F F F F F F F F F F F F F F F F F F F F F F F F F F F F F F F F F F
  <DiscreteSampler_grid>
  grouped_processes
  1 # 1 for a reference and 2 for a running grid.
  10 # Attribute 'min_bin_probing_points' of the grid.
  1 # Attribute 'grid_mode' of the grid. 1=='default',2=='initialization'
  0.0000000000000000 # Attribute 'small_contrib_threshold' of the grid.
  0.5000000000000000 # Attribute 'damping_power' of the grid.
 # binID   n_entries weight   weight_sqr   abs_weight
    10   10   7.077460410022338E+000   4.027283339222472E+002   7.077460410022338E+000
    16   10   7.077460410022340E+000   4.027283339222475E+002   7.077460410022340E+000
    22   10   7.077460410022336E+000   4.027283339222469E+002   7.077460410022336E+000
    28   10   7.077460410022338E+000   4.027283339222473E+002   7.077460410022338E+000
  </DiscreteSampler_grid>
