  0.00002313395096224  0.00005504718302962  0.00007085412679227  0.00008309397483055
  0.00009456894992814  0.00010660055726341  0.00011994929577007  0.00013567414787970
  0.00015585375822217  0.00018230818038491  0.00021580024480850  0.00025759801935654
  0.00030831976740779  0.00037027299165107  0.00044330126223828  0.00052814103007602
  0.00062873030520782  0.00076401219850139  0.00092583940934426  0.00110077306640094
  0.00130025753351526  0.00151632642766641  0.00183015849790264  0.00218169453587907
  0.00270877485581562  0.00337703394978424  0.00427865089208299  0.00547490867843781
  0.00714331976258189  0.00949099459055305  0.01310140699001370  0.01857482019728580
  0.02681699589863423  0.03873007478070702  0.05403733125332685  0.07135449477952416
  0.08949504180856732  0.10770835410119023  0.12622570196151905  0.14522684026069538
  0.16444414458156892  0.18375100302434336  0.20323308046053995  0.22284795365665427
  0.24245858155365024  0.26193044314362457  0.28127145046806878  0.30064134088881539
  0.32006969742841607  0.33953574100758932  0.35908870788133679  0.37864130992199135
  0.39802616723804646  0.41727859074292867  0.43641975064333360  0.45553296144314159
  0.47464919808160988  0.49362360168067010  0.51250175463429515  0.53130657941876491
  0.55041822831695886  0.56981008572800107  0.58908508147297278  0.60820071052506686
  0.62730631737862763  0.64644204351035739  0.66555177995254444  0.68450801436763997
  0.70336580797151538  0.72214158956731267  0.74088288637038580  0.75970787499641534
  0.77852110825294496  0.79716060038433678  0.81541152827957419  0.83330389360333834
  0.85097095068794459  0.86845856708666413  0.88578494761148774  0.90270156927614131
  0.91890073789380933  0.93421179584906988  0.94840175131005466  0.96102022047611124
  0.97152670491579907  0.97974254444807096  0.98584978896734321  0.99021222355172644
  0.99317856655801484  0.99519346890037597  0.99658375912292019  0.99762386548992610
  0.99844120149452764  0.99905728257999526  0.99955537274357253  1.00000000000000000
  0.00002147673007527  0.00005282621802876  0.00007000815307351  0.00008057909231123
  0.00009826471762587  0.00011802021304431  0.00014091928972277  0.00016840623200073
  0.00020224289551590  0.00024440688012816  0.00029557785748145  0.00035794956823598
  0.00044553943737104  0.00056401722839695  0.00070436947948492  0.00087327265407501
  0.00108769625198416  0.00139440082675858  0.00178479187284439  0.00227262563670621
  0.00289279621256793  0.00369454281695833  0.00477085244572852  0.00631088817122307
  0.00852239536537988  0.01183414663405507  0.01704097345940929  0.02485136812278736
  0.03589650201334649  0.05025309924138472  0.06740379901366671  0.08598328239651479
  0.10510518818939228  0.12479123934248298  0.14497726326575891  0.16529567103336196
  0.18564569239011691  0.20602741355037732  0.22645410727646986  0.24693017200140255
  0.26742450179011756  0.28791781185330695  0.30840675035444826  0.32894974337807276
  0.34946473441681791  0.36976650047003701  0.39005391763722491  0.41043803836428511
  0.43058715265443348  0.45075223018246563  0.47096360778453999  0.49112443635343861
  0.51136896038318991  0.53169064711872105  0.55204657393851375  0.57236338695786715
  0.59254017251686597  0.61264649386219705  0.63282477667357073  0.65298509010502848
  0.67260047490403119  0.69210999024639119  0.71138792095984471  0.73109847978500175
  0.75082019507448494  0.77052517373006046  0.79013021039808351  0.80950613003458904
  0.82852362013804759  0.84743672720952123  0.86609749951615012  0.88446922590107802
  0.90244726277424303  0.91977818565677283  0.93611355963282927  0.95116866949482759
  0.96399913242778990  0.97420640867900454  0.98195731723607171  0.98757684866094075
  0.99150491678302433  0.99416374830901177  0.99611394300934142  0.99745640295430360
  0.99836548574650230  0.99888349731621751  0.99924800459482033  0.99945440448014389
  0.99956972719841020  0.99963800417379423  0.99969871427231205  0.99975588025923068
  0.99981061312209740  0.99986647006371954  0.99992581323666641  1.00000000000000000
  0.00205617473078894  0.00213657976686780  0.00221698480294665  0.00229940342373133
  0.00242350881288334  0.00254761420203536  0.00273535013530853  0.00300441264936636
  0.00331360215527716  0.00364662479305518  0.00398666008382203  0.00436597926523112
  0.00481881282959846  0.00534077382732560  0.00590975570111896  0.00650484359209100
  0.00711167043174109  0.00772501244364916  0.00834894280230450  0.00898581313662088
  0.00963896315316378  0.01030958881190930  0.01099854085516049  0.01171132268653968
  0.01245403105869481  0.01322981855518220  0.01403634786538445  0.01488126602420241
  0.01576555791820492  0.01668483382549953  0.01764504443174672  0.01862050918622732
  0.01962770767555611  0.02067628934584684  0.02179696051812867  0.02298661723007833
  0.02420769976805917  0.02546200278437244  0.02672718178699172  0.02805301820978155
  0.02942626677251282  0.03085483263338448  0.03232423142021342  0.03390510625786428
  0.03557934333953371  0.03714335564336847  0.03860825727691628  0.04012139569627983
  0.04183219519499632  0.04388820151122863  0.04607938213646521  0.04828767992311777
  0.05055071346946799  0.05293130910628776  0.05548824927282017  0.05819194783687978
  0.06088066451059611  0.06355352897367825  0.06640788537685095  0.06943781277443796
  0.07272187118766056  0.07616775686146167  0.07980766019527288  0.08359184646273192
  0.08756454935206795  0.09176731149156366  0.09641153850038163  0.10094346126744902
  0.10530677255152142  0.10972784152922233  0.11443352607108202  0.12019419077967529
  0.12658840230422977  0.13329028829043002  0.14032787245300318  0.14796890566659149
  0.15615779704237989  0.16481753025055837  0.17404924548192013  0.18372822332809127
  0.19427576713632860  0.20558817792489908  0.21765921642849470  0.23011757481989834
  0.24312040902713322  0.25700340568098540  0.27200586734947563  0.28848702244982183
  0.30670748299210610  0.32658707442098728  0.34875603949196832  0.37415428815694285
  0.40490401880520954  0.44521319116918900  0.57378465891295738  1.00000000000000000
 -0.00241197153521656  0.00926499508059614  0.02014048665424478  0.03043077360790893
  0.04099414418382440  0.05073695086782350  0.06084915724129527  0.07074794957042127
  0.08095591860908133  0.09103895578864891  0.10110079893385004  0.11092350005642644
  0.12035565125737796  0.12962569102004365  0.13876390130213229  0.14772595154880433
  0.15575064163309729  0.16390459214479255  0.17205952363638641  0.18084130455534622
  0.19052878563641748  0.20027116798132039  0.21013012704823369  0.22004191601490358
  0.22990323938590920  0.23980728694839049  0.24989000535725836  0.25984471441233875
  0.26978379138900271  0.27973518743348341  0.28980421852632188  0.30004892537510891
  0.31046495684823633  0.32114428719383659  0.33201073162244743  0.34262153482165475
  0.35293406065778166  0.36308580015319636  0.37361144383645045  0.38440928401273133
  0.39513406207325913  0.40565725968100513  0.41626091344952548  0.42711192609867976
  0.43819161429620901  0.44934868501242486  0.46033973302961539  0.47116197567214718
  0.48174432896317348  0.49238231533427362  0.50329145679452059  0.51457386793661342
  0.52594449850471936  0.53707704225156361  0.54810446713992034  0.55905001907179919
  0.56981850800825562  0.58054105836111669  0.59130888380231417  0.60236936414333153
  0.61354437830837472  0.62479833613822366  0.63560535910507465  0.64620555070553076
  0.65665656843043507  0.66755275970694949  0.67897547214162757  0.69050523193386459
  0.70184303484963517  0.71286480059381740  0.72391032409511058  0.73514277897783886
  0.74656581460018567  0.75817683844544070  0.76990053910330514  0.78146856518915064
  0.79279481846032140  0.80395443111238418  0.81523054133507045  0.82667473276400394
  0.83819952212388271  0.84963128941841504  0.86098863224571087  0.87225335536256932
  0.88311762937542804  0.89354705264255407  0.90388114496278937  0.91414463716806005
  0.92518089001899773  0.93674232870025298  0.94858869505314869  0.96008009701128205
  0.97150702507294351  0.98154554612298062  0.99083385457585493  1.00000000000000000
 -0.00243174203323706  0.00955807335642644  0.01996467562772128  0.03117928316512318
  0.04232900755150910  0.05313555593879194  0.06396751000491677  0.07484921921608503
  0.08563523418616745  0.09656098092633228  0.10725240330902122  0.11821200999700188
  0.12930884645888940  0.14054448264860928  0.15149644896784870  0.16207938816204073
  0.17245700902727248  0.18323103168775684  0.19437203161382105  0.20562146026398753
  0.21691943896019816  0.22786325886400957  0.23869184118384931  0.24916186552798833
  0.25988947276691721  0.27048204974942375  0.28101637262932655  0.29157995961152494
  0.30230281231697631  0.31307047944633409  0.32360202579569314  0.33383644791330458
  0.34399809687509619  0.35420437896729656  0.36480017491168470  0.37570422250487301
  0.38682009886867269  0.39792303158009279  0.40888140615071134  0.41992005898809964
  0.43022843987331921  0.43959093335015986  0.44854918750544820  0.45743489602567955
  0.46734814695705945  0.47811220328816606  0.48813574838432405  0.49837053520095931
  0.50880107415491826  0.51968289210964824  0.53030359718104281  0.54070822813708219
  0.55113044358869101  0.56180631982321561  0.57272877927304544  0.58372340689637758
  0.59474123979616877  0.60579772356676242  0.61664352887625506  0.62733953121225494
  0.63796042321180457  0.64875952016448046  0.65971134277941657  0.67078522588681511
  0.68193726557323020  0.69308070139252453  0.70388296111939330  0.71401748840399737
  0.72334990645707464  0.73193410094540579  0.74033442742186462  0.74943201376392277
  0.75785494483461047  0.76755928804605722  0.77851508348503140  0.78920297913225512
  0.79982424079528369  0.81003492428922119  0.82048072968690222  0.83101335784054708
  0.84181769934175221  0.85277132157774460  0.86365738991246388  0.87435300103804414
  0.88509606370327831  0.89568031214462374  0.90612762642374867  0.91662833978436642
  0.92717059727336182  0.93794168902081754  0.94828067177756259  0.95850228386504643
  0.96865800275071867  0.97895960113060176  0.98935022264212202  1.00000000000000000
 -0.00205056584494553  0.00824256558349189  0.01809450273200918  0.02818771868924148
  0.03819761781802321  0.04810974188374626  0.05759763832455570  0.06770011313142217
  0.07790780034299605  0.08803569236718746  0.09712568778146939  0.10574357756912095
  0.11437518306391517  0.12333091234701962  0.13292364247699703  0.14245218308524266
  0.15179048117224020  0.16116440777279181  0.17072002327883967  0.18064458629349756
  0.19027515915357657  0.19897220069682389  0.20763401529683576  0.21610435491949348
  0.22538488208665533  0.23558399126064195  0.24563833983869687  0.25566053876485545
  0.26566278837837537  0.27597993061964632  0.28630524279152492  0.29635041784317678
  0.30631422609010850  0.31646969234293731  0.32682434904547342  0.33705109185294940
  0.34729578971234470  0.35782579302644085  0.36858447273499717  0.37936415616528008
  0.39013504191466958  0.40078917809130032  0.41153796900252915  0.42227806802269063
  0.43337451949668893  0.44433339832312285  0.45543187151043585  0.46637461976804828
  0.47746262788374400  0.48888836247416512  0.50007100970701535  0.51131944981354105
  0.52169476523494973  0.53127069645035219  0.54103244257275052  0.55104189668420456
  0.56143259270555146  0.57197748933013703  0.58268689385778083  0.59402875005668565
  0.60573213891286370  0.61718672524229101  0.62837906746173955  0.63956049601343479
  0.65099342059655929  0.66257611875499189  0.67415504213977007  0.68577816755330168
  0.69742404434358052  0.70907656092778548  0.72070003238788061  0.73200311155850550
  0.74295900134286796  0.75370479081636088  0.76456862983762230  0.77585098923936235
  0.78740160399523196  0.79904702785570925  0.81051528731948919  0.82177749252689092
  0.83295013061967971  0.84423068975536453  0.85553148546047186  0.86653240697810330
  0.87725480931657807  0.88794463877444185  0.89894116918731037  0.91008185466709568
  0.92133024039833622  0.93279606257158321  0.94386052922979302  0.95479940149206910
  0.96574241666698468  0.97726739997949763  0.98878049467076745  1.00000000000000000
 -0.00240050060545634  0.00924625385334711  0.01938826337174948  0.03036828505223313
  0.04103801222070794  0.05206532787699289  0.06246980759643262  0.07309986332056009
  0.08300967922735603  0.09351045305023874  0.10419346028335338  0.11500042003621765
  0.12591389282341012  0.13681133041669996  0.14779492037354855  0.15867099463447507
  0.16932559829411570  0.17986069358681556  0.19054331554159673  0.20109838978526781
  0.21160690010858818  0.22205753658309269  0.23258596971612075  0.24317510843724952
  0.25391510332135425  0.26467996789136922  0.27563025928840695  0.28652001085580747
  0.29706079255968765  0.30726784279779279  0.31719732002716483  0.32737247727265462
  0.33788980786591094  0.34881666665669331  0.35982241829894746  0.37080094805472846
  0.38182158382608239  0.39295324845946661  0.40407996464144258  0.41507152614329867
  0.42609414846462956  0.43693191253420050  0.44764347092459544  0.45829535805133192
  0.46913096829689122  0.48015819529175224  0.49101518096898666  0.50145166715481282
  0.51158800871402288  0.52177706000515345  0.53232501049850978  0.54317018135896933
  0.55405801955719147  0.56482426092472759  0.57544539992370747  0.58592369957050683
  0.59632932809321970  0.60689649313179983  0.61759876764929234  0.62853485165246270
  0.63935949248906487  0.65010912330862147  0.66086184656043634  0.67174980718358313
  0.68273097102712121  0.69371026018899351  0.70442707443460362  0.71517747451841873
  0.72606947862666082  0.73718515953965147  0.74830568224628458  0.75931364428914738
  0.77039048841468805  0.78160249000817950  0.79286336882154440  0.80363401890448116
  0.81366928387520721  0.82356101755074818  0.83357194452743899  0.84403738196332123
  0.85468498711310958  0.86513892758388533  0.87469426451910237  0.88380875315134744
  0.89286669358165049  0.90238395701444396  0.91247819213074943  0.92266170957353399
  0.93323778518211709  0.94380459781145498  0.95449276926404536  0.96493663373790328
  0.97431992063758555  0.98316748941374121  0.99179541044242092  1.00000000000000000
 -0.00229432334548448  0.00933838722505903  0.01903881361936446  0.02963068647434981
  0.04017087972007324  0.05111503812096721  0.06214046745536472  0.07338622849904365
  0.08441305498446963  0.09536990700496355  0.10631363893802372  0.11692027181425890
  0.12744936496618886  0.13815303421225197  0.14889082990523986  0.15977836605706572
  0.17030309389734752  0.18087651485612866  0.19137065428906458  0.20159252136506192
  0.21147852425624258  0.22151893721525084  0.23174407786386059  0.24221969810733446
  0.25280635616857650  0.26353011108356666  0.27439716761994931  0.28517597180986004
  0.29591060021254151  0.30677537778937597  0.31792330566197891  0.32906244008874502
  0.34011865239069716  0.35084395439730431  0.36161062161459612  0.37216204098988886
  0.38274774228813979  0.39350098650420445  0.40445887337475317  0.41535482805775042
  0.42586680787697595  0.43622275868699684  0.44690571224600961  0.45797001877789606
  0.46897823081195955  0.47976867801440426  0.49055285624516104  0.50098701220854480
  0.51049046623764438  0.51910410213363267  0.52761095697080063  0.53661653869386328
  0.54681130146074797  0.55787694764563889  0.56882142546678838  0.57990563224509661
  0.59114418499137766  0.60207339035975549  0.61295963566688161  0.62396708672597057
  0.63484231105495148  0.64557705065765514  0.65634481536980860  0.66721637501800157
  0.67802819166761286  0.68863290771341490  0.69929728604139929  0.70987038476891395
  0.72058682992439760  0.73108229980566330  0.74167492442073513  0.75237620377189085
  0.76311435654977677  0.77354449438095407  0.78350237356682584  0.79351566617335256
  0.80372620233857928  0.81419852975743223  0.82483038306918599  0.83558165876912016
  0.84636258257669472  0.85719427256843483  0.86816686108708163  0.87912975215613443
  0.89001377067227505  0.90074356964575042  0.91153640083408971  0.92234539708079766
  0.93319407789319653  0.94357792414504593  0.95365078715124652  0.96346721669031954
  0.97328874055699244  0.98265428075469652  0.99149588933724253  1.00000000000000000
   1.2369328985760519E-011  -1.0000000000000000     
 F F F F F F F F F F F F F F F F F F F F F F F F F F F F F F F F F F F F F F F F F F F F F F F F F F F F F F F F F F F F F F F F F F F F F F F F F F F F F F F F F F F F F F F F F F F F F F F F F F F F F F F F F F F F F F F F F F F F F F F F F F F F F F F F
  <DiscreteSampler_grid>
  grouped_processes
  1 # 1 for a reference and 2 for a running grid.
  10 # Attribute 'min_bin_probing_points' of the grid.
  1 # Attribute 'grid_mode' of the grid. 1=='default',2=='initialization'
  0.0000000000000000 # Attribute 'small_contrib_threshold' of the grid.
  0.5000000000000000 # Attribute 'damping_power' of the grid.
 # binID   n_entries weight   weight_sqr   abs_weight
    10   10   3.162990964742626E+001   3.087297173620332E+003   3.162990964742626E+001
    16   10   3.162990964742626E+001   3.087297173620332E+003   3.162990964742626E+001
    22   10   3.162990964742626E+001   3.087297173620331E+003   3.162990964742626E+001
    28   10   3.162990964742626E+001   3.087297173620331E+003   3.162990964742626E+001
  </DiscreteSampler_grid>
