  0.00926088854497734  0.01593735191978313  0.02641429285739014  0.03799780692496577
  0.04878067808978351  0.05890205554840305  0.06848849703520106  0.07776904363453731
  0.08726927768203978  0.09736472916324648  0.10778048524565777  0.11851682331158758
  0.12932187429323677  0.14067150332058290  0.15200040031789852  0.16361465401609371
  0.17497253362338416  0.18637137949736884  0.19723823640427313  0.20790450002630578
  0.21866660219190379  0.22938627552643007  0.24028201597125665  0.25134711014909555
  0.26237240041323884  0.27334831730707670  0.28415822061310775  0.29487488581447563
  0.30550047212758158  0.31659904796086807  0.32799799291069742  0.33900259800134724
  0.34961574252662392  0.36029960257227056  0.37089784855873803  0.38102390634862060
  0.39103377784806842  0.40170578225983500  0.41309486905169840  0.42475875198479979
  0.43611893594242679  0.44676514610748441  0.45683589582551543  0.46650592676763430
  0.47592780641533761  0.48537740665036649  0.49467678348581334  0.50402809503542323
  0.51353149437830470  0.52382543721000330  0.53476508664637634  0.54563542445987745
  0.55650192654551878  0.56759802581822638  0.57908519185329677  0.58991050782809928
  0.59998657897462759  0.60977451778729663  0.61933263031833563  0.62916662309706162
  0.63934309786190313  0.64988161021108359  0.66082087181258431  0.67103321582650799
  0.68071617710667220  0.69046981141002484  0.69991960889084470  0.70913960799049935
  0.71827699079881335  0.72742071104104189  0.73712879211299775  0.74695350196983867
  0.75722281493898880  0.76772448544770988  0.77807713853439997  0.78757872488372604
  0.79752667513918896  0.80779162636701607  0.81792938879175991  0.82808117477923149
  0.83823317961539046  0.84842513360883420  0.85831342094668228  0.86817014533491710
  0.87822999908607635  0.88868384968166891  0.89904066609121436  0.91001575178158733
  0.92059982444673227  0.93106558330718547  0.94206826594620430  0.95330098186299495
  0.96445779031938683  0.97552594379819879  0.98723533417566078  1.00000000000000000
  0.00938087927176376  0.01555892589206374  0.02534631244387794  0.03616878317968639
  0.04675053429338854  0.05685953967860865  0.06699814755025987  0.07732777202134848
  0.08828003143084415  0.09944474064386918  0.11042879069584630  0.12139749215719120
  0.13188111782376680  0.14202989527884788  0.15217807865988892  0.16196194775937875
  0.17146052826115568  0.18096246657087756  0.19100891967344688  0.20158576572897208
  0.21193351846740571  0.22182292656394317  0.23139936717054041  0.24085349976681600
  0.25065973583920514  0.26119388032739332  0.27213487931967040  0.28312774519931055
  0.29437229661252962  0.30566936988769061  0.31680380651889456  0.32791113947745981
  0.33913334852212762  0.35032835274826651  0.36112131506287876  0.37173948988597888
  0.38219138737293762  0.39251708773135729  0.40293391518428573  0.41325495775662846
  0.42337535885960736  0.43343268731928980  0.44329013098500769  0.45319092497583940
  0.46290382344912206  0.47258532329881475  0.48239652590063625  0.49242691717180370
  0.50254735497881620  0.51265162004803644  0.52261717722663958  0.53260414315799720
  0.54263613117444121  0.55275045793055422  0.56302229987000263  0.57386441346630856
  0.58519019825957963  0.59667606316188071  0.60807143878838776  0.61901241851342037
  0.62994625605091314  0.64093016567706640  0.65192387803007823  0.66244316020018568
  0.67341196134176318  0.68479741634477898  0.69590865345187858  0.70704692636185651
  0.71750167233734263  0.72808672008402253  0.73832384965199027  0.74852453323573354
  0.75808326564130812  0.76721709847317077  0.77657469874521667  0.78602946439005361
  0.79543535597645776  0.80479640685964260  0.81406518339360179  0.82378591180667116
  0.83373854780281420  0.84342564493602201  0.85331403755169333  0.86337051604136683
  0.87357573412087441  0.88413561835419507  0.89502592982468498  0.90601284839193830
  0.91718632266911526  0.92852271458228897  0.94029313521931612  0.95242134371026221
  0.96437833860219457  0.97625153840089718  0.98792012902257242  1.00000000000000000
  0.05671322247851328  0.05830683424606223  0.05986217687735573  0.06201411777312903
  0.06489838580935756  0.06867294618606495  0.07227886759015469  0.07588127166850939
  0.07959446586383485  0.08335793403834491  0.08715631160217736  0.09104553871631978
  0.09504110487560596  0.09916964446022584  0.10330587377235652  0.10753214937264091
  0.11192311478138961  0.11634365715637174  0.12083873478987828  0.12549256133522976
  0.13032413365159604  0.13516379585842203  0.13988056195132112  0.14495570468463490
  0.14816815494513177  0.14941839923224079  0.15063676210112267  0.15188311288553125
  0.15369567726862396  0.15618188203737293  0.15859294930721959  0.16099898056795039
  0.16341414774277471  0.16584506238341942  0.16828330505598083  0.17072954897142797
  0.17318256864618639  0.17564599975648640  0.17811786664666265  0.18060383583495346
  0.18309806835449721  0.18559476231205246  0.18810063747033995  0.19063343489876750
  0.19319474078980067  0.19582151504946224  0.19849344485109990  0.20122627240600538
  0.20397294519528175  0.20674107510533965  0.20952261784148768  0.21235602644569218
  0.21520105227865866  0.21811124210742930  0.22108236399677625  0.22408697891171805
  0.22708928909051460  0.23011395032330034  0.23317883397919267  0.23632833130415165
  0.23952205116440861  0.24276947733740917  0.24607697769791831  0.24942566244553113
  0.25283725628605264  0.25632627436442373  0.25987953880536707  0.26351522025879082
  0.26723913015236539  0.27103579527298066  0.27493760273855672  0.27892349904137925
  0.28296452409369993  0.28713017590169537  0.29144290282708368  0.29588548566149342
  0.30047902234562651  0.30520736383736574  0.31012906051556893  0.31532148604993021
  0.32075460970276765  0.32643405417440519  0.33246375084304108  0.33894311490882800
  0.34589769574971407  0.35349760478981562  0.36189127722064490  0.37134830636244903
  0.38196442896199834  0.39426432398974126  0.40934000725696140  0.42821117010623544
  0.45517173244280362  0.49898926934349536  0.58717565528731641  1.00000000000000000
 -0.00254781007600514  0.01132720331060896  0.02250301126463580  0.03415156573658244
  0.04561545236832112  0.05701066918398598  0.06816157586885321  0.07929640477002670
  0.09040466264793216  0.10100721574510896  0.11094023582700337  0.12091492859689197
  0.13177846636422577  0.14331630700865838  0.15465841626143334  0.16567012605251366
  0.17688338073389720  0.18822240236240451  0.20011224415127818  0.21177485964230960
  0.22273587516915591  0.23322642596269946  0.24273939504395281  0.25208373827804376
  0.26119866916917017  0.27077474167786730  0.28107569123422604  0.29174665470747518
  0.30280688511585846  0.31357215951688150  0.32353267183026985  0.33311681803968068
  0.34261978467488408  0.35240622497926810  0.36235424310534520  0.37221642769371227
  0.38204521753424653  0.39194583430593199  0.40196945505690507  0.41215570157475973
  0.42247477636846337  0.43280098242260578  0.44304643135612909  0.45309014007236781
  0.46305703140599158  0.47294336922788177  0.48289777623355828  0.49291194414350242
  0.50266952765917572  0.51191073113905383  0.52114147673282396  0.53037860155098859
  0.53969069051997143  0.54931965068093391  0.55884513267840841  0.56845530498002517
  0.57925390150851075  0.58892721204253728  0.59884840462780375  0.60830775471960552
  0.61815577646459208  0.62790592353836538  0.63810720110135610  0.64832900935682258
  0.65855038858364667  0.66822134839896896  0.67766558257708798  0.68707867026454361
  0.69661459586706576  0.70618744606693673  0.71663415992652035  0.72703964309783176
  0.73740158360367625  0.74744198408396545  0.75822866314984583  0.76976164403249125
  0.78140738068753179  0.79326383018976276  0.80510398225132962  0.81650003939955107
  0.82746856409294434  0.83835292271060302  0.84937975085068818  0.86076858495834951
  0.87215201248462570  0.88336147069114324  0.89452741360257471  0.90576902210366506
  0.91761228284676255  0.92985646764497065  0.94159322773875020  0.95293163783120782
  0.96473663933991771  0.97682364788598475  0.98857900394464193  1.00000000000000000
 -0.00235714093697309  0.00880517202358761  0.01857117621052998  0.02941694659049641
  0.03970702069972321  0.05087088813863479  0.06207168718548733  0.07328457035262355
  0.08449356048468562  0.09569602641998678  0.10735474021845594  0.11955365823165578
  0.13162605540141881  0.14303560345081726  0.15432558852052958  0.16562858779802306
  0.17662806494641764  0.18765111975620152  0.19898721188574706  0.21079021128631251
  0.22283649070956624  0.23473374868539246  0.24614636917979718  0.25691558259490455
  0.26750864257534629  0.27848072246786237  0.28964301827657535  0.30079676696272950
  0.31202952595590977  0.32320231014680195  0.33384430003405091  0.34373211481029547
  0.35327142603806899  0.36288861777590614  0.37298695267655679  0.38346456321258399
  0.39383114569305083  0.40416166061836845  0.41430326679871488  0.42398957238682250
  0.43356005794475694  0.44358039132608246  0.45409948466871092  0.46420035021309347
  0.47371404687577534  0.48351395981226952  0.49340850927883628  0.50314395100332310
  0.51261022237969645  0.52240004320507327  0.53347751777522290  0.54465605828612096
  0.55448707616657000  0.56409471207312734  0.57373434929245481  0.58338137084847808
  0.59274439382092403  0.60207857293753764  0.61230456539695843  0.62302124932632841
  0.63345605290113838  0.64393016020400251  0.65455537113351991  0.66502711781936819
  0.67479799838823840  0.68427151492706939  0.69330799788980546  0.70291142173912458
  0.71274907020287392  0.72258023781007796  0.73255439479649787  0.74268468317151293
  0.75310522397971402  0.76342905507174608  0.77397147693317592  0.78554619940485615
  0.79674955651172708  0.80815657964941245  0.81961600412355284  0.83106027882184330
  0.84231630588727324  0.85300639625161534  0.86407859557382616  0.87510399170150477
  0.88594391846862630  0.89682125666564927  0.90717255848530531  0.91755968888197470
  0.92799101193985245  0.93828836330691079  0.94900231310252481  0.95981984290287070
  0.96997447758718014  0.98078286973481621  0.99029550835624869  1.00000000000000000
 -0.00248763057940269  0.01056632015499791  0.02164321153306455  0.03275070848886805
  0.04436812907105472  0.05690470130751211  0.06904717588292304  0.08055298311570834
  0.09225061039755877  0.10345170881814303  0.11442358526885259  0.12522660041168923
  0.13677587910619926  0.14861612778628233  0.16017836934410803  0.17097025368696203
  0.18104031903068665  0.19123704692185869  0.20159226299638328  0.21236923759160925
  0.22345826009873943  0.23410156194620771  0.24452543957975381  0.25522984259598747
  0.26639364730366549  0.27766782721657779  0.28886426646248448  0.29985751559518259
  0.31091274147474796  0.32175768312817482  0.33281896053661691  0.34436349811905448
  0.35591862134759600  0.36683768498944941  0.37768810824451104  0.38829584250904570
  0.39892456112849844  0.40961909495562937  0.41996079290935018  0.43013049486666466
  0.44048324934470617  0.45094392755230656  0.46092822777608211  0.47034813972802042
  0.47997706447474087  0.49013992811120050  0.50031836858353973  0.51010400480892193
  0.51975839438605576  0.52973896728577086  0.53983650743416478  0.54976795058696304
  0.55960437326360934  0.56935084364821653  0.57924131282526536  0.58905584123248333
  0.59826776645916968  0.60679863049143978  0.61499926287389517  0.62360570228162715
  0.63297930029156557  0.64240273668246717  0.65154118653466309  0.66029213533573816
  0.66943037821900064  0.67905539473225540  0.68879172357531093  0.69864602526740327
  0.70869470962322767  0.71867127015842824  0.72868351750660121  0.73854553285291280
  0.74842570741148307  0.75767065737829731  0.76675086503817003  0.77613601576469216
  0.78598818030278428  0.79556558219140650  0.80461572555534167  0.81384836133984795
  0.82385743374510567  0.83432835142160833  0.84468923246707261  0.85532296196673285
  0.86655953180348810  0.87842785388926403  0.89097117857379593  0.90225863705844589
  0.91264860937072634  0.92344740124933700  0.93493649163251646  0.94719732228406850
  0.95883723995450698  0.97228743724041189  0.98581960043297301  1.00000000000000000
 -0.00241438634669326  0.00996489122356472  0.02051622275014959  0.03086821383563899
  0.04161353915237459  0.05248916926889060  0.06293065976112072  0.07399146593449860
  0.08449364256186555  0.09535465561876096  0.10612775897380620  0.11722633179826569
  0.12752526176311699  0.13716972121637680  0.14663147859713541  0.15697947222132377
  0.16741842190678724  0.17720009309351992  0.18686298444446017  0.19670793713218981
  0.20702721872543384  0.21735891755628151  0.22745846420908922  0.23763122576175311
  0.24780498297861944  0.25858212088616511  0.26927366688236731  0.27927958945302922
  0.28864630638977423  0.29816994108238309  0.30784348879174883  0.31770538847848018
  0.32726683051148919  0.33704822810892532  0.34694581351102155  0.35695430432278730
  0.36742649188166820  0.37869290775575232  0.39059205721545437  0.40228951616888975
  0.41380425895294454  0.42536690791700493  0.43696279152080242  0.44820758104598485
  0.45895035213144808  0.46935404220621713  0.47950459383460214  0.48972363569992827
  0.49995362091466888  0.51009219960721996  0.51970568562211472  0.52952954328585122
  0.53978695798282095  0.55037204723438260  0.56098341020159648  0.57178082810903685
  0.58275548597596594  0.59326973760927459  0.60334371103273354  0.61349738295170142
  0.62412495054628336  0.63560713567109728  0.64719606679671859  0.65851690932929730
  0.66978680744318575  0.68096376853309815  0.69175808603889055  0.70201725803530746
  0.71238035909866149  0.72291422397159644  0.73340734019584186  0.74396744529932035
  0.75504815891450661  0.76683674351098319  0.77853035515890634  0.78971904741421550
  0.80027544935461614  0.81033593804473136  0.82054825871998205  0.83064240133489831
  0.84102450085861213  0.85144706847778484  0.86228633441383074  0.87318023380990850
  0.88420886988461900  0.89570899355970346  0.90609071721915213  0.91661106183527208
  0.92655757059525723  0.93694065855626596  0.94759947659712862  0.95796553458188050
  0.96791895767658065  0.97785330240253754  0.98855631852396453  1.00000000000000000
 -0.00237350583663813  0.00963790224034056  0.01960213256267522  0.03071376142491337
  0.04144421574371862  0.05343970198028268  0.06503434846279280  0.07600227187676055
  0.08689028179516675  0.09739914317321195  0.10781998711812590  0.11714893454460032
  0.12668632498575833  0.13686330178005002  0.14743494035492746  0.15816167444064422
  0.16875938879931024  0.17901273043252872  0.18912849307405205  0.19820314244195714
  0.20763761958000196  0.21631111677418163  0.22514553691556854  0.23421426594021286
  0.24394246897936694  0.25392639725083227  0.26444477992931009  0.27525261205401863
  0.28607189185163567  0.29686251280325077  0.30763187363034106  0.31847024027611781
  0.32964230530592320  0.34034353113934601  0.35086479953123012  0.36149700993465339
  0.37240523151428384  0.38338335581884359  0.39479320474285312  0.40634111176825638
  0.41810745102829411  0.42918245010799666  0.43996332798268489  0.45059478035800160
  0.46118213997507551  0.47211349436492489  0.48329085734476568  0.49495285828176633
  0.50652243383936479  0.51804523805762581  0.52872804322371580  0.53910904506582613
  0.54927392528675567  0.55935079907786311  0.56947832117256048  0.57936397794089289
  0.58988001381657995  0.60059484916281636  0.61156709761162054  0.62204215950540076
  0.63268706948806575  0.64348897599792965  0.65373551692296450  0.66392633594915240
  0.67412724941393010  0.68411009092396957  0.69446348177630002  0.70463885365199763
  0.71547545189665607  0.72697227709298606  0.73845938624523610  0.75021132266824520
  0.76089401093344811  0.77119873701363117  0.78124480398850404  0.79167009960662227
  0.80228363610522935  0.81356939417034657  0.82531721887379428  0.83687942024161621
  0.84811557642598967  0.85884872719378358  0.86914233769023486  0.87881774251728506
  0.88824499322259620  0.89767890252434768  0.90724858474264192  0.91706081247649562
  0.92715281013325268  0.93674734865720355  0.94607722374350589  0.95569652413703088
  0.96588386178370933  0.97713635403002053  0.98828887599059057  1.00000000000000000
   2.2238011369046326E-008  -1.0000000000000000     
 F F F F F F F F F F F F F F F F F F F F F F F F F F F F F F F F F F F F F F F F F F F F F F F F F F F F F F F F F F F F F F F F F F F F F F F F F F F F F F F F F F F F F F F F F F F F F F F F F F F F F F F F F F F F F F F F F F F F F F F F F F F F F F F F
  <DiscreteSampler_grid>
  grouped_processes
  1 # 1 for a reference and 2 for a running grid.
  10 # Attribute 'min_bin_probing_points' of the grid.
  1 # Attribute 'grid_mode' of the grid. 1=='default',2=='initialization'
  0.0000000000000000 # Attribute 'small_contrib_threshold' of the grid.
  0.5000000000000000 # Attribute 'damping_power' of the grid.
 # binID   n_entries weight   weight_sqr   abs_weight
    10   10   4.609536208591728E+004   9.172095002081686E+009   4.609536208591728E+004
    16   10   4.609536208591728E+004   9.172095002081686E+009   4.609536208591728E+004
  </DiscreteSampler_grid>
