  0.00926130683278512  0.01558024846874735  0.02530939297941540  0.03642184581228197
  0.04710950445140998  0.05741921346793224  0.06752417886570178  0.07772603184771244
  0.08774426143538516  0.09762948105957205  0.10750767190970122  0.11761064648242216
  0.12800241409450752  0.13832002037474850  0.14852598123736424  0.15856600944361732
  0.16889946774140754  0.18021277365182173  0.19139366708953248  0.20272667663012461
  0.21410393821070189  0.22589784982368261  0.23769320482601097  0.24936084167419351
  0.26082206702903266  0.27212891513231741  0.28297820492917880  0.29352653926059658
  0.30303531849586857  0.31239531421411487  0.32247203654798567  0.33272767638253736
  0.34356950297378203  0.35416174316287585  0.36497158449048828  0.37580292074782551
  0.38658896205933579  0.39766007414848981  0.40852342867619096  0.41947932096750717
  0.43012324872933666  0.44026898164440581  0.45021134467610086  0.46067017981278008
  0.47191077982387297  0.48333694524577997  0.49461239559866288  0.50522667975331492
  0.51563232993759145  0.52580453413885841  0.53579756347363372  0.54604517425089716
  0.55650531619813093  0.56715063775578567  0.57780711668639351  0.58825566496934723
  0.59900263256114117  0.60990955488174503  0.62119473271558756  0.63280906775583012
  0.64430843470642329  0.65589846527953077  0.66785371594287535  0.67901424277440103
  0.68974255551565133  0.70075497015388000  0.71169216575721439  0.72199104753453858
  0.73159066193833189  0.74153256655914179  0.75167083845840099  0.76180667739465180
  0.77184615381124788  0.78321001683957214  0.79470747130248853  0.80545371147336320
  0.81582128827702227  0.82522310027738655  0.83477125347460646  0.84442396927182684
  0.85443421200160274  0.86432501691562813  0.87393736109516029  0.88350471014056564
  0.89285034530722651  0.90239386932783383  0.91173033040507800  0.92143646171774618
  0.93160822299705992  0.94179970010048963  0.95204097319317049  0.96197088422860144
  0.97213847697105937  0.98203651124987312  0.99141958100403160  1.00000000000000000
  0.00946501613870962  0.01520036212608105  0.02379655291227490  0.03429141772504461
  0.04480346243373294  0.05623675138862307  0.06712255244316029  0.07759472154399412
  0.08765532501999219  0.09754312035662899  0.10727896159803313  0.11682594944126670
  0.12603276248811296  0.13506343291141817  0.14443732886784227  0.15429425265830371
  0.16400755703554207  0.17362773201228560  0.18335706507190072  0.19362440977451895
  0.20408488798885152  0.21444267273780657  0.22476782216000535  0.23484294419618715
  0.24497926059780437  0.25580204431725434  0.26735995151614717  0.27918407333227280
  0.29070953154070445  0.30089237838621935  0.31122144211016300  0.32150507414740326
  0.33174892921247573  0.34197076468544307  0.35286640533661151  0.36494082720058424
  0.37680538598586211  0.38711272080462028  0.39731926541588591  0.40756764641322285
  0.41810219911082347  0.42793979528503112  0.43861578489337422  0.45017982607599127
  0.46121224974781228  0.47121801728857315  0.48110095740260778  0.49163268425522444
  0.50206223908825698  0.51191684723792463  0.52142347562358682  0.53090315885343542
  0.54031993550470481  0.54951142349052617  0.55909992034433509  0.56974594173249604
  0.58101785687689200  0.59201579880199240  0.60279821566922864  0.61349382645888040
  0.62446190263407497  0.63557237624897656  0.64649276535531119  0.65695416097728243
  0.66738339281239645  0.67832281981185449  0.68944153087987736  0.70035109445033261
  0.71084346026889988  0.72067219378010294  0.73082816401100226  0.74141369866410678
  0.75216158755644669  0.76258392239409145  0.77331250639099647  0.78428813736302649
  0.79485401360378272  0.80469112021946543  0.81464394998234013  0.82455294908054000
  0.83476059643421008  0.84500873167924584  0.85536893881941678  0.86618711387796510
  0.87673794136349026  0.88733670384571284  0.89822952300539816  0.90878338678501469
  0.91928145062974276  0.92968790067248275  0.94077434808925631  0.95216591899685166
  0.96366742353873547  0.97555661616624700  0.98764913005571853  1.00000000000000000
  0.05796629104067215  0.06037742815680421  0.06254954357991425  0.06521337590348075
  0.06911176263780724  0.07286267484090510  0.07653246947346652  0.08035806315823284
  0.08422841515718883  0.08819494013804217  0.09221240386937521  0.09626184823428041
  0.10060784240239858  0.10499682276704811  0.10944402968772908  0.11398060956928074
  0.11854154919256239  0.12311791353147880  0.12779972448737414  0.13261725097312932
  0.13810777460744647  0.14306539958010789  0.14704217899970093  0.14860129032389141
  0.14981586334452479  0.15101294261716042  0.15226935163702715  0.15430689169433612
  0.15676706028792919  0.15914428262448502  0.16150976222804481  0.16388175232941335
  0.16629051289932284  0.16872130501224772  0.17112955154928089  0.17351263313722179
  0.17591233815002502  0.17830466529162667  0.18072570719807243  0.18315622264955225
  0.18562336873754889  0.18811640188227807  0.19065740658528704  0.19323850444984997
  0.19583770140391102  0.19846147216115359  0.20110050764122947  0.20377843767550038
  0.20649480492439154  0.20924875525061018  0.21200208383300281  0.21477216891969025
  0.21758381151424008  0.22043748426768622  0.22332580953446551  0.22624022973258395
  0.22917676510914881  0.23215274711986247  0.23518488716199043  0.23827671155755900
  0.24142016688090387  0.24459928339408082  0.24781952757888348  0.25110828740409202
  0.25451516385620010  0.25797601836868395  0.26147943169396026  0.26502977919615078
  0.26862274569511208  0.27234784676904861  0.27619433962871909  0.28014394767347572
  0.28415961277551549  0.28827978335037019  0.29252681940055852  0.29691457320235204
  0.30145866338305721  0.30617668337287918  0.31109772338095121  0.31621899920314045
  0.32154164421195025  0.32719473259326631  0.33326398190187689  0.33982687322409327
  0.34687312670697318  0.35448977381940261  0.36280945740700332  0.37205570004340416
  0.38254100380029410  0.39488030834045118  0.40977645491093606  0.42819445689271257
  0.45427721576810570  0.49627468329382995  0.58698557748855151  1.00000000000000000
 -0.00270304768902288  0.00996561636363003  0.02196380348072887  0.03460499226493723
  0.04764242442472703  0.06039625876621599  0.07359200510462001  0.08625973029613876
  0.09837461042823002  0.10908754466189481  0.11981027368566474  0.13054222472758989
  0.14124382668060356  0.15193085145148769  0.16259009585767248  0.17408448757351383
  0.18529936446025988  0.19638551282068986  0.20707679109622767  0.21768884456952192
  0.22819046836175955  0.23862188112092914  0.24874918863012382  0.25846478048211619
  0.26784371556642589  0.27723272665694321  0.28672857893507997  0.29616045764895160
  0.30523492315622641  0.31375230885564331  0.32208339660353807  0.33066277978541952
  0.33991566562947229  0.34966740601870533  0.35928209485379875  0.36846796426483142
  0.37769550531840079  0.38714518306031509  0.39643973050060793  0.40560977384654762
  0.41503977371908252  0.42501337457018284  0.43518723725522340  0.44504614044762925
  0.45490160448574574  0.46500153514370834  0.47508289250083835  0.48482880487461105
  0.49426491438592207  0.50429251294626787  0.51488426999741599  0.52477074586889272
  0.53376455078918905  0.54312387039889187  0.55313474206883506  0.56324892057657283
  0.57307982464792906  0.58287380901548713  0.59337845839769932  0.60445959706070584
  0.61604602958055443  0.62754372753188259  0.63760313810298330  0.64740232087761729
  0.65681624164589969  0.66609357271187031  0.67541746219005250  0.68494875738913774
  0.69571278252565460  0.70651617460459526  0.71720337976704296  0.72819727132799628
  0.73832154970174979  0.74884033419350171  0.75919906342619037  0.76985678172928451
  0.78029704888033213  0.79100072625378637  0.80140950182683401  0.81162625000918165
  0.82185677664222823  0.83239208815056798  0.84303697306964032  0.85366897287378740
  0.86502894799418872  0.87692687458317209  0.88885675564176803  0.90081433445681547
  0.91295604674650366  0.92544266761600880  0.93802031266517472  0.95023888923561606
  0.96219909026021266  0.97466946299695401  0.98718147669659628  1.00000000000000000
 -0.00279290168898009  0.01046651057773389  0.02166368970787782  0.03304155947579999
  0.04417913365735131  0.05549580358666945  0.06697090697652779  0.07846845083780132
  0.08981900251185718  0.10104938265572326  0.11224411765333162  0.12338943468030895
  0.13457637654055518  0.14588637570346719  0.15745805376290228  0.16932713690071111
  0.18098621633135761  0.19253193388432771  0.20394360385680768  0.21522040494769856
  0.22676328504237120  0.23753421782822054  0.24801163604276957  0.25807580395285162
  0.26817314034930145  0.27786340604567428  0.28749451887994487  0.29710631336567467
  0.30692030232565398  0.31687665046548069  0.32702382049653306  0.33738411896605175
  0.34809728345922958  0.35919354719392960  0.37033642473983602  0.38059926726478471
  0.39024981303138900  0.40015549946867029  0.41005007548388017  0.41982424370698734
  0.42955852973394415  0.43961068343829540  0.45011309276605066  0.46031602419565515
  0.46994762503987048  0.47946246597873221  0.48951227538290698  0.49981549994957841
  0.50975973350822157  0.51928063739734642  0.52888085963037024  0.53882632721902024
  0.54899485676557402  0.55928351871811111  0.57030146259772407  0.58135253347097937
  0.59232403334809602  0.60334644215516597  0.61473932084191185  0.62617276019389345
  0.63765378844648191  0.64858277928065933  0.65910005575134056  0.66951629172749749
  0.67952976936319798  0.68926544403474166  0.69881963887426601  0.70882972609229533
  0.71940850881247131  0.72969161238316171  0.73926487120162576  0.74834680143996135
  0.75717204974462771  0.76619772405760078  0.77565893281907916  0.78513234730079029
  0.79461656722923646  0.80489690215032472  0.81532522890865045  0.82609272450937521
  0.83655738923781142  0.84690263031489077  0.85755907746936555  0.86840911873969817
  0.87882021533288679  0.88919827870964507  0.89983087725743005  0.91114549177010462
  0.92289552389019913  0.93499274231334040  0.94629729826482090  0.95749583747689393
  0.96784962849217859  0.97842926802643215  0.98863245953699574  1.00000000000000000
 -0.00258447239176780  0.01080026016687077  0.02156677727655005  0.03207287456180236
  0.04222925444748077  0.05241045332456912  0.06280192077308265  0.07477079751848936
  0.08677356075373635  0.09967704193477170  0.11183412327263707  0.12390908716518703
  0.13598298345438165  0.14774756236647227  0.16006883945651865  0.17205615154892814
  0.18373674491145592  0.19493859966754234  0.20564479124615787  0.21637968410220670
  0.22683666465020219  0.23656579194643740  0.24596232162910492  0.25496567132172404
  0.26382194839951806  0.27280825155715960  0.28138566375244412  0.28984245276251469
  0.29908755933745934  0.30876642824447564  0.31812144981017076  0.32788636200740373
  0.33726647092594519  0.34776717471798435  0.35758631929158374  0.36785609461018115
  0.37814557049237923  0.38877106678397749  0.39969573359979377  0.41049923994758725
  0.42126788344301863  0.43177942995980906  0.44145322347532173  0.45000830406074893
  0.45892015044202839  0.46810032527454420  0.47744923978252746  0.48677467548741576
  0.49601922400455545  0.50615803452507879  0.51714006287100178  0.52698803339014844
  0.53663132127358115  0.54686000457545125  0.55742735987990621  0.56800740451118081
  0.57806540427935926  0.58876474516108346  0.60010047315442261  0.61127394962332282
  0.62217833430809955  0.63171422673855904  0.64123639961532519  0.65101582905495614
  0.66052216400955255  0.66949901569882597  0.67843776548680401  0.68781447890748360
  0.69855686004998685  0.70899964243532354  0.71923796536752549  0.72950994272156133
  0.74003711840007425  0.75041464886116360  0.76082382464530018  0.77155315214907705
  0.78273359915637086  0.79383812046484747  0.80472123342357249  0.81585101179239827
  0.82738326784597327  0.83852475149893169  0.84921582454015621  0.86002266270478611
  0.87090390443028276  0.88141919565648308  0.89152407969112402  0.90244385460210141
  0.91312337000189514  0.92428368067970257  0.93554564148077890  0.94822047708913448
  0.96089361515393890  0.97340953850752077  0.98670628767773449  1.00000000000000000
 -0.00254110775342103  0.00944364117803671  0.01967089551730549  0.02912215545152379
  0.03881828636704333  0.04774657449092731  0.05712734197593221  0.06687151983652562
  0.07701756192885000  0.08701345966984472  0.09717832867474174  0.10750392276075654
  0.11872434941921650  0.12966554950807904  0.14046983885741185  0.15178881296397842
  0.16332379598985489  0.17531984440670487  0.18695201391104543  0.19765702728815163
  0.20801293326589196  0.21845246186453857  0.22893574044754830  0.23962886082652035
  0.25059811620378170  0.26226235579277235  0.27338316025664239  0.28361644099709843
  0.29340567279366014  0.30290179892517322  0.31278947966375703  0.32324816545931107
  0.33435268726916317  0.34573441764312118  0.35658534309313766  0.36738356078990853
  0.37846330361857866  0.38949313546538483  0.40077368870426805  0.41165668232306252
  0.42281467157132058  0.43429206475886584  0.44468374717301856  0.45500254726407674
  0.46466781314165112  0.47431375082041394  0.48415855183466200  0.49398562728182155
  0.50437106608285065  0.51505512918122565  0.52655433936576712  0.53839765899936476
  0.54998352378939941  0.56133461988574840  0.57247678594652007  0.58373081294562268
  0.59512289296446241  0.60664559647931271  0.61829348678083063  0.62994225137027016
  0.64120408362706227  0.65165917666377970  0.66173279819308461  0.67170362939469830
  0.68137463796041797  0.69094469282616966  0.70068521582192889  0.71038159046273230
  0.72015996512006286  0.72987355319260616  0.73950174782194378  0.74886945905455438
  0.75773432182962341  0.76662986131310751  0.77624492220713570  0.78606916707011054
  0.79582198311017305  0.80563413637295944  0.81615743285342823  0.82749956973608729
  0.83935188470632094  0.85159321340872118  0.86268014665613457  0.87278074018801288
  0.88282505785757837  0.89293670363489075  0.90275715308052829  0.91298672221246036
  0.92404644714787643  0.93584087454203513  0.94670324402668404  0.95756310035698333
  0.96793209784151524  0.97877148469376873  0.98918636501139201  1.00000000000000000
 -0.00245670920439582  0.00885731998072893  0.01858924798824828  0.02863161059229729
  0.03910931990218561  0.04993845822520807  0.06144864596945419  0.07337649924438390
  0.08490239031798627  0.09624047638519898  0.10746867784018325  0.11875256711851803
  0.13005596851594242  0.14103052314663017  0.15177163459052942  0.16251471175443361
  0.17339220690678431  0.18413599307202833  0.19485612316148196  0.20564499963935981
  0.21620601031986100  0.22625233729060359  0.23601693219526190  0.24588234586924879
  0.25574964322290439  0.26542292415139762  0.27587497177025044  0.28692973004277672
  0.29742491433405344  0.30756789480361191  0.31796405635526503  0.32867263252311069
  0.33949012400473561  0.35048138118084066  0.36182292141245270  0.37327542360893573
  0.38458888838778060  0.39588396489645944  0.40719221703901121  0.41818246433895573
  0.42879515302123616  0.43945072922303591  0.45067424200221762  0.46264137926247939
  0.47436054848646669  0.48563419036262495  0.49614116756242377  0.50658621861579467
  0.51706549766489651  0.52761594653957544  0.53851350437057521  0.54962090702586552
  0.56103768323600922  0.57207686207127439  0.58295199106205686  0.59402042847663372
  0.60511245215363885  0.61530642799963953  0.62518642649299061  0.63495019167076661
  0.64474262290664297  0.65398587282858056  0.66280205114109081  0.67165903352276257
  0.68073853236390347  0.68992720672404872  0.69948489317032625  0.70985827048702688
  0.72148659469602472  0.73307090253933405  0.74462975558242106  0.75627449369365363
  0.76808389713602243  0.78003616541076370  0.79143638215662659  0.80160681500300390
  0.81101402685006307  0.82049635858329084  0.83003460680176167  0.83980743111422995
  0.84937161790923410  0.85991773926743498  0.87120763340145624  0.88181750337717235
  0.89203034794188540  0.90223374410635115  0.91236651190081264  0.92202835124664284
  0.93142863392895880  0.94110281991754907  0.95144465942433076  0.96176129699436053
  0.97168434628483158  0.98142538562494974  0.99081557699143430  1.00000000000000000
   2.2014679310484919E-008  -1.0000000000000000     
 F F F F F F F F F F F F F F F F F F F F F F F F F F F F F F F F F F F F F F F F F F F F F F F F F F F F F F F F F F F F F F F F F F F F F F F F F F F F F F F F F F F F F F F F F F F F F F F F F F F F F F F F F F F F F F F F F F F F F F F F F F F F F F F F
  <DiscreteSampler_grid>
  grouped_processes
  1 # 1 for a reference and 2 for a running grid.
  10 # Attribute 'min_bin_probing_points' of the grid.
  1 # Attribute 'grid_mode' of the grid. 1=='default',2=='initialization'
  0.0000000000000000 # Attribute 'small_contrib_threshold' of the grid.
  0.5000000000000000 # Attribute 'damping_power' of the grid.
 # binID   n_entries weight   weight_sqr   abs_weight
    10   10   7.410924041008162E+004   1.460640526007905E+010   7.410924041008162E+004
    16   10   7.410924041008162E+004   1.460640526007905E+010   7.410924041008162E+004
  </DiscreteSampler_grid>
