  0.00027741459080488  0.00032176597414288  0.00035044133447169  0.00038065703647478
  0.00041888024845009  0.00047028119351374  0.00059590314645004  0.00094070838212837
  0.00132536426974926  0.00165352167965270  0.00205275964400912  0.00248830477612509
  0.00298313636740500  0.00351942837789908  0.00412401505031555  0.00481054297595897
  0.00557137330370247  0.00644054087120365  0.00740525325100044  0.00846734240487030
  0.00962528504190410  0.01096012116020966  0.01261059830657215  0.01466709539537445
  0.01698285721961218  0.01949688947601516  0.02226251710991273  0.02541365193977580
  0.02896852856070046  0.03318392366418230  0.03805615818282604  0.04310177459546641
  0.04796489846255660  0.05241876665856274  0.05624753975628801  0.05897473469104516
  0.06087232496788364  0.06221706551748299  0.06321040345113496  0.06396256010212135
  0.06454177546045006  0.06500979280684865  0.06539189516264558  0.06570823691019811
  0.06597938876784212  0.06621749688310144  0.06642991366640795  0.06662200650920647
  0.06679737098969654  0.06695902470188488  0.06711166069334985  0.06725557819672670
  0.06739158213218391  0.06752264543937526  0.06765050629103735  0.06777611707064118
  0.06790072755893242  0.06802541149342194  0.06815128778793553  0.06827959827208992
  0.06841158955115237  0.06854853963848072  0.06869118152387514  0.06884136956157932
  0.06900129522034013  0.06917495956389466  0.06936437461496904  0.06957154830553973
  0.06980670455948183  0.07007486263177966  0.07038460482530907  0.07075089043605010
  0.07119219770769067  0.07172962136187790  0.07240416861318420  0.07328312465756925
  0.07445635441143046  0.07608111663299064  0.07844623392535814  0.08188530665384122
  0.08688774010772389  0.09423336241331050  0.10504230059784794  0.12011839167173531
  0.14029163932006775  0.16625261477001763  0.19918324712071495  0.24486929341397107
  0.31188309244065171  0.41416669688874674  0.53277392833850357  0.63096962220863995
  0.71401693944899247  0.81163844395165019  0.90428799494775203  1.00000000000000000
  0.00001398871511919  0.00003298716485244  0.00007034560902064  0.00011554834824112
  0.00016706659182808  0.00022597681107274  0.00030540148646421  0.00040286232962473
  0.00052426273237042  0.00068693867636877  0.00087966181671265  0.00115177053189138
  0.00155108715190800  0.00205518455617936  0.00267668638365637  0.00347022495305733
  0.00461425344933519  0.00622292799305039  0.00843790811904721  0.01172104879753837
  0.01689549593466458  0.02469676278930965  0.03509139211805721  0.04809765273317215
  0.06328508090876754  0.07968479593359194  0.09653723119999988  0.11383228958427533
  0.13141372245005367  0.14895387427656254  0.16661479268500604  0.18446315706013411
  0.20231857789391572  0.22026946227997130  0.23826365912086128  0.25609932943011587
  0.27376996381230584  0.29144366642705855  0.30936473894834171  0.32754936661633866
  0.34571903077431643  0.36380031446039124  0.38186139176525324  0.39984336634126594
  0.41764209753961196  0.43539101909141420  0.45335968551411299  0.47125094782424565
  0.48903267791904143  0.50677239026303522  0.52427231455746226  0.54176694330981889
  0.55947163809469858  0.57717199266068020  0.59484608595341693  0.61238615283617759
  0.62976092953797647  0.64715443126939409  0.66450557277735289  0.68183829665506590
  0.69920987847826055  0.71677922655737769  0.73439567561166963  0.75176564866363027
  0.76886601485482475  0.78582910820218932  0.80288248851126931  0.81989042278601298
  0.83662173212512181  0.85306336883583445  0.86933024484238841  0.88537106777253938
  0.90104869079427752  0.91608559826409186  0.93051531246955566  0.94401168082449871
  0.95623633501292016  0.96675813068754202  0.97527193690621194  0.98159783201407147
  0.98626765661601434  0.98980493156215998  0.99247059126178294  0.99448556134939303
  0.99598440352966078  0.99712316707588011  0.99799557166718389  0.99866201711229363
  0.99910950528375198  0.99935257112004783  0.99950422565737318  0.99962126025715037
  0.99971704549106655  0.99980503850154601  0.99990019346758174  1.00000000000000000
  0.00052543914526324  0.00077967957066667  0.00095691450549000  0.00113956510451108
  0.00133847600989330  0.00155584422217543  0.00179237530036253  0.00205140849637599
  0.00233471662638050  0.00264063131322094  0.00296991678360179  0.00332644214316406
  0.00371436732062267  0.00413957814337670  0.00460670142361714  0.00510897094426165
  0.00562518180140632  0.00613913973281865  0.00665932289233922  0.00719433524587939
  0.00773469984954950  0.00827712549366896  0.00882292994472426  0.00938114845511445
  0.00995979465473863  0.01057237596941545  0.01122113736129059  0.01189796842250811
  0.01259755429775732  0.01332303598410580  0.01408378514321456  0.01488151680641213
  0.01569348676129955  0.01652269631864664  0.01739150560603198  0.01832772703765771
  0.01933253323403569  0.02039940479640022  0.02152285320410609  0.02269003991091425
  0.02389781175729244  0.02514718172599972  0.02644761543028626  0.02781698870029961
  0.02925947416327694  0.03075095964313942  0.03227716552942667  0.03385204237474031
  0.03554849766858869  0.03738884588420403  0.03932098545569007  0.04131891038881873
  0.04340910873574526  0.04563017405294407  0.04797681529587726  0.05038547380768007
  0.05288267189516160  0.05548762491169437  0.05821679265170640  0.06105426645938086
  0.06401790861427605  0.06714305268144294  0.07044807129853269  0.07395392897560096
  0.07769040327643284  0.08157705680927364  0.08554425788857245  0.08960361044259579
  0.09388427769248317  0.09852994562305470  0.10365081352564876  0.10892054864972073
  0.11455913093824370  0.12062644059254946  0.12740808808696444  0.13472843233063778
  0.14243464118184029  0.15108101966892790  0.16038885491320243  0.17043007590598905
  0.18122279798462435  0.19276607066507975  0.20449291624001173  0.21714090540690567
  0.23066613192388508  0.24609707066432082  0.26295340646373089  0.28107414567914679
  0.30070431677651555  0.32214223373735934  0.34539887765932914  0.37152701190043652
  0.40244784801961647  0.44493423380214142  0.53056044486025333  1.00000000000000000
 -0.00142307317561277  0.00651008758796794  0.01527197253096464  0.02445237053218514
  0.03501942701123618  0.04525951528239212  0.05494399263828090  0.06451819878158148
  0.07400943427824046  0.08291509362058042  0.09171723584383450  0.10059050881972956
  0.11018821351795914  0.11990916971181527  0.12872939502193212  0.13735909302413610
  0.14610193698853291  0.15512250850083756  0.16428966369307607  0.17346094901790957
  0.18273732765755196  0.19207095194031096  0.20159373983172305  0.21135068861721909
  0.22125599976175353  0.23130247354247033  0.24146608193744620  0.25173482539868630
  0.26196183225881237  0.27198222951536605  0.28189118570317656  0.29191074052228766
  0.30217137951503226  0.31255426617469462  0.32284866449849614  0.33313564798389206
  0.34360047739853605  0.35427516881604659  0.36510952892848469  0.37604846981621481
  0.38696929536450819  0.39783330822100438  0.40857162547116926  0.41939277974219258
  0.43054203241427397  0.44182947623335339  0.45319650716993265  0.46446737709782271
  0.47564856628160346  0.48679870234977823  0.49804990168291779  0.50942037839963572
  0.52077760988735611  0.53232644476031044  0.54381285140687730  0.55511349561732448
  0.56621491205260177  0.57716229252026074  0.58821079802373566  0.59927982585356609
  0.61078493414659041  0.62239507559227236  0.63382849587889789  0.64528076978311921
  0.65643452311960060  0.66757240574257504  0.67899369201332505  0.69065524870278894
  0.70208551580022294  0.71373801341914489  0.72532899253364114  0.73704040342331811
  0.74854990239686059  0.76009391462621290  0.77172739218638431  0.78349708811177421
  0.79480182814474831  0.80557186638289957  0.81646092067969378  0.82726197813065583
  0.83838451428313177  0.84890398492109154  0.85940910203379228  0.87001774875053384
  0.88074618532128723  0.89170400407576123  0.90261945702056923  0.91375839591859775
  0.92505453895660550  0.93615712335914669  0.94730738960126892  0.95788387144790310
  0.96888865346347430  0.97983038842417602  0.99028357330872308  1.00000000000000000
 -0.00206098867177441  0.00825281390216078  0.01884130058316643  0.02910491778673833
  0.03947710538201930  0.04984709014081146  0.06000678236187200  0.07069852324731381
  0.08134239615904897  0.09224448231325560  0.10321199576167848  0.11422630281118408
  0.12504046252532386  0.13590448680825287  0.14694421229584020  0.15790971096434173
  0.16866548508196860  0.17916511114848716  0.18956282563216217  0.20024645393321952
  0.21091860149985597  0.22180379132379735  0.23267292831048531  0.24341274518419126
  0.25393769847649045  0.26426115552312179  0.27476855797286726  0.28548407889348953
  0.29636480187943781  0.30718793507822340  0.31808805458040179  0.32892200515151510
  0.33955232553250342  0.34989907753356236  0.36014071978014461  0.37039783070532750
  0.38076205283950593  0.39123989852384566  0.40181878268219495  0.41195491704819470
  0.42221186308635827  0.43268673369088051  0.44330371670385976  0.45422539382895111
  0.46531665614659667  0.47639081595248278  0.48678451281694884  0.49698441715332303
  0.50747420649740493  0.51796965217722246  0.52833030268930392  0.53884216745424607
  0.54972888587119495  0.56051521680396210  0.57118413690152858  0.58167898374088156
  0.59250126117804969  0.60325551816800693  0.61357953592489733  0.62373649953637400
  0.63437153904061694  0.64476898520265169  0.65500180159571664  0.66453849866951176
  0.67397643044549638  0.68313452002534314  0.69304889438325967  0.70384343320112908
  0.71498861656352697  0.72624010841386999  0.73720822177770307  0.74806184890476524
  0.75884949306978000  0.76953467833986322  0.78019793842293328  0.79072827675382007
  0.80078256408417847  0.81111674634462483  0.82158723125824618  0.83269885149306044
  0.84327384420055318  0.85340002438569706  0.86337516610220955  0.87382477180068463
  0.88489333821447114  0.89567002634678683  0.90657569041642394  0.91760123678751770
  0.92865221480786853  0.93943975568836369  0.95027676388608751  0.96023812674641329
  0.96946926042810566  0.97899414547819530  0.98791518817048130  1.00000000000000000
 -0.00179124618787673  0.00772018188526195  0.01743617455504511  0.02711482702934592
  0.03744198571731248  0.04791825142147997  0.05804874206966958  0.06783389158406278
  0.07730134491633990  0.08669490706216630  0.09581902331855457  0.10526443282123095
  0.11448815692911672  0.12377907749533867  0.13294435016913059  0.14216783932913524
  0.15170140400049198  0.16147743145645863  0.17132674695460490  0.18119161315893700
  0.19091800953860463  0.20032273642189349  0.20995364214978926  0.21966991363911859
  0.22963772550585362  0.23953962404855009  0.24952074130231819  0.25945131396534399
  0.26958880049679490  0.27982599002515568  0.29026166968200862  0.30067409099088654
  0.31101730322838517  0.32132279169533828  0.33145285279479042  0.34152018732855099
  0.35188603160107368  0.36250288849144480  0.37343090504814219  0.38437082830978209
  0.39527370908057780  0.40624985105588163  0.41730850288099963  0.42848539128988838
  0.43966745335868201  0.45062987710438290  0.46123334874202043  0.47150594782391747
  0.48215090882594835  0.49337662339801280  0.50477223597990140  0.51600039164011902
  0.52703906713962401  0.53804419850198537  0.54922584854241430  0.56067465338634526
  0.57214939259719066  0.58337079196241493  0.59445435882212561  0.60527388468297694
  0.61637191737380648  0.62752773143846297  0.63862297208869678  0.64984600310032703
  0.66125222592131983  0.67272526934602050  0.68399874710285757  0.69496823121717977
  0.70598199491722557  0.71721030236906191  0.72855105603961201  0.73985766052557278
  0.75095068740439330  0.76191441626319001  0.77280114362240526  0.78370017032487749
  0.79474423079900491  0.80571302394976996  0.81688340427852613  0.82830026485288377
  0.83986367581258703  0.85134214572892752  0.86251242517018112  0.87329358483910768
  0.88374822815770870  0.89422317786073491  0.90496430870124822  0.91538979276247912
  0.92564185967665935  0.93621043543559723  0.94717133710701029  0.95771081386453760
  0.96810766392834724  0.97858119300266400  0.98866604316804885  1.00000000000000000
 -0.00222369589203426  0.00881693318233612  0.01983982201279246  0.03020038400377009
  0.04090144639392107  0.05134013654405532  0.06190623443245524  0.07282150362285278
  0.08330502877317587  0.09448204010704848  0.10521415225175254  0.11623785296575136
  0.12644466142978092  0.13682410010066606  0.14729097373468689  0.15782346661038305
  0.16825712698387635  0.17851006063217556  0.18842782825604676  0.19870440787051991
  0.20875121138714467  0.21938224539651116  0.23013514045581965  0.24119860682232208
  0.25239235006098343  0.26359049121200046  0.27441918064342913  0.28512085213815630
  0.29583987481334617  0.30681298119621919  0.31785114602047621  0.32893478416161553
  0.33976794496424767  0.35004564226282592  0.35995822755228279  0.36968855384797888
  0.37960023151765065  0.38972359582943145  0.40012189485182748  0.41087931406686784
  0.42169865764425385  0.43245761477862243  0.44304173779780265  0.45319442948905780
  0.46312187146253542  0.47310860081717476  0.48357095311664050  0.49449454892187283
  0.50571653238600078  0.51666570290056246  0.52707837789115941  0.53706403548923698
  0.54724307665807859  0.55774616010260158  0.56837113677237816  0.57885863706312468
  0.58967928325654329  0.60057678875510667  0.61117365904099508  0.62129083062695567
  0.63174404406451345  0.64201213121389311  0.65237512601593128  0.66224212986740771
  0.67244375932526135  0.68298615040307131  0.69337006902089326  0.70365266236078838
  0.71407951684395488  0.72480717948537576  0.73508351478805878  0.74523957283892439
  0.75522173793583636  0.76524376437769981  0.77553964475710824  0.78568940981428104
  0.79566147828972689  0.80533457739152248  0.81516412054103082  0.82560535129775547
  0.83660658273553434  0.84765206450640762  0.85846939177704817  0.86926939044318641
  0.88012731029788582  0.89096721229082643  0.90201354806205047  0.91265766182196817
  0.92349689218501418  0.93419061434511574  0.94536405381559185  0.95628900717281673
  0.96757952476063092  0.97806003574606737  0.98937149153348447  1.00000000000000000
 -0.00225901079582486  0.00894252060971285  0.01940970201909326  0.03016296228005843
  0.04052924138484206  0.05131948212859109  0.06183543198390044  0.07312367632567068
  0.08408970082795626  0.09574169574450737  0.10555621795506739  0.11594323602101883
  0.12568858986450626  0.13526804690308653  0.14553503122927045  0.15591847690984287
  0.16645616520713838  0.17647234380795582  0.18694090896197002  0.19765265962696968
  0.20884190294226368  0.21948334754296708  0.22928872942850811  0.23948427848696582
  0.24988987712173016  0.26063873453108094  0.27124933611117852  0.28212671749537777
  0.29308762634657537  0.30391736732303154  0.31489596293653338  0.32588014942143906
  0.33654294515094219  0.34714448878855397  0.35809323069477961  0.36848154694301161
  0.37865076831608613  0.38847456474251935  0.39894168713283734  0.41017225794083545
  0.42103290573487107  0.43153252769129097  0.44217599034319693  0.45291250975248187
  0.46350947474508736  0.47386138972508346  0.48432682052499137  0.49513100573187607
  0.50605308186515818  0.51696431408520627  0.52746512030183867  0.53760801833635175
  0.54773660413349845  0.55776663359271539  0.56830590533427283  0.57886674355069168
  0.58958646944570070  0.60043727653452406  0.61155366121425214  0.62285327276001679
  0.63396598458211340  0.64463292198845545  0.65525410204488921  0.66607998494039211
  0.67702679389957976  0.68778988202632385  0.69824580811698655  0.70888713783162083
  0.71912045247813561  0.72947066932359184  0.73979979957279030  0.75092768515912200
  0.76200948465184981  0.77286264374811320  0.78340418449508797  0.79366773052534934
  0.80410179021078976  0.81477873029038783  0.82562377971304335  0.83621349642014575
  0.84647625391343495  0.85643549398921492  0.86611473411374440  0.87594717438967973
  0.88586357846957642  0.89633709173233267  0.90694235592588823  0.91733053099603090
  0.92767802835901336  0.93844195425229460  0.94881292264787520  0.95941977506551723
  0.96966793331700951  0.98005800742880567  0.99028466657258463  1.00000000000000000
   1.1939966748862752E-011  -1.0000000000000000     
 F F F F F F F F F F F F F F F F F F F F F F F F F F F F F F F F F F F F F F F F F F F F F F F F F F F F F F F F F F F F F F F F F F F F F F F F F F F F F F F F F F F F F F F F F F F F F F F F F F F F F F F F F F F F F F F F F F F F F F F F F F F F F F F F
  <DiscreteSampler_grid>
  grouped_processes
  1 # 1 for a reference and 2 for a running grid.
  10 # Attribute 'min_bin_probing_points' of the grid.
  1 # Attribute 'grid_mode' of the grid. 1=='default',2=='initialization'
  0.0000000000000000 # Attribute 'small_contrib_threshold' of the grid.
  0.5000000000000000 # Attribute 'damping_power' of the grid.
 # binID   n_entries weight   weight_sqr   abs_weight
    10   10   3.102819285722355E+001   4.841164993649469E+003   3.102819285722355E+001
    16   10   3.102819285722355E+001   4.841164993649470E+003   3.102819285722355E+001
    22   10   3.102819285722354E+001   4.841164993649468E+003   3.102819285722354E+001
    28   10   3.102819285722354E+001   4.841164993649468E+003   3.102819285722354E+001
  </DiscreteSampler_grid>
