  0.00027979041647093  0.00031118509343123  0.00033320454016295  0.00036454759122816
  0.00039873887003266  0.00044406839876921  0.00057008350575509  0.00089895541947972
  0.00130935712271949  0.00165286082874542  0.00200073572643517  0.00244055964723611
  0.00293098705575314  0.00349090521433433  0.00413818766404410  0.00487146324240991
  0.00568306814827518  0.00661919209643161  0.00771142334139407  0.00893557617544064
  0.01022454023111610  0.01160627359117781  0.01318324564489073  0.01508923667601043
  0.01743433441407721  0.02008289480813510  0.02314297324136283  0.02662476686286238
  0.03041929341298544  0.03447995846606798  0.03919443791689053  0.04451276199083196
  0.04975433756499494  0.05422040619249411  0.05762055509954143  0.06000334577780347
  0.06163667402914640  0.06279203733944491  0.06363957522152029  0.06428454531242819
  0.06479037817402349  0.06520033649439030  0.06554403891692905  0.06583959783992892
  0.06609753645667527  0.06632491521959186  0.06652699362509300  0.06670969499589045
  0.06687848596149809  0.06703512371177589  0.06718275857874309  0.06732329885997065
  0.06745767608486097  0.06758778008661796  0.06771518849951602  0.06784105724155721
  0.06796618557891360  0.06809134461836515  0.06821798909971889  0.06834812829562341
  0.06848286472343144  0.06862285994834849  0.06877085723036175  0.06892757637611630
  0.06909778466591886  0.06928243694851986  0.06948450740991090  0.06970870286606072
  0.06996215985111902  0.07025510111241159  0.07059594924694927  0.07099488876927293
  0.07147481503993584  0.07207183595097547  0.07283094552681414  0.07382589759497568
  0.07518544422617439  0.07709767056156938  0.07981585933558506  0.08374816023629598
  0.08975617898784354  0.09861606446292184  0.11035600082322701  0.12542850348681545
  0.14552394082486783  0.17254364460349966  0.20989354456998083  0.26097224179674100
  0.32843560336945232  0.41614678518707882  0.52039710421320173  0.62047600231433897
  0.70443560059271260  0.78895923667966672  0.90683701065935096  1.00000000000000000
  0.00001352715540226  0.00003934778781788  0.00007491350854058  0.00010999912818200
  0.00014747996093572  0.00019363794040982  0.00025356189926252  0.00032740027041264
  0.00042180451685840  0.00055047162742340  0.00073660541462393  0.00096900597834765
  0.00124255526176507  0.00159278003265248  0.00207484604249188  0.00273335512750609
  0.00359294776874459  0.00467371720364523  0.00612585243910680  0.00817444898357299
  0.01118619658030975  0.01611377624360569  0.02367336397504818  0.03419831471749026
  0.04749661292245781  0.06290710013668198  0.07969586200095738  0.09708353113366536
  0.11481093300209440  0.13284864384259626  0.15111967161773762  0.16927038059411728
  0.18721209596869701  0.20512434922715783  0.22313471693567810  0.24128835361734596
  0.25942703088252944  0.27748594636182172  0.29573695177333043  0.31404105545305555
  0.33229739706495121  0.35056906492472556  0.36862428293848254  0.38660779337593942
  0.40470804150301043  0.42290380663730587  0.44113874469959330  0.45935766165316283
  0.47755067895250880  0.49560122955524399  0.51343770488818263  0.53128199502588491
  0.54911932737728808  0.56703559204747334  0.58519517782223696  0.60343928143936720
  0.62160107028122702  0.63960866948386708  0.65746386349071007  0.67530327242105181
  0.69312473850704626  0.71090986552683155  0.72869788037139593  0.74646859260449472
  0.76406885409284475  0.78153786663124625  0.79884615432666817  0.81603107850534817
  0.83316055403360390  0.85023009719216913  0.86709208639800417  0.88357382051839894
  0.89967866324162671  0.91539446992483231  0.93041083867336127  0.94426355325755296
  0.95674661173565700  0.96742251670093649  0.97605329338265867  0.98271997494058771
  0.98767712986820400  0.99112714627638865  0.99356131791112390  0.99533306104102170
  0.99664103814289751  0.99762169684394608  0.99838753160728355  0.99894794335013337
  0.99928483257220346  0.99946847354917134  0.99958380511373557  0.99967094340644225
  0.99974594054084454  0.99982031269038962  0.99990108521199450  1.00000000000000000
  0.00049573818547762  0.00091435580854006  0.00116113905761471  0.00136968294776694
  0.00157907385681467  0.00180401181770566  0.00205149349757461  0.00232244165019410
  0.00262144255511892  0.00295495630606148  0.00332120656601539  0.00370870931286863
  0.00411901487579769  0.00456503261247537  0.00503685361679928  0.00551958501959704
  0.00600674484878272  0.00649947028785603  0.00699545966321787  0.00750600215557341
  0.00804083480567993  0.00858933911160519  0.00914188394075718  0.00971719787198282
  0.01033345903484435  0.01098924486195404  0.01167001695967390  0.01235719517161426
  0.01305771924331126  0.01377632564369562  0.01451266804445380  0.01526420704556024
  0.01605885732607711  0.01686822146279847  0.01767287684742636  0.01853943880497286
  0.01952825776769897  0.02058697317097956  0.02165998595313316  0.02276285629069218
  0.02388623643075726  0.02503792278751830  0.02624166759612784  0.02750615429209461
  0.02889171653007701  0.03036405246972256  0.03186550739296041  0.03339629858345805
  0.03499921323699482  0.03672605252183308  0.03858023059607755  0.04051448514061046
  0.04249474980194172  0.04459704981875559  0.04683080186019255  0.04922934451976008
  0.05176261771005871  0.05440516172007002  0.05710823418966098  0.05985032512480103
  0.06281982062091222  0.06607150774210444  0.06955204978510049  0.07310797854371516
  0.07676891814694115  0.08059516851212785  0.08464803628784261  0.08901301771935015
  0.09361615157971009  0.09826966515521293  0.10316125466565346  0.10863290497058363
  0.11487851483664185  0.12137527347319482  0.12803757765608059  0.13507095920296189
  0.14307005557635430  0.15189257576727755  0.16129026767492666  0.17137806142628398
  0.18235725995240684  0.19452448713641540  0.20747978304684639  0.22080497735450599
  0.23506216907588645  0.25052999929456554  0.26785966002306599  0.28613370424599999
  0.30503649488976936  0.32521629614777431  0.34747645145617106  0.37307139185594296
  0.40395588983320163  0.44487251084606166  0.53254917894532516  1.00000000000000000
 -0.00178067052991122  0.00682652102186350  0.01601583789446814  0.02508727316090706
  0.03508549786058641  0.04461229677095906  0.05436233481510278  0.06380027884449851
  0.07348727357452292  0.08266264439279847  0.09168064476631234  0.10071380821277715
  0.11000389249442533  0.11935390751417396  0.12856855618949509  0.13743858775547269
  0.14685930591232962  0.15639480078742415  0.16608194799671699  0.17602520040760994
  0.18569975043339196  0.19529330598973776  0.20494388618208526  0.21494443205054098
  0.22468764247435721  0.23426085605260902  0.24397175940335655  0.25384447458982917
  0.26373761549056907  0.27354057347352462  0.28339323488452689  0.29348453854318590
  0.30351565058773750  0.31334242270246476  0.32331151992683915  0.33371452793796297
  0.34441766788472483  0.35508876360741176  0.36579566576745987  0.37648648168843768
  0.38668091930594922  0.39708187402692258  0.40791174943525343  0.41897743212144117
  0.42947599494308025  0.43997123586430964  0.45074259060283628  0.46194790253886664
  0.47320280450800012  0.48432953474280055  0.49548502732246030  0.50669157677679710
  0.51820299100530798  0.52993233225697256  0.54168895835783271  0.55284017456728063
  0.56347403583120992  0.57384472048391055  0.58461563157988627  0.59582343173671171
  0.60738797157897917  0.61904836085646442  0.63045117378576010  0.64167218512231783
  0.65272814394680934  0.66399108407416751  0.67518965881498227  0.68662287543137013
  0.69788951417244105  0.70933783706492703  0.72096340931071989  0.73252166378932748
  0.74399979755464718  0.75531084161324080  0.76637905744228307  0.77759511637110756
  0.78879155572682957  0.80021919480334935  0.81178753823016969  0.82366645157876595
  0.83553985903521766  0.84695542919180322  0.85801695831850133  0.86904340068222685
  0.88042621892438566  0.89194605037444930  0.90326334787858531  0.91436696438776344
  0.92514504135902031  0.93562390440538279  0.94578411363715398  0.95597010776692393
  0.96547796018258780  0.97819812357896896  0.98926566731615728  1.00000000000000000
 -0.00240176798844687  0.00975486172449953  0.01936542511904073  0.02994668915871531
  0.04032466646499865  0.05092286144233150  0.06129538010475588  0.07162318060164821
  0.08217751719503770  0.09212827494726045  0.10223280839183303  0.11217687082979125
  0.12299079897940692  0.13386685172705828  0.14445665267591890  0.15532771734224157
  0.16631945778558285  0.17728682875836332  0.18733794915924068  0.19764467863675936
  0.20791466850984491  0.21861649140534994  0.22942890372211819  0.24005041033457641
  0.25096897351083280  0.26178413269279255  0.27208725163831116  0.28228092026194279
  0.29284439049412037  0.30360710063853880  0.31436192288202730  0.32490727467123476
  0.33558044072611681  0.34607597137493751  0.35658677649199788  0.36692401495817589
  0.37740226316341891  0.38780759048526325  0.39808150356038641  0.40789206742599432
  0.41721687601516244  0.42695971980106834  0.43727929918879660  0.44830793509689199
  0.45916899682228357  0.47005626258949612  0.48102338788921112  0.49238026646591215
  0.50401144540818232  0.51460010012711466  0.52510848052761949  0.53475505263952017
  0.54472979774630870  0.55491488087879703  0.56588650645020899  0.57656673038038819
  0.58735138234724560  0.59804344243573482  0.60886031481863379  0.61966591940577787
  0.63025455050844192  0.64046338581384565  0.65037224706413899  0.66018207291593434
  0.67053190784438843  0.68088532681916247  0.69125424315956241  0.70177517753809937
  0.71235319052885715  0.72343668090220581  0.73427497988967416  0.74493759055402309
  0.75563013965325598  0.76634593623700864  0.77656682821020540  0.78676849048182473
  0.79712398347019831  0.80804909664753277  0.81888409660417183  0.82982192479715344
  0.84064593563834500  0.85116211056064528  0.86145070072275509  0.87183033588035475
  0.88275664212950411  0.89341165769802844  0.90424787525746697  0.91484960371139790
  0.92578370871125026  0.93672921004202003  0.94769112427923918  0.95802362422082876
  0.96845884706286733  0.97904073135364422  0.98886714787566221  1.00000000000000000
 -0.00192604356853084  0.00769717669784579  0.01680810031035856  0.02618237722893009
  0.03638704302324787  0.04612424896276067  0.05592890998632176  0.06509128920335056
  0.07425584571768543  0.08363908942272037  0.09301418927187302  0.10231410839281353
  0.11184864076010322  0.12161355041024334  0.13132659119914425  0.14112539719563563
  0.15103786344336201  0.16119364887729121  0.17062507724782908  0.17995541792920597
  0.18923952241846620  0.19894976783872914  0.20905125431601335  0.21925835095006638
  0.22948694324598679  0.23965066550329289  0.24963883587299904  0.25947447900379467
  0.26942201940557470  0.27963096268770099  0.29009591030941811  0.30041753739630384
  0.31068494485728798  0.32114456847161388  0.33165382692992879  0.34225707701930336
  0.35296005725629281  0.36386616789781390  0.37456388135243490  0.38448028502291959
  0.39431417430830168  0.40441028844442728  0.41522449530358940  0.42612189307259152
  0.43703909073430752  0.44783490523375646  0.45871061508341487  0.46965632282126923
  0.48071034200282675  0.49178949658401350  0.50280852503469231  0.51375420889259971
  0.52481519999524795  0.53610175647066394  0.54726301893626517  0.55846452694679150
  0.56976578587426219  0.58105314935129282  0.59215271969392735  0.60323884381702308
  0.61430625102066361  0.62538223166394913  0.63648207022200642  0.64775233511253094
  0.65930409807737167  0.67052101793430108  0.68156622969921654  0.69260383687953475
  0.70363917136072873  0.71490743671313728  0.72605143469436706  0.73723035627949696
  0.74854194249434414  0.76000638723706826  0.77149587761034577  0.78277077411959417
  0.79366290549466068  0.80440479548014265  0.81519066381625360  0.82597338857426306
  0.83655614853029225  0.84703040945944497  0.85720175137345900  0.86723468730919662
  0.87723218809138881  0.88821307700878394  0.89908711378313355  0.90935382171569579
  0.91994062620971195  0.93078185610841924  0.94225866068742681  0.95329954760101776
  0.96474694462805322  0.97656266065794539  0.98846375190551983  1.00000000000000000
 -0.00219846345194424  0.00877179632921302  0.01907345840925774  0.02899861938188466
  0.03935447671144097  0.05005732460773456  0.06033558051512117  0.07051856191789771
  0.08103341188576448  0.09154382282180497  0.10174912063401011  0.11199563571266188
  0.12193773014237391  0.13318304923588906  0.14433738499676760  0.15505434024524842
  0.16587180796535500  0.17655352891082177  0.18722557534303141  0.19781030933411975
  0.20795285962585239  0.21847560362270982  0.22895707578079891  0.23961317412355673
  0.25037009567533847  0.26117912128305221  0.27209912098872530  0.28302091803284707
  0.29410465390662266  0.30499787024836511  0.31583872970854909  0.32665798298246834
  0.33744251753467086  0.34812909151756966  0.35863682126379570  0.36907363461012727
  0.37949257834374744  0.39018825539458746  0.40113185767779730  0.41207518215406630
  0.42271154056472338  0.43331943660031319  0.44391384087225394  0.45443986405602260
  0.46529791848447916  0.47568560234926927  0.48608227848164515  0.49615571683227366
  0.50663960444518763  0.51748918360520357  0.52824932308486838  0.53935231999120370
  0.54973614835098805  0.56014825848913374  0.57052636120664924  0.58121761511498393
  0.59217197006144773  0.60326305383449530  0.61452195267369236  0.62578488269574972
  0.63666990700329007  0.64722322771954743  0.65738764230463009  0.66752886221581698
  0.67763861171743622  0.68801751835840685  0.69809401571412300  0.70839674281274545
  0.71870600431672016  0.72917062852412662  0.73965494942765930  0.75017660986384516
  0.76047321637988030  0.77073347491689259  0.78106161463328316  0.79162497022031553
  0.80264479422728141  0.81308202656561446  0.82337302984867700  0.83317472718826191
  0.84323145390098653  0.85359331100242863  0.86425019571030037  0.87448882927756533
  0.88476630813871715  0.89547913486660025  0.90644546886836797  0.91741123242947242
  0.92819506748453817  0.93892380329928060  0.94923011278868152  0.95977476334594547
  0.96989714259708770  0.97985351101936491  0.99000188820229529  1.00000000000000000
 -0.00214334017176698  0.00877202878591698  0.01904580461061530  0.02899458899492952
  0.03974019569723665  0.04999430390125170  0.06026550778522768  0.07044510575867532
  0.08061234048715589  0.09058422812069850  0.10032924315827624  0.11061090425305663
  0.12137061441365735  0.13230909354222509  0.14312623686901416  0.15374573019193435
  0.16435672177455174  0.17506647825678417  0.18586987018523229  0.19615151713137474
  0.20630904113545728  0.21630407087160908  0.22680518223495930  0.23734936670467138
  0.24799147852058709  0.25881410778841019  0.26974833347261251  0.28061301735402500
  0.29133168193540177  0.30213426420752104  0.31261241572054738  0.32296377975536650
  0.33334789469103954  0.34392837418470351  0.35484439496720277  0.36558118682333407
  0.37619821483953769  0.38645488458792593  0.39632475998230515  0.40640218572492720
  0.41678341454321727  0.42770189121109847  0.43881578176742492  0.45002943382461630
  0.46109651152044567  0.47195903520437765  0.48247842420238618  0.49304932383334887
  0.50358694427515938  0.51424524934841664  0.52479822810734567  0.53500178405651133
  0.54525594733711913  0.55552563276192168  0.56645885488309411  0.57743703275775149
  0.58824349849839264  0.59902323114384892  0.60970954807960542  0.62022809012704105
  0.63077834564624979  0.64128331709887321  0.65200896958681243  0.66304024543802376
  0.67393970890716004  0.68443133494711583  0.69482665684916201  0.70514568853482384
  0.71590921612624348  0.72677610398975501  0.73771401312363272  0.74840921189856002
  0.75898867103485845  0.76959907236658420  0.78037652099582189  0.79102916998281747
  0.80137730227584847  0.81154056859007084  0.82190338439129362  0.83244624244670873
  0.84290141184707190  0.85343363728253352  0.86398407040525538  0.87486053375600648
  0.88587755965749704  0.89683641160563599  0.90764556889828052  0.91845705475724204
  0.92915044686468629  0.93994968583600869  0.95053218916061355  0.96125961699728857
  0.97138989558682498  0.98095092213447077  0.99064554578781938  1.00000000000000000
   1.2151387309119562E-011  -1.0000000000000000     
 F F F F F F F F F F F F F F F F F F F F F F F F F F F F F F F F F F F F F F F F F F F F F F F F F F F F F F F F F F F F F F F F F F F F F F F F F F F F F F F F F F F F F F F F F F F F F F F F F F F F F F F F F F F F F F F F F F F F F F F F F F F F F F F F
  <DiscreteSampler_grid>
  grouped_processes
  1 # 1 for a reference and 2 for a running grid.
  10 # Attribute 'min_bin_probing_points' of the grid.
  1 # Attribute 'grid_mode' of the grid. 1=='default',2=='initialization'
  0.0000000000000000 # Attribute 'small_contrib_threshold' of the grid.
  0.5000000000000000 # Attribute 'damping_power' of the grid.
 # binID   n_entries weight   weight_sqr   abs_weight
    10   10   6.778102903420864E-001   3.522876342676232E+000   6.778102903420864E-001
    16   10   6.778102903420864E-001   3.522876342676232E+000   6.778102903420864E-001
    22   10   6.778102903420864E-001   3.522876342676232E+000   6.778102903420864E-001
    28   10   6.778102903420864E-001   3.522876342676232E+000   6.778102903420864E-001
  </DiscreteSampler_grid>
