  0.00919848191936814  0.01615292175537615  0.02595311609196799  0.03593244971707052
  0.04568429330147661  0.05538467626834831  0.06502997788580475  0.07407361817809413
  0.08332575766491356  0.09294337860971819  0.10276465506606178  0.11255877747695121
  0.12284475509474722  0.13418407640253280  0.14631852114470589  0.15810538536230725
  0.16951025650074114  0.18020089226473837  0.19044357353005595  0.20065209767547715
  0.21077181760836877  0.22060949954418721  0.22981703232993556  0.23876284464202127
  0.24760823392791739  0.25632408251361150  0.26522360378516652  0.27453143204815361
  0.28447493587343048  0.29430919409136896  0.30384954637325123  0.31346851731368047
  0.32404619832321752  0.33497112436419180  0.34554123677089160  0.35659538021083859
  0.36836219913389084  0.37982525372848835  0.39053950739426124  0.40098862742361191
  0.41140791993581843  0.42184097836176560  0.43223128430798774  0.44272330234122992
  0.45327160711232950  0.46365573205087185  0.47377902386556647  0.48408578807255803
  0.49463782786723243  0.50569727805243569  0.51646905058289905  0.52792112398893609
  0.53934332000064422  0.54998239611277866  0.56014021481167964  0.57013692198230692
  0.58024802317346569  0.59051142330557893  0.60070229536434783  0.61150007331699707
  0.62292586100594827  0.63513440872515614  0.64714668133591957  0.65841955206622538
  0.66899705625189898  0.67891369056273010  0.68894695001349804  0.69919891869090234
  0.70944095041945587  0.71949014362917674  0.72980883815998188  0.74107848311966307
  0.75229846737953243  0.76280981820290816  0.77346635355990367  0.78436067133815657
  0.79536230789809714  0.80645312993737750  0.81769091163251140  0.82848373897349481
  0.83924431916725728  0.84981909658726240  0.86036945493244554  0.87005817942094454
  0.87979282619597743  0.88968452064102532  0.90013783663364422  0.91082049666778186
  0.92154937137568815  0.93209244321691287  0.94305155618679759  0.95407155961625678
  0.96499363796818083  0.97610973919775790  0.98751492470293367  1.00000000000000000
  0.00940146085983813  0.01544488744173576  0.02485435080412971  0.03614298287535848
  0.04686912036612320  0.05717607006866990  0.06753291429283347  0.07749354876754679
  0.08700200862173214  0.09613461574480124  0.10550084302626676  0.11584736692578725
  0.12655139846083169  0.13719822193596218  0.14766630988211391  0.15821255141030280
  0.16897427559022582  0.17994317899449827  0.19165253055307269  0.20406514777807860
  0.21613930462503647  0.22785489625840391  0.23916820064956637  0.24988148260838111
  0.25926674471575317  0.26841090002391388  0.27846171166065997  0.28869685850366261
  0.29934915995108080  0.31004484030165191  0.31958948282983368  0.32867262800071700
  0.33791366104760140  0.34695343975046894  0.35607579583094984  0.36521570412824089
  0.37468763694635421  0.38498245026096489  0.39598155347016062  0.40697666566686908
  0.41830395038598572  0.43021690876729729  0.44251962573375103  0.45495732471972722
  0.46753790538561274  0.47926452694875865  0.49084853038437348  0.50207209325033975
  0.51329409310573659  0.52397813143843552  0.53439706240692819  0.54436145193958818
  0.55409999051965642  0.56387519843707978  0.57396671464114812  0.58387407261876756
  0.59427714478552385  0.60475404101465979  0.61648342742480300  0.62799879657922808
  0.63885784483437302  0.64913911425541637  0.65864292216980180  0.66795682753544394
  0.67710699429752985  0.68639178346273821  0.69631698317914892  0.70598970856810639
  0.71677826566198322  0.72804412343746294  0.73880006664626707  0.74917074752784307
  0.75982780770037472  0.77038103860377427  0.78059162610481803  0.79065112830994677
  0.80087347032927114  0.81107930863840505  0.82052673531597731  0.82941631460101251
  0.83834596630745439  0.84757704655838317  0.85729086478590710  0.86762158748342544
  0.87867378690383546  0.89098892753210956  0.90287122999295510  0.91424221519067328
  0.92449181595572438  0.93452800927420376  0.94478302017860094  0.95508623323265029
  0.96522616113886828  0.97559274228253967  0.98716294109065361  1.00000000000000000
  0.05750581868387168  0.05804205170935015  0.05993286006620286  0.06222346224012783
  0.06497333358423069  0.06889262935842186  0.07265735840362887  0.07636044299179734
  0.08019274417524883  0.08409245850257216  0.08808725361935892  0.09211188569550352
  0.09620085296718885  0.10051523775745590  0.10484215613130235  0.10918479683589621
  0.11371773397911675  0.11829604737585407  0.12292245350515768  0.12780212986892789
  0.13293240193282871  0.13843998404662308  0.14293393738422902  0.14658972114843638
  0.14881706806288170  0.14991241357787871  0.15114162231010009  0.15233533031216506
  0.15449197104590551  0.15689095891540375  0.15925919022888380  0.16167153717747895
  0.16409755243457524  0.16651838055222901  0.16893232597520913  0.17136739734157980
  0.17382306955133581  0.17626949774968023  0.17869633792491310  0.18111576366021892
  0.18354959303866153  0.18600346683956201  0.18851252631589149  0.19108385962305946
  0.19369226225022021  0.19634623584973243  0.19902851140578065  0.20174655376756628
  0.20448351713858351  0.20725095976136829  0.21005754342050731  0.21291863262983821
  0.21583401066801619  0.21877411728619126  0.22173297410264139  0.22469945408943931
  0.22769686655018373  0.23076477477011054  0.23389694979475642  0.23704939430183763
  0.24021628119978303  0.24340666165237757  0.24663969125819438  0.24994513987173086
  0.25333569193917915  0.25679332151882478  0.26030344502551539  0.26388238707352019
  0.26753252466193767  0.27129267085550590  0.27513963420155674  0.27906522374183129
  0.28306124678285383  0.28717288562919602  0.29143087987428101  0.29587182981551469
  0.30044555874710283  0.30512389724284122  0.30997472534943943  0.31511154343692832
  0.32055152216285449  0.32628353339975663  0.33233545347125243  0.33878495672741554
  0.34571175410725896  0.35331500312890873  0.36170156035285789  0.37111902794496021
  0.38192572553204290  0.39443413874905420  0.40955181845940325  0.42831513497731044
  0.45526657810860821  0.49873665093268188  0.58558532560227627  1.00000000000000000
 -0.00241291264005173  0.01036878032773893  0.02023048699466172  0.03189488876332111
  0.04335441532248501  0.05493211483971245  0.06657659031223452  0.07897225000366359
  0.09066479177471808  0.10223015062274103  0.11436914439795816  0.12715741660561086
  0.13855479680847033  0.14951684030494214  0.15997437175347046  0.17032997360882404
  0.18046819432034167  0.19063282625560318  0.20111541620213377  0.21153160831448892
  0.22195736755067844  0.23241239809071162  0.24258896777194527  0.25274182312714283
  0.26306705143380466  0.27349976859527736  0.28412036061377999  0.29484797294133613
  0.30625688250710448  0.31752548503037226  0.32880082860055793  0.33994535901112694
  0.35077402313031875  0.36144246597962870  0.37158273555283422  0.38099548583395948
  0.38988032077715434  0.39906082329478842  0.40829642004696981  0.41778105029226759
  0.42697479764232821  0.43615234240278872  0.44669597090082502  0.45791987758159153
  0.46863018605149070  0.47951604424889777  0.48953627377505876  0.49931449162066671
  0.50864564856043482  0.51777038179113077  0.52676995044634733  0.53564019895912596
  0.54432199063345921  0.55315251285903067  0.56205933101423045  0.57132535881070257
  0.58033462631205568  0.58938059496868511  0.59859655836756975  0.60816679699654708
  0.61802588850534967  0.62762588562661725  0.63773793574247017  0.64769017750970470
  0.65754867176496479  0.66739157221920720  0.67677487813270776  0.68611508448760183
  0.69581941572040618  0.70575091357171860  0.71651176585934262  0.72772503055305859
  0.73903794574035853  0.75021145588717097  0.76135892950106066  0.77211145193612463
  0.78249040548200266  0.79243239476291627  0.80217452255633226  0.81229272341038705
  0.82253039287696605  0.83241693460520783  0.84302213226133915  0.85357997768095739
  0.86449411861219916  0.87515392219077082  0.88564340800049024  0.89623270238681441
  0.90723035636866189  0.91899536427027662  0.93237370354228166  0.94535525607201254
  0.95865411228083042  0.97248496210754842  0.98642317319336537  1.00000000000000000
 -0.00296666521619913  0.01057460762271306  0.02277809574397321  0.03505404976295807
  0.04764569509057127  0.05954514844933102  0.07049222233674858  0.08104320854457903
  0.09169779249850649  0.10239740570098449  0.11266378131030905  0.12301088838778287
  0.13373326244224767  0.14445292758596448  0.15502030971307876  0.16631023594771061
  0.17841981815647920  0.19045477820571435  0.20168686964506707  0.21206970342585668
  0.22203748151081548  0.23207992182352358  0.24223003859088454  0.25228804105715613
  0.26193439919435291  0.27160728739945506  0.28172770301621664  0.29221608378598873
  0.30271433737929798  0.31324386709334873  0.32377618539852548  0.33419890310669115
  0.34439117492093974  0.35486910129855331  0.36552943652546793  0.37590580129828249
  0.38594389108420030  0.39577537269889168  0.40556699379183114  0.41540904484699165
  0.42549565731926914  0.43603363435306342  0.44690608504156865  0.45770580873415251
  0.46824415462438485  0.47894360688304949  0.49030352766634361  0.50199995649757811
  0.51310925592094658  0.52412403832104215  0.53519410461717032  0.54605875193127806
  0.55639896599892913  0.56608820264336157  0.57539606770161922  0.58470985213814786
  0.59385780737352134  0.60322028781529546  0.61289998568385251  0.62306597501280458
  0.63377075422764884  0.64531293940132672  0.65704049125924546  0.66926091141751543
  0.68157390736808843  0.69353732992106731  0.70489788724245916  0.71596661010952778
  0.72687505789010831  0.73735618969738892  0.74744010062512456  0.75700210501174015
  0.76618265246450090  0.77515220274299534  0.78431027933631203  0.79376632900722677
  0.80305899756270205  0.81212088766430990  0.82201745804931692  0.83222785136527122
  0.84202562766137501  0.85177504550958738  0.86189507062889836  0.87257296208351598
  0.88198163226765991  0.89126109732781955  0.90027182608128908  0.90973059584511207
  0.91944967133052646  0.92958232818466546  0.94034152420186945  0.95228450347062243
  0.96439715086745692  0.97622515405389076  0.98776120765093434  1.00000000000000000
 -0.00281413603491314  0.01168189134981908  0.02399233762118472  0.03650639830267583
  0.04944831578767904  0.06192110160640092  0.07562103349401296  0.08872766530641717
  0.10217679092808558  0.11363582553160906  0.12474223782149879  0.13470351446787066
  0.14436072374210565  0.15349998873948179  0.16308961914559891  0.17319846798142571
  0.18338026049460962  0.19377304819248231  0.20451558356198440  0.21512004597086282
  0.22556665524511957  0.23605777566640976  0.24674255676328744  0.25779311334709976
  0.26847568038131031  0.28003431432611914  0.29154264807663022  0.30223748060124728
  0.31264443715648077  0.32320305138099253  0.33376708372663560  0.34444958188561658
  0.35503066940416134  0.36563726817792358  0.37576688097349753  0.38490658501930658
  0.39372370015289770  0.40264964034292228  0.41181871759786842  0.42130601082469737
  0.43120524947582617  0.44079079908891539  0.45003714498986991  0.45942987116360845
  0.46876363529140358  0.47788372509641264  0.48728913778682337  0.49700645120597348
  0.50819915172003916  0.51980032501888407  0.53065764468239751  0.54099697774057975
  0.55096398610506980  0.56096954021460832  0.57114210381366570  0.58163065226872213
  0.59219224205606691  0.60311964298834941  0.61443214359738396  0.62605660737384095
  0.63761852655191553  0.64842080193663421  0.65854703887342991  0.66874108160764811
  0.67910230130588056  0.68940941954951385  0.69959945039924987  0.70992481421286557
  0.72078198456853937  0.73149702386221771  0.74276492692558616  0.75412626288997486
  0.76544841396942209  0.77594176330718179  0.78491309517594088  0.79358909096843888
  0.80199978772723612  0.81084786516151963  0.82022731312193764  0.82990982277200742
  0.83993586098456741  0.85037646061020378  0.86098519314762745  0.87167503421517389
  0.88190426263325694  0.89167370143404012  0.90138345915355067  0.91125935539881409
  0.92172792674881054  0.93260191201974618  0.94386558807216048  0.95485738272720710
  0.96641659690867165  0.97789338258180913  0.98909375702667512  1.00000000000000000
 -0.00321428866240298  0.01163221527033532  0.02367843129812919  0.03599234758838690
  0.04675860223849487  0.05728586134540006  0.06799826868142728  0.07844310510190557
  0.08890478802002214  0.09917421928479904  0.10942392577469698  0.11982481837298629
  0.13007379191425048  0.14071031697640815  0.15047498963723563  0.15986272954378811
  0.16939881524195563  0.17949884396823343  0.18919301910385841  0.19876846890826558
  0.20865537670617301  0.21947678621662808  0.23077569500363898  0.24040457692960418
  0.24987595014193811  0.25891402722544138  0.26783181571151654  0.27675218397261847
  0.28544127225082572  0.29458032857170063  0.30435549378788179  0.31435582316067412
  0.32464335931879290  0.33523056748900032  0.34577329976267462  0.35620248449987379
  0.36649040267610694  0.37651059419233979  0.38635351254825623  0.39608689236895200
  0.40606255337521052  0.41644124436576557  0.42701369453611160  0.43770268040213478
  0.44826852176303955  0.45878859236239927  0.46942358405780749  0.48012916158144492
  0.49093904036887787  0.50170952916017564  0.51233528202115985  0.52264498876867027
  0.53263352998459390  0.54248122392553610  0.55256739747424999  0.56305465188031378
  0.57356807309795010  0.58420932674096615  0.59507128205321858  0.60596023499585361
  0.61711925249486954  0.62843434217650307  0.63996249490398671  0.65161928763622390
  0.66332431650192747  0.67498136366575223  0.68619742380357140  0.69627994147803185
  0.70555120344427802  0.71497906275451351  0.72449957866624859  0.73410915469458993
  0.74405895492483265  0.75530890992624822  0.76729752627118608  0.77855480208167260
  0.78924734227795623  0.80009531931089106  0.81065403531581193  0.82061829347738968
  0.83052069917032689  0.84067779570051315  0.85084934954416824  0.86102555670379566
  0.87159066306886901  0.88268277077580237  0.89413450193595567  0.90585184124045748
  0.91768961842087404  0.92939791429918384  0.94125793206356312  0.95314365815276914
  0.96466029628280325  0.97593597715469349  0.98760622621441529  1.00000000000000000
 -0.00265102268398964  0.01036888588551660  0.02151838789547341  0.03266832174937288
  0.04367527682300605  0.05470344891810577  0.06553661448057703  0.07567951569555535
  0.08648484431193391  0.09792493646633271  0.10960468165760638  0.12113751134217335
  0.13251259338650356  0.14411929987126357  0.15512920359333729  0.16594115704124135
  0.17624302639074516  0.18672726440136883  0.19753821307218283  0.20832154577428638
  0.21919029253258118  0.23042049792609018  0.24198463965546008  0.25335571056867318
  0.26398097136564130  0.27404025940901067  0.28386449978612516  0.29392297242613774
  0.30421319178213985  0.31466635828024436  0.32551815980742216  0.33671610632115440
  0.34803779603595203  0.35871825666546531  0.36863361548991985  0.37859681324624839
  0.38896251251988451  0.39948095489576280  0.41007135573951153  0.42041497925940696
  0.43054403470351316  0.44084026926391828  0.45135559139552334  0.46194124368963052
  0.47242440223819304  0.48336686153672759  0.49481200664754360  0.50588229171995414
  0.51647443987333275  0.52660923002440707  0.53626796768648943  0.54581182901469549
  0.55519203906613956  0.56501862397161906  0.57542375987071792  0.58614934103405836
  0.59706713549711954  0.60827447646652655  0.62002694883076748  0.63106421958602388
  0.64129792385860307  0.65154207025384869  0.66197419184282025  0.67213743361986278
  0.68202882125373854  0.69226318697015798  0.70298218736396634  0.71385493009172252
  0.72456847993939366  0.73488051562401069  0.74504355887503848  0.75449729329888859
  0.76357533530214150  0.77253914686537872  0.78135196157966591  0.79009195212279004
  0.79935580014648633  0.80904544935487654  0.81945228333158371  0.83006536043294399
  0.84010983251258997  0.84972960796477492  0.85916898303500544  0.86832794130036084
  0.87766205759132820  0.88769086662714680  0.89828244147246195  0.90952256035071910
  0.92082610655734920  0.93215432981021706  0.94368740605639356  0.95521303801218593
  0.96661469827938484  0.97790438081329123  0.98916488692010751  1.00000000000000000
   2.2249286300741958E-008  -1.0000000000000000     
 F F F F F F F F F F F F F F F F F F F F F F F F F F F F F F F F F F F F F F F F F F F F F F F F F F F F F F F F F F F F F F F F F F F F F F F F F F F F F F F F F F F F F F F F F F F F F F F F F F F F F F F F F F F F F F F F F F F F F F F F F F F F F F F F
  <DiscreteSampler_grid>
  grouped_processes
  1 # 1 for a reference and 2 for a running grid.
  10 # Attribute 'min_bin_probing_points' of the grid.
  1 # Attribute 'grid_mode' of the grid. 1=='default',2=='initialization'
  0.0000000000000000 # Attribute 'small_contrib_threshold' of the grid.
  0.5000000000000000 # Attribute 'damping_power' of the grid.
 # binID   n_entries weight   weight_sqr   abs_weight
    10   10   3.275251254103139E+004   2.715796010100353E+009   3.275251254103139E+004
    16   10   3.275251254103138E+004   2.715796010100352E+009   3.275251254103138E+004
  </DiscreteSampler_grid>
