  0.00932576939914766  0.01552614663040771  0.02518610652482966  0.03669501150388064
  0.04753967578008232  0.05839313516075163  0.06959060083631813  0.08133782077243606
  0.09295936573179686  0.10463290105010148  0.11638353782995198  0.12756191484953230
  0.13724590271927223  0.14691074218441907  0.15627247682590475  0.16568569047019974
  0.17505619357374733  0.18443373412757696  0.19463237970233258  0.20571143572636513
  0.21719304795741809  0.22904697791706785  0.23965562698683021  0.25055844198225985
  0.26108209303507540  0.27152488485998777  0.28206229969517904  0.29303128155271807
  0.30446552013993955  0.31522966505460442  0.32546749228649230  0.33560702079179855
  0.34601307058180975  0.35679093358413672  0.36774175482330995  0.37854785802373758
  0.38934427213924433  0.40012456129782631  0.41151975373740951  0.42285460240293860
  0.43389586309171946  0.44445526611577041  0.45536441229551627  0.46573012740441783
  0.47593321813241518  0.48636917249632944  0.49711710475033971  0.50778865415143526
  0.51881013202151594  0.52974151125679925  0.54042729327623307  0.55065265055978996
  0.56042684802118958  0.57011098441753227  0.57968217419370716  0.58953059291311982
  0.59961390919088353  0.61022859153370845  0.62119961110563560  0.63215728938905347
  0.64271772905744851  0.65385609655231625  0.66473941152437699  0.67507164431156297
  0.68537928296802031  0.69612861700664119  0.70674536880234573  0.71695456523221357
  0.72731285214836039  0.73861088061701385  0.75027062845288528  0.76129555480802469
  0.77165228828105747  0.78164220101992998  0.79166876412143727  0.80175779100689104
  0.81173287313610798  0.82187146752979889  0.83183175443910240  0.84153738823811564
  0.85107931639197931  0.86089033112998259  0.87068491161354233  0.88049943545808318
  0.89005329068275441  0.90029929620724281  0.91048857642762715  0.92122500457730438
  0.93187304918472325  0.94231844567804035  0.95264247322001760  0.96293214861744436
  0.97297191014175888  0.98260308769223059  0.99125875214280845  1.00000000000000000
  0.00887398452333896  0.01705840867973032  0.02789407788742905  0.03963707665073234
  0.04996270976609048  0.06082377227098923  0.07102326862404726  0.08114153721543323
  0.09064835449372192  0.10001977338065150  0.10967103903839849  0.11920547588423307
  0.12898123639241496  0.13883114639534730  0.14900217775270372  0.15976307453642608
  0.16976480168538369  0.17883173065571606  0.18803061834044635  0.19744138698178595
  0.20688719895017399  0.21641768427886166  0.22618872714620844  0.23648024699185283
  0.24708859277221404  0.25763867982044025  0.26796818834372033  0.27810682769698347
  0.28837317468210827  0.29908368632143645  0.30973979262958895  0.32039238459281666
  0.33110741100978869  0.34201413709374884  0.35280812303265574  0.36340269539099024
  0.37388089723515300  0.38455645509647468  0.39534811440166023  0.40600347802815206
  0.41664241635974580  0.42763047492350253  0.43865583745074815  0.44889740959691787
  0.45866957418024923  0.46834495165115964  0.47827660501940811  0.48875409436675643
  0.49956532372712137  0.51066255790619763  0.52178306949195874  0.53242701830865624
  0.54270812281041947  0.55288183080881714  0.56353608830096447  0.57503777568785885
  0.58612084868887659  0.59650927145158927  0.60654024175888022  0.61642305355624327
  0.62594696180665998  0.63528346064105901  0.64505177064975083  0.65577701596730598
  0.66714899026043895  0.67803441269187847  0.68884123266970987  0.69938766666148344
  0.71022237615929873  0.72054745394698549  0.73063067679060789  0.74068303620842713
  0.75113734524444953  0.76211639480854554  0.77304118356983209  0.78363123783280264
  0.79411650357143793  0.80452965784038999  0.81492955619336427  0.82521508074110250
  0.83528360002025648  0.84513184901590677  0.85490780021125701  0.86452368275295566
  0.87413081683302407  0.88400878548231077  0.89440478592102601  0.90580939038606012
  0.91758135334334412  0.92922886099448443  0.94051648502974816  0.95120393538386017
  0.96168238098159120  0.97169503981548355  0.98165265091304721  1.00000000000000000
  0.05675249536658134  0.05936881295649376  0.06225148693795709  0.06548049036557212
  0.06883273871455994  0.07231146231424435  0.07609499268854890  0.07988739647050366
  0.08368917547638226  0.08761888892523635  0.09159785585896028  0.09564005706140376
  0.09976043205122047  0.10397684933108803  0.10837776852073339  0.11279852684095258
  0.11725471635042259  0.12180297574389332  0.12634922098082826  0.13098011844152047
  0.13593664539634226  0.14144672930736099  0.14637047682249746  0.14865742515340744
  0.14947882492091036  0.15073174203816700  0.15189459860591298  0.15369536061240882
  0.15614834812296829  0.15854733144799349  0.16094336996175065  0.16334745212429364
  0.16572320753687325  0.16812086646496524  0.17050806272501970  0.17291440972781028
  0.17532486358430407  0.17774100048215388  0.18016163935108029  0.18260172742344580
  0.18507267917672898  0.18758022626872459  0.19011505253421676  0.19268308623406863
  0.19527284127628358  0.19787530006966483  0.20049927333436993  0.20315998979466560
  0.20585549481759274  0.20859988530709631  0.21137349234081157  0.21416954500514432
  0.21699324198844602  0.21986741927428663  0.22273854163756970  0.22565451575100881
  0.22862256412377124  0.23168029032260518  0.23480433991397937  0.23795625568419304
  0.24115961375941550  0.24441605619712278  0.24771049397184058  0.25106321803556680
  0.25446785130576111  0.25791988881327943  0.26142856260590103  0.26500661113942536
  0.26865237158733513  0.27236084996059001  0.27616428728940740  0.28004669060695070
  0.28405394683862301  0.28818317299100610  0.29245231385449116  0.29684391194408311
  0.30142196217768175  0.30615197506119651  0.31111724297165538  0.31632789990051469
  0.32178934783926422  0.32749558237267240  0.33351601056090274  0.33995200159769251
  0.34688891863026572  0.35442713493242839  0.36281206491959778  0.37220373409737650
  0.38283540262380067  0.39506137259539675  0.41010416754993151  0.42865827672178214
  0.45528632412718045  0.49823384290018563  0.58376729299518959  1.00000000000000000
 -0.00309102790879881  0.01210198434433792  0.02452793280950696  0.03711943304436801
  0.04976233429755926  0.06277277653489248  0.07540475887673252  0.08800972219735256
  0.10030032994815222  0.11214510728536477  0.12386190345375368  0.13598320258667693
  0.14783076123954070  0.15873565271440021  0.16931224905970294  0.17972948593916149
  0.19004330788803353  0.20035279725465535  0.21088390275171676  0.22219044930560056
  0.23295289150964857  0.24330584772154398  0.25385623156365800  0.26465308938210080
  0.27488518669795842  0.28436330506625307  0.29398879850288950  0.30394532208793396
  0.31382702114286437  0.32355897845463033  0.33311550696907460  0.34272128877757574
  0.35234016640401788  0.36145232732578081  0.37025399008571769  0.37905397142669356
  0.38795920719406646  0.39686462097141795  0.40561650301533636  0.41439889466576646
  0.42417096435253204  0.43444669123568042  0.44409293702304481  0.45353287370987272
  0.46359986089232896  0.47347442282927638  0.48308747580189443  0.49239007687423414
  0.50238603319185238  0.51345822817818909  0.52474169191268027  0.53599493134492160
  0.54669747289106252  0.55700274989011034  0.56724948199252290  0.57754098051362135
  0.58794701827262297  0.59819206723104390  0.60866563016263076  0.61932238294131448
  0.63047406138117634  0.64174094205609722  0.65248693729277418  0.66283566501739921
  0.67309590705600142  0.68325666377948113  0.69323523940589160  0.70260394507861668
  0.71242133955326004  0.72232263190508528  0.73243025305022424  0.74264136899537680
  0.75308811425927169  0.76411176835888706  0.77564440824790326  0.78739147889155447
  0.79917043850684144  0.81082526097157681  0.82218656145325908  0.83300573682745960
  0.84290680527653716  0.85236618734168768  0.86167878066496084  0.87086941729365241
  0.88006101417813443  0.88939549250503636  0.89877511461822646  0.90863152646193113
  0.91872056854814599  0.92950019244669269  0.94047269347814899  0.95191462327384990
  0.96364810446795446  0.97573671221355773  0.98798837946892915  1.00000000000000000
 -0.00240559593256213  0.00975199319796331  0.02021723426564173  0.03148662196082873
  0.04291710789981780  0.05375103095451399  0.06421937870132421  0.07374926599744253
  0.08393057933997013  0.09365801447913243  0.10317719106175771  0.11307299156078141
  0.12294667629390704  0.13368490884770107  0.14460021042859972  0.15510638865738108
  0.16600274953733890  0.17733087243295237  0.18853722080369900  0.19915437508327885
  0.20937899753757228  0.21904386727708394  0.22865616923321372  0.23875999819190227
  0.24936748711658949  0.25978592063603484  0.26953360745562910  0.27899117563344633
  0.28835253581165737  0.29783386262616557  0.30705780039566904  0.31672208275733305
  0.32603442712989705  0.33545266232687349  0.34531244926982224  0.35547294130754620
  0.36569542068714772  0.37588463405128619  0.38716339120469623  0.39880061394149890
  0.41010680213860451  0.42076412741576030  0.43189997285652165  0.44288104496536496
  0.45433495282922409  0.46595368855445335  0.47788809368363594  0.48987490132497202
  0.50174976208541922  0.51369005151397562  0.52559860420343829  0.53760019562678885
  0.54906333450440270  0.56041911407179712  0.57151542820675993  0.58260878355477974
  0.59360650218485489  0.60438508946967096  0.61486358280601305  0.62527249589894873
  0.63565501873101671  0.64608747032762270  0.65641011336321364  0.66715919138976265
  0.67831131156565116  0.68943931770698708  0.70018652358097611  0.71021678360112883
  0.72000976988386556  0.72967433905105239  0.73918209030370219  0.74878435656147746
  0.75832363809210057  0.76773249094282026  0.77772047955275514  0.78866010708427614
  0.79895505374502662  0.80920981786539559  0.81866814306317814  0.82819097596348945
  0.83761029589273983  0.84750172732713414  0.85770051594147356  0.86804264756292049
  0.87864993401025548  0.89027728548949203  0.90202913158015530  0.91353784291510332
  0.92432631895292572  0.93471057665124724  0.94507505864847741  0.95487424515672814
  0.96506327975755546  0.97559170475747847  0.98749323988185711  1.00000000000000000
 -0.00274280502949045  0.01142843496456367  0.02318580451990659  0.03552729688258509
  0.04671505262213906  0.05761803659659309  0.06896598629258138  0.08086816789671432
  0.09262578016508941  0.10436401838026797  0.11655147027175392  0.12901366903436540
  0.14091282251849985  0.15212867390346269  0.16293535486688487  0.17306966824070114
  0.18346358183090658  0.19398002001375234  0.20517993408110766  0.21645181367983485
  0.22800345499014849  0.23931818245115236  0.25048178286815992  0.26155340977222508
  0.27261971090607939  0.28413867824133698  0.29576644526446494  0.30745047821833899
  0.31852045473008794  0.32896336938565074  0.33866817186627696  0.34806553074989077
  0.35795789062276390  0.36804161089029641  0.37762646509386710  0.38670508048722535
  0.39561027510982855  0.40487884582456829  0.41442358444398347  0.42370001527191686
  0.43279888686321694  0.44227388162045717  0.45231733927988205  0.46234680199160028
  0.47185073596246230  0.48115453655072454  0.49045544520081508  0.49976310139124336
  0.50874421806572023  0.51755093518267603  0.52655960367928367  0.53595496803779896
  0.54544422028088491  0.55490800115181638  0.56443022018971978  0.57456155566261446
  0.58456681021855994  0.59428659719865762  0.60356278713752320  0.61290420662019185
  0.62246585913619468  0.63258795797744605  0.64292516504627151  0.65300944146200801
  0.66284942074800002  0.67267502839234283  0.68257142791841596  0.69276371599032383
  0.70300405341173999  0.71314316408317224  0.72329700690739329  0.73387929853170997
  0.74473875007916290  0.75539019119419915  0.76562646363633291  0.77659937581509197
  0.78821602514707523  0.79971725388297132  0.81116175587158912  0.82232547807308121
  0.83328463515908269  0.84436903464415380  0.85561128122202390  0.86667623909572788
  0.87786096913546052  0.88924975183005672  0.90059862045506056  0.91194845434634997
  0.92386731385385823  0.93596886140698754  0.94740256803994749  0.95839133812575761
  0.96896556477108109  0.97909253760604864  0.98926303638060187  1.00000000000000000
 -0.00196875833667688  0.00841255419756067  0.01824192529968212  0.02854479416781934
  0.03926446154251049  0.04966811266048216  0.05983109737975107  0.07038887970255932
  0.08126583020512472  0.09279783167817800  0.10444563017987034  0.11640200094695620
  0.12857040249771243  0.14076326947643902  0.15266353115168904  0.16432158665942631
  0.17502127009651069  0.18517587501967828  0.19547306338972154  0.20562902247228906
  0.21605316775618125  0.22669053579403767  0.23811147035400582  0.24943429486618174
  0.26021466164359985  0.27152462730573573  0.28340978517927129  0.29553396809027738
  0.30742397169892294  0.31921604151189054  0.33070707589721204  0.34195000155721045
  0.35254099421725721  0.36273600738501571  0.37278420465046769  0.38265859275796588
  0.39243981646208215  0.40216118225928521  0.41224057667480934  0.42260383305198695
  0.43323346453552536  0.44370851980642328  0.45363577960831658  0.46379638443166704
  0.47370923917059049  0.48421990035881940  0.49493619726701160  0.50519127665654884
  0.51475443904465557  0.52381687518092701  0.53285818541245578  0.54229587835232218
  0.55210985677847446  0.56153770944821879  0.57084545617914695  0.58011636893583463
  0.58978671657439152  0.59965628279225758  0.60914592510710697  0.61854185623844737
  0.62848032128020770  0.63896657837197379  0.64922670204240718  0.65947129609746225
  0.66962134160226494  0.67962279855734842  0.68964126747456511  0.69973870168607377
  0.70964190079545453  0.71936615586825003  0.72924237547811321  0.74005996012959896
  0.75142232124153752  0.76257806446347720  0.77381710571131668  0.78493194145748013
  0.79584812094757496  0.80674848830557433  0.81785904157290279  0.82946792103578648
  0.84130943383707713  0.85291111603777858  0.86434454288005780  0.87563480984056874
  0.88701212974336108  0.89857823817982463  0.91005414091124504  0.92187830675979965
  0.93346047362497131  0.94381430951484913  0.95342722504625677  0.96305735844824303
  0.97250436340424218  0.98175425020017137  0.99075554273437028  1.00000000000000000
 -0.00236872694298615  0.00920022292926505  0.01856510780936782  0.02820362189705872
  0.03796468342691154  0.04815128400587587  0.05850250908164122  0.06878474469343204
  0.07875925228281558  0.08857567194430535  0.09926208112111648  0.10975899215679165
  0.11986130072380702  0.12956940743277259  0.13932076285253950  0.14885298173957928
  0.15795956634379157  0.16754300904037098  0.17768062312787294  0.18767965036333023
  0.19766040372821828  0.20773568698944225  0.21832946456709096  0.22917823201149121
  0.24016918624863551  0.25152888218424380  0.26302483455178860  0.27461278722993959
  0.28639147050987085  0.29785426075079785  0.30921704236862402  0.32052785719636834
  0.33159746286819430  0.34237363252187769  0.35286514455374851  0.36330307181905591
  0.37378317779766645  0.38446197960440198  0.39562125360192862  0.40658788391802214
  0.41754900525064759  0.42817979783292415  0.43894073720880972  0.44947725965216762
  0.46039572390859590  0.47204981814932656  0.48309458246190640  0.49312661040708067
  0.50335293960883920  0.51380939185491459  0.52414446298573358  0.53361174641069575
  0.54287093927581065  0.55204366920336501  0.56123721476933119  0.57049339880174843
  0.58018274807311365  0.59067252308735207  0.60181408538049741  0.61286249520869074
  0.62364592357758719  0.63428290690094014  0.64488574886050587  0.65555789571486589
  0.66637527316192791  0.67723382427784551  0.68824851464833603  0.69869979845369556
  0.70896120212445746  0.71919393247662045  0.72979978631789888  0.74143792480769011
  0.75299853769499192  0.76351470836848834  0.77388018937905811  0.78396757816988616
  0.79412377572389947  0.80464201740983976  0.81565039295462061  0.82713045760001447
  0.83787045160496887  0.84820327461284961  0.85845423039013480  0.86912566190313423
  0.88048543185230699  0.89267708359582976  0.90408412089016033  0.91574492099330351
  0.92611261447614113  0.93703743749559520  0.94786116603412474  0.95861462693796684
  0.96875395355767813  0.97875547920647699  0.98951379444287757  1.00000000000000000
   2.2009905806485380E-008  -1.0000000000000000     
 F F F F F F F F F F F F F F F F F F F F F F F F F F F F F F F F F F F F F F F F F F F F F F F F F F F F F F F F F F F F F F F F F F F F F F F F F F F F F F F F F F F F F F F F F F F F F F F F F F F F F F F F F F F F F F F F F F F F F F F F F F F F F F F F
  <DiscreteSampler_grid>
  grouped_processes
  1 # 1 for a reference and 2 for a running grid.
  10 # Attribute 'min_bin_probing_points' of the grid.
  1 # Attribute 'grid_mode' of the grid. 1=='default',2=='initialization'
  0.0000000000000000 # Attribute 'small_contrib_threshold' of the grid.
  0.5000000000000000 # Attribute 'damping_power' of the grid.
 # binID   n_entries weight   weight_sqr   abs_weight
    10   10   7.480399585295265E+004   1.630530417200502E+010   7.480399585295265E+004
    16   10   7.480399585295265E+004   1.630530417200502E+010   7.480399585295265E+004
  </DiscreteSampler_grid>
