  0.00900886802866918  0.01648946919391264  0.02686922300435122  0.03717926795437460
  0.04802533345690715  0.05867001670230233  0.06998539908791973  0.08067363760115752
  0.09209979059808786  0.10315199207889615  0.11353045366293123  0.12366004775693577
  0.13400142044831945  0.14443697507038611  0.15512347491550144  0.16588878905021423
  0.17721604562675033  0.18850947451915598  0.19939564413574754  0.21029749511265425
  0.22110244343307778  0.23151242059352087  0.24163424119402066  0.25212756606218112
  0.26274285339109937  0.27314955001355318  0.28355866518827255  0.29431089979502534
  0.30528510590987418  0.31589680952862975  0.32666176089000809  0.33754061133678609
  0.34862407056496203  0.35899119211463171  0.36880621033092870  0.37883901854200969
  0.38890911608085088  0.39899789834092791  0.40896677225495370  0.41949715757128114
  0.43069659384393777  0.44208631387643038  0.45345720100043868  0.46452753594446394
  0.47516082558427847  0.48556018210541058  0.49540326954896563  0.50491479332224432
  0.51426215901284400  0.52387440829517240  0.53316574389625448  0.54206380543479349
  0.55115377207636984  0.56039150863769505  0.57056819981800144  0.58088511317748637
  0.59156228474156980  0.60194416629690795  0.61159794185113181  0.62091850164112639
  0.63053077152595005  0.64021960715990622  0.65005229523522234  0.65990019370611674
  0.66988185410181889  0.68039177997950973  0.69129985457881493  0.70248070043885891
  0.71385910596073032  0.72497816847903440  0.73557656981356512  0.74548960858725288
  0.75525367638963425  0.76545103801321490  0.77596872802447148  0.78648818901390083
  0.79746296011668472  0.80871610014729134  0.81988080956814835  0.83075451040658688
  0.84172505068452741  0.85253808433461986  0.86362131739689796  0.87493131113574130
  0.88606073108599159  0.89645718257147089  0.90610599147170734  0.91587179501503502
  0.92513843005626417  0.93430188054937335  0.94370823732981746  0.95371325741210455
  0.96425877332681997  0.97497838398807202  0.98729461712368560  1.00000000000000000
  0.00937348034049463  0.01558445515449957  0.02424665511722669  0.03395809380213801
  0.04395283385651703  0.05390075552162493  0.06376448416706930  0.07361445496572151
  0.08362134160768396  0.09403054110106719  0.10475514253306120  0.11569228277995135
  0.12676555818026641  0.13737809754083771  0.14771011734275655  0.15778506163724121
  0.16769224501929519  0.17810875297055023  0.18925567479741881  0.20125051168083352
  0.21297399634366473  0.22376696657948819  0.23385586578962433  0.24373680202340020
  0.25428669526281539  0.26537491646638256  0.27632823098822851  0.28688850935560622
  0.29755574272079305  0.30840492171899236  0.31874808375035046  0.32839191343288088
  0.33805901184301984  0.34803646846583025  0.35838124372262914  0.36871094517299352
  0.37920502224603575  0.38986619944016410  0.40004161844424524  0.40985178419737206
  0.41961701825515774  0.42982669646898197  0.44010088202785463  0.44983277704940888
  0.45967429867837573  0.46995429705671055  0.48108017333996322  0.49286756839212825
  0.50421667076038867  0.51488375088215854  0.52544302470567350  0.53596348367834612
  0.54653128919679750  0.55718078348103139  0.56841999848753000  0.58022473330695357
  0.59174339673647824  0.60290698676772225  0.61395451928909928  0.62448196046016136
  0.63521230198872014  0.64562700888259228  0.65701284069810684  0.66882023472689445
  0.68097093704286760  0.69233339299364749  0.70302191180485507  0.71376659679659671
  0.72495874346519429  0.73632508475836622  0.74774210133047991  0.75926374477353586
  0.77054902502837530  0.78121796065376381  0.79158654031964193  0.80203413782980237
  0.81245154436830325  0.82248448078731817  0.83261364850633934  0.84354468973377628
  0.85469653836766502  0.86546607121170116  0.87579231111455069  0.88584299317846460
  0.89571533854058838  0.90543666606459072  0.91533883464214782  0.92523661477408481
  0.93503637413922081  0.94458081864808996  0.95350692193331887  0.96281195948144893
  0.97219004940249132  0.98156078646345324  0.99156179001980727  1.00000000000000000
  0.05763821703389371  0.05856892300599952  0.06045277792250990  0.06274104241451055
  0.06502473143941608  0.06882192376532355  0.07264756898827761  0.07635319048185563
  0.08015940673854410  0.08403127688040953  0.08814273737461424  0.09224889622920020
  0.09634966314767970  0.10066061132819029  0.10502938044037669  0.10947825766269516
  0.11400915605221386  0.11859421601290213  0.12333080664949823  0.12809086655673144
  0.13287510473993408  0.13832513588519407  0.14365343386413754  0.14841185889667186
  0.14891462820966422  0.15012487666867955  0.15134123264157037  0.15281549592754909
  0.15500943114770471  0.15741802907317914  0.15978425778823008  0.16216758936624695
  0.16455943035942469  0.16697907636984302  0.16939811506440283  0.17179199301703835
  0.17421404235859753  0.17663433055152256  0.17902815372139216  0.18142473550947713
  0.18385225390590695  0.18636311672695352  0.18891904767527629  0.19151676265469592
  0.19413728245509454  0.19677347272634196  0.19944417009487961  0.20213800391938097
  0.20482925533279855  0.20756052728205848  0.21033235886152038  0.21315496470453155
  0.21602365037767243  0.21892429347736539  0.22184980904249479  0.22478655778485412
  0.22777673404293852  0.23080626626369946  0.23389653177610528  0.23704380616741755
  0.24025015252162438  0.24351285840494835  0.24681987086873422  0.25018099127350318
  0.25357212354845959  0.25699814403753996  0.26047805614500963  0.26405674425141851
  0.26771885906530823  0.27149293045981177  0.27536225554611088  0.27931652358842490
  0.28338242234640509  0.28755859006606893  0.29185499837614631  0.29628102789789801
  0.30093378719569153  0.30573477669246002  0.31069233468789409  0.31585513102142510
  0.32126018809892687  0.32695639216400540  0.33298034942209548  0.33939521738143275
  0.34633337317263030  0.35396466602479820  0.36234970366805580  0.37177184273111985
  0.38248568363611213  0.39487541571550566  0.41011457143497071  0.42904798156918628
  0.45575426643706751  0.49855123567797144  0.58468097723512991  1.00000000000000000
 -0.00247596520641072  0.01018023338920290  0.01997086444286140  0.03082832103648667
  0.04160947096537845  0.05220048464687100  0.06220734902280276  0.07232865606051389
  0.08258893562082165  0.09285272392418552  0.10320800501611901  0.11393300613418705
  0.12509108957930359  0.13637626656667309  0.14767088563880726  0.15820620841233665
  0.16832514689567973  0.17807861191686014  0.18785462194497191  0.19767778959180188
  0.20736191987795144  0.21706395688620134  0.22683125827192757  0.23679150187786260
  0.24726803745758669  0.25809011551945815  0.26916955504746976  0.28059751580819398
  0.29170602136534735  0.30223644946336631  0.31242628611764811  0.32198824708286949
  0.33120785878130754  0.34038253767736137  0.34979659218829434  0.35959819669216558
  0.36941423942261392  0.37906229414733544  0.38984340946617013  0.39982217772151391
  0.40930319349815120  0.41855559096347705  0.42742889811144613  0.43622333686166792
  0.44527948590799049  0.45452925386015508  0.46413826550714871  0.47357856946113508
  0.48301782592762837  0.49277740184138241  0.50333716057347255  0.51460087573291446
  0.52592984057455128  0.53683208963111806  0.54723502129932711  0.55721549549738647
  0.56720107425335375  0.57665587903430426  0.58626419870119895  0.59511935957732509
  0.60393609066258913  0.61307584481062716  0.62259827926673694  0.63269564408301715
  0.64314892937944623  0.65457294440994884  0.66627199833051831  0.67731792288301651
  0.68824400595121460  0.69911996857587411  0.71027251575108097  0.72139825927196888
  0.73194813318329355  0.74222273248302462  0.75223424667286498  0.76251388135547482
  0.77233190137305840  0.78125915183210759  0.79018103999298495  0.79975540677292523
  0.80937372324661827  0.81912826056005816  0.82929198794499881  0.84034957744513672
  0.85330362830646900  0.86593475709280976  0.87903954159849962  0.89270385947850206
  0.90617911083739167  0.91946880516623719  0.93259819203732253  0.94584349400677581
  0.95895221347998072  0.97248172513717124  0.98607265870336580  1.00000000000000000
 -0.00316827610811868  0.01215107383157265  0.02336513318600322  0.03364187842524941
  0.04318891508072389  0.05247294119969133  0.06182591791741509  0.07134996012986129
  0.08103945729562201  0.09078256628548495  0.10028720936872328  0.11041584868523859
  0.12129160847636218  0.13273104361919286  0.14383585466901255  0.15509481045290893
  0.16601813922789693  0.17713958941786884  0.18827941873824450  0.19975041271915225
  0.21121722391724293  0.22265818172389240  0.23408810843843181  0.24594654961281195
  0.25757592120350903  0.26909492326865453  0.27979146179958875  0.29037341305933678
  0.30124839138442183  0.31223301730115033  0.32335903641649827  0.33446334799256822
  0.34572293769260726  0.35678510322610152  0.36717326596988226  0.37685325725862118
  0.38553551261137026  0.39439974328222022  0.40368028688452112  0.41336551551831802
  0.42354206037870096  0.43419320240896747  0.44479599119739438  0.45585283987379277
  0.46691940585426311  0.47804844122956108  0.48884646146331301  0.49923196469660580
  0.50975001837078759  0.51990895870726417  0.53061137962049287  0.54108959214229568
  0.55207213429249147  0.56299454235177460  0.57465474334042010  0.58680475261850562
  0.59899692665209581  0.61038652105227043  0.62126654649384550  0.63206921998100174
  0.64265602072003603  0.65300638637673747  0.66341021050936899  0.67438204085337572
  0.68542439422720380  0.69562642401947716  0.70547871181454402  0.71519807671501645
  0.72481738434144527  0.73453745348210231  0.74430723955322731  0.75456386219613281
  0.76525250088266139  0.77528967798908821  0.78500420962899997  0.79490844716666376
  0.80521631913297298  0.81536715066474108  0.82527151806233856  0.83519013707688161
  0.84511708350828774  0.85485919160492641  0.86407115991454930  0.87337916352608080
  0.88298346334040601  0.89247387611925244  0.90276864030048098  0.91353148823162900
  0.92556725605086809  0.93814962769995702  0.95007409529097664  0.96104099557266554
  0.97086135445152288  0.98065889625766622  0.99022029771032027  1.00000000000000000
 -0.00269547526161075  0.01113351965090268  0.02254439982188883  0.03491210428046590
  0.04638631270239438  0.05796334235282345  0.06956420443065343  0.08206241195260026
  0.09454493618171303  0.10722398524885543  0.11932787101898187  0.13127275617445047
  0.14344994351366966  0.15531303649956318  0.16679776576183791  0.17879531047807673
  0.19049546376232468  0.20075921201171393  0.21076454381551013  0.22008120066880574
  0.22950949741056903  0.23918507929922220  0.24889258510652626  0.25884865502714055
  0.26880723297654335  0.27984126997065217  0.29195478476264547  0.30194433532125003
  0.31248088660845935  0.32190478504267978  0.33158434638010048  0.34078256248497174
  0.35002464159966173  0.35940423240661723  0.36889272488898162  0.37835879470205780
  0.38810441632085102  0.39782954017426664  0.40784765386464727  0.41745165661334432
  0.42866021482473232  0.43901049678557313  0.44972773906001445  0.46043103725217471
  0.47117716614208732  0.48173413685227567  0.49202811576116728  0.50220893243098241
  0.51321460824746723  0.52405325807626435  0.53447838818218008  0.54451553695918264
  0.55431602392194013  0.56399717565912533  0.57345843224281556  0.58288615319523707
  0.59275017760962634  0.60289886513165181  0.61293761919541989  0.62320119957362230
  0.63405528413410195  0.64506029019917577  0.65513978490125402  0.66478285126249759
  0.67478471704919663  0.68470818114292309  0.69495914336999420  0.70521455552155299
  0.71575736684649005  0.72658657586358699  0.73734957100586185  0.74835270728256131
  0.75781063031003337  0.76700003661700134  0.77622669010468559  0.78547356016924330
  0.79485475241020842  0.80408936779166540  0.81351959127359974  0.82355742511089280
  0.83373743185673088  0.84345134272375477  0.85311044711411499  0.86293161290703491
  0.87302243921479306  0.88301023746238338  0.89316594808481919  0.90470117916899206
  0.91718382869409054  0.92975610515904561  0.94178871073178527  0.95343110022346489
  0.96531168312281113  0.97717623423767952  0.98870871865769205  1.00000000000000000
 -0.00177905763930602  0.00814363597117725  0.01618724114132081  0.02457739487931804
  0.03341977632874370  0.04262172815223077  0.05235668600297657  0.06289206645742110
  0.07422067483206872  0.08597675211863726  0.09738107182607969  0.10884015559894289
  0.12037253700026672  0.13146914407427501  0.14213658454978786  0.15257982467525488
  0.16314213208188233  0.17409053845557204  0.18545373016080061  0.19677917509429821
  0.20807839826611715  0.21873730518654641  0.22904956749087468  0.23892206352023845
  0.24867092542729125  0.25891892726437166  0.26900072852368601  0.27858117731363169
  0.28759359316499478  0.29739130989396351  0.30769412924355705  0.31754608842171034
  0.32672706961236742  0.33627987385840197  0.34648700271401711  0.35683559842386975
  0.36669346212183984  0.37641711959682012  0.38657122108567443  0.39723067956968355
  0.40830242743891998  0.41912848547861303  0.43030166439370449  0.44151598595565827
  0.45401826443958176  0.46540810567074720  0.47637760306296367  0.48721578470296578
  0.49779119130061722  0.50801424926420746  0.51827960481559388  0.52977830381361279
  0.54239897208219356  0.55503301363846380  0.56750184686310234  0.57977326394689821
  0.59148240279293396  0.60267540847373735  0.61368251956046849  0.62449214085774041
  0.63528102534380737  0.64657454911588519  0.65842145030136812  0.67021815417061792
  0.68146957279057352  0.69208269875765771  0.70163066587634049  0.71063873107185427
  0.71937820336621905  0.72822750004759840  0.73704450260102428  0.74600644953262818
  0.75572978694072668  0.76573246272363704  0.77551254347322429  0.78534318919212631
  0.79565383121236044  0.80651783889060147  0.81676898108303975  0.82634109798495581
  0.83642924030732835  0.84676075748835489  0.85710179113516927  0.86694088542058390
  0.87680071368251100  0.88699401794182531  0.89731223879828170  0.90792045882316785
  0.91896310237043044  0.93038983828376209  0.94162268516561309  0.95260990751320007
  0.96381028632992638  0.97573295842082564  0.98775071513125656  1.00000000000000000
 -0.00311839713399872  0.01073975366861931  0.02194944488245714  0.03270821037254121
  0.04358956799842635  0.05456758194335649  0.06585397752975536  0.07740924031231811
  0.08858345526015166  0.09930143911496081  0.10988162571456146  0.12032686782985377
  0.13064916208313554  0.14078478708516665  0.15104777436362285  0.16156168491691739
  0.17224466647489498  0.18315581756155863  0.19341947238066801  0.20337670291776264
  0.21396590962580450  0.22536557071973540  0.23719413165793943  0.24839871040066253
  0.25866102511730421  0.26854801350942825  0.27827007135738530  0.28821030804005388
  0.29793054463364704  0.30749803486898658  0.31662468121906762  0.32517241003802105
  0.33379948563678247  0.34216275622345044  0.35071443239342975  0.35931175628084477
  0.36768170397123545  0.37616578215227087  0.38564406214626362  0.39577090786107572
  0.40667158080255461  0.41803959999940865  0.42915789386030884  0.44074230911171375
  0.45232010273132583  0.46363833499072754  0.47490432397382720  0.48627519413199161
  0.49773443857436545  0.50910888276024713  0.51983880988070319  0.52985546547755780
  0.53971782444913408  0.54976287883519626  0.55951985837567098  0.56909298463713631
  0.57852381997155011  0.58866236195501265  0.59956374451009042  0.61079210011113405
  0.62208070334786603  0.63254021448995901  0.64272398961834043  0.65314174665384039
  0.66363618513113454  0.67397931080647588  0.68464213800196616  0.69559682389194277
  0.70650062944397629  0.71684905679249478  0.72730193320952641  0.73796077398594773
  0.74887802773936896  0.76018912904263658  0.77198017502139205  0.78428066445499101
  0.79645718594440185  0.80783301719026968  0.81864278399273982  0.82906879171983072
  0.83953019683128438  0.85009425420603069  0.86111563970665062  0.87265537597421949
  0.88441423766233396  0.89544000158605608  0.90609786812440229  0.91653613035922055
  0.92703536724450641  0.93729072549705716  0.94731477368468031  0.95759587137855129
  0.96816667370657383  0.97857763041796864  0.98921304959357637  1.00000000000000000
   2.2125727471254031E-008  -1.0000000000000000     
 F F F F F F F F F F F F F F F F F F F F F F F F F F F F F F F F F F F F F F F F F F F F F F F F F F F F F F F F F F F F F F F F F F F F F F F F F F F F F F F F F F F F F F F F F F F F F F F F F F F F F F F F F F F F F F F F F F F F F F F F F F F F F F F F
  <DiscreteSampler_grid>
  grouped_processes
  1 # 1 for a reference and 2 for a running grid.
  10 # Attribute 'min_bin_probing_points' of the grid.
  1 # Attribute 'grid_mode' of the grid. 1=='default',2=='initialization'
  0.0000000000000000 # Attribute 'small_contrib_threshold' of the grid.
  0.5000000000000000 # Attribute 'damping_power' of the grid.
 # binID   n_entries weight   weight_sqr   abs_weight
    10   10   5.976993640320101E+004   1.199851890608549E+010   5.976993640320101E+004
    16   10   5.976993640320101E+004   1.199851890608549E+010   5.976993640320101E+004
  </DiscreteSampler_grid>
