  0.00029032336770400  0.00031518310680824  0.00034466068951257  0.00038063472382811
  0.00042611339030626  0.00048107581379168  0.00061633938517820  0.00098228392693473
  0.00131128021392444  0.00160162691851923  0.00193383813638461  0.00232823785086544
  0.00281881428020311  0.00315014204541181  0.00344451597621094  0.00374618235084032
  0.00407725078606803  0.00465148487245163  0.00543335247254064  0.00633899961829747
  0.00741281822465828  0.00861317757478672  0.00984090536123840  0.01122045636492663
  0.01295950205281372  0.01507060523165513  0.01745588282873096  0.02005897027531839
  0.02298017371243772  0.02628329458809221  0.02998728269362372  0.03394160818836951
  0.03836327288585222  0.04320409780494324  0.04807071027803648  0.05231890471205051
  0.05566277869353972  0.05813631473274317  0.06005099545009215  0.06154853944488736
  0.06267131441955150  0.06352041413444341  0.06419333894002283  0.06473276984440114
  0.06516284482355127  0.06552064197071689  0.06583701351214125  0.06611668012937291
  0.06636186080786088  0.06657254144965606  0.06677381840001126  0.06696161576664504
  0.06713650910839472  0.06730217869282154  0.06746220010728775  0.06761544847889712
  0.06776451569042286  0.06791191055495804  0.06805820722598335  0.06820575961600364
  0.06835706306375314  0.06851167418635713  0.06867362642416501  0.06884268553303431
  0.06902471906168477  0.06922165767856188  0.06943381139707462  0.06966461153434036
  0.06992026474787327  0.07020909026242188  0.07054452480799425  0.07098913713076795
  0.07150032796979844  0.07211974071872952  0.07291177775205489  0.07390570723576360
  0.07515843380407837  0.07699192215065187  0.07965691608606763  0.08342442130608575
  0.08895258598330123  0.09687350437900222  0.10775218365000981  0.12084114665178104
  0.13650149184046328  0.15640343775428037  0.18394165153998987  0.22076905375622488
  0.26590427025865071  0.32572952686205359  0.37430834759366449  0.44475115142981086
  0.54021867966352155  0.64546715272757504  0.78918096106009616  1.00000000000000000
 -0.00009419704352255  0.00003924645646681  0.00017268995645618  0.00038671648670914
  0.00065420762706222  0.00101967535853633  0.00148827130813425  0.00220988749714805
  0.00301801669521563  0.00408789448281301  0.00553569854854714  0.00763901235223730
  0.01085705343783941  0.01528367181148871  0.02167673968732656  0.02995893753263648
  0.03995396734959287  0.05165685068104905  0.06439451006497510  0.07771955343554339
  0.09172712965435743  0.10628299088226405  0.12116887462494721  0.13631227110399158
  0.15160647676508077  0.16666155564143881  0.18149865336314469  0.19641391449499818
  0.21119826697102237  0.22585425504100745  0.24054685368928869  0.25540131884787853
  0.27019069607614660  0.28466278084487767  0.29893157783240731  0.31321509035533462
  0.32776216015192799  0.34241016874140484  0.35707027635154920  0.37173820183492390
  0.38594019282718184  0.39997733991996076  0.41434885214574363  0.42846376455206381
  0.44287479050857453  0.45781432796300930  0.47276406539379845  0.48763082282566994
  0.50244332499467659  0.51712362836607950  0.53171671424701050  0.54631568796926344
  0.56096355829790234  0.57556657997609784  0.59039597994685888  0.60511491682383090
  0.61991501309824515  0.63401317309822425  0.64818153537753964  0.66275099992760989
  0.67722139502392253  0.69134495880296620  0.70553207769452531  0.71991877895450762
  0.73448889728231714  0.74914869352107516  0.76358183581661876  0.77773845623686388
  0.79184101129972129  0.80588147600553517  0.81974139549544300  0.83318285536197911
  0.84660096802524076  0.86012463875968115  0.87343738929230375  0.88632922300878247
  0.89939163717563297  0.91255294972446810  0.92526108383813532  0.93718436290700713
  0.94839316208363533  0.95866065624571539  0.96761446331156720  0.97517843938095417
  0.98122030314047537  0.98595977927913281  0.98960447865481194  0.99245040457985256
  0.99441117696871117  0.99574318909106652  0.99683141959818555  0.99769500482101847
  0.99841353916475017  0.99899413091009626  0.99951047827994310  1.00000000000000000
  0.00061182451410826  0.00102453539499756  0.00130491746278807  0.00154156399679752
  0.00180367428771071  0.00206709009208457  0.00234025590013019  0.00264602063110493
  0.00299082009574369  0.00338697702191331  0.00382490313329333  0.00431449764764041
  0.00483365674784239  0.00533923717612086  0.00581730009424926  0.00627946505270757
  0.00673954309633441  0.00721223954895656  0.00771925620975945  0.00824892380883529
  0.00877630384717142  0.00929979380022066  0.00982123177066870  0.01038764381689971
  0.01099391492349455  0.01161729171212844  0.01231964470175698  0.01304066876171568
  0.01376060703881763  0.01451099541159461  0.01530256170753571  0.01617267641501659
  0.01711392057676810  0.01812148649263986  0.01919428277803441  0.02030727490991307
  0.02125181165213175  0.02213972804410538  0.02307060776510916  0.02411942678138759
  0.02536008651666567  0.02670005045328426  0.02780498500510812  0.02886906975649866
  0.02996375394553266  0.03104274141924334  0.03232078701941607  0.03401553991749254
  0.03576177145161704  0.03755361435164344  0.03943374514646564  0.04145663092799841
  0.04363470251243209  0.04598439392603142  0.04848635974789826  0.05107745937741135
  0.05375906287016795  0.05657029169995824  0.05953414311593638  0.06263713039308597
  0.06580878708385357  0.06910946304041321  0.07260540601001642  0.07637292524275716
  0.08037818934934657  0.08466679558735161  0.08933413997609690  0.09449420437183843
  0.10000098137616881  0.10585013664702461  0.11197298597011156  0.11855717543499414
  0.12561923704289488  0.13293215058857094  0.14057990320699432  0.14731714817730895
  0.15387879727738765  0.16128931286583620  0.16901313481873018  0.17846757781370060
  0.19032488593785371  0.20319034353568144  0.21643430952466766  0.23028596686990149
  0.24509008530089541  0.26122468599464277  0.27857462764894469  0.29651751287801936
  0.31526337117635106  0.33563628679090451  0.35858446057151039  0.38465928790709669
  0.41481353669467647  0.45687505368693004  0.54781150043198545  1.00000000000000000
 -0.00250335481365598  0.00996089662966777  0.01938854370092736  0.02983853013320049
  0.03985241193386813  0.05044864619013970  0.06149505438613970  0.07183544250027012
  0.08209373192431513  0.09261220915369747  0.10328268197258955  0.11394257287052251
  0.12368659121545091  0.13283362496186829  0.14181193048182780  0.15085029274962844
  0.16073357585542319  0.17114230510877945  0.18160218622334989  0.19199430304833612
  0.20213240494845539  0.21202264850962038  0.22172995841884546  0.23160326028334996
  0.24184721090109970  0.25230635675759078  0.26300456609347672  0.27362284879094523
  0.28419499588333058  0.29464768774384997  0.30538829288378050  0.31616183614314852
  0.32701782659918655  0.33817433741674618  0.34946671256936845  0.36049881448665866
  0.37121034222309679  0.38228243948291929  0.39345461399481713  0.40442288135736160
  0.41537338396259771  0.42669791154082032  0.43859714818036166  0.44616510031519785
  0.45356916175620671  0.46054579905785770  0.46726876361974068  0.47547368733373574
  0.48595013803671505  0.49733535830770603  0.50901439639577817  0.52073342699996805
  0.53262335928447602  0.54415420970511252  0.55520346545852317  0.56620774543214003
  0.57734782913692384  0.58815075394433625  0.59865809961594119  0.60976315135712678
  0.62148155187344933  0.63309686276429977  0.64453097611249499  0.65583876090190096
  0.66668434597356074  0.67698976002388056  0.68740806738688254  0.69835395783890442
  0.70968507170973616  0.72098760976188525  0.73247235572946856  0.74422434199951426
  0.75570538358253092  0.76649409726005824  0.77688790092314286  0.78748231135425450
  0.79855061792790283  0.81015985566515147  0.82180600363861600  0.83307513971772540
  0.84400721108180976  0.85471492810522121  0.86570570567227811  0.87767725252030604
  0.88996953699188042  0.90204383251324760  0.91361587883835749  0.92470267606490231
  0.93569035883796237  0.94737297538399790  0.95867442829605498  0.96753424262280174
  0.97576960339103236  0.98412363419774973  0.99215776253398724  1.00000000000000000
 -0.00221374967632692  0.00885603497578629  0.01916436543272794  0.03047205105820439
  0.04182907197574629  0.05204065902985626  0.06118886217331363  0.07066144624539754
  0.08115506600996744  0.09187648234729871  0.10231706631706555  0.11307444998455803
  0.12411744178523217  0.13502171300977167  0.14564561432129305  0.15651565782376983
  0.16760010826650251  0.17885769522035316  0.18994058985822956  0.20032839662472615
  0.21019051460892785  0.22015729687835967  0.23019829095347510  0.24067378216492807
  0.25111033341361938  0.26172476424480651  0.27274562342377079  0.28356500074646424
  0.29437279139318684  0.30137630499670298  0.30868138596848133  0.31626473860033777
  0.32370388613338308  0.33283879090383928  0.34422723234827324  0.35600547162450641
  0.36784978295303711  0.37809567217470769  0.38641834758634053  0.39424382602504215
  0.40212125089335915  0.40973933901616039  0.41948149857517708  0.43143140896775012
  0.44272869387221570  0.45392055525666131  0.46487405041043978  0.47587326214090375
  0.48687231129904396  0.49811730924374115  0.50972908312097343  0.52111541217015589
  0.53209556890078535  0.54269491700781392  0.55330839448164337  0.56416305010682111
  0.57527404843351670  0.58660406200081672  0.59805942486717012  0.60937693841646545
  0.61991092986188889  0.62996264565752491  0.63984248212567707  0.64997711285430648
  0.66029366820837909  0.67093674228913303  0.68160667431975230  0.69230024253305555
  0.70291322421344926  0.71373980792167990  0.72471602978986338  0.73517370293249640
  0.74509753102574006  0.75476618890001834  0.76482435962747486  0.77547341295971417
  0.78656166561006069  0.79776892786521947  0.80886177145871374  0.81996717915108497
  0.83112259138734246  0.84227558874136399  0.85331465593724676  0.86419515077667197
  0.87513242648248779  0.88604562488526550  0.89704551804108601  0.90824906738594846
  0.91969790062473067  0.93105290916308281  0.94219281896715956  0.95380962217660781
  0.96478981876415015  0.97611033506425882  0.98765991717695822  1.00000000000000000
 -0.00271812406590151  0.01039211279649297  0.02032046575626462  0.03182204048757624
  0.04275882874645766  0.05384780660212968  0.06444102505852482  0.07537581997264249
  0.08263236472930340  0.08930743129019296  0.09596422352980966  0.10267729874453944
  0.11023862211072180  0.12026373134477666  0.13036615766002321  0.14023058903067012
  0.15034675944027343  0.16082400856655971  0.17125702490165523  0.18170897833514951
  0.19254660205302593  0.20388784278229094  0.21492002630411172  0.22545062821931411
  0.23628394268586253  0.24718063697205594  0.25723754694916984  0.26702693053349019
  0.27672920489296671  0.28702784454012570  0.29685328148441237  0.30627747905783848
  0.31597945884905837  0.32617734466001391  0.33647237211515213  0.34644724297503449
  0.35654390478283082  0.36714871146179107  0.37791629809644262  0.38870605881427966
  0.39992882779164157  0.41183064437057515  0.42390847699967932  0.43561541431115713
  0.44698863502500907  0.45755394222469997  0.46782166024081207  0.47798629641322654
  0.48842970292839927  0.49965651044416404  0.51094826903512935  0.52238101151052685
  0.53386290450235518  0.54498756619502542  0.55578555116598416  0.56516050785918659
  0.57227805274898991  0.57926994971586543  0.58635903267656408  0.59405621043774970
  0.60357933823985210  0.61591188628287652  0.62798521661298690  0.63975754014246733
  0.65147501889219872  0.66316393832169229  0.67502605073036204  0.68581595905179782
  0.69632836252956565  0.70724101068643130  0.71854075369836923  0.72994299051880207
  0.74142885683599891  0.75290965993999326  0.76409781226025519  0.77499280553760175
  0.78596393942729159  0.79732594403648849  0.80886024000831847  0.82040061882334736
  0.83206689037580883  0.84359635620804940  0.85455687861998941  0.86542794583798044
  0.87533783415699018  0.88515401310745156  0.89543705826901732  0.90637599174789896
  0.91769167938893748  0.92837779395521380  0.93911673461149803  0.95068567264327630
  0.96258042045738490  0.97501670825357811  0.98728849015080022  1.00000000000000000
 -0.00246252139549114  0.00998908085757843  0.01952489507770726  0.03015413827076292
  0.04060408871377589  0.05187113335145899  0.06328092235541216  0.07523973189677949
  0.08632975146978433  0.09704873943901479  0.10748674190003514  0.11816954468198156
  0.12655058946833539  0.13393323145848821  0.14149684468995410  0.14940123849481732
  0.15870251082112430  0.17009134151163419  0.18144330828740721  0.19242586601052916
  0.20307586103549896  0.21334555509779363  0.22369150823091030  0.23445260908781457
  0.24501981103713785  0.25512254157616371  0.26527391687889595  0.27612621694686168
  0.28767856288411792  0.29909508500379350  0.31055067986876422  0.32198904002130546
  0.33337879388068231  0.34466887839096660  0.35584792222247658  0.36670217524240867
  0.37759325193686799  0.38884594444215664  0.39985479062128554  0.41046152100186173
  0.42073848526484064  0.43150403389446701  0.44251308222030095  0.45361898940459988
  0.46463899961907262  0.47575610320060774  0.48718077637923812  0.49888348212163669
  0.51061910135674604  0.52196864010095068  0.53314728074828865  0.54435463375489745
  0.55550709055813552  0.56643481039056720  0.57726402979108615  0.58816935354854094
  0.59928565146378621  0.61010984320269857  0.62014736228266421  0.63044334588056128
  0.64085031649081181  0.65185964056773804  0.66369307205874384  0.67548913913562536
  0.68691757320228342  0.69812209690959259  0.70928895107157808  0.72054842100573346
  0.73202543475714110  0.74356398848475957  0.75496321482889717  0.76625444966675160
  0.77732791991053396  0.78851186956230790  0.79910600562116907  0.80970651700628671
  0.81996531682667761  0.82985785116316890  0.83984785812585872  0.85005863483851796
  0.86014509218651647  0.86999714095101510  0.88021553967776145  0.89080944699755482
  0.90132288273475858  0.91164433578392357  0.92190257089760386  0.93289937479827856
  0.94368210191539315  0.95155320074234284  0.95845281212994460  0.96524684732799360
  0.97200284595999475  0.97867666705065248  0.98935813234576209  1.00000000000000000
 -0.00234365183124019  0.00892544833864308  0.02006318612649475  0.03168025001027538
  0.04365627461198229  0.05420439133098454  0.06452230994403708  0.07457848639376988
  0.08500743379298198  0.09573588765341602  0.10562891430847073  0.11581539028595977
  0.12607170530644862  0.13623560666045978  0.14630459376273103  0.15700722969042466
  0.16819626629386386  0.17868731881227662  0.18867735073101391  0.19863807239807663
  0.20948206808565872  0.22087435055261406  0.23239578323011145  0.24396365742723761
  0.25536923965310360  0.26655623656878069  0.27763339187255376  0.28841769218616520
  0.29908145111390821  0.30983757623544661  0.32091954058219291  0.33217220471357284
  0.34349649519664738  0.35473452403320682  0.36529905967534315  0.37537243501092932
  0.38307230686997901  0.38893978714051486  0.39579925737837501  0.40274186701440617
  0.41004618435390189  0.41950789128973898  0.43044878416438637  0.44122850708374395
  0.45202641759863832  0.46306173839839615  0.47430569843927861  0.48574669652468350
  0.49733175768868054  0.50897283095998147  0.52044337591022849  0.53154545120972208
  0.54268439292895110  0.55400476326109549  0.56527228003335972  0.57649826100217649
  0.58777091832961770  0.59914687790982990  0.61032360669997854  0.62129014557248829
  0.63228711850623232  0.64338642861578543  0.65451152503187104  0.66542133227971723
  0.67629010566547398  0.68736312914541486  0.69856216552244266  0.70980084056279491
  0.72098959342994040  0.73236293629981186  0.74382750559504252  0.75540150978709730
  0.76688222040178822  0.77834134879665251  0.78981098235779978  0.80144242476506311
  0.81327782343167931  0.82531407798454925  0.83717726466126108  0.84844121517221394
  0.85765853024229666  0.86478007748964913  0.87196328734536133  0.87933269185704166
  0.88776580129796800  0.89847275326062348  0.90916133185527948  0.91938509655372536
  0.92985157918431449  0.93999124532191780  0.94983042938247020  0.95983786853640929
  0.96975564164333761  0.97990057272101894  0.99016865676602084  1.00000000000000000
   9.1699842934845772E-011  -1.0000000000000000     
 F F F F F F F F F F F F F F F F F F F F F F F F F F F F F F F F F F F F F F F F F F F F F F F F F F F F F F F F F F F F F F F F F F F F F F F F F F F F F F F F F F F F F F F F F F F F F F F F F F F F F F F F F F F F F F F F F F F F F F F F F F F F F F F F
  <DiscreteSampler_grid>
  grouped_processes
  1 # 1 for a reference and 2 for a running grid.
  10 # Attribute 'min_bin_probing_points' of the grid.
  1 # Attribute 'grid_mode' of the grid. 1=='default',2=='initialization'
  0.0000000000000000 # Attribute 'small_contrib_threshold' of the grid.
  0.5000000000000000 # Attribute 'damping_power' of the grid.
 # binID   n_entries weight   weight_sqr   abs_weight
    10   10   3.781171767705832E-001   6.452351218683250E-001   3.781171767705832E-001
    16   10   3.781171767705830E-001   6.452351218683247E-001   3.781171767705830E-001
    22   10   3.781171767705831E-001   6.452351218683247E-001   3.781171767705831E-001
    28   10   3.781171767705830E-001   6.452351218683244E-001   3.781171767705830E-001
  </DiscreteSampler_grid>
