  0.00001458372814468  0.00005090498376262  0.00007414748343233  0.00009453743664507
  0.00011303467280643  0.00013259343980827  0.00015492440333858  0.00018164160048959
  0.00021491091077746  0.00025756212460175  0.00031026512275796  0.00037075016240815
  0.00044119783298489  0.00052067196899768  0.00061730516424387  0.00073933810749818
  0.00088788560892340  0.00106589521432238  0.00127243821558253  0.00152438854243470
  0.00183259306889569  0.00221754606804797  0.00271750579435641  0.00336299753615109
  0.00419149975386718  0.00526325044836677  0.00666982655621670  0.00862230358987788
  0.01151983939653371  0.01601476910936480  0.02279077401287513  0.03232973062533326
  0.04511607851928896  0.06065072417820601  0.07775945182916225  0.09581904670870360
  0.11452130361053693  0.13362599691195409  0.15262565105455916  0.17144308919011414
  0.19042613302283179  0.20962110138063950  0.22891340645342559  0.24838010720495210
  0.26787107735782989  0.28728111111444865  0.30656383318459857  0.32574691724470412
  0.34506206370973963  0.36446128917421933  0.38383346553988984  0.40324464076465283
  0.42272456745011311  0.44220079324566636  0.46151343785595822  0.48063012501778335
  0.49974529159591546  0.51891146966979229  0.53812443694426060  0.55732491983087296
  0.57652751384724721  0.59569589637479115  0.61469050453727792  0.63359520993915874
  0.65245390193023467  0.67127786273025292  0.69013996947233791  0.70893945634090549
  0.72748390418818143  0.74581330116916733  0.76402833906278333  0.78216379330898689
  0.80049635129153773  0.81879349974526461  0.83685972306031298  0.85479779988739391
  0.87260130133776415  0.89002808339148631  0.90675391259642357  0.92268545430781612
  0.93782793829570343  0.95151068168113639  0.96323064997375962  0.97287767238224276
  0.98054561631791537  0.98614904586613616  0.99016801752784067  0.99301150719575748
  0.99503894953205574  0.99652911438288261  0.99764309160034192  0.99846637750194334
  0.99904117544453541  0.99943595049315126  0.99974042904291016  1.00000000000000000
  0.00021952916326065  0.00027429569647541  0.00030662085735200  0.00033705283425488
  0.00037172629901477  0.00041505269228711  0.00051308200501141  0.00080290782418499
  0.00130275004663661  0.00172592089445569  0.00209154257451232  0.00252406053671008
  0.00313556352247742  0.00391504629189321  0.00481051491349466  0.00582987847909053
  0.00699638541746979  0.00837043747461504  0.00995173096737027  0.01184493270135950
  0.01405410803511136  0.01658673736457881  0.01952403693675917  0.02299486074591808
  0.02675928446967516  0.03101901642380902  0.03628320798537146  0.04241576200754440
  0.04836058492398319  0.05344886352540957  0.05736961785089938  0.06006296698985732
  0.06187471035693844  0.06312218645756767  0.06400732365946842  0.06466324989324670
  0.06517400188532022  0.06558561910700510  0.06592737677812761  0.06621777929767922
  0.06646646752796515  0.06668676073926881  0.06688744630717418  0.06707181881360680
  0.06724318533156574  0.06740585055883931  0.06756164795732990  0.06771319891623694
  0.06786229827165531  0.06801066442780143  0.06816064855574622  0.06831394744554137
  0.06847204744480592  0.06863720945946751  0.06881186081204971  0.06899991197410760
  0.06920864270110287  0.06944368704926770  0.06970792620804672  0.07001036413378108
  0.07036523073894804  0.07079176219402666  0.07131933985747767  0.07198986904111271
  0.07287714520830356  0.07409733627164865  0.07585412299523710  0.07854732044798676
  0.08283790738832082  0.08965858633224304  0.10013295153791839  0.11523211922310524
  0.13634212439797225  0.16484095609462865  0.20296865866510422  0.25425681292235169
  0.32504821776859300  0.41603446598522509  0.51053149851111201  0.57812900443599746
  0.62002305651679179  0.64629585191569017  0.66870322005944105  0.68847007651536329
  0.70600161677895523  0.72300557129831811  0.73867701163075961  0.75022995732706366
  0.76261209503687555  0.77549571293929742  0.78975886001323770  0.80654370885810556
  0.83081417261216106  0.86607350806693217  0.88647324201451538  1.00000000000000000
  0.00059176069720497  0.00094981060759506  0.00116065414568727  0.00136829009345298
  0.00159840786463812  0.00185415757063895  0.00213710240631193  0.00244910266398903
  0.00279425958641389  0.00317316562824870  0.00358556053763693  0.00403512737547586
  0.00452197078012492  0.00503292695846422  0.00554979577243436  0.00606504596424651
  0.00658036019584115  0.00709935354402197  0.00762355353465304  0.00816049500111203
  0.00871921875253397  0.00930584638111043  0.00991768086516122  0.01055292003853234
  0.01120818423580772  0.01187894213884929  0.01256039602838547  0.01326215155743602
  0.01400099144676778  0.01478175959799480  0.01560864451643411  0.01648998556994816
  0.01741647213200770  0.01837103565722754  0.01936032022827718  0.02040502202853119
  0.02151197887154568  0.02266604527435175  0.02384262467803677  0.02504363255363045
  0.02629621291547010  0.02762703524353089  0.02905893897196071  0.03056647524317985
  0.03211432787307340  0.03373857365325043  0.03543392046242939  0.03719242256419320
  0.03904077747280834  0.04098554386152911  0.04304488627873772  0.04524325784219932
  0.04750680256630659  0.04981391501669274  0.05217634840764964  0.05469850405067735
  0.05732769825056522  0.06002415361339749  0.06287793857237998  0.06592283074448017
  0.06916198504814444  0.07251903447431179  0.07594386337383151  0.07947908441492306
  0.08318296690500518  0.08720409412413530  0.09153119931826136  0.09618777155814257
  0.10113997898129354  0.10644758342863417  0.11196922249299938  0.11781460234346915
  0.12392139379367285  0.13044166333680945  0.13732287085054554  0.14439771911506538
  0.15204115644844071  0.16058667389242964  0.16990477541667187  0.18015758173903423
  0.19117710107508745  0.20314888624664926  0.21600740630134346  0.22927075789428930
  0.24340646451513204  0.25867715384956591  0.27548666996129911  0.29337772108258547
  0.31253467823549852  0.33352746103145203  0.35699418513347103  0.38397057035795745
  0.41622872903005426  0.45610157111582839  0.54723002025249312  1.00000000000000000
 -0.00182584070295088  0.00763355664878671  0.01723804772878903  0.02711790184447004
  0.03714510983857192  0.04681076296385044  0.05688241114099278  0.06685943227971146
  0.07657879335698060  0.08591104008653622  0.09521257181609685  0.10467819236791942
  0.11450474566145209  0.12454217884726214  0.13460878352304481  0.14406476861623929
  0.15290566153202023  0.16162169091109446  0.17070191135840468  0.18038161436021319
  0.19040196949328494  0.20051377325255448  0.21033252917527517  0.21969005589344848
  0.22936010453468653  0.23920372498764902  0.24891417552881162  0.25833769066829249
  0.26779158518456003  0.27778255920652462  0.28823895171814484  0.29844893793627331
  0.30850168287770069  0.31860320986123664  0.32912541707914195  0.33981166175636551
  0.35044746050565301  0.36120423375931210  0.37187088486789921  0.38251731408218370
  0.39308187200120620  0.40381365801750130  0.41471128027776916  0.42559860647686026
  0.43663534080136468  0.44762735620608629  0.45840567724386955  0.46913186110056954
  0.48005798825340967  0.49124050316449819  0.50254650900968234  0.51382565382389300
  0.52512603818436132  0.53630710209094090  0.54730550182067783  0.55801331286672906
  0.56881073049086472  0.57976971856309301  0.59087035643959041  0.60198780749573544
  0.61331933139220274  0.62482887493499717  0.63620073666001953  0.64707422644741619
  0.65811023319615558  0.66906804538651787  0.68007048874624620  0.69106740117338705
  0.70161921594139909  0.71197422898107421  0.72281148547122553  0.73415594755228297
  0.74569180493634080  0.75716107260955112  0.76868289723527494  0.78017945710705960
  0.79177008611569633  0.80342455670164192  0.81494137955166213  0.82593350216974704
  0.83673075064683577  0.84737490462969256  0.85827165341705203  0.86893854742025900
  0.87977569197653882  0.89062828686255235  0.90144979288986615  0.91241303201913238
  0.92351153727155222  0.93500861181761519  0.94665543160704779  0.95817773601717771
  0.96909122268718695  0.97937671527765990  0.98962594929687342  1.00000000000000000
 -0.00213759425819060  0.00849544473557831  0.01933512433086524  0.02972163456642655
  0.04060439604906361  0.05128133020059433  0.06193757396317884  0.07289119945093663
  0.08316403549348900  0.09353493551316727  0.10400547720345714  0.11468457205338159
  0.12526956321929048  0.13449935308332658  0.14394281934765418  0.15341128831739897
  0.16354350279267696  0.17405347769088758  0.18438337238489064  0.19489720070526736
  0.20522379701153445  0.21579309583527520  0.22643289681202486  0.23716746903963359
  0.24779539238678661  0.25844882907506139  0.26891486387217600  0.27926905050460277
  0.28924131212897236  0.29929044008588040  0.30984798199143004  0.32075200603775145
  0.33166272022836996  0.34225775979858170  0.35263531390724712  0.36315585344104012
  0.37399378318846227  0.38489278723036890  0.39579950328382774  0.40673010942367160
  0.41774798079514575  0.42869406108370095  0.43938855940541721  0.45003123768980591
  0.46074548237016782  0.47138334027661216  0.48119641087024118  0.49020504119162489
  0.50025207977735342  0.51127064070543449  0.52199988294527522  0.53251035885845865
  0.54294409185876880  0.55362564855440577  0.56432515237465652  0.57482950182019299
  0.58530606074725078  0.59599259586117692  0.60676618813276229  0.61737303216818606
  0.62752363237474618  0.63772607652681235  0.64798501191513980  0.65873770716630475
  0.66957750477031064  0.68048577223508167  0.69124727934632946  0.70163137985122004
  0.71206052541152842  0.72270237046402841  0.73362527918760012  0.74430746134330728
  0.75467628262164477  0.76503904951461588  0.77538352476604855  0.78588270962200224
  0.79643140887835195  0.80694173474003328  0.81748966550588154  0.82795210475604775
  0.83884342854812333  0.84967831229440260  0.86060823637037964  0.87108458276456735
  0.88139414679514860  0.89186122508014898  0.90229794941843744  0.91319918124740218
  0.92414609599180542  0.93530833111049783  0.94614354762371877  0.95693337847609350
  0.96746970202136073  0.97845559382097491  0.98895725883296126  1.00000000000000000
 -0.00201116512610627  0.00792167824136578  0.01781558766240254  0.02727763999312255
  0.03681064550840482  0.04631662805448250  0.05601076880266478  0.06584564926803807
  0.07557551926228573  0.08523769650169959  0.09471355444680395  0.10410804518821798
  0.11343317317857579  0.12283232954088032  0.13200972198004129  0.14134429968861728
  0.15087241861805056  0.16092113786685300  0.17101060209740720  0.18091339198885992
  0.19077721643679096  0.20066567916670269  0.21062678555855538  0.22027187167917084
  0.22996501723553892  0.23953975448468032  0.24943539573954288  0.25929192185291072
  0.26918452947097893  0.27926902857093111  0.28959686915846872  0.30011696838854585
  0.31069909959017711  0.32133084193039457  0.33178808493637779  0.34212894617496897
  0.35227551459618645  0.36250711564806259  0.37303483302960000  0.38390521899567381
  0.39501265424378545  0.40624520134865916  0.41741214684408456  0.42834084088756397
  0.43914006466363525  0.44996938626371252  0.46108880839072780  0.47236208374945626
  0.48362420150979607  0.49491758278801523  0.50619671584074488  0.51760714134158758
  0.52904446196032562  0.54046624888323669  0.55190005648395035  0.56341040843784029
  0.57486640840945458  0.58590644702034556  0.59695847654719170  0.60804336314037299
  0.61964554480029166  0.63106612908886062  0.64229817596821914  0.65333365728666093
  0.66437531924111193  0.67553437056177379  0.68674140613439505  0.69811584617561984
  0.70942927536942069  0.72067470725452343  0.73199105469151848  0.74351565728887392
  0.75528941042002284  0.76703496716026076  0.77858297696709744  0.78977337414212689
  0.80044869878479363  0.81049272301114161  0.82046868666166617  0.83110557420549458
  0.84236247184455426  0.85358011339313700  0.86451661069144081  0.87548094908149598
  0.88649077360845563  0.89744737403996711  0.90838964335878403  0.91889611126587323
  0.92922476994488079  0.93926278818962150  0.94949308078730976  0.96012891235806519
  0.97070612871179485  0.98030827964128509  0.99038486750313359  1.00000000000000000
 -0.00244373249704503  0.00984372122725837  0.01897345204616994  0.02965773182606508
  0.04005489514002684  0.05080101357783171  0.06165440467634753  0.07231912232973495
  0.08259655021620495  0.09288536787325494  0.10323814574567411  0.11393022130264231
  0.12457042856395881  0.13480484394340017  0.14495370681420908  0.15535223697562633
  0.16613916086133695  0.17721373907740409  0.18807336861187657  0.19871173369712503
  0.20903592186901757  0.21930632336801717  0.22983388058168078  0.24080280022583847
  0.25177255159952294  0.26230024849810779  0.27273886102530087  0.28261544155880752
  0.29292240333766106  0.30300427175661254  0.31351308602193390  0.32414337932514470
  0.33477240396609936  0.34539726375010388  0.35576282341835908  0.36621269366383224
  0.37663157221982085  0.38706403926730149  0.39721755533714392  0.40770731117316333
  0.41832515925027025  0.42915785856265587  0.43941529081204778  0.44896434351748754
  0.45874405111516281  0.46902414462487646  0.47947760639051212  0.49015487793968415
  0.50077936893774444  0.51159215075551090  0.52246678354384002  0.53323030909657487
  0.54412014275218556  0.55497538809371350  0.56569425377447846  0.57640551031615206
  0.58699795562201229  0.59708208353116976  0.60725059573351314  0.61726831104453694
  0.62795094895834846  0.63880955646577708  0.64961625262232814  0.66043224867395867
  0.67129949138049694  0.68202456145071155  0.69274581209053387  0.70298797414119696
  0.71353140129767534  0.72420894205212027  0.73490376026729287  0.74554940268352687
  0.75580742962406922  0.76618134400925753  0.77645817447381771  0.78691830852392408
  0.79805322149594271  0.80913442524547430  0.82030138274946240  0.83119840998865191
  0.84225940870725402  0.85316024334127016  0.86404423305955391  0.87486536935729087
  0.88497979145914751  0.89485870636864739  0.90463511246849304  0.91482782588957401
  0.92562026967506594  0.93664452122625996  0.94747046328086437  0.95857455017487481
  0.96890708462346242  0.97920295331100160  0.98862409205375890  1.00000000000000000
 -0.00225721970146061  0.00906615556890388  0.01983369479633437  0.03100400783120583
  0.04273935436987941  0.05243127807538655  0.06280102982211959  0.07268590844896364
  0.08249751093811465  0.09285526261904434  0.10343548188492717  0.11405917513084107
  0.12487065094204391  0.13557379790045648  0.14647993231964548  0.15752936888779612
  0.16851541120625091  0.17885282834377936  0.18899875779240249  0.19936798105973921
  0.21026949103757625  0.22116495670393591  0.23141986893228275  0.24150418302081630
  0.25173287494108970  0.26260305695665898  0.27373603237106370  0.28462150195605873
  0.29502925936937963  0.30550146119151245  0.31573761087659574  0.32663744747911266
  0.33720834981257647  0.34809978699357447  0.35847551647198461  0.36881274461311220
  0.37908187971531743  0.38976125087722069  0.40076331572928303  0.41174958888576668
  0.42252137894848807  0.43308740083140790  0.44356685804108525  0.45455891378653313
  0.46549799329065961  0.47644514174966229  0.48709907470319658  0.49754744950978658
  0.50784916215578779  0.51813311468188428  0.52875895355182478  0.53939320308693428
  0.54995006165699523  0.56070763663752932  0.57161822306392507  0.58250726288130450
  0.59263091798375267  0.60289223646647483  0.61323844969381180  0.62404497183023055
  0.63506175578603419  0.64612182984589372  0.65708123751745839  0.66798437842634739
  0.67839543332677144  0.68859574317874694  0.69835338598995700  0.70815085775639408
  0.71819439950965414  0.72887371144250357  0.73981942496528053  0.75083211438623121
  0.76180643371215673  0.77247756107725085  0.78340559448018310  0.79381913700116880
  0.80402341591389781  0.81408912719645454  0.82395999465378067  0.83402118846439632
  0.84380722812040421  0.85381637113581987  0.86391719745885753  0.87444549761609880
  0.88486057174236243  0.89527063443789145  0.90580195614514381  0.91629242355644236
  0.92690666907888508  0.93770929553092697  0.94832741524827469  0.95907926488277839
  0.96925129184410241  0.97911846114706313  0.98913454010325053  1.00000000000000000
   1.2267382288717663E-011  -1.0000000000000000     
 F F F F F F F F F F F F F F F F F F F F F F F F F F F F F F F F F F F F F F F F F F F F F F F F F F F F F F F F F F F F F F F F F F F F F F F F F F F F F F F F F F F F F F F F F F F F F F F F F F F F F F F F F F F F F F F F F F F F F F F F F F F F F F F F
  <DiscreteSampler_grid>
  grouped_processes
  1 # 1 for a reference and 2 for a running grid.
  10 # Attribute 'min_bin_probing_points' of the grid.
  1 # Attribute 'grid_mode' of the grid. 1=='default',2=='initialization'
  0.0000000000000000 # Attribute 'small_contrib_threshold' of the grid.
  0.5000000000000000 # Attribute 'damping_power' of the grid.
 # binID   n_entries weight   weight_sqr   abs_weight
    10   10   8.004355938051294E+000   3.992620587772768E+002   8.004355938051294E+000
    16   10   8.004355938051294E+000   3.992620587772768E+002   8.004355938051294E+000
    22   10   8.004355938051292E+000   3.992620587772765E+002   8.004355938051292E+000
    28   10   8.004355938051294E+000   3.992620587772768E+002   8.004355938051294E+000
  </DiscreteSampler_grid>
