  0.00951025545921084  0.01532753460884668  0.02424985214278922  0.03424258747403003
  0.04433807420964244  0.05438661472029323  0.06423564163772720  0.07392896055064421
  0.08374181448538619  0.09380845465158094  0.10417879319745199  0.11461471094956356
  0.12510559431670115  0.13542688860959981  0.14545092407019561  0.15593613502075027
  0.16676239442171903  0.17793112061904995  0.18972959948511506  0.20160374048659441
  0.21338480586116568  0.22459637281064790  0.23594097825488308  0.24769817843840602
  0.25813733685056928  0.26813907210790444  0.27738354957723793  0.28670489223064705
  0.29593333001718219  0.30561074884078532  0.31561011368355213  0.32698707726812321
  0.33726315876126667  0.34706033344459875  0.35677725640373964  0.36624230345012848
  0.37617677266559491  0.38613488673084356  0.39668668616119163  0.40752177670265932
  0.41841892078061377  0.42872411478093042  0.43877498483812716  0.44904440163089621
  0.45953606190170598  0.46999694423771132  0.48031460715498087  0.49089728907824443
  0.50158453179446416  0.51222408480048820  0.52288135069220576  0.53329768875818240
  0.54399087182900785  0.55457689977240376  0.56513175891938638  0.57553996843259025
  0.58623350781731109  0.59735338455985287  0.60816398927099236  0.61836544449699615
  0.62824443996499446  0.63808624988513485  0.64800401193189261  0.65831258204777199
  0.66920323646837065  0.68060875261520215  0.69207417917226655  0.70316556824051912
  0.71408242949594525  0.72492185286619604  0.73545911185704838  0.74589594053062358
  0.75611098523350817  0.76642263814167466  0.77623573443526495  0.78629249963466274
  0.79644954900342624  0.80705705208579237  0.81744266824006995  0.82797899657912855
  0.83904585233807716  0.85055638064317107  0.86279903486285325  0.87500700870776804
  0.88696689931434247  0.89824995148971598  0.90929856430772171  0.92058264576503113
  0.93220044764701337  0.94297878231100862  0.95308667652029988  0.96321978444421075
  0.97326824609125895  0.98314052349840009  0.99106496786077591  1.00000000000000000
  0.00934935224614917  0.01547410382011954  0.02524961644699144  0.03677926050781946
  0.04814655826105030  0.05912876035994272  0.07054586666292270  0.08208739807472552
  0.09240016424695127  0.10240611644295700  0.11254576150664622  0.12283735181759473
  0.13323397915073565  0.14358188800604463  0.15325110913050186  0.16283084513835044
  0.17219009023898893  0.18120176328346499  0.19019563865803513  0.19945486563986375
  0.20909906776238130  0.21943045915286494  0.23004085322141202  0.24089343924694337
  0.25163934212779626  0.26123997276974520  0.27072199519506768  0.28067901149181884
  0.29110413513217914  0.30164665827250570  0.31240503323991398  0.32391492146615392
  0.33574057618627212  0.34753601242103432  0.35924269354432320  0.37078657654257796
  0.38191640029461837  0.39287839771032401  0.40289282438049784  0.41259573905410801
  0.42206707240343538  0.43121651780535952  0.44049268788247198  0.44970049778938026
  0.45882209304974142  0.46815297412222734  0.47801443151346451  0.48872392801762116
  0.49962543133554660  0.51037431111885845  0.52099023069586592  0.53154034878934187
  0.54220089084040624  0.55308430109502560  0.56386981706199168  0.57474851724360376
  0.58546667730563773  0.59658082765520337  0.60773641875797835  0.61900076900845358
  0.63030182704465443  0.64158644367693518  0.65296181478835769  0.66422451979771568
  0.67491188339231023  0.68490210654418138  0.69436927806494453  0.70354972382055614
  0.71273551926549550  0.72212520556330462  0.73222825358376198  0.74270601879997933
  0.75317797096606853  0.76381693139098672  0.77484249942863348  0.78581066401614319
  0.79615936662563402  0.80603229998442638  0.81593595771735739  0.82621327683064139
  0.83668790020429318  0.84750679397052098  0.85854280243034065  0.86945810501125664
  0.87995249552545662  0.88999543201574027  0.90006950219484283  0.91017530052486328
  0.92044140473522562  0.93095559341148548  0.94142208656664750  0.95238919979349368
  0.96394041368633043  0.97556945550223428  0.98786466999179434  1.00000000000000000
  0.05687360835267338  0.06068924132176903  0.06439297964970953  0.06774625504770949
  0.07122486929370517  0.07481843566191616  0.07850548528927427  0.08222462765949769
  0.08599677080312165  0.08990029959073645  0.09387849962806102  0.09799430015848989
  0.10214798775856850  0.10633804905740925  0.11072991042890311  0.11512977543116458
  0.11953854734973793  0.12420815179027565  0.12893321477250139  0.13371728962786378
  0.13837443663628848  0.14328376900201711  0.14767255097533691  0.14901796428908357
  0.15008814246787044  0.15133613498638332  0.15268213317657645  0.15498125132350529
  0.15734561040480172  0.15969407554529683  0.16203537203373405  0.16440150268689591
  0.16675471656693305  0.16912276117212208  0.17147278571544000  0.17383402827403349
  0.17620782838824173  0.17859539615917380  0.18098273039125248  0.18340276946537226
  0.18587014625990367  0.18838352150900511  0.19091837053043934  0.19349105805662453
  0.19610482251287989  0.19875725534675659  0.20143794364590914  0.20412769537305006
  0.20681654056794785  0.20953317420749179  0.21228835401283444  0.21508630369385742
  0.21794322288769363  0.22081590195873446  0.22370315643350330  0.22662975760295212
  0.22958186895172086  0.23257723535070121  0.23564116418096259  0.23875683760292979
  0.24190589175919691  0.24512645010519518  0.24840867613438067  0.25174802728476448
  0.25513291294813317  0.25855552953378763  0.26201708275277746  0.26554984912563484
  0.26915037068485675  0.27284407680975292  0.27664441863150818  0.28051308296059180
  0.28444542306795562  0.28852375510908257  0.29274037310409806  0.29711961703465067
  0.30166195398687257  0.30637789160721418  0.31126320347930730  0.31639748974553800
  0.32184503166451289  0.32757726536103032  0.33363543475361856  0.34010380149879654
  0.34703076752690926  0.35458424601010963  0.36285822657655381  0.37211614745925670
  0.38260056934472797  0.39481434346550709  0.41000228853047338  0.42882622460144504
  0.45555657881890121  0.49852578740630998  0.58386697098890883  1.00000000000000000
 -0.00305357707667441  0.01208981592076828  0.02447749962947177  0.03593305533566364
  0.04802689257781331  0.06002747769272793  0.07172840648291569  0.08320918509958436
  0.09489682153897193  0.10634986622783225  0.11685356208770487  0.12739820903354251
  0.13830454621578331  0.14897860963916820  0.15944829221354859  0.17021115567637615
  0.18116168493728069  0.19231635359346572  0.20344216489492156  0.21458108413802032
  0.22547429454573559  0.23625874106016501  0.24710777625404012  0.25798152180822587
  0.26866731272851035  0.27939679357249197  0.29034353400311591  0.30125774760371654
  0.31244403044487040  0.32290919737461499  0.33304503837307176  0.34317610058700543
  0.35360786785917420  0.36412306637105324  0.37470350725467211  0.38592485544049698
  0.39669771854810687  0.40688578200923664  0.41662751713855428  0.42635102570707251
  0.43621030314990222  0.44625100616699731  0.45622189262135371  0.46596887259419567
  0.47568011257603027  0.48497727993343975  0.49393392330737673  0.50313268700716940
  0.51219864228375267  0.52129183889942265  0.53067915679132827  0.54042664144682928
  0.55100505036934688  0.56190558722778150  0.57274434151426623  0.58320299798394892
  0.59309588004471880  0.60289480036811294  0.61274409122667839  0.62222493087070863
  0.63103184400283219  0.63968621136997927  0.64856837506867748  0.65739461806446509
  0.66589271330959221  0.67428948496670071  0.68305121828978066  0.69252969223449579
  0.70249079354871324  0.71301344698924085  0.72460346685153876  0.73605100790733613
  0.74731147358234917  0.75832862629999576  0.76896350225820576  0.77890186729266087
  0.78869579848674809  0.79901663998426964  0.80946332894099093  0.81998833016120265
  0.83020735999139050  0.84050558411275045  0.85100762831323495  0.86188052086268951
  0.87334362866721915  0.88460218247433164  0.89597426406184233  0.90779483588789078
  0.91917673118390220  0.92942848425244651  0.94018043778850680  0.95123078297314578
  0.96300276444787658  0.97448927118876816  0.98718837543477111  1.00000000000000000
 -0.00310051628254839  0.01130288024524290  0.02305299663251634  0.03424237193554921
  0.04538480487690279  0.05654848256790115  0.06807304701596419  0.07974347263715821
  0.09131659104340571  0.10226760724950237  0.11291921391059442  0.12291678566791817
  0.13291564886723600  0.14313294108022023  0.15414531229904224  0.16542407293802783
  0.17604423821468507  0.18616311129502944  0.19598403354386035  0.20585626305826493
  0.21563895087495455  0.22495070058629779  0.23457305628152259  0.24398363310278420
  0.25334001532741357  0.26282413859023102  0.27271653347989677  0.28386351709762581
  0.29518132995989599  0.30653835417343422  0.31672723650467804  0.32637593027144518
  0.33630660470088852  0.34673812895298206  0.35747398617045140  0.36752712003425125
  0.37792340754504228  0.38904571437772362  0.39991500637151634  0.40999378218003252
  0.42019116103897713  0.43042843491036309  0.44054355374672943  0.45043371020791084
  0.46061505219171534  0.47142452372502647  0.48247264707319093  0.49337152676812063
  0.50440756427586564  0.51557128244229067  0.52634049491677182  0.53597832531470746
  0.54576604685215202  0.55567468697036604  0.56530010432755162  0.57447395067527107
  0.58358783212123244  0.59371878395730415  0.60395692254402777  0.61379845782022147
  0.62324654841821370  0.63257217807036137  0.64199744231677447  0.65144114414883836
  0.66128024879077174  0.67134245668451109  0.68111348578642472  0.69111273118881589
  0.70185455233085925  0.71329822589638403  0.72514575887517307  0.73704624983897071
  0.74886733907996550  0.76052374982933868  0.77191457919486239  0.78303272550345682
  0.79384402588012692  0.80441735912560985  0.81494021754035617  0.82565564536978209
  0.83616609028282096  0.84641241926918875  0.85644701997428907  0.86669483311409812
  0.87723309804875371  0.88790044519611189  0.89844255626701586  0.90905828449735537
  0.92007583928962089  0.93149516615259720  0.94305009569331433  0.95434310509177278
  0.96591127531930887  0.97708228887444981  0.98858807646311209  1.00000000000000000
 -0.00282578198393214  0.01021122527199523  0.02200412792845335  0.03421341024702173
  0.04676164766551688  0.05931230507372032  0.07192773948388280  0.08476723318585028
  0.09729924705268343  0.10841824311605781  0.11904928659080036  0.12979872451806387
  0.14095060811426660  0.15100709116371733  0.16095352793091613  0.17083356987400605
  0.18108987844049657  0.19107220663288396  0.20100033102393963  0.21168654298154968
  0.22274962942339369  0.23338448433245404  0.24336870316480824  0.25321736147556395
  0.26312512482102607  0.27319587558523212  0.28314558227159886  0.29299726583352081
  0.30317081814552721  0.31357617113432873  0.32407871053909726  0.33471406585272856
  0.34519571502184676  0.35533050349053574  0.36445185086557452  0.37364403655759348
  0.38354207364221832  0.39351609290667744  0.40360209445726675  0.41383340825929754
  0.42443599086726869  0.43533380624126417  0.44599069145387793  0.45694227316714292
  0.46739537464239217  0.47767413703882533  0.48691723489184469  0.49595281160600369
  0.50516795280306681  0.51435381227272770  0.52362671164407137  0.53316866705019783
  0.54307556182167638  0.55320354665660398  0.56313554507712749  0.57290904149876154
  0.58285531583754324  0.59307584434398841  0.60349501486510404  0.61372053489500300
  0.62377438417325004  0.63353629395155808  0.64308511900280918  0.65243560316771343
  0.66162369693783940  0.67104479246043081  0.68110359673807819  0.69143098398535474
  0.70226919957447798  0.71259635638596630  0.72233672211298317  0.73188075102050520
  0.74133777521364730  0.75065304364589180  0.75969688312911443  0.76863637601465118
  0.77864792449488984  0.78863408210299923  0.79843992862241187  0.80823221445248661
  0.81947852572589153  0.83144960373793975  0.84355275184566880  0.85566249734926891
  0.86794440606966861  0.88025759560264105  0.89238398035307986  0.90387491604715675
  0.91530613748857093  0.92710037377261878  0.93879061869010871  0.94994257906604085
  0.96113777904043729  0.97307742355005378  0.98584206168386546  1.00000000000000000
 -0.00268928308010592  0.01017105974542125  0.02133796617081820  0.03178986298689998
  0.04221704593425638  0.05231440211716658  0.06236397041940138  0.07279107498710108
  0.08286989086663225  0.09407800294127776  0.10497421384691440  0.11598407943017330
  0.12654681801809317  0.13700751899605088  0.14769630020155119  0.15818188655636314
  0.16872843522472447  0.17984533780377279  0.19007802784470088  0.20032942643598736
  0.21037279097376652  0.22138618325255413  0.23244563206361316  0.24394081942669249
  0.25549485482288248  0.26728956344652355  0.27893118553408341  0.29042235678943101
  0.30189825107740043  0.31311892875724268  0.32426925175054733  0.33475484435992742
  0.34464430286321829  0.35461177771359753  0.36463219110182571  0.37428254131020644
  0.38396289727571192  0.39395766312860542  0.40487517222509251  0.41591817870739534
  0.42683408677862766  0.43784243532592138  0.44865007141516317  0.45930894518956394
  0.47001507954088673  0.48084355262741696  0.49157650151548965  0.50232993281371485
  0.51357775843658815  0.52439759223792226  0.53443231333082497  0.54441293611237551
  0.55452186716202290  0.56465305746490224  0.57458490252252192  0.58445516701569344
  0.59431911914526936  0.60420077419797957  0.61414444967030479  0.62419473796569380
  0.63429130641380316  0.64445550796360307  0.65517665693025340  0.66561881269608503
  0.67562824052553316  0.68545036629659672  0.69561547760091069  0.70572857389454724
  0.71545571584789824  0.72542357449167882  0.73587334752184286  0.74648274997146680
  0.75661874911692473  0.76667625802472117  0.77720604448427921  0.78858969203928686
  0.79838202216231668  0.80750239294913440  0.81656457984400188  0.82592074578537578
  0.83529368050370889  0.84465577441386575  0.85413880135983045  0.86471498221848486
  0.87576701446441230  0.88664110086390557  0.89773716520382263  0.90889561802438390
  0.92014228544381027  0.93151872089666932  0.94276006914227450  0.95403907894186257
  0.96569751101352230  0.97733161965022941  0.98887113856956355  1.00000000000000000
 -0.00247496547876989  0.00996763745715870  0.02008103184996725  0.03077073219219242
  0.04141917330411354  0.05122829598507100  0.06054607416386736  0.07099822068985888
  0.08148553011015867  0.09175703694735612  0.10141242581057486  0.11150320326848273
  0.12231785805127079  0.13325396392527625  0.14443872120284718  0.15523824924623694
  0.16592419431970712  0.17683251897965685  0.18773383302692484  0.19888411451532156
  0.20975152782723253  0.22144224992909473  0.23275892742391463  0.24345417734476121
  0.25348821280678019  0.26332722129358427  0.27310488561056440  0.28263468963442229
  0.29218806493593524  0.30122122137866114  0.31063651954745475  0.32009522251797590
  0.32937751699769424  0.33828930471450169  0.34732916309954243  0.35696172083993211
  0.36757490649917957  0.37860896298620966  0.39015739287122259  0.40219451522459565
  0.41431911643239794  0.42615978803832838  0.43790151671369582  0.44974523764251362
  0.46139935593472037  0.47282651413632892  0.48363317584983828  0.49352148127621837
  0.50355122890649340  0.51395516902490979  0.52427422877322127  0.53427570488301457
  0.54416036481440588  0.55482571757648547  0.56514123036131303  0.57476990111861459
  0.58513663113556003  0.59510567759772570  0.60471482783306751  0.61385352179251518
  0.62280186137955595  0.63232797827735521  0.64258115751476508  0.65295667165638516
  0.66355305553070765  0.67462970021188506  0.68601266393005156  0.69710027212985848
  0.70819467202484876  0.71948064014789659  0.73078884966042368  0.74194708753580918
  0.75312510123918897  0.76400511894095757  0.77475287861095510  0.78517587478968265
  0.79540620817183838  0.80563870750323674  0.81612979966510524  0.82674740311210559
  0.83720455912967606  0.84761753993341848  0.85846452560947961  0.87012698313341730
  0.88201187448890772  0.89374810600174437  0.90496420314490156  0.91580938667342127
  0.92680632461946533  0.93806021784296767  0.94956945078392185  0.96062145223657847
  0.97059695909336552  0.98060083391777753  0.99016758298124352  1.00000000000000000
   2.1935615679132166E-008  -1.0000000000000000     
 F F F F F F F F F F F F F F F F F F F F F F F F F F F F F F F F F F F F F F F F F F F F F F F F F F F F F F F F F F F F F F F F F F F F F F F F F F F F F F F F F F F F F F F F F F F F F F F F F F F F F F F F F F F F F F F F F F F F F F F F F F F F F F F F
  <DiscreteSampler_grid>
  grouped_processes
  1 # 1 for a reference and 2 for a running grid.
  10 # Attribute 'min_bin_probing_points' of the grid.
  1 # Attribute 'grid_mode' of the grid. 1=='default',2=='initialization'
  0.0000000000000000 # Attribute 'small_contrib_threshold' of the grid.
  0.5000000000000000 # Attribute 'damping_power' of the grid.
 # binID   n_entries weight   weight_sqr   abs_weight
    10   10   2.295467815976890E+004   1.572354100262864E+009   2.295467815976890E+004
    16   10   2.295467815976890E+004   1.572354100262864E+009   2.295467815976890E+004
  </DiscreteSampler_grid>
