  0.00018017167478359  0.00024863103976840  0.00028468135448182  0.00031966517946231
  0.00035855033511352  0.00040264295164426  0.00045881905328342  0.00063131541451940
  0.00106239415222874  0.00149117652737236  0.00183782972435665  0.00222903984714860
  0.00267919480302882  0.00316583599794424  0.00370928163768538  0.00435203948894145
  0.00511405056343157  0.00598751670644839  0.00698331633659418  0.00812046412711423
  0.00942461004431769  0.01089870403461160  0.01250650148045469  0.01429793385937789
  0.01632854234131318  0.01872659169544248  0.02150461622974217  0.02468955508394050
  0.02829926887311586  0.03242763249090481  0.03703404383557754  0.04209038026170937
  0.04732485320989401  0.05217955162661046  0.05610109041971584  0.05891039384016634
  0.06086621824504278  0.06225105279821041  0.06324793147160197  0.06399024691371098
  0.06456355574318862  0.06502230251453536  0.06539910877216865  0.06571494384193015
  0.06598543456751205  0.06622292177964555  0.06643538695382302  0.06662768435594188
  0.06680338972313637  0.06696580395151087  0.06711796228936265  0.06726211259781584
  0.06739981970480165  0.06753236902537130  0.06766115806967242  0.06778774466279278
  0.06791322323953153  0.06803897510123635  0.06816608582453670  0.06829579669584401
  0.06842944920282072  0.06856871240203716  0.06871442161567291  0.06886825708803879
  0.06903366756455742  0.06921305604618576  0.06940894254661288  0.06962517413526473
  0.06986705585198238  0.07014254766901398  0.07046368939718546  0.07084474645923781
  0.07130350921211732  0.07186452154590750  0.07256667529842137  0.07348713390377763
  0.07471518278967618  0.07640846466924341  0.07889293611573035  0.08260146131243137
  0.08810115897488048  0.09618193928105617  0.10754732387591180  0.12282562649761362
  0.14271174669697279  0.16819885506375176  0.20004529471000843  0.24315070134496905
  0.30304333950928558  0.38399116592695814  0.48234871403453916  0.58691215217063541
  0.69202991084852272  0.80123624811601279  0.90315296337218209  1.00000000000000000
  0.00013894670615151  0.00023252535155468  0.00028051622274130  0.00032564812361150
  0.00037806917635434  0.00044624856353627  0.00063845711058806  0.00109759791550757
  0.00164878313449386  0.00208530538456226  0.00258340589352615  0.00316375257303935
  0.00384565288424194  0.00463357572655294  0.00555442547953615  0.00664820133735816
  0.00788026254261023  0.00925094631583094  0.01080645422832336  0.01267358629938119
  0.01483236601196102  0.01722325713062111  0.02000318255329886  0.02331279175093553
  0.02714337449680189  0.03150500725407861  0.03646571809137485  0.04207397614315737
  0.04757573532863987  0.05250148663227288  0.05651884245806191  0.05936275219468106
  0.06124930888348342  0.06254519023658910  0.06348254675987680  0.06418848745656937
  0.06473910863492990  0.06518312674821281  0.06554921542142442  0.06585707606671093
  0.06612431314175793  0.06635873785662047  0.06656489537545372  0.06675142964972902
  0.06692449494800262  0.06708631318652547  0.06723930926390310  0.06738511874724547
  0.06752427051325705  0.06765828309300555  0.06778975371511647  0.06792063424644723
  0.06805158213681833  0.06818384790107347  0.06831855700782802  0.06845727593037924
  0.06860140037801178  0.06875307999927374  0.06891778633186768  0.06909564980962624
  0.06928790704102175  0.06949882375746898  0.06973493665019148  0.07000393548636673
  0.07031370295789999  0.07067591585441006  0.07110934119795248  0.07164143130569750
  0.07231086539163478  0.07317322620219317  0.07431548926300638  0.07590317843501795
  0.07826741789575849  0.08184833419623680  0.08716293382375538  0.09499119204826398
  0.10610844291528568  0.12138873594717174  0.14170427391449791  0.16882415103507192
  0.20363896517207322  0.24762247605777166  0.30315570380219548  0.37464300803252193
  0.46409320438520502  0.54531355203138532  0.60261920402497404  0.64461961008617996
  0.68177618568990095  0.71568686540183923  0.74623046851395847  0.77547733373580718
  0.80524984599659355  0.84465106206575857  0.88917326239205463  1.00000000000000000
  0.00056560916952000  0.00102935100729941  0.00126904444414357  0.00149639068125163
  0.00175318233093479  0.00203877533644250  0.00235720091037396  0.00270366211178225
  0.00307109073655618  0.00347108352274885  0.00390642466144141  0.00437920133466192
  0.00487410860844767  0.00536361315959974  0.00582927072286668  0.00628030440570204
  0.00674027498781693  0.00721458574935270  0.00770325684855897  0.00820085642257285
  0.00870559896126406  0.00922557178030088  0.00975198061425653  0.01030740365389175
  0.01090256189950531  0.01152095236654653  0.01216472345891197  0.01282687266105762
  0.01352364263618943  0.01426931224233910  0.01504569491021747  0.01585785214610883
  0.01672523905784185  0.01762427495816168  0.01857400245708128  0.01955514362007218
  0.02055430945525371  0.02161747195808931  0.02272560214531183  0.02386675440619041
  0.02503230663995476  0.02630658671384817  0.02764610747534416  0.02910229723198060
  0.03057028896508697  0.03214351375700727  0.03380647330111387  0.03557767752287264
  0.03738739449381343  0.03925454633961992  0.04120737338711068  0.04322831485508728
  0.04533731299897372  0.04757953529618075  0.04995931319230722  0.05244500093175639
  0.05502782140310672  0.05769525101889330  0.06049802717686194  0.06342324888544040
  0.06642759395584004  0.06958283101181612  0.07285533717933715  0.07638771711984622
  0.08014630467223396  0.08426972463043828  0.08876440252495839  0.09348429102619200
  0.09842121062259895  0.10367426004100727  0.10908861905725613  0.11458132454769857
  0.12036456972956948  0.12677725728820530  0.13381317729855158  0.14130161049149162
  0.14917300256301416  0.15790912416357752  0.16742197650473756  0.17779108365513646
  0.18887009165916516  0.20056568262171717  0.21336447668545658  0.22712677241294665
  0.24198513116810635  0.25778508033657488  0.27451226180451455  0.29237547171330541
  0.31152518151531844  0.33218299908131876  0.35506326749729017  0.38137660565119513
  0.41299477313527400  0.45312983077796559  0.53288239577827146  1.00000000000000000
 -0.00222123767294820  0.00859906239567320  0.01838928000691605  0.02879627984061769
  0.03880678654990936  0.04904229239776641  0.05872715267342232  0.06836200694769537
  0.07791169032434501  0.08764477297643057  0.09748195554005309  0.10723264396163006
  0.11688187112849355  0.12612901437859528  0.13516729205759964  0.14413725503611327
  0.15312675563400582  0.16257383458270017  0.17208711794181528  0.18158736853206650
  0.19118828850305256  0.20107228159834636  0.21117638370657668  0.22116464427927512
  0.23106127387394207  0.24101620621605399  0.25111514529414125  0.26126859835180788
  0.27147876569295759  0.28186973528691300  0.29217635990070301  0.30260182920883105
  0.31261208663224616  0.32275924425056041  0.33282614984056641  0.34321220070357006
  0.35349925081346001  0.36380915319496165  0.37425075199762270  0.38500994673954347
  0.39582896381946653  0.40641920919294494  0.41699733687221963  0.42781346435514767
  0.43874410781400786  0.44963036828368413  0.46056686720699913  0.47143762616939033
  0.48246134647624739  0.49339162603590714  0.50447668760528719  0.51558126571615537
  0.52662420535002430  0.53749240565726997  0.54846375731996599  0.55978908747049050
  0.57152113781795333  0.58298155392057338  0.59427707314545430  0.60553684732577984
  0.61665976340067363  0.62807642722281964  0.63933648700316315  0.65055315079195697
  0.66155740049850986  0.67258088513984848  0.68393922420420772  0.69557364919295628
  0.70727765821791611  0.71858955113345135  0.72958737340222690  0.74047306324138107
  0.75161009432120884  0.76288366733131918  0.77437478523397318  0.78580810640098064
  0.79693374751916690  0.80723672935853874  0.81744876770074992  0.82755170938724820
  0.83782791377658716  0.84821058716056064  0.85874114933146017  0.87030198743064735
  0.88142355154479402  0.89193949160724229  0.90222347077175324  0.91278868868200247
  0.92355139847755297  0.93432417613300967  0.94456980010886371  0.95543546944243229
  0.96661177799454179  0.97889459947017676  0.98966186083706953  1.00000000000000000
 -0.00202123112767837  0.00824641011074639  0.01835991227742034  0.02903644963437686
  0.03991589549432280  0.05052811489476298  0.06105551688768829  0.07159326350696063
  0.08216441885596960  0.09314219879382514  0.10394117976281977  0.11455520076556777
  0.12505012457945103  0.13551375421239420  0.14604859447101981  0.15637408545936798
  0.16699374172196774  0.17786926679312870  0.18902678417912552  0.19974369700794045
  0.21019158878041425  0.22067071546664746  0.23138151775807667  0.24206426066833342
  0.25286159049697809  0.26339765271184840  0.27391744227113368  0.28445410357860923
  0.29537210543789150  0.30595415670411141  0.31639120321279934  0.32660069283331944
  0.33714250995854472  0.34812301123464118  0.35907711542151877  0.37008066904507020
  0.38093833524151444  0.39168260925339415  0.40236044874556198  0.41283553546499957
  0.42326717452411527  0.43370142944289591  0.44425526700763973  0.45477364236106382
  0.46541330006527287  0.47626360701053283  0.48669002149581758  0.49702031407116576
  0.50729140031617714  0.51783570442778537  0.52836624424196554  0.53879038621408926
  0.54981781714365385  0.56110395739998797  0.57176007928417294  0.58216585437070489
  0.59250474871472625  0.60333630654488901  0.61418532484503885  0.62445171426177226
  0.63524156379032704  0.64622120813688511  0.65736914085101195  0.66824096815565859
  0.67869400202176067  0.68890854094862697  0.69915265886909872  0.70941744224379566
  0.71990751738429659  0.73024435409450594  0.74065472191927539  0.75074962206798557
  0.76102950695148019  0.77113420807149047  0.78115908617240926  0.79125676111206988
  0.80153522241168862  0.81203933333527523  0.82243409538389423  0.83271621755748737
  0.84298399787185696  0.85333360668387637  0.86337636128397555  0.87332711508085425
  0.88356639444850982  0.89408132183873690  0.90487752296090085  0.91573297151407074
  0.92609310543043311  0.93673859798120718  0.94756286414768043  0.95824420394239440
  0.96873297558953653  0.97907880018178295  0.98890441459273248  1.00000000000000000
 -0.00176519458135819  0.00731769809881418  0.01678848721190817  0.02613737055238019
  0.03608175014833340  0.04586952190262229  0.05579962406067286  0.06553375788455570
  0.07510675400396220  0.08431480036319866  0.09327080328210738  0.10180280720803171
  0.11036269698387531  0.11926617776757220  0.12874621068552106  0.13843924738558319
  0.14762371915567252  0.15672628936093247  0.16617045568770183  0.17599884130972804
  0.18599529677657015  0.19587451137746104  0.20583696585153391  0.21582917245626662
  0.22601762274992576  0.23623345211147095  0.24641000544203048  0.25647947164408685
  0.26674610959268635  0.27707424676183601  0.28729557692042512  0.29745622631076885
  0.30770238800888533  0.31832255739519960  0.32910421154833336  0.33979899784464634
  0.35046199891567081  0.36107323553048909  0.37156930285336237  0.38191971887627446
  0.39225340825516558  0.40278685721541380  0.41358332915235768  0.42437686870806601
  0.43500183627207417  0.44556224229323960  0.45629178374941509  0.46711774351418722
  0.47781555958355110  0.48848003046525862  0.49917228195680396  0.51008388645419456
  0.52111248328983739  0.53215648141719152  0.54335770812902684  0.55466531228501592
  0.56619924146740130  0.57791945866804273  0.58962644639409634  0.60138776621403511
  0.61305633264014248  0.62475110335887463  0.63627360137021149  0.64760091225630378
  0.65865337300569493  0.66974951079484457  0.68094610523512644  0.69231678854102663
  0.70379868260532619  0.71534056202167451  0.72664508577244891  0.73757028914021983
  0.74845120437463464  0.75933766323878416  0.77034725199492016  0.78124259830507714
  0.79226987793512538  0.80330686088945225  0.81459137218540079  0.82566503986544815
  0.83669302419992797  0.84746675656547232  0.85750964312460631  0.86785737326748746
  0.87878034314626541  0.88983099045962011  0.90104036141055999  0.91211540905340771
  0.92306973138493698  0.93421514155849417  0.94520861923527799  0.95625477308297602
  0.96710639229987316  0.97776255396777589  0.98891784770670832  1.00000000000000000
 -0.00203763589237009  0.00842420404086435  0.01875325664704020  0.02887231375603478
  0.03950194515504463  0.05020394821635396  0.06129876070677558  0.07197163535083735
  0.08215551662077469  0.09261697616684651  0.10295796792051159  0.11346923630192851
  0.12401654761704956  0.13488390762187577  0.14595885922952914  0.15598366779811695
  0.16603443458625186  0.17578502033603663  0.18607500903592789  0.19677788818460096
  0.20698850215598902  0.21772235940557821  0.22843740182497890  0.23913309136427394
  0.24977699578614382  0.26045225731287908  0.27132103179821471  0.28218415132703462
  0.29311364597307682  0.30383888962057826  0.31456560555443980  0.32534768283504256
  0.33632896833094761  0.34726669019600404  0.35780034712855935  0.36801348529000161
  0.37816422785408954  0.38823807040285335  0.39812091192433824  0.40815326816559144
  0.41844493650450343  0.42852266388078508  0.43849186142264929  0.44881296050939268
  0.45965531832181994  0.47048976982163232  0.48120590338144820  0.49164209826360045
  0.50230506929800611  0.51298970606979510  0.52377100533687093  0.53424187342870122
  0.54439333752186536  0.55452902041334629  0.56466289350055388  0.57496041777849249
  0.58556643279068488  0.59652945832206994  0.60717735961470631  0.61762013226449175
  0.62818821679602865  0.63903268760063225  0.64990768994566162  0.66046782210011423
  0.67105648365277226  0.68168196532602454  0.69255317340831446  0.70325761829135902
  0.71395369848565959  0.72453700010234190  0.73510713789949200  0.74557922514957542
  0.75592250180439946  0.76617767938934100  0.77627679234686564  0.78686262205078983
  0.79752468709831603  0.80840259731077591  0.81946136606230813  0.83063998719134846
  0.84146989189215782  0.85211725824949358  0.86276819760797197  0.87333683762486825
  0.88375141402694246  0.89401963854982991  0.90405535791566438  0.91407386556500869
  0.92464061730886105  0.93529718831284558  0.94611374954273475  0.95657152036155091
  0.96703265060297650  0.97823636829979321  0.98840268334185366  1.00000000000000000
 -0.00227961382464940  0.00886602896992753  0.01942875727598627  0.03054141498850881
  0.04185544095335164  0.05291492673455403  0.06378891946349724  0.07437997867344244
  0.08456384658878205  0.09538615380114082  0.10605253245653044  0.11695421780393883
  0.12763013736097273  0.13836642506907620  0.14921922239261437  0.16019398438389748
  0.17084915489603544  0.18149146023133106  0.19245638017591002  0.20350334289139901
  0.21450379467509820  0.22541664731415098  0.23611496954491060  0.24657543288201703
  0.25718489628724223  0.26774829700886982  0.27819184053305568  0.28841671281851661
  0.29872663481435130  0.30916739393201492  0.31952646467793161  0.32997397646329923
  0.34040036687743824  0.35055037144925322  0.36076928268412478  0.37114737899457045
  0.38167880188995390  0.39215539022230522  0.40266921846035825  0.41329934806142077
  0.42400373068632830  0.43470735930402660  0.44532042861568011  0.45598305229456371
  0.46661116622651688  0.47703543215921901  0.48724731948222055  0.49752620341685666
  0.50805872364841942  0.51876699456805186  0.52950316175456336  0.54010387348620348
  0.55054053907670719  0.56085289585985665  0.57124969890244348  0.58187892856728451
  0.59235875552694361  0.60253303866170027  0.61272847067907787  0.62286910066492474
  0.63318663407437448  0.64346976334524841  0.65381267257924780  0.66427954653041221
  0.67457233940058914  0.68513589517157203  0.69592151920395895  0.70719344832974385
  0.71807127648672120  0.72843513842312546  0.73889010248182285  0.74912998749427695
  0.75965750633071938  0.76977284536593704  0.77996070461110578  0.79032711404710310
  0.80056625009842275  0.81073921041464114  0.82094390414653451  0.83155966084009414
  0.84222169808122482  0.85310714097696005  0.86389104708230890  0.87466063846185449
  0.88557580079065712  0.89660576830941718  0.90739936276025013  0.91795275808228260
  0.92823625647418684  0.93892692198823280  0.94883694096857374  0.95919448225453918
  0.96956458353387198  0.97973851941790291  0.99010832931828774  1.00000000000000000
   1.1826758836478857E-011  -1.0000000000000000     
 F F F F F F F F F F F F F F F F F F F F F F F F F F F F F F F F F F F F F F F F F F F F F F F F F F F F F F F F F F F F F F F F F F F F F F F F F F F F F F F F F F F F F F F F F F F F F F F F F F F F F F F F F F F F F F F F F F F F F F F F F F F F F F F F
  <DiscreteSampler_grid>
  grouped_processes
  1 # 1 for a reference and 2 for a running grid.
  10 # Attribute 'min_bin_probing_points' of the grid.
  1 # Attribute 'grid_mode' of the grid. 1=='default',2=='initialization'
  0.0000000000000000 # Attribute 'small_contrib_threshold' of the grid.
  0.5000000000000000 # Attribute 'damping_power' of the grid.
 # binID   n_entries weight   weight_sqr   abs_weight
    10   10   9.489158441361614E-002   2.995714968726269E-002   9.489158441361614E-002
    16   10   9.489158441361614E-002   2.995714968726269E-002   9.489158441361614E-002
    22   10   9.489158441361614E-002   2.995714968726269E-002   9.489158441361614E-002
    28   10   9.489158441361611E-002   2.995714968726268E-002   9.489158441361611E-002
  </DiscreteSampler_grid>
