  0.00890884174190142  0.01686559085652956  0.02804636965286890  0.03941206156603408
  0.04981986996623190  0.06018385900511435  0.07054045564193845  0.08094860075837464
  0.09096861561398796  0.10070182684862150  0.11113601533662637  0.12207407379686189
  0.13271456925356853  0.14298811245611967  0.15361214108437823  0.16479205805467198
  0.17522363149740813  0.18571161407517006  0.19576427003702646  0.20613398540840935
  0.21609073773567378  0.22590186816562430  0.23577716800223208  0.24571566568503800
  0.25596526426290156  0.26656844961700338  0.27703844151055351  0.28729979746963735
  0.29763656292202717  0.30805926863321298  0.31839068070281046  0.32868603604922342
  0.33940354374281217  0.35033129080115588  0.36126194447980881  0.37197323696991208
  0.38252623536502123  0.39294163335604215  0.40329134317902837  0.41348563097505642
  0.42351414826880079  0.43333293491938968  0.44355578645590954  0.45401898628113085
  0.46497309524517477  0.47587907022128645  0.48670750163877519  0.49767378378721705
  0.50871613131417159  0.51973206856517506  0.53047528875588923  0.54109667399912798
  0.55181147622611060  0.56259137720971897  0.57303758564396334  0.58320118375506980
  0.59337820732240953  0.60368883491140990  0.61433234671299108  0.62523584195815718
  0.63580221166599205  0.64624984302617239  0.65648336684576969  0.66698270596053477
  0.67762095776673270  0.68830435748327046  0.70021359842919739  0.71145127954605047
  0.72200403088421505  0.73253281047826302  0.74277859335803498  0.75273272672935232
  0.76220984427589000  0.77188242969509502  0.78188009773389511  0.79194527696588923
  0.80211228297737203  0.81220942512962568  0.82336594732105473  0.83323394003049878
  0.84449678420561702  0.85530430605740304  0.86611992078836553  0.87712611798352802
  0.88853365295372078  0.90011259077993655  0.91174542991265761  0.92283127453070291
  0.93385723654072950  0.94504704775111115  0.95576634349611245  0.96552390289857648
  0.97520492284332294  0.98481802380580141  0.99050747639128878  1.00000000000000000
  0.00915198833839738  0.01664409231616563  0.02688969170804560  0.03688888039124323
  0.04687569034672748  0.05686902913364235  0.06673839287910581  0.07639515485233361
  0.08615767885100185  0.09587214342352969  0.10551249785590407  0.11517664357510964
  0.12536219310861696  0.13602360070008920  0.14668844814238777  0.15754413708271006
  0.16860853854327734  0.17970961395602691  0.19105666237286786  0.20252447984837810
  0.21380966057443829  0.22484399555001347  0.23558080945037282  0.24609351350495987
  0.25655541570594181  0.26680709734589009  0.27741246653907503  0.28801565174061217
  0.29839538070410210  0.30854113345122702  0.31853613584141638  0.32870282188003808
  0.33912070457079169  0.34982208024178074  0.36068909740569577  0.37144300374936845
  0.38220540895390026  0.39272162026867846  0.40340670839054682  0.41424783686694033
  0.42514959206544156  0.43571826333071467  0.44641084857354207  0.45695198897048422
  0.46773082150409789  0.47891132368736106  0.49029018856692291  0.50167049714503420
  0.51290189102105355  0.52421713095128775  0.53567971089893385  0.54726457073889023
  0.55886394527585770  0.57028232159156633  0.58142353616677889  0.59237879708381502
  0.60329941292595335  0.61390722259961639  0.62450573263090825  0.63475787627380620
  0.64505724973176548  0.65533569608699183  0.66550578745821443  0.67576376929500925
  0.68610774894816307  0.69635219097585133  0.70647386570214843  0.71668582728444763
  0.72724525908855109  0.73750250839971632  0.74751238425956112  0.75736447592095990
  0.76705445923188886  0.77647289247678342  0.78583148775406242  0.79548907483546460
  0.80553844541424602  0.81552811926278834  0.82579587133433763  0.83532355654958745
  0.84545401677889409  0.85528494689399215  0.86636444445284888  0.87689579107684290
  0.88654342741453918  0.89685723517924076  0.90744804688881942  0.91811097606375158
  0.92786046185266380  0.93747788753338923  0.94759893658307337  0.95823389423333671
  0.96867448332214490  0.97906309294485905  0.98946245489856588  1.00000000000000000
  0.05722163466627261  0.05837981921596716  0.06021946824172909  0.06222720379598756
  0.06428529900858811  0.06671303782825540  0.06957156642299549  0.07244604176412477
  0.07527767682332744  0.07815594213719504  0.08110741025073986  0.08410011585577847
  0.08717868268681402  0.09028293491091254  0.09340017149917561  0.09653126599223567
  0.09982084936440150  0.10313936450375084  0.10648826535386245  0.10987899995245771
  0.11337798553830267  0.11693099386966048  0.12054495907016051  0.12422237436961839
  0.12796244238178961  0.13171461791724337  0.13585061493353734  0.14008179013140337
  0.14404494015428138  0.14755859858066098  0.14890877587495063  0.15039774303327616
  0.15193822084470909  0.15400627299985659  0.15652925858768124  0.15902253155934934
  0.16149777062792695  0.16399868691169606  0.16654527839076899  0.16912155862043574
  0.17170554506557098  0.17426774624908747  0.17682252955481181  0.17936806558866714
  0.18194773062149694  0.18456902738627104  0.18722749380403289  0.18990086323572752
  0.19261944261796687  0.19538085463133206  0.19817935179626484  0.20101615444814963
  0.20387274289990881  0.20673953207237677  0.20963319654743909  0.21257760476091780
  0.21556479649356020  0.21859291557532082  0.22167470584380669  0.22483703499279969
  0.22801553038221092  0.23122875122083322  0.23449921302243470  0.23783880178949240
  0.24121160438438893  0.24462145015907230  0.24809381915241810  0.25160702779064620
  0.25517648539478510  0.25881226977091870  0.26254421067306460  0.26636639542905127
  0.27027919921075083  0.27429722107314630  0.27843404623378509  0.28266769485147208
  0.28702386505041155  0.29154424490728759  0.29628150603528480  0.30124149766625469
  0.30630419900140921  0.31163338003580243  0.31731183422881759  0.32337241895670177
  0.32987753865978769  0.33690361586533463  0.34450788901406243  0.35292781820414393
  0.36249199618278499  0.37381685481730664  0.38741450325919313  0.40472277609290941
  0.42812334367156724  0.47419538747597184  0.59502912066822555  1.00000000000000000
 -0.00297119784289390  0.01188622492334171  0.02376860935315743  0.03669500397463038
  0.04921231945792152  0.06128004104574137  0.07317512505956586  0.08498813753273368
  0.09685826481179402  0.10882292387649609  0.12053186006133004  0.13208027398910413
  0.14301570385736717  0.15385474464124649  0.16459997973716944  0.17534224651223715
  0.18596179091096626  0.19681993229457800  0.20784015716427107  0.21858187337759302
  0.22889080355944383  0.23913248679640914  0.24917169545241846  0.25931996456535722
  0.26960619909037714  0.28000495827601579  0.29037721598038918  0.30109751751234409
  0.31178903665321289  0.32183157110071881  0.33139817240623226  0.34140535657279197
  0.35149842924557184  0.36105583429958171  0.36998921659539413  0.37908772982460170
  0.38834013922040000  0.39796077960335541  0.40775328927962207  0.41744066055618573
  0.42696573749259159  0.43624864602263824  0.44534809465972702  0.45434000673024655
  0.46356194305197029  0.47298281219665117  0.48250517806210264  0.49215624311477640
  0.50203943937550333  0.51199008414047831  0.52188174019097566  0.53144767272746818
  0.54099699424713121  0.55043637770227938  0.55977752560977256  0.56911702242215134
  0.57844730398946265  0.58783800215066961  0.59751299191222440  0.60730840159471156
  0.61732888794828622  0.62740807029222312  0.63728570735073609  0.64680941094131716
  0.65595009001466476  0.66522321814275309  0.67479411353015895  0.68427809569692588
  0.69352593854101641  0.70277884617910480  0.71266376040078649  0.72322405554002123
  0.73405939354102701  0.74467916548181312  0.75513013711095933  0.76557360507155914
  0.77631631356283670  0.78730116708511766  0.79836565777564528  0.80918712120792413
  0.82003039535941369  0.83121644992366495  0.84218120040122635  0.85338604588524403
  0.86496831503002169  0.87718097181883870  0.88958415127192858  0.90122392515689398
  0.91224641480270274  0.92408404751605466  0.93628375777997164  0.94847975843989962
  0.96058775532782326  0.97416577958858586  0.98713455879342960  1.00000000000000000
 -0.00226929260662115  0.00890829587893857  0.01820354854529461  0.02843971163035593
  0.03864584052636733  0.04928699983117370  0.06007031410110316  0.07083927627063635
  0.08121492429214459  0.09237869971246636  0.10306767777102201  0.11413445176950732
  0.12482959060432249  0.13574286204507599  0.14665044938635477  0.15773336678808381
  0.16845646560421423  0.17799574255139805  0.18733325510696483  0.19671254893535828
  0.20645612627860735  0.21604992989101796  0.22589574349234354  0.23673172645637988
  0.24875146702342962  0.26055531169701929  0.27250514329423625  0.28434273951287897
  0.29567147147837908  0.30600769903643543  0.31623798639390421  0.32681179043987713
  0.33742578587972860  0.34778669639470594  0.35802511691885963  0.36871228899398478
  0.37965189484505668  0.39071859666261288  0.40212632646807367  0.41368693906420212
  0.42480071815215148  0.43568867830088215  0.44660109830241579  0.45782617741851905
  0.46935059618198421  0.48059710006051104  0.49116324545894363  0.50165551760277183
  0.51208437422642017  0.52261178332281055  0.53282934825647865  0.54377676391405194
  0.55555320149346243  0.56743463336357658  0.57903247191045848  0.59027734271058285
  0.60133940582487122  0.61243233157984456  0.62353262557859035  0.63445406263661919
  0.64516809695791855  0.65570793250126214  0.66638696601803793  0.67743509686018433
  0.68875942070034513  0.69984095024909665  0.71022574146041351  0.71973034154057880
  0.72885103272138052  0.73805678699878630  0.74738542983724154  0.75676208667809797
  0.76599304149325087  0.77525186825667780  0.78460040851532331  0.79404178014434035
  0.80320453795109947  0.81234395087735667  0.82186655083528048  0.83203600836269354
  0.84267055401210711  0.85341365532055635  0.86483180038816421  0.87621974609129782
  0.88704344890780573  0.89763341040706346  0.90813054131562998  0.91839080908162618
  0.92851625468344623  0.93875822667658593  0.94943434082544587  0.95986475306061203
  0.96986415429993356  0.97966835337577973  0.98949913500080422  1.00000000000000000
 -0.00255548165433719  0.01092074025029439  0.02253964968755807  0.03417742675843530
  0.04567821409342647  0.05684952198651987  0.06859702109423074  0.08024366336317552
  0.09194912139360673  0.10408796175779080  0.11664166117029512  0.12904783021667487
  0.14029860679482817  0.15118057574752095  0.16170531831814966  0.17215528064863750
  0.18251147620523830  0.19289849329711886  0.20350821710590628  0.21411660546327305
  0.22471252383229540  0.23515032951122722  0.24531503020511361  0.25517495048444055
  0.26500509416227691  0.27518426379457628  0.28603885124010958  0.29721713385958137
  0.30805783803021725  0.31865522839185922  0.32840652526018432  0.33854453833295550
  0.34854618781583674  0.35831684249262191  0.36784678167819479  0.37747744575160919
  0.38732828625588345  0.39719469380779671  0.40700027831908275  0.41637176372115448
  0.42606515596186462  0.43619256984679344  0.44714921254232737  0.45835251177631514
  0.46796594025972554  0.47763503247964734  0.48734885426568508  0.49768625681603407
  0.50780300301933534  0.51798546966126124  0.52831741469291094  0.53853750210889328
  0.54844389106360258  0.55826492790189575  0.56823428190547431  0.57811565830186940
  0.58761091739715310  0.59682667019591817  0.60614207679363474  0.61570991378111717
  0.62531849009517482  0.63488873804721802  0.64454143034679912  0.65419033566982188
  0.66379883685875340  0.67354931546933328  0.68344109002040421  0.69331629864496169
  0.70294163987688973  0.71247415511706980  0.72218902475614288  0.73241045702086527
  0.74281797551373163  0.75315987503864656  0.76330284769731338  0.77323253146629323
  0.78314457335582133  0.79307607304735295  0.80263317817918844  0.81230262014984611
  0.82165436096852762  0.83145665710985694  0.84187552653410613  0.85333867019177045
  0.86429293938333307  0.87536551542455898  0.88681407009404811  0.89851656425916981
  0.91031440935069274  0.92265463374969248  0.93534366723797491  0.94826393735241843
  0.96089385501932645  0.97385771269936527  0.98672967518099097  1.00000000000000000
 -0.00251004516954199  0.00932299521713136  0.02044365399177362  0.03169638501796377
  0.04281993470924761  0.05351874113607184  0.06441500342826151  0.07527063378556398
  0.08599457055737528  0.09676150383395918  0.10760356174627897  0.11845920725008834
  0.12896311318609405  0.13913603625582238  0.14921312604969594  0.15911624683083800
  0.16927129882587336  0.17937110571142648  0.18994036152631005  0.20092147749036177
  0.21223511262477351  0.22360528712857192  0.23453505826889048  0.24528462574557078
  0.25584920133633854  0.26623432291168414  0.27637768588117789  0.28625408986254713
  0.29676170862206774  0.30736743439212516  0.31837287506500678  0.32949473689416459
  0.34082644033373960  0.35262895144682532  0.36459233670592794  0.37606576404829406
  0.38609683376086751  0.39563707274678167  0.40529307450770691  0.41519172982241459
  0.42484896962849877  0.43424279173450114  0.44374374428487728  0.45317924272537735
  0.46307498611780823  0.47331442632344078  0.48429423035730507  0.49502080533703358
  0.50628001787231935  0.51770774642765971  0.52911869638225173  0.54066312294550822
  0.55246410205276375  0.56406271327128898  0.57539573260906429  0.58649692070520099
  0.59741297898546875  0.60831969059527136  0.61917618298162491  0.63000968681311265
  0.64090465960104093  0.65192866099846614  0.66292967241735234  0.67345316838319480
  0.68353939278033071  0.69360578256022221  0.70374842831723727  0.71378184668876177
  0.72374959813993911  0.73404394859306210  0.74456665536288791  0.75489656387309267
  0.76511998859310149  0.77519910044734497  0.78511888877483438  0.79462595326004326
  0.80378485243621001  0.81309035247114281  0.82321980362215597  0.83351780112401241
  0.84386490504304645  0.85403944941440990  0.86427766922274929  0.87498847708458272
  0.88504304171241532  0.89504658523779335  0.90511611986398266  0.91540977977008375
  0.92586830952253596  0.93627587795417233  0.94733348810864715  0.95847448589765349
  0.96890486871692660  0.97907247648918805  0.98972631118395493  1.00000000000000000
 -0.00302796220941087  0.01104622933862064  0.02291888345109047  0.03509015947279107
  0.04615924297205220  0.05723322512389085  0.06770832963464803  0.07815956834907765
  0.08824290323534051  0.09794002509669339  0.10752640327830233  0.11754631201231880
  0.12776000279899624  0.13794917367326823  0.14810753970268314  0.15828668239282709
  0.16861394935454471  0.17865897476835965  0.18879974055407003  0.19910959935352826
  0.20941354604500936  0.21961728418456961  0.22988494779156424  0.24065821941627699
  0.25151087191317606  0.26242373288285581  0.27386360127843123  0.28529985000133107
  0.29674079053951985  0.30806812319375698  0.31924096295213544  0.33047006413852764
  0.34150624462802787  0.35252928440658954  0.36272650977995124  0.37279351658997317
  0.38262403401251344  0.39249871962620647  0.40258230394761474  0.41226615363672164
  0.42276735792172471  0.43313026324811499  0.44382530126960096  0.45457704365960405
  0.46506186478694250  0.47541553289112731  0.48585317081639284  0.49622482847248928
  0.50655207046903172  0.51667157334494684  0.52652566866493822  0.53623591594341558
  0.54638151431679693  0.55720988741281863  0.56793523647392130  0.57812712305374203
  0.58919790277518225  0.60049489141625179  0.61176446649629634  0.62277413310881313
  0.63375956480516404  0.64479857068560231  0.65573774455420986  0.66635025823920324
  0.67633089683998615  0.68605226795114993  0.69649815746401633  0.70680791163222267
  0.71732836856795401  0.72755850578987491  0.73820981633935956  0.74893223660093655
  0.75944786525700714  0.76999519952926698  0.78110077241036990  0.79171263659707791
  0.80214756983188185  0.81224378236180905  0.82213293989681746  0.83185760463110481
  0.84200765270531963  0.85198160349290908  0.86336427845120856  0.87376479681440211
  0.88499625153610573  0.89554127994349964  0.90618899961732835  0.91651266959918887
  0.92698257939998463  0.93783250346335845  0.94839528411868501  0.95831338586194348
  0.96830447214579141  0.97855740128098867  0.98927134731166400  1.00000000000000000
   1.1065707685049307E-008  -1.0000000000000000     
 F F F F F F F F F F F F F F F F F F F F F F F F F F F F F F F F F F F F F F F F F F F F F F F F F F F F F F F F F F F F F F F F F F F F F F F F F F F F F F F F F F F F F F F F F F F F F F F F F F F F F F F F F F F F F F F F F F F F F F F F F F F F F F F F
  <DiscreteSampler_grid>
  grouped_processes
  1 # 1 for a reference and 2 for a running grid.
  10 # Attribute 'min_bin_probing_points' of the grid.
  1 # Attribute 'grid_mode' of the grid. 1=='default',2=='initialization'
  0.0000000000000000 # Attribute 'small_contrib_threshold' of the grid.
  0.5000000000000000 # Attribute 'damping_power' of the grid.
 # binID   n_entries weight   weight_sqr   abs_weight
    10   10   2.478135358452265E+004   3.961451943623582E+009   2.478135358452265E+004
    16   10   2.478135358452265E+004   3.961451943623582E+009   2.478135358452265E+004
  </DiscreteSampler_grid>
