  0.00001840997504902  0.00004540870438760  0.00006691487707602  0.00008324500094824
  0.00009871606047005  0.00011483100764917  0.00013294630967559  0.00015485652590145
  0.00018215950330402  0.00021559877011437  0.00025609632650501  0.00030977859426790
  0.00037722034786517  0.00045890611520157  0.00055122640383553  0.00066603699568515
  0.00081771503867620  0.00100628426021725  0.00123124775751622  0.00150270042124269
  0.00184492026366042  0.00227726060534481  0.00281713430852327  0.00351181749468190
  0.00443062926760448  0.00565668733416013  0.00725710502758835  0.00938671001252141
  0.01244548881347357  0.01720809333966928  0.02471418047435289  0.03559129809683623
  0.04953582701854668  0.06590942643804937  0.08359776454434974  0.10205842158443848
  0.12097602035759897  0.14013830264901045  0.15933129707884919  0.17844571049283003
  0.19758463767971915  0.21664025659991301  0.23551667104274396  0.25432269916357464
  0.27326918403583267  0.29244337910173457  0.31152280765441176  0.33057963247684058
  0.34964814096003538  0.36870365882981215  0.38783946320517404  0.40715272718045048
  0.42643155703501312  0.44369095084382965  0.46026175154235166  0.47714620676648456
  0.49560047153223574  0.51486495280456945  0.53390725500383585  0.55257630486092468
  0.57108281486175561  0.58964623330092469  0.60830112109923229  0.62704743258763407
  0.64582929554239321  0.66477785288886426  0.68368179293806297  0.70243795968440947
  0.72099326279065346  0.73952587644400791  0.75803148034108669  0.77623273738530185
  0.79433612391350272  0.81254295861152570  0.83077268331081966  0.84879490719313699
  0.86648652532581216  0.88385011906528377  0.90085378403735950  0.91726697495968013
  0.93279703419266946  0.94716300049039059  0.95997279938595548  0.97078436237602894
  0.97928382108229484  0.98546781992208021  0.98984995284024446  0.99296700770276070
  0.99516853201814126  0.99673775927569330  0.99783399039495746  0.99858190281522974
  0.99908159469619851  0.99944301700160698  0.99974036868019145  1.00000000000000000
  0.00001703508045959  0.00005374727216697  0.00007236913385775  0.00008511702316178
  0.00009657998808793  0.00010791127232958  0.00012358466364868  0.00014342287533214
  0.00016620619044707  0.00019217302363684  0.00022400519764986  0.00026553974663601
  0.00032066032936838  0.00039122955759481  0.00048476650920040  0.00060960930071462
  0.00075098483927393  0.00090874884644290  0.00109935101320077  0.00132911924040272
  0.00161095029982309  0.00198080642972053  0.00246969107106752  0.00309756593201173
  0.00391757113884494  0.00505172615307110  0.00664760049446523  0.00890720153089948
  0.01236763378756643  0.01786467743768826  0.02617209352554039  0.03785525666974240
  0.05302813150782178  0.07068539128774706  0.08957441390857594  0.10921278387859137
  0.12935426595194749  0.14978005603339586  0.17022185466669498  0.19045324174084230
  0.21067521565462649  0.23088739286351723  0.25104221140529115  0.27125250040240073
  0.29147070971078615  0.31154019403328675  0.33172223796196582  0.35129179486808865
  0.37051612140118362  0.39064152584072998  0.41106476173325462  0.43138027935102824
  0.45166030803366619  0.47190366241366477  0.49208761923287675  0.51225202974252748
  0.53250565681179740  0.55267024740755955  0.57268957284653377  0.59260526808450753
  0.61263050898383542  0.63278865317729327  0.65286289168032063  0.67281743761394985
  0.69264167896395068  0.71241955299115500  0.73222684610776534  0.75211743324432612
  0.77185378244096914  0.79127124041533536  0.81049151975434797  0.82956721224531793
  0.84857568597081134  0.86727852606866451  0.88554926534155864  0.90345741676576297
  0.92077243259705677  0.93710929354851635  0.95196028148440137  0.96495884872251370
  0.97556409360415164  0.98344047143661206  0.98880125283135267  0.99217400399226019
  0.99452187565744565  0.99623105164884718  0.99749730391520786  0.99839749331233119
  0.99899467827263533  0.99931058049146482  0.99949288155813110  0.99961356592099493
  0.99972159067300592  0.99981596317445920  0.99990845148574381  1.00000000000000000
  0.00051337641111518  0.00079163335645670  0.00099346326697780  0.00120008899434398
  0.00141730741071368  0.00164427403225795  0.00188231982394206  0.00213487905822608
  0.00240025892674370  0.00261631465754391  0.00275078542786294  0.00288077836763701
  0.00307514893332217  0.00339392078152226  0.00376511633083059  0.00416544527181094
  0.00460259746923163  0.00510337811033055  0.00567676040031718  0.00630044474181933
  0.00693079601688274  0.00756304394085393  0.00820379955817694  0.00885554109603022
  0.00952027766229543  0.01020536325225880  0.01088681980847528  0.01152186681758207
  0.01216052483236658  0.01286008981239613  0.01365810628841799  0.01451803800840345
  0.01539546265861989  0.01629876773183579  0.01725446145626605  0.01826904975510440
  0.01933889189910245  0.02044832301855092  0.02161479113399216  0.02281085602314088
  0.02406851924290783  0.02540326470385600  0.02678849936292739  0.02823926615928629
  0.02976923525846499  0.03137875346138902  0.03306334727110409  0.03482305821854616
  0.03666582288140324  0.03858552997247084  0.04058774430278737  0.04271098435538253
  0.04496095721223921  0.04731574489439267  0.04973444505384426  0.05221021673541799
  0.05474387906331303  0.05737260020432892  0.06017855934848092  0.06317515541831911
  0.06631219455439845  0.06951172854018864  0.07282918441281741  0.07636444763562522
  0.08019412753662081  0.08412945932821345  0.08812324743080720  0.09204866113115480
  0.09621930928463253  0.10086490127419173  0.10633047924614203  0.11207971831192579
  0.11802333351352595  0.12414613732686654  0.13058127722067994  0.13733195391711195
  0.14440217206554187  0.15225904889192829  0.16096179995421958  0.17071096593667240
  0.18129980397048362  0.19252067885070523  0.20439711310275599  0.21713180172823673
  0.23087951573164373  0.24593477244047554  0.26183286496538399  0.27872467427879344
  0.29695341364201028  0.31725379527690206  0.33989925931598158  0.36627933092579307
  0.39816324222496502  0.43837203220889942  0.55571135067598354  1.00000000000000000
 -0.00240251301345715  0.00923678273361325  0.01976836274414811  0.03037802492299043
  0.04039655251598484  0.05049638505714882  0.05979126439454671  0.06878820010492022
  0.07748376258943347  0.08693754732411942  0.09585513833072859  0.10473835812056534
  0.11372496747652494  0.12300578093642564  0.13288783968259232  0.14259443024138513
  0.15182074086502143  0.16062217347224123  0.16943213722172309  0.17825842222888491
  0.18791486041522776  0.19798220775528683  0.20795458273760423  0.21781322828745375
  0.22768872669042092  0.23739632947164482  0.24716376494734218  0.25718285282255215
  0.26745772257474376  0.27764686992555782  0.28709916228358556  0.29625078874804328
  0.30585798804515146  0.31465236892907184  0.32400669286477835  0.33285733793600314
  0.34176701833759698  0.35163965044558909  0.36160531930382173  0.37218137861717249
  0.38320317843177398  0.39409143378214528  0.40482116375635102  0.41555063510610313
  0.42628671907373766  0.43711536301301773  0.44791095473378506  0.45876607035818134
  0.46965375952216165  0.48053287142431111  0.49144235690773252  0.50259249927127736
  0.51396579764363426  0.52544367074042631  0.53686545334735192  0.54828236869209024
  0.55981600228355366  0.57127508019494211  0.58250092482381832  0.59352341939331787
  0.60452199291686926  0.61577955194460965  0.62725354105873832  0.63884951266149925
  0.65046673372886699  0.66211715752756706  0.67388279169291287  0.68566473304751008
  0.69735508583802785  0.70893201990624710  0.72044618053242826  0.73198882191210402
  0.74346836895836133  0.75502925242897889  0.76650434124002531  0.77816908110657212
  0.78976629830666500  0.80115326575178492  0.81224640745928334  0.82334026170161057
  0.83462600485282101  0.84603696144798457  0.85752750968548741  0.86889059005315494
  0.88021547467431827  0.89160653184087235  0.90325021859375476  0.91463101585986839
  0.92609507310766337  0.93719580521417845  0.94844323274964737  0.95994433565886050
  0.97100710916317001  0.98088885166240314  0.99067645789691083  1.00000000000000000
 -0.00205869119468321  0.00850621216989205  0.01897117025161513  0.02926750144987636
  0.03991883898040433  0.05045002157483754  0.06134168364579638  0.07242736116854423
  0.08292229046211842  0.09359634724481124  0.10430945341222025  0.11528515501178814
  0.12631171810365485  0.13724479569720033  0.14818320919017450  0.15917710625889731
  0.17023418137672089  0.18125762766342202  0.19199698837008494  0.20267635168941722
  0.21287160405091216  0.22302962211037328  0.23300443811255339  0.24366404510622958
  0.25461417104842399  0.26453875648500647  0.27428222675612951  0.28403105470496864
  0.29424082638154186  0.30503509926557487  0.31587794147403275  0.32656013875184930
  0.33718973605977076  0.34773309028185273  0.35802728703671971  0.36824905829702242
  0.37867798870301650  0.38929613996965512  0.40045095391965158  0.41150997133352435
  0.42257018260988871  0.43365201409296117  0.44479010837563671  0.45575633680453770
  0.46656512976610526  0.47722575835354702  0.48806987382329736  0.49880018582547681
  0.50966041778188909  0.52056051923131408  0.53163696209549116  0.54252239081145870
  0.55325853519299584  0.56386438863796273  0.57456636016237961  0.58518018052921805
  0.59590088457557056  0.60666804092979076  0.61751490941077281  0.62840722706794949
  0.63913184069490636  0.64982569086207875  0.66049193716492871  0.67126259305252101
  0.68190188833276821  0.69224469902961183  0.70260595155236971  0.71297132382061157
  0.72280057509568207  0.73249042587901203  0.74141541664858357  0.75066958735118805
  0.76022579105894439  0.77009845638018770  0.78090582603486347  0.79141132954263094
  0.80189131486114962  0.81237998391112942  0.82318827462513000  0.83417710246487764
  0.84499938609737524  0.85555854725211877  0.86614286924160955  0.87678345259741297
  0.88722778160384308  0.89743563318204855  0.90742355518577633  0.91714031549998321
  0.92731337153365212  0.93778118077913575  0.94855475123524613  0.95936000268891386
  0.97001829008802176  0.98019082297152338  0.99036180933604279  1.00000000000000000
 -0.00221933762465734  0.00870026315236695  0.01885577311926093  0.02792770848571443
  0.03703837466682139  0.04618800898917838  0.05570590031888385  0.06594863376389945
  0.07504493769727676  0.08497386913342310  0.09470362338037987  0.10409499457382744
  0.11424827909578204  0.12380307791239498  0.13406770071091947  0.14441370549138841
  0.15300345284259234  0.16164971485637761  0.17023334006047933  0.17946290406018672
  0.18944444739416916  0.19941689777838670  0.20938901500676202  0.21944817495578617
  0.22964671160280092  0.23984949745341735  0.25017752759821954  0.26025955425225766
  0.27019507721365466  0.28023992565351130  0.29021622289906907  0.30024060125776292
  0.31031734448070347  0.32069632202667764  0.33128949964357607  0.34188123279739568
  0.35249606040725961  0.36314559753319686  0.37387740959342275  0.38429298825869201
  0.39467084129002133  0.40492854150132984  0.41546637309485845  0.42624907280416130
  0.43728150543409056  0.44837794257183333  0.45944750963724657  0.47058159884558365
  0.48178177240997988  0.49289713311923844  0.50396769926402352  0.51513103860250553
  0.52634130744583918  0.53762554187871747  0.54903482611398391  0.56049949459389037
  0.57219609812484473  0.58279646877936653  0.59301285156376682  0.60329098182603802
  0.61345043585894132  0.62497565466918792  0.63645341562524782  0.64804519675463490
  0.65951630635118430  0.67079830144120112  0.68195330990526415  0.69315612112620351
  0.70370717415353046  0.71432859474840449  0.72490334173633697  0.73638679993069978
  0.74797614358740450  0.75955977595686175  0.77102963038115646  0.78219391324371113
  0.79324930418213568  0.80413481284681365  0.81499440906518761  0.82477279774835055
  0.83470175212143882  0.84447553159780864  0.85469286985758464  0.86556614845923963
  0.87680418633080315  0.88798149972134510  0.89958218543895485  0.91081796959480343
  0.92110732890978853  0.93132242628463502  0.94150429853507644  0.95268167111439639
  0.96452914144921487  0.97624698325363779  0.98831725981098661  1.00000000000000000
 -0.00192573631854517  0.00757328212100788  0.01744614244668551  0.02800069441754714
  0.03886322428956508  0.04947799886391605  0.06011729260211394  0.07098483234305876
  0.08191042579337174  0.09237752158376399  0.10285568526129638  0.11353569259114314
  0.12444786645099933  0.13529493044240473  0.14607507070142106  0.15624447314641307
  0.16622604926785134  0.17589979262228272  0.18653547662634276  0.19745012580596194
  0.20833704283164595  0.21867145330383539  0.22906019918222881  0.24000151365077554
  0.25120984210379110  0.26210245162765083  0.27247655660674286  0.28284012033428180
  0.29332554874471051  0.30417729516719910  0.31502098564378606  0.32607680762813795
  0.33695238275743794  0.34719901390150543  0.35762513430247533  0.36806178121464206
  0.37912851452794455  0.38971523411486281  0.40013671227717218  0.41044152941829187
  0.42117559508909580  0.43199768188587295  0.44288357733168149  0.45391936480430622
  0.46490162668911011  0.47584314665971261  0.48674821200407892  0.49779442156759524
  0.50863321204527578  0.51926080222162152  0.52975152036383721  0.54038938718759943
  0.55127398921171067  0.56227632363790658  0.57271775130647051  0.58266425725537729
  0.59212762562726329  0.60187434655163596  0.61257008393027024  0.62353193619295622
  0.63455369815154505  0.64519284828323820  0.65569939633700447  0.66619011570542996
  0.67665604912374189  0.68793459406308721  0.69845330436180020  0.70921507462386602
  0.71967875738788145  0.73022834956932425  0.74028953862689928  0.75041902102918034
  0.76072187385152590  0.77145524305966584  0.78234208667837701  0.79310239665213467
  0.80340440308238703  0.81315888074441767  0.82286918055851010  0.83275866392581832
  0.84308502507849115  0.85353679141071737  0.86395659277697456  0.87468529152323393
  0.88568930871606044  0.89673908687003212  0.90779787879901608  0.91858912542585225
  0.92935530860349469  0.94045020786715317  0.95004779880784829  0.95931406187200396
  0.96868074032438922  0.97819853858990569  0.98934173613896881  1.00000000000000000
 -0.00249353318120610  0.00958220163049503  0.02013968273454876  0.03129617282129393
  0.04226477197066623  0.05338404680712623  0.06437426942693933  0.07469425524620830
  0.08500821532184973  0.09542453606404572  0.10629837598928868  0.11707120271341438
  0.12779975788379574  0.13853162411867456  0.14932762044557393  0.15992991285279026
  0.17040379051717572  0.18082612644277585  0.19128756253992632  0.20200215279928799
  0.21285690669838944  0.22364442374391791  0.23452569328450620  0.24549616083433468
  0.25653393839624511  0.26746144049791276  0.27817925509138458  0.28848626801909716
  0.29847620289774385  0.30825868346335988  0.31818865795208295  0.32857896019111865
  0.33919061167555498  0.34991125181111998  0.36075496725265804  0.37165609418616680
  0.38239950209004708  0.39297218320656069  0.40341643093549934  0.41386400233871923
  0.42436066852036558  0.43489374842448919  0.44525670844279519  0.45536912611901148
  0.46557861054857774  0.47619790955781521  0.48713480079933263  0.49798968193158932
  0.50875346959933587  0.51956551010654095  0.53043543386447045  0.54143048330565091
  0.55262258821138166  0.56374174127831211  0.57442356638620840  0.58481922108042683
  0.59497345434656879  0.60510807636973452  0.61544907814456729  0.62590159711238658
  0.63651735269756893  0.64715660794171737  0.65776285840531745  0.66832706845289769
  0.67888699913938833  0.68961167166470849  0.70057091914809333  0.71155873497318800
  0.72248096544244955  0.73331321452512988  0.74402165090647965  0.75452827463469496
  0.76492850241253874  0.77534291635110675  0.78568856807441989  0.79583307810172210
  0.80588135713772013  0.81551991589730344  0.82489517780638844  0.83392985616106019
  0.84301471673261585  0.85299130266052436  0.86313123066986686  0.87377616814361803
  0.88454150223663708  0.89548551773430418  0.90643979852275858  0.91743206915636100
  0.92833233849612218  0.93936086131981267  0.94947456999361080  0.95900530522640737
  0.96852009503586500  0.97799734356882118  0.98920594985586874  1.00000000000000000
   1.2311545217403236E-011  -1.0000000000000000     
 F F F F F F F F F F F F F F F F F F F F F F F F F F F F F F F F F F F F F F F F F F F F F F F F F F F F F F F F F F F F F F F F F F F F F F F F F F F F F F F F F F F F F F F F F F F F F F F F F F F F F F F F F F F F F F F F F F F F F F F F F F F F F F F F
  <DiscreteSampler_grid>
  grouped_processes
  1 # 1 for a reference and 2 for a running grid.
  10 # Attribute 'min_bin_probing_points' of the grid.
  1 # Attribute 'grid_mode' of the grid. 1=='default',2=='initialization'
  0.0000000000000000 # Attribute 'small_contrib_threshold' of the grid.
  0.5000000000000000 # Attribute 'damping_power' of the grid.
 # binID   n_entries weight   weight_sqr   abs_weight
    10   10   1.850118305680802E+001   2.530297349188679E+003   1.850118305680802E+001
    16   10   1.850118305680802E+001   2.530297349188680E+003   1.850118305680802E+001
    22   10   1.850118305680802E+001   2.530297349188679E+003   1.850118305680802E+001
    28   10   1.850118305680803E+001   2.530297349188681E+003   1.850118305680803E+001
  </DiscreteSampler_grid>
