  0.00908921872735351  0.01639698758548778  0.02606990857745652  0.03612308789391969
  0.04582319076065271  0.05513848265938089  0.06431889948821375  0.07355899385402793
  0.08303914509640162  0.09305818359795344  0.10311374330867282  0.11298419226888951
  0.12299895639854388  0.13369132316799673  0.14454465939765115  0.15450336767246969
  0.16393608643397664  0.17334383528373259  0.18286194683156057  0.19277111993127663
  0.20267085475185603  0.21316031284497058  0.22452499429396394  0.23577459780123550
  0.24687612948833931  0.25816185648887763  0.26927736998733171  0.27980277801098791
  0.29030571674610595  0.30087238289517648  0.31114818010036871  0.32097729430070387
  0.33076787908446015  0.34101255843846712  0.35148863806397257  0.36201926367602488
  0.37254891511530558  0.38369293082602440  0.39518100775418541  0.40666112876528943
  0.41824706986711918  0.42967454941151334  0.44087874530993187  0.45173835001974905
  0.46219719510570806  0.47286368834839271  0.48361549846578866  0.49380023630897341
  0.50352206895201501  0.51302973281354147  0.52281397070590996  0.53283649476200656
  0.54379294011250590  0.55547262809028208  0.56661121899565425  0.57728618302071510
  0.58813862226542502  0.59867685582811403  0.60875056979679831  0.61869256682516238
  0.62940951770337783  0.64093935291840365  0.65259690704978979  0.66420151923500392
  0.67580039742173958  0.68721109279228920  0.69840622715884149  0.70940886504940104
  0.72039529056928919  0.73169327980769894  0.74300861059584622  0.75325876297967631
  0.76241831300518248  0.77156676509569000  0.78129710911544892  0.79125720307402192
  0.80124272424284904  0.81151336388285678  0.82309816263377633  0.83535459420656177
  0.84569292494031834  0.85580548954654345  0.86592473157449890  0.87607479771415597
  0.88689656016204710  0.89681520928496783  0.90776651620642912  0.91845237673505997
  0.92942069972716879  0.93987715525084148  0.95011768498787463  0.96063219352796358
  0.97155132996932769  0.98190553227828958  0.99151264895775537  1.00000000000000000
  0.00932543669550533  0.01558206289339261  0.02562920205157683  0.03837433582248168
  0.04937053080868143  0.05918416490559291  0.06923600797445845  0.07957139662258331
  0.09040515621768247  0.10085086197184756  0.11131629311146626  0.12235219161315339
  0.13326993038361362  0.14407387733704605  0.15472946788170225  0.16541189879216214
  0.17662490117716925  0.18781493999855148  0.19918446652199820  0.21028793390928649
  0.22004182594040092  0.22972170689428370  0.23902586988390676  0.24856056570015209
  0.25772904514308592  0.26595541828728642  0.27453239634598475  0.28387585714522534
  0.29314851335446312  0.30211207713556865  0.31106864600814083  0.32052778907843110
  0.33034214698019743  0.34015343674326592  0.35014589170190014  0.36089945675404023
  0.37231655629076815  0.38369042066647430  0.39475580469863752  0.40497984723966907
  0.41504309305391285  0.42518098162318585  0.43515452693244461  0.44496373019261287
  0.45483327160727610  0.46570093491333620  0.47749371657242107  0.48958739689237601
  0.50091267953302954  0.51066494196789181  0.52046449171366460  0.53068476007172449
  0.54069179879986140  0.54990911229961559  0.55911454897367385  0.56948604326703856
  0.58054255678809019  0.59110389781795669  0.60140829820219222  0.61227723400593870
  0.62380075930981749  0.63548799995785721  0.64738415712912467  0.65917226335502233
  0.67054689079289420  0.68039533450478007  0.69036784404314744  0.69975146956078160
  0.70886252198717747  0.71778041257679170  0.72680200538521833  0.73626132539923739
  0.74593297472665021  0.75589050308633099  0.76612048592695381  0.77640071751430306
  0.78671698527846923  0.79714401390834122  0.80771446918649881  0.81837214107888390
  0.82912418432462909  0.83987111913047274  0.85072764052772520  0.86220820656274733
  0.87396909095529296  0.88543323089978254  0.89677587404018855  0.90789290487028729
  0.91895950881009247  0.93007964286779987  0.94109137582327063  0.95261887626834330
  0.96373680567723408  0.97505761521555323  0.98712152306107659  1.00000000000000000
  0.05784833865096182  0.05872205154686625  0.06066656606810596  0.06323455940343534
  0.06599737655172541  0.06967223189592704  0.07354372968893517  0.07731972599047783
  0.08119439780481880  0.08512942537741013  0.08914155280860424  0.09317862504492291
  0.09724694406723793  0.10153795902223225  0.10587456317917993  0.11023586154665842
  0.11469251688906519  0.11919671286303403  0.12375420720144409  0.12852397604371049
  0.13350381353381185  0.13901171107940863  0.14368747496658854  0.14708266548798812
  0.14880662264652025  0.15000490756327262  0.15121240493530147  0.15249529588860500
  0.15471820556347476  0.15720894885044168  0.15961020309607432  0.16200460996005342
  0.16439678424584969  0.16678463564638590  0.16917748418465631  0.17158658034586674
  0.17401368784619436  0.17646366358011534  0.17892930580159097  0.18142063617514065
  0.18391531922503657  0.18641448858826237  0.18893270420867120  0.19151207801606304
  0.19412778836003322  0.19675792634975167  0.19939545280837651  0.20204392145216446
  0.20473687408540564  0.20748913042783787  0.21029498371297561  0.21315554692320507
  0.21603952096357121  0.21894436689221997  0.22189648176688120  0.22490832189264764
  0.22795993834472358  0.23103796771618151  0.23413634775066916  0.23726756619678160
  0.24045927680239221  0.24371691617931451  0.24702134146931920  0.25037267762739485
  0.25377810415983743  0.25724225091420821  0.26076751061514464  0.26434567321738439
  0.26800461954925048  0.27175852997378747  0.27560408911324685  0.27949437794508930
  0.28350750022954974  0.28768234529864822  0.29197927221295705  0.29635974354388689
  0.30087567427263573  0.30559170770683702  0.31052003038414566  0.31566234870492377
  0.32108430191508325  0.32682982030551078  0.33294206283094246  0.33945326949116816
  0.34640578978273179  0.35402393686706529  0.36241402949136209  0.37184167368068394
  0.38249269004180869  0.39484119892549835  0.40995374051015226  0.42872845938186255
  0.45528024958513819  0.49834666336573002  0.58413642452124070  1.00000000000000000
 -0.00271810160093785  0.01032902340746316  0.02233480698453336  0.03446353353794110
  0.04744368189410149  0.06029368089895649  0.07216178189268102  0.08315981917669536
  0.09360283339556191  0.10346591635000636  0.11268982654415556  0.12207424318080115
  0.13232498233424425  0.14345391649171690  0.15507413836650308  0.16671427579621040
  0.17744904145028284  0.18838696865817453  0.19948704068699272  0.21027255615085841
  0.21970918852109325  0.22930875797371986  0.23908675334205173  0.24862680622438266
  0.25803379926764625  0.26740059115709286  0.27687476786514964  0.28645254416210592
  0.29612439537567331  0.30593844414553939  0.31575240546198496  0.32528284777751998
  0.33480692950760160  0.34469683859914790  0.35443512019924361  0.36356287531460807
  0.37251961037215442  0.38177985933701442  0.39119490649336969  0.40069052148877471
  0.41028287994531593  0.42071993649408684  0.43171083165244861  0.44245152281346412
  0.45302325294554485  0.46358603658478231  0.47423117468804094  0.48494927522850689
  0.49560800497055119  0.50593810559294772  0.51546445231486226  0.52531144198504154
  0.53514068304128204  0.54519066563968888  0.55467892173777433  0.56431842976451230
  0.57445153835531659  0.58509842588588912  0.59581922641775042  0.60628942813485454
  0.61608161228664704  0.62551723090672207  0.63453799023151014  0.64365646136935162
  0.65345592998482716  0.66331956523933311  0.67302193244000841  0.68231856480036357
  0.69183367639693272  0.70170682250864802  0.71187350927377679  0.72220225221280110
  0.73298424626454739  0.74473511194401520  0.75652666893881793  0.76822912092212980
  0.77877493234874662  0.78875144034624611  0.79898196561647039  0.80947446417926883
  0.81977933064083364  0.82985704125338744  0.84057747676858086  0.85175865781286408
  0.86331103496215422  0.87470575688202190  0.88573228741880450  0.89671283947180391
  0.90799480881230932  0.91975183416999240  0.93171055947614456  0.94450985062536952
  0.95791441154736257  0.97232365335166726  0.98604658674606660  1.00000000000000000
 -0.00228886958009990  0.00923818982389420  0.01912156283502691  0.02938690861448094
  0.03986204194951938  0.05063907954443451  0.06176593850553082  0.07290803504660510
  0.08387153752088158  0.09448042634757484  0.10514444255273056  0.11601230051799442
  0.12663029514780513  0.13599279674309561  0.14540337227196512  0.15533230101304332
  0.16554046779338472  0.17595772389794395  0.18629043727400715  0.19721017599627769
  0.20850961892410194  0.22002061560182615  0.23138844704385220  0.24234987577592804
  0.25296795735381900  0.26345201024021836  0.27370259266858687  0.28350276815865388
  0.29389363960012482  0.30432310201734014  0.31444589688730934  0.32366354728427438
  0.33305644018428804  0.34327256738884371  0.35402681424657456  0.36493448592637073
  0.37550210056263539  0.38616634417408113  0.39697895966419117  0.40838787599928822
  0.41979455563920193  0.43114631819347105  0.44236473054119407  0.45388052686349056
  0.46510687361743358  0.47614894317776546  0.48734573326802638  0.49850164074051723
  0.51038067084528427  0.52190296020955718  0.53250549699995564  0.54254145267769782
  0.55221287627938087  0.56172308495557033  0.57142366764799501  0.58096724793934451
  0.59226018801698410  0.60369557204804569  0.61475248166350016  0.62593234565590750
  0.63730392591256324  0.64864443004003813  0.65920148883635665  0.66965280336169442
  0.67984185164896427  0.69022143393979041  0.70105155468335256  0.71199868342046679
  0.72229925339149481  0.73213482181754430  0.74172312769022131  0.75140572468237310
  0.76105395495082873  0.77087342119595570  0.78091688542078241  0.79070908527382888
  0.80031629844141661  0.80979095487653996  0.81932861117210110  0.82892978989357136
  0.84060776783989344  0.85329876281963635  0.86438032772433360  0.87461368578744492
  0.88395714304178963  0.89357404861683576  0.90354929036210785  0.91354377617887383
  0.92380554367205159  0.93397703344836336  0.94438769389553678  0.95548204397345016
  0.96625872278615821  0.97748995585906429  0.98840699126712894  1.00000000000000000
 -0.00265042113925294  0.01120759531498408  0.02262821186776808  0.03472567783330500
  0.04709896033078401  0.06075681527987534  0.07380704103479274  0.08647521530438239
  0.09915880532683127  0.11105254745688717  0.12198573224259818  0.13256826185044721
  0.14318659967279318  0.15422522050960630  0.16515376138659058  0.17564912645416378
  0.18594926022689223  0.19612302041560903  0.20634632076350823  0.21653323315695094
  0.22667815285212062  0.23737952890375402  0.24849211418870532  0.26011123162899424
  0.27130656356964455  0.28224836792371982  0.29303294241077660  0.30379862157858994
  0.31492467408508440  0.32626547881125301  0.33754795548442973  0.34815572663415001
  0.35879022938598321  0.36933409164355158  0.37940154775383805  0.38913751559496834
  0.39878087592230294  0.40844279956029528  0.41876000667805585  0.42898987242539266
  0.43887989102205821  0.44812794924009253  0.45735828613585533  0.46671341269545374
  0.47587525463998614  0.48503458273621303  0.49410611879356481  0.50339835069933847
  0.51355254669076333  0.52393495536692469  0.53439595406659879  0.54428186576671100
  0.55368818069580550  0.56307479063635524  0.57216100971799311  0.58145437178450199
  0.59063090950608332  0.59947027242541573  0.60850193628949656  0.61783432595470678
  0.62740639625020878  0.63732086294206780  0.64705522099536261  0.65648771746425139
  0.66601364046651179  0.67582718510943374  0.68575096413189796  0.69568554318439080
  0.70549906437653187  0.71567072411952126  0.72601832913730957  0.73631134738699711
  0.74673671290026689  0.75746970822838167  0.76830698540441678  0.77844402728849837
  0.78809837226624868  0.79769130048358627  0.80743569816936922  0.81792282282284978
  0.82899040697259030  0.84032904679077070  0.85167254585136842  0.86304899535962742
  0.87427471414262770  0.88579469090016294  0.89728955924717579  0.90921016676168187
  0.92128796687033254  0.93327291026589931  0.94444685990102417  0.95532010715716098
  0.96627448388756187  0.97733757841566349  0.98828227045918882  1.00000000000000000
 -0.00222559892631559  0.00859128909638884  0.01780587320288560  0.02793104548054778
  0.03846179700362272  0.04899412896951399  0.05958091659165571  0.07117320585976628
  0.08331024293490456  0.09493282903197929  0.10657372392121672  0.11816558165987903
  0.12903531360403628  0.13940051136621767  0.14959740136315411  0.15969788989458353
  0.16889841305509423  0.17755023695353847  0.18627926444601889  0.19591356072468705
  0.20560662627548659  0.21503946276429498  0.22450967681632403  0.23406371770245724
  0.24434093192646406  0.25385612876437924  0.26238489747975924  0.27099248146992017
  0.27979156471443417  0.28877456820008457  0.29813948162348475  0.30774960530141743
  0.31783116516816451  0.32849646860560355  0.33952619666011719  0.35069118347828399
  0.36179098893794531  0.37295663210552449  0.38461453280884317  0.39659192777323782
  0.40820168443373023  0.41920358364005800  0.42980378915690387  0.44033129492790063
  0.45046502338564814  0.46031137060243515  0.47005908381371725  0.47990121137429459
  0.48986880888321743  0.49999486950774757  0.51007333642477948  0.52000150653286659
  0.53003187576366750  0.54031114805409430  0.55095348861164095  0.56170775321216426
  0.57290407735102755  0.58426664288540708  0.59552515227197800  0.60670997208058297
  0.61797535820753935  0.62960164852154432  0.64144290859637831  0.65276415891091488
  0.66334215389299989  0.67407636461289500  0.68486593832514975  0.69593591613254213
  0.70698489700193101  0.71785683254231725  0.72860799055000680  0.73921773278892866
  0.74973791858616778  0.76000366770033534  0.77021238397738834  0.78037886497209052
  0.79039747153964501  0.80044302240876575  0.81069106473746944  0.82113649864457228
  0.83171968424130505  0.84294151742927437  0.85478924135905243  0.86660040013438111
  0.87829134874371906  0.88979866804781416  0.90160437632060275  0.91371771079830977
  0.92572380062175497  0.93717991598342287  0.94792581371845519  0.95834512301679597
  0.96918066706348538  0.98027651274501515  0.99030707424389575  1.00000000000000000
 -0.00238460552370624  0.00896837287088789  0.01815804265566103  0.02803292997643689
  0.03863814814537497  0.04936457777692396  0.05929108588618764  0.07025463173251743
  0.08232953696003240  0.09341896038189225  0.10472379682144040  0.11427741561024325
  0.12408710122606173  0.13311036014628599  0.14224560771556055  0.15159497757810600
  0.16132487508856166  0.17112744078010089  0.18075484670532349  0.19084073771234267
  0.20204447898640635  0.21313740826666056  0.22266200536450492  0.23214813101611587
  0.24167796157975527  0.25140037357828188  0.26109254284920519  0.27069368635447377
  0.28057820217054835  0.29070897205165236  0.30106200793552501  0.31163938151545356
  0.32219745480383849  0.33284660721122283  0.34406566372944003  0.35538546855379827
  0.36623205760164212  0.37665792650383584  0.38680493536115296  0.39697547312493897
  0.40721126336712254  0.41691967199612678  0.42594853454911896  0.43502789541064907
  0.44471919767933998  0.45458078031273530  0.46423066478754793  0.47358922218826538
  0.48314368637137983  0.49318146618001291  0.50342585054520639  0.51388761633832902
  0.52460273071305974  0.53520396841081141  0.54605629367734454  0.55714684578776064
  0.56832956119152611  0.57967040888544163  0.59152830984464910  0.60333801397738540
  0.61444595610149200  0.62499471388970074  0.63518492516412162  0.64524563959706493
  0.65501141217929448  0.66477000816066567  0.67499563673955987  0.68622261297134934
  0.69802814240306121  0.70951181270492902  0.72060837325186267  0.73171919304326405
  0.74313536454207607  0.75458581951404802  0.76595755797585996  0.77725546885958297
  0.78845229813089046  0.79964407902677870  0.81080712754392115  0.82214166300020575
  0.83375670757179821  0.84519941604311599  0.85627017878111478  0.86619076883995594
  0.87652764301017239  0.88710904615033592  0.89768324537479338  0.90819755988113560
  0.91911309092282534  0.93112287217121537  0.94307703243400631  0.95449937153895847
  0.96569471695869014  0.97714142801517512  0.98856264602130195  1.00000000000000000
   2.2067192409300402E-008  -1.0000000000000000     
 F F F F F F F F F F F F F F F F F F F F F F F F F F F F F F F F F F F F F F F F F F F F F F F F F F F F F F F F F F F F F F F F F F F F F F F F F F F F F F F F F F F F F F F F F F F F F F F F F F F F F F F F F F F F F F F F F F F F F F F F F F F F F F F F
  <DiscreteSampler_grid>
  grouped_processes
  1 # 1 for a reference and 2 for a running grid.
  10 # Attribute 'min_bin_probing_points' of the grid.
  1 # Attribute 'grid_mode' of the grid. 1=='default',2=='initialization'
  0.0000000000000000 # Attribute 'small_contrib_threshold' of the grid.
  0.5000000000000000 # Attribute 'damping_power' of the grid.
 # binID   n_entries weight   weight_sqr   abs_weight
    10   10   3.760563430644613E+004   4.393575454993552E+009   3.760563430644613E+004
    16   10   3.760563430644614E+004   4.393575454993555E+009   3.760563430644614E+004
  </DiscreteSampler_grid>
