  0.00003011479014192  0.00005484653426885  0.00006922886339033  0.00008148046793876
  0.00009351287007293  0.00010651574585825  0.00012139231243713  0.00013856706596592
  0.00015722019745008  0.00017800861755993  0.00020289530191556  0.00023314053854863
  0.00027113851426563  0.00032154300557443  0.00038205942790639  0.00045080276847669
  0.00053254599739510  0.00063221585607315  0.00076295724170696  0.00093140499486961
  0.00113289406261840  0.00137987336732771  0.00164959996022857  0.00191860476272656
  0.00224503566337814  0.00265263776626399  0.00315784696142395  0.00387246497410806
  0.00486171800209757  0.00622868370267996  0.00814470573252514  0.01127382738006678
  0.01629419943799783  0.02411111073047335  0.03510444518716642  0.04905813237517525
  0.06583603001479167  0.08430255620451106  0.10370837969459856  0.12332301541677321
  0.14316736332746438  0.16322472481939146  0.18338656901667469  0.20353047194123533
  0.22364070183677492  0.24379867138941588  0.26402244380628953  0.28434402555512867
  0.30447707489618148  0.32400886091804032  0.34349065333597789  0.36335841469334523
  0.38336408724862464  0.40341459784197442  0.42345576668708101  0.44340889915581200
  0.46326004783032848  0.48316390009410015  0.50315197347116603  0.52312259158333363
  0.54319484443895294  0.56332276783290758  0.58325633777969010  0.60300290310030691
  0.62284813298853148  0.64275621279563477  0.66240218929965800  0.68185261721406376
  0.70132616334384601  0.72083569882511200  0.74038317020920086  0.75994584214719840
  0.77945914819136153  0.79875340738146006  0.81796763479956291  0.83712885352221844
  0.85583755079842050  0.87400694235928056  0.89198158889110890  0.90954962328008759
  0.92623675225187885  0.94163027224567375  0.95547494077460293  0.96738446477390994
  0.97694716170790408  0.98412906884780027  0.98917495124426846  0.99247478778698150
  0.99469959013091125  0.99630351124734118  0.99744879895482030  0.99829717076285707
  0.99891360067711021  0.99934063189607403  0.99968671468804915  1.00000000000000000
  0.00002090977021282  0.00005181589453552  0.00006985312838861  0.00008483561422078
  0.00009927396885874  0.00011483030888812  0.00013299563035749  0.00015405023567795
  0.00017862118354961  0.00020787447212305  0.00024359996013421  0.00029461553587000
  0.00036142426486627  0.00044364593529091  0.00054410497521106  0.00067387317687961
  0.00081957335144701  0.00097647043863844  0.00116822133693935  0.00138155815814248
  0.00161840322006958  0.00191429330346482  0.00233278532598658  0.00285901607846743
  0.00348737878161404  0.00423994710120897  0.00534473293249697  0.00706494118415139
  0.00961700373449550  0.01343054806463416  0.01948892015808152  0.02915354939176126
  0.04241811813000250  0.05950120125554775  0.07836373436306682  0.09836614814994622
  0.11866696597370065  0.13916238464148550  0.15992889007213751  0.18071210576661068
  0.20128537107111516  0.22187323512642429  0.24258989875468501  0.26313564187622773
  0.28340311796010464  0.30380720189084054  0.32436057993712752  0.34485710297415434
  0.36555212247781699  0.38613297731015894  0.40668018993867422  0.42737613018018789
  0.44789879326815796  0.46833134858939979  0.48883442164619278  0.50938430136409329
  0.53003251363393677  0.55059163883067863  0.57100637613365912  0.59142473466353696
  0.61188512124112038  0.63237302410456186  0.65279613060483976  0.67248951316342565
  0.69172937992388328  0.71147608537202256  0.73161336539153421  0.75174027027722501
  0.77169391822414957  0.79152215099077639  0.81120904795138826  0.83063835954099863
  0.85000229492201462  0.86883388471936229  0.88737763455080221  0.90541828576593053
  0.92264005622888823  0.93906758653052158  0.95407921790635497  0.96671522808087407
  0.97663133077587694  0.98399156898991080  0.98917197135032842  0.99268735943803388
  0.99506790171050630  0.99663726688922361  0.99775998568611812  0.99858545965643020
  0.99905499204729864  0.99933128325505505  0.99951020628265153  0.99963078041025966
  0.99972911212246274  0.99982278308411032  0.99991268748234696  1.00000000000000000
  0.00015214721883513  0.00055163456725837  0.00079103966428102  0.00099274118528807
  0.00120687036058822  0.00143577260612529  0.00167965578692673  0.00193526905413638
  0.00220382949174873  0.00247700973559077  0.00265813278480789  0.00277369657564723
  0.00298273470728746  0.00333656309156062  0.00372150624868041  0.00413803284852301
  0.00461319477807495  0.00514328652124026  0.00572025159937072  0.00633694871277843
  0.00697105852987930  0.00760778595006488  0.00824462835600931  0.00888854652318112
  0.00954859958971926  0.01022820880970053  0.01092995932695911  0.01166770766465468
  0.01242405438779341  0.01318928828858519  0.01398302291026614  0.01482452777643635
  0.01570851790043374  0.01662155149751971  0.01758060466742080  0.01858567105851501
  0.01963989852739097  0.02076260631814534  0.02194567247325805  0.02319006790950206
  0.02449783662833535  0.02584501287935432  0.02720347823119737  0.02857176824032037
  0.03003684514542668  0.03156251898569470  0.03325144550825888  0.03502514133564530
  0.03690822064958450  0.03884783963876099  0.04089132611017707  0.04301136663755502
  0.04524492844643314  0.04760167185015932  0.05009842887727253  0.05272553987247863
  0.05545601199706337  0.05841052574581856  0.06132748033492934  0.06399164778925584
  0.06656627016435600  0.06919602192197702  0.07225040111266851  0.07577421946737811
  0.07947079945207020  0.08319035452525483  0.08728622515091730  0.09192495392367137
  0.09685691664830912  0.10189095801917311  0.10710692546969308  0.11263353813440162
  0.11851247352053677  0.12475704643194012  0.13136093145712144  0.13840055940021370
  0.14602705685758302  0.15400285995386132  0.16278762942391967  0.17232573647996632
  0.18307768991983875  0.19456900826392565  0.20627858742645258  0.21862609330156516
  0.23221228229821164  0.24726061633016999  0.26370400745087808  0.28143395089025042
  0.30060392969282862  0.32152245765877352  0.34429472123901944  0.37057461432560868
  0.40222831524896985  0.44476246881088977  0.57980465390057201  1.00000000000000000
 -0.00222015972669077  0.00839831896647822  0.01781926662072606  0.02655632669315962
  0.03580012197976252  0.04568582327476117  0.05527134662170732  0.06449528440271153
  0.07385090316493424  0.08352987016579236  0.09351671078535195  0.10335834972667640
  0.11292078792978787  0.12233577771246738  0.13168640848600008  0.14114333527490427
  0.15080470699733914  0.16060455809355723  0.17034811826534857  0.17999314781830125
  0.18954856318475419  0.19928206462042627  0.20921372595240126  0.21911165612845190
  0.22900493844383207  0.23902456098344896  0.24937779038177904  0.26001857078642493
  0.27081293632968967  0.28164079164531020  0.29237758666888836  0.30291155040934481
  0.31318786875619564  0.32329968924351116  0.33361549596947060  0.34422551983102906
  0.35520058713051589  0.36620330334592682  0.37725601703145828  0.38841183133298124
  0.39944782703998194  0.40940724234537235  0.41839989339927797  0.42730705979786021
  0.43622049049590839  0.44629108768879155  0.45707904462525439  0.46797608666358287
  0.47914912769598084  0.48983435210698978  0.49944356774787868  0.50919745729784116
  0.51923803184133055  0.52992199007813456  0.54133169616564747  0.55250030202761313
  0.56403566948648498  0.57535708049517253  0.58697968519657873  0.59886832342626140
  0.61090345264887747  0.62282124973210928  0.63436677964846588  0.64577649944619808
  0.65726605768980029  0.66862588356539776  0.68004552163736420  0.69155516989153254
  0.70327258448025065  0.71506716864672626  0.72645703628388492  0.73780176726326452
  0.74889199669508755  0.76014862683650775  0.77150571415143410  0.78296701107890943
  0.79403451230998479  0.80498427539688688  0.81542091474245337  0.82492526647731124
  0.83464536951290924  0.84376269265001957  0.85436894472083968  0.86519288220295298
  0.87674463483830078  0.88851325528759706  0.89917106246187473  0.90950980521616398
  0.91982077131396445  0.93046503003261716  0.94186423159231913  0.95381342934356239
  0.96581101673284209  0.97755874693273248  0.98888575602967388  1.00000000000000000
 -0.00240736353415247  0.00946053939071928  0.01994004916413296  0.03010944655934368
  0.04047630368627855  0.05056241335884808  0.06107205643476775  0.07165539843550423
  0.08253561587473457  0.09337616392331566  0.10390015710640317  0.11460971485785582
  0.12545992887896235  0.13647736637802849  0.14752572617356424  0.15843506612651953
  0.16911491448460553  0.17951553093032394  0.19002369366489896  0.20065855320661252
  0.21117527018048418  0.22169173122226171  0.23231259660220746  0.24327149647005372
  0.25426448808559149  0.26485903048587234  0.27533338344064212  0.28568891152316145
  0.29615898064458662  0.30655246202648656  0.31689789688674563  0.32763502162833691
  0.33862006979966558  0.34902347336266287  0.35871263695644945  0.36849712168706306
  0.37902155609105465  0.39028598433553308  0.40160953417045636  0.41288658749744533
  0.42422200956381595  0.43542197726025123  0.44579960973817739  0.45482464447007231
  0.46278340824393660  0.47120875750218100  0.47970581309519111  0.48850459356981296
  0.49892027037796471  0.50968165653297959  0.52045545773036572  0.53156301638259484
  0.54289847908441136  0.55401805088612088  0.56447389670040982  0.57479171210012669
  0.58512349825530552  0.59619549931053917  0.60733585743963225  0.61795330152224792
  0.62858040074647425  0.63949766414409759  0.65055983057759703  0.66143775975161512
  0.67226645873838897  0.68345265891959661  0.69477805582471164  0.70619489300921656
  0.71757371685027582  0.72869525923572309  0.73998127865234564  0.75088282770964943
  0.76155796401618758  0.77230711108112227  0.78294869901364150  0.79341272497390036
  0.80374321594062237  0.81335202195035050  0.82317798469029579  0.83320924424448073
  0.84368435093741712  0.85365739227274529  0.86327328618759935  0.87253360930433943
  0.88281548974638502  0.89397101860871586  0.90432158378314820  0.91440827744492092
  0.92432565070635608  0.93553272542120303  0.94621725516288102  0.95680255924713864
  0.96681094908097764  0.97727789950251287  0.98826163154252933  1.00000000000000000
 -0.00159605598138432  0.00699216217815030  0.01616983841799616  0.02540282475085179
  0.03514912182362783  0.04572122292178868  0.05599585088950179  0.06579678529116716
  0.07560427222756275  0.08542962541491271  0.09543031938844218  0.10546563622165547
  0.11527650916704306  0.12509961744998060  0.13504206404871916  0.14515099823265301
  0.15507762258714461  0.16493525157518157  0.17457475218280766  0.18436665577029490
  0.19418212544074578  0.20395912115533665  0.21352969641429295  0.22248398814474285
  0.23146467438341245  0.24058411702047028  0.25115271718271065  0.26160507668739996
  0.27195534167060420  0.28223379287788419  0.29240996499089644  0.30306697962765095
  0.31395908619619672  0.32475995660859369  0.33552964052440792  0.34649868800869366
  0.35766915141146183  0.36891559173503963  0.37986104467090936  0.39060482910754646
  0.40168311149997338  0.41203855257384370  0.42078900293427607  0.42967357548310109
  0.43868652374029782  0.44761981726724992  0.45834708022095377  0.46896202388611952
  0.47994431502828289  0.49090659937204123  0.50098357790273984  0.51028509956237667
  0.51979786464238187  0.53044570264383162  0.54186252780350919  0.55328234981136026
  0.56490071522139396  0.57664922221674442  0.58804120645820546  0.59897941151781253
  0.60993538830965610  0.62112177192012974  0.63286706956459426  0.64456385433144625
  0.65627226741630384  0.66791945319431645  0.67959359422311361  0.69070083205846589
  0.70154114988026206  0.71241938163002827  0.72365925772789086  0.73523984520224550
  0.74630824143773578  0.75707852469330106  0.76795717646967376  0.77930704211797908
  0.79107327555658757  0.80259892018759116  0.81407899379618509  0.82548539748407179
  0.83689281236125546  0.84782048211888894  0.85872765529037642  0.86921878298386557
  0.88035447175458614  0.89120483800013262  0.90220009151537572  0.91307717851090719
  0.92422906459371423  0.93586259057327170  0.94681339008128895  0.95724315346916289
  0.96734529314539197  0.97813848323648889  0.98922185861171807  1.00000000000000000
 -0.00236245258753698  0.00911652187955099  0.01980910219814573  0.03053769558859429
  0.04125400640632153  0.05201065729429950  0.06274097685980849  0.07398268037928855
  0.08498939852054423  0.09628343477575092  0.10733650504888273  0.11814036163830707
  0.12882075598672454  0.13911455409243620  0.14986178113552634  0.16004143430166437
  0.16977412853910887  0.17938351121413107  0.18877179363642577  0.19891656448016765
  0.20931263576109113  0.21976326714338734  0.23019870563865355  0.24068290510004833
  0.25126442270546345  0.26208327369384998  0.27309443466154021  0.28423656912854944
  0.29561546950134537  0.30680682679183235  0.31776122126166645  0.32864121537171664
  0.33932328941489326  0.34993616300825547  0.36063325771175991  0.37169662048833729
  0.38302833865575647  0.39420246402378456  0.40526496656717004  0.41623455363531320
  0.42709078563755798  0.43740871014678528  0.44769317216412269  0.45775490946434250
  0.46795718133487108  0.47802335222656606  0.48866005501703264  0.49952376825628880
  0.51068896439986788  0.52132379546100527  0.52939481076249173  0.53771791431159288
  0.54618660781986483  0.55453117870873658  0.56409351017770337  0.57438161348737815
  0.58468275658319080  0.59539212014069753  0.60606498981855050  0.61682990224049561
  0.62760695567812119  0.63856358037983607  0.64962681753324758  0.66094781570041905
  0.67219895032268140  0.68263749578596777  0.69234583299266161  0.70207106486709758
  0.71201212092038613  0.72246279802243207  0.73314622765648507  0.74383357239647785
  0.75485942751852342  0.76584221189237456  0.77644522004898897  0.78664329867575900
  0.79687239073680360  0.80763859180988162  0.81863943579319221  0.82969285828760042
  0.84043885003817342  0.85111248697541231  0.86173472229655435  0.87210487701991968
  0.88234514524498442  0.89252287053947266  0.90261431502521328  0.91291010191727362
  0.92333762560379951  0.93406735405822761  0.94508511309787036  0.95595543897835178
  0.96687859368191642  0.97783129441196881  0.98886595422980561  1.00000000000000000
 -0.00216971542638830  0.00871413121117204  0.01873933172007290  0.02952615555810399
  0.04015069611417647  0.05081370693213077  0.06150585477561413  0.07238010821972803
  0.08356227936193208  0.09475610139196707  0.10615769410490758  0.11736187441280201
  0.12850642682054347  0.13971874069461437  0.15168743521999178  0.16181376654717811
  0.17078422246828315  0.17958793227768000  0.18774666671960888  0.19616681487226131
  0.20637378268826842  0.21695168305723067  0.22775429253773172  0.23876564703829709
  0.25018239698256273  0.26128784747277928  0.27228612825190973  0.28335790307125164
  0.29431263578262878  0.30529053090899116  0.31613721471154516  0.32718562556683095
  0.33832635383690507  0.34846354306388211  0.35805536349967282  0.36763799254771051
  0.37702934376923386  0.38744693336088021  0.39779437189349759  0.40888660703938884
  0.42006409771623460  0.43077049136555629  0.44140648579996572  0.45207545359993406
  0.46315163266081122  0.47428952781134925  0.48482168684050730  0.49535555478293447
  0.50593512315317724  0.51564978271977568  0.52513553598862273  0.53454849804415416
  0.54424942499748163  0.55490599759421699  0.56598906947924910  0.57693918255113696
  0.58776627846788798  0.59840415727937724  0.60877780528718684  0.61898687625945392
  0.62930688480669139  0.64000848402942634  0.65123732554450142  0.66176304903098904
  0.67133658698838183  0.68089845768001533  0.69078086166736563  0.70173573285077029
  0.71294946603540343  0.72404181195406037  0.73433704920303144  0.74428244302591418
  0.75440179194724666  0.76502294689713080  0.77604120706852975  0.78716153171672087
  0.79837816869430189  0.80941554299086693  0.82014003964381188  0.83100938898150878
  0.84194730904742032  0.85198799820184579  0.86173945247972694  0.87171765210928609
  0.88262087177599469  0.89364535642863563  0.90427118060184586  0.91497879342989441
  0.92569269940136367  0.93637280905130271  0.94698468422127136  0.95751525558793815
  0.96869930291346140  0.97954107808623292  0.98991150012616924  1.00000000000000000
   1.2502070126648174E-011  -1.0000000000000000     
 F F F F F F F F F F F F F F F F F F F F F F F F F F F F F F F F F F F F F F F F F F F F F F F F F F F F F F F F F F F F F F F F F F F F F F F F F F F F F F F F F F F F F F F F F F F F F F F F F F F F F F F F F F F F F F F F F F F F F F F F F F F F F F F F
  <DiscreteSampler_grid>
  grouped_processes
  1 # 1 for a reference and 2 for a running grid.
  10 # Attribute 'min_bin_probing_points' of the grid.
  1 # Attribute 'grid_mode' of the grid. 1=='default',2=='initialization'
  0.0000000000000000 # Attribute 'small_contrib_threshold' of the grid.
  0.5000000000000000 # Attribute 'damping_power' of the grid.
 # binID   n_entries weight   weight_sqr   abs_weight
    10   10   1.525559941146896E+001   1.260833413599227E+003   1.525559941146896E+001
    16   10   1.525559941146896E+001   1.260833413599227E+003   1.525559941146896E+001
    22   10   1.525559941146896E+001   1.260833413599227E+003   1.525559941146896E+001
    28   10   1.525559941146896E+001   1.260833413599227E+003   1.525559941146896E+001
  </DiscreteSampler_grid>
