  0.00962592704190748  0.01513951532886681  0.02396781098779312  0.03371443710502965
  0.04382526954581786  0.05471141977917253  0.06609401648360283  0.07758361146924697
  0.08919992300403397  0.10070827551971923  0.11203233457117971  0.12232138050979312
  0.13208673512310573  0.14119864536929261  0.15057898738618844  0.15956144053178484
  0.16829923130379640  0.17667470125451321  0.18521899096867286  0.19454833098994292
  0.20422898560464622  0.21426116148106722  0.22441922693276450  0.23503323862989436
  0.24587641702478466  0.25687029670251776  0.26764522159346349  0.27806120843347787
  0.28840594557046773  0.29973166718419270  0.31117069906599126  0.32202053124874408
  0.33234047752008028  0.34269760465909155  0.35329678753232097  0.36402324437979311
  0.37498374388147193  0.38630754829591263  0.39764541235487405  0.40886774277051807
  0.42009799613018084  0.43128362600163439  0.44202454408701380  0.45229221137699360
  0.46220983569363405  0.47142286331851097  0.48071382015966929  0.49013302463225211
  0.49967480663312819  0.50909779501881414  0.51858564063847246  0.52866083816308052
  0.53937329830835279  0.55042941654322231  0.56185861244410551  0.57334728318109818
  0.58502614751816262  0.59675541015425781  0.60863402315789372  0.62041943478602901
  0.63148007586315436  0.64207542796689565  0.65269196909735738  0.66306270570204917
  0.67313560427592312  0.68312662434669214  0.69366650338786784  0.70428711862368309
  0.71498872323131402  0.72584938501690222  0.73705066464074587  0.74824482315526930
  0.75926347051100540  0.77008148267596399  0.78082461140889881  0.79149309526520584
  0.80184968593488215  0.81188349219287903  0.82182740370470309  0.83172420740844588
  0.84179615469651170  0.85244485696797456  0.86377344089212049  0.87542630461582283
  0.88671200602311939  0.89802127128137399  0.90909608378808204  0.91988373513228594
  0.93008087597800571  0.94018222375183069  0.94997868406215258  0.95973923847327092
  0.96962671410640644  0.97985439298498467  0.99144273658652371  1.00000000000000000
  0.00962696406705419  0.01533002345661571  0.02453577325685145  0.03537756204973351
  0.04600405602901796  0.05647779884443249  0.06741048271118437  0.07915445921975238
  0.09070299179149106  0.10167039375544662  0.11232924079947733  0.12268657640810715
  0.13338934697048205  0.14475903550070685  0.15676470213337854  0.16837546320892324
  0.17935321187635592  0.19017009728300394  0.20044469332234757  0.21052006591627814
  0.22049850137640847  0.23067456331686251  0.24125088035961473  0.25239281139625325
  0.26403532005785085  0.27587340864965121  0.28752286843297192  0.29908555487492205
  0.31075249502403812  0.32265514800784723  0.33491553880038705  0.34509974731675347
  0.35525611548639857  0.36489290720465062  0.37515070420236957  0.38540377936665071
  0.39546778423402518  0.40583193844918325  0.41633617473860479  0.42753547329279140
  0.43837436594277052  0.44985569576468715  0.46108089714428080  0.47279742023991983
  0.48410518388269802  0.49565792775678202  0.50745563867557497  0.51925969659518489
  0.52959752581038444  0.53950628848872006  0.54931248022168477  0.55961453980582487
  0.56944571576399494  0.57901236003752821  0.58889906601940634  0.59910316713987777
  0.60872245440815909  0.61790886472952644  0.62675873458984011  0.63624747215976052
  0.64556308752936098  0.65519696745946254  0.66493699067439882  0.67461078495299087
  0.68408450013582267  0.69334902940143739  0.70243003481066579  0.71190627901994263
  0.72160385267232108  0.73126984331038147  0.74136192742528806  0.75107800930031998
  0.76141406780242182  0.77160550180149678  0.78182028000364823  0.79230073794716560
  0.80286503739610238  0.81349695079134698  0.82448100326023666  0.83597209455297794
  0.84818472965707914  0.85972321053930667  0.87078191919256853  0.88176388333937405
  0.89246870358953456  0.90266998111383412  0.91260809392325781  0.92280301805325560
  0.93283700396022895  0.94249673840088422  0.95197819206339995  0.96135135080811207
  0.97111155889264145  0.98130856299941027  0.99146574054192971  1.00000000000000000
  0.05664006946136047  0.05973601716436395  0.06293050679214278  0.06636792702086242
  0.06988419127168163  0.07345408517921193  0.07714364310157049  0.08085809598230459
  0.08461058736379248  0.08849962059417379  0.09245266099873753  0.09646384371390659
  0.10053508451437319  0.10465382569292900  0.10888209751657732  0.11311722007846992
  0.11736249060869461  0.12180428729659155  0.12625643190164434  0.13073552917338679
  0.13587661584495603  0.14143184142718812  0.14670015690970908  0.14833881066313429
  0.14950848991472734  0.15073369747428916  0.15198168437251278  0.15376789178485387
  0.15617317426187141  0.15852764038154490  0.16087889923777310  0.16323077810348019
  0.16560773157295908  0.16800009061728427  0.17038035000647189  0.17275356498648820
  0.17514150002029627  0.17754315676807456  0.17997310010016060  0.18244985162844710
  0.18495580487187688  0.18747064447948678  0.18998427714688473  0.19252338816927464
  0.19510085159153948  0.19772913024668792  0.20040399307006915  0.20310367138436447
  0.20580052931093384  0.20852171411397166  0.21126517416859919  0.21406165448997083
  0.21690177653011508  0.21979325677850867  0.22270947384795478  0.22566612874194936
  0.22870404989841139  0.23176840570855395  0.23491171265574040  0.23805081351279975
  0.24126978999339782  0.24447892504462337  0.24772632548688289  0.25102548789342433
  0.25440762080521678  0.25785271945794425  0.26135458120020605  0.26493063558531588
  0.26858013801608194  0.27232787898481103  0.27619368985291720  0.28016661130591453
  0.28422037013634849  0.28836871335706177  0.29262843478748951  0.29704281691022810
  0.30164128204358825  0.30639394447196611  0.31129947913501543  0.31646027369416180
  0.32191315018789118  0.32764859466292806  0.33368718036860062  0.34013996911708705
  0.34706441184290587  0.35450205772159354  0.36282493840119823  0.37221478252443813
  0.38280998979815778  0.39509312526764917  0.41026160206153939  0.42867856217005229
  0.45485512758840274  0.49810320361919785  0.58491992351334254  1.00000000000000000
 -0.00230703103517246  0.00981022757153637  0.01975998737943041  0.03066496468460003
  0.04171535589265864  0.05307570601617615  0.06471533352245022  0.07805967332196043
  0.09002055069119616  0.10088392044422194  0.11167627627236054  0.12235558521552919
  0.13311589944269034  0.14394003819373169  0.15477736610061812  0.16579690048121587
  0.17743525617158162  0.18943688819453805  0.20141366322096685  0.21276829363985272
  0.22359030042093478  0.23428927677370481  0.24477277783425952  0.25484176406962478
  0.26436818953712177  0.27397184749517622  0.28380983971263124  0.29373150531647640
  0.30384463893425318  0.31454329706653361  0.32567440533993425  0.33667278149244073
  0.34723313030825592  0.35818350512771402  0.36962604944083655  0.38044179342819101
  0.39044907680937396  0.40015896805694889  0.40968375968909199  0.41919264470430451
  0.42881657269811302  0.43896377279338561  0.45012700430058294  0.46094306312859140
  0.47106682632393426  0.48101488718095037  0.49124096039726156  0.50174751711488208
  0.51215368812473272  0.52251155477845657  0.53277479876672662  0.54291563753206262
  0.55231589278106696  0.56197718369052929  0.57131747413447775  0.58049364677817361
  0.58979938666978826  0.59951175657414635  0.60966603399942920  0.62003072715809127
  0.63045107070523665  0.64088502834813788  0.65092539805770500  0.66042056914814828
  0.66965609506749457  0.67869238432280865  0.68773036832274137  0.69667335524707374
  0.70574318925736945  0.71516496234151827  0.72485139957071187  0.73454706379032642
  0.74428489102211359  0.75425334069428518  0.76412068556033153  0.77402158967006485
  0.78324378726804234  0.79303705001186364  0.80349855011792770  0.81427836560423383
  0.82461177439126021  0.83495985272549333  0.84602571392661108  0.85789679901511851
  0.87025382786755001  0.88299445770175533  0.89516512287333827  0.90683903632258656
  0.91832984497879389  0.93003115517384782  0.94113434934787377  0.95189468119792120
  0.96365871010158688  0.97601788595601857  0.98814807159973173  1.00000000000000000
 -0.00286677559431735  0.01024018991918949  0.02132809124197427  0.03242797298894431
  0.04300151746955683  0.05360478763792313  0.06445859889125972  0.07560339770143057
  0.08719014944801554  0.09883853045346234  0.11014689265811456  0.12078923264137499
  0.13081372245440492  0.14047899887287707  0.15013519648684573  0.15996628255180892
  0.16979006377852771  0.17943112490980129  0.18911669492757904  0.19898352336890832
  0.20867118836115420  0.21814192731145415  0.22814209131141158  0.23888903896976466
  0.24976253115940417  0.26031230178896353  0.27109420605641976  0.28256398379238767
  0.29406447753117321  0.30512233216779694  0.31588673437230513  0.32649704508669175
  0.33698776258960123  0.34754430415579773  0.35801366272925556  0.36820918234278877
  0.37794899394614712  0.38796396329303373  0.39801137576535833  0.40782817915279873
  0.41782896629441452  0.42769538065931600  0.43706374095343470  0.44601326082311060
  0.45488982367068043  0.46412664319387248  0.47353013267155875  0.48336409440143352
  0.49332957627467711  0.50366230850825611  0.51440045316917005  0.52604994819710671
  0.53790706890127415  0.54941720455839571  0.56060079571249677  0.57152741945858621
  0.58279657587169942  0.59457981926565018  0.60638544492825364  0.61794055938916959
  0.62910670138537572  0.63985036403159090  0.65005219824620242  0.65977434919485289
  0.66944425894666204  0.67901217946486014  0.68852050654676211  0.69789531114243730
  0.70729303142744804  0.71724253592345699  0.72798307508335147  0.73917792916119562
  0.75045660704058159  0.76143906967267272  0.77219350752426119  0.78218437284680253
  0.79166374691994912  0.80134511294460808  0.81144751475819865  0.82202306874058584
  0.83277238053580072  0.84414166291625381  0.85596308489976125  0.86780496957157738
  0.87901794756819285  0.88977277541811672  0.90098988070941566  0.91221724970331430
  0.92346968421149522  0.93426652151873546  0.94629319664149858  0.95847272947347983
  0.96891437702049243  0.97966790820634475  0.98961779085193957  1.00000000000000000
 -0.00284390118271909  0.01257316141091737  0.02551076271804499  0.03791586878480389
  0.05089051078976522  0.06327122486216868  0.07439340068732250  0.08554504078136810
  0.09719433134447045  0.10933290182116105  0.12141923243446941  0.13321444462999329
  0.14517317026491508  0.15691890497305513  0.16879326908540074  0.18066521237798930
  0.19192371837450503  0.20259005153103538  0.21280568303529374  0.22293388847379877
  0.23316571495813970  0.24327141444753128  0.25321501892414439  0.26345467873857592
  0.27380624636897199  0.28520553686702699  0.29685857191712478  0.30901261113808715
  0.32043957360986070  0.33115800214355323  0.34119481489251552  0.35081930735149386
  0.36030625888235707  0.36998956917334980  0.38012674154054921  0.39040304721711050
  0.40051526878752436  0.41063077687137450  0.42053702808610505  0.43015615377625210
  0.43951202565224351  0.44864893330291034  0.45774319061473612  0.46667758981302693
  0.47568995187324392  0.48514535161987793  0.49501352391278625  0.50441248387511550
  0.51378494531181251  0.52341574910646438  0.53364551770071655  0.54290642885927320
  0.55209194970910724  0.56032993736393855  0.57071592829481022  0.58127402495021296
  0.59107547470843358  0.60044679844273319  0.60957875034604592  0.61881705128577469
  0.62831567266623034  0.63758207537595757  0.64680442440236552  0.65648673822502135
  0.66607326284155921  0.67627136852346692  0.68680673498333367  0.69793357380358667
  0.70871887617901264  0.71879414153227472  0.72875304070528024  0.73901412457823390
  0.74916232252003445  0.75885899683559488  0.76828250057206959  0.77795590164548933
  0.78777160671165580  0.79732938275781018  0.80661434029586399  0.81602695321865759
  0.82591886944168735  0.83667021557035648  0.84796639124016859  0.85924795764254380
  0.87012735464255475  0.88128219034795940  0.89270265989573649  0.90391141084101478
  0.91496497895408613  0.92583886268317428  0.93725126484150956  0.94934979091468885
  0.96154977934209629  0.97362893892176738  0.98635685609917345  1.00000000000000000
 -0.00259944012657297  0.01060940288237354  0.02190125734634317  0.03333515214923687
  0.04435980035955116  0.05542121480794906  0.06651249902720228  0.07775803700041045
  0.08900951371234758  0.10033629323507078  0.11142567802336723  0.12242560107759475
  0.13290191956954778  0.14347249384783503  0.15433486199298690  0.16495165400925960
  0.17504624316499931  0.18484700588828387  0.19526218607468659  0.20625671509187482
  0.21761844128874144  0.22882293618618521  0.23926855060840582  0.24951809472266809
  0.25996958253670643  0.27068379797481634  0.28159285083101177  0.29270079828042900
  0.30428933794590357  0.31556989825129295  0.32533860568993272  0.33555002419388685
  0.34583783018591913  0.35645922016300341  0.36734435601868387  0.37853935674436767
  0.39043404480165428  0.40138246014191947  0.41115676256820388  0.42082545650062575
  0.42961177167279180  0.43817916527660150  0.44702951135981972  0.45631786534183799
  0.46628647300690018  0.47673347440372216  0.48769415982349040  0.49865679748136510
  0.50910402032223212  0.51926343585491586  0.52916851032247658  0.53926251842585449
  0.54987669452441323  0.56104197897257646  0.57286005439452481  0.58415226156340105
  0.59446507356299727  0.60479849489538073  0.61552395729265708  0.62645088739731680
  0.63702504808396521  0.64746803098173389  0.65881179916432719  0.67007126093778768
  0.68089149331275944  0.69170175979860626  0.70246204949644120  0.71288636560136653
  0.72320723018100141  0.73326080675363314  0.74344137243165820  0.75333227059982011
  0.76311449445197466  0.77313240971471131  0.78328756293079371  0.79338905341509780
  0.80347749445999439  0.81325481846567194  0.82333952877311989  0.83361614309667031
  0.84313793862556230  0.85235231107655030  0.86169293142111703  0.87161936746837021
  0.88197481610779982  0.89214821163579161  0.90211018710692781  0.91218035013013887
  0.92265008909120128  0.93331296382940598  0.94395160627440466  0.95455457667682908
  0.96572744050994408  0.97743941576461146  0.98888938405281601  1.00000000000000000
 -0.00295566052869290  0.01134356895491827  0.02277437019032377  0.03437381584174320
  0.04540194318545774  0.05643617584373053  0.06679034330326823  0.07690400049900503
  0.08644295936161053  0.09622620647860634  0.10612064108488753  0.11560763550518996
  0.12466176103002348  0.13414310452507322  0.14388369201573464  0.15433720081231050
  0.16529531026207356  0.17635936435844182  0.18811138836620467  0.19924622427928360
  0.21055192665263028  0.22134927322464384  0.23230844660182517  0.24328193080915542
  0.25362096088248287  0.26361372782860726  0.27344379438208155  0.28298696962986591
  0.29257226811706205  0.30169481211296761  0.31093985542433206  0.31979226718706322
  0.32867981267070823  0.33769382680622184  0.34691963273400722  0.35628256452161366
  0.36650764322917068  0.37681189543254501  0.38681077823149379  0.39685082442716585
  0.40700401075615361  0.41714474256299994  0.42710492776346454  0.43735408658696689
  0.44847312399356382  0.45983662586906326  0.47102207456465611  0.48182100472210376
  0.49231545245456648  0.50332260136947560  0.51432982676931427  0.52502311600935714
  0.53529078480948622  0.54536288444349335  0.55564051684366822  0.56603308261044660
  0.57597342460186518  0.58545459343231432  0.59472349526205270  0.60418305273832773
  0.61453048335960470  0.62531455594072149  0.63611184110067431  0.64662678905390025
  0.65747643435010772  0.66815060920922531  0.68000916296581071  0.69177602295951013
  0.70369632817515781  0.71543253096154669  0.72716142232676007  0.73875871540567606
  0.75006657692544620  0.76104013901875445  0.77218886077492954  0.78377196605628374
  0.79545001799810267  0.80686719351235314  0.81734841735167940  0.82738230747065278
  0.83741258652727346  0.84794426191819250  0.85853010340771929  0.86875119273949675
  0.87937857071468162  0.89076827923136936  0.90252875554588752  0.91423217581779170
  0.92536256685808971  0.93646481220928923  0.94769684051689151  0.95842150321819253
  0.96886558300718495  0.97924114121648265  0.98981449374043318  1.00000000000000000
   2.2276131708074597E-008  -1.0000000000000000     
 F F F F F F F F F F F F F F F F F F F F F F F F F F F F F F F F F F F F F F F F F F F F F F F F F F F F F F F F F F F F F F F F F F F F F F F F F F F F F F F F F F F F F F F F F F F F F F F F F F F F F F F F F F F F F F F F F F F F F F F F F F F F F F F F
  <DiscreteSampler_grid>
  grouped_processes
  1 # 1 for a reference and 2 for a running grid.
  10 # Attribute 'min_bin_probing_points' of the grid.
  1 # Attribute 'grid_mode' of the grid. 1=='default',2=='initialization'
  0.0000000000000000 # Attribute 'small_contrib_threshold' of the grid.
  0.5000000000000000 # Attribute 'damping_power' of the grid.
 # binID   n_entries weight   weight_sqr   abs_weight
    10   10   3.157582556782162E+004   4.945006458539208E+009   3.157582556782162E+004
    16   10   3.157582556782162E+004   4.945006458539208E+009   3.157582556782162E+004
  </DiscreteSampler_grid>
